2 0.264156565625 0 0.2719545625 0.07453551093750001 0.29542309218749996 0.0958823 0.322405740625 0.0928259890625 0.35383707656249996 0.04753390625 0.340712859375 0 0.264156565625 0
2 0.41065347812499997 0.20027033749999998 0.46507658125000007 0.14277196718750002 0.46764665 0.09373212343750001 0.44534633437500004 0.050094496875000005 0.40756873125000004 0.04587945 0.3700342484375 0.07967565 0.358080559375 0.13716454218750002 0.373810446875 0.178222621875 0.41065347812499997 0.20027033749999998
2 0.32596725000000004 0.2807699546875 0.3698385203125 0.2540114703125 0.38155856718750003 0.20098074531250001 0.353856034375 0.1324727328125 0.30551711875 0.11652815937500001 0.2682162796875 0.14586619218750002 0.25532801875 0.2211877546875 0.2818528609375 0.26951719218750003 0.32596725000000004 0.2807699546875
2 0.3180234 0.4323476515625 0.348753809375 0.4004300703125 0.35741754531250003 0.3204166984375 0.3344163 0.2901535734375 0.2874887203125 0.2899294109375 0.259337859375 0.315276559375 0.2511414078125 0.38637359843749997 0.278367178125 0.42132853125 0.3180234 0.4323476515625
2 0.47874159687500006 0.39383120625 0.42264508125000005 0.3126590984375 0.39355017187499997 0.31336950468749997 0.3607075 0.34294117812499997 0.35227740625 0.41849638437500003 0.3827931296875 0.47597579999999995 0.409542134375 0.47737765625 0.47874159687500006 0.39383120625
2 0.50407926875 0.3795126546875 0.5348096765625 0.347595075 0.5326879359375 0.30277975625 0.5052285249999999 0.2722829890625 0.4585345875 0.267600659375 0.435075534375 0.28872328281250004 0.43672999062500006 0.3424549359375 0.47240481093750003 0.3867934921875 0.50407926875 0.3795126546875
2 0.5650728015625 0.32459383124999996 0.5955695671875 0.29713441875 0.58264339375 0.20257832968749998 0.5723157234375 0.1863906359375 0.5298463109375 0.186400115625 0.5016954484375 0.2117472640625 0.4995926640625 0.251870771875 0.53667881875 0.311929734375 0.5650728015625 0.32459383124999996
2 0.612262459375 0.44776806718750006 0.647684678125 0.41162596249999994 0.6507220328125001 0.3536697828125 0.6324126 0.3191821359375 0.5859523046875 0.3100416359375 0.5620259671875 0.340080596875 0.5549977296875 0.38888679531250003 0.585747096875 0.44190804375 0.612262459375 0.44776806718750006
2 0.6382726234375 0.2926667734375 0.68214389375 0.2659082890625 0.70840665625 0.1912876546875 0.6638155015625 0.1464818140625 0.6218133734375 0.13757495625 0.5835779640625 0.184745659375 0.586166990625 0.2206446421875 0.6054204734375 0.279769034375 0.6382726234375 0.2926667734375
2 1 0.2120037 0.975896709375 0.2053062140625 0.9428203953125 0.23933605624999998 0.9404839687500001 0.28391773124999997 0.958793403125 0.3184053796875 0.9984496265624999 0.3294244984375 1 0.31917233125 1 0.2120037
2 0.759672503125 0.7058365859375 0.7990856046875 0.678844459375 0.8154974625 0.621589209375 0.7805235703125 0.5638761515625 0.756120471875 0.560362034375 0.7143614640625 0.5894664234375 0.6981832484375 0.6422635046875 0.7244744484375001 0.695051109375 0.759672503125 0.7058365859375
2 0.8959876 0.6638060218749999 0.9126425781249999 0.6445620187500001 0.9156799328125 0.5866058390625 0.8882205203125 0.5561090734375 0.8591256093749999 0.5568194796875 0.8359002015625 0.5734839375 0.8239465109375 0.6309728296875 0.84694775625 0.661235953125 0.8959876 0.6638060218749999
2 0.6090198984375 0.6375906515625 0.6078327265625 0.5749426640624999 0.5510447625 0.549614471875 0.4949766828125 0.5958506015625 0.4928738984375 0.6359741109375 0.531838671875 0.702837146875 0.5726631078125 0.6915654265625 0.6090198984375 0.6375906515625
2 0.47456446406249997 0.6014864625 0.49544396874999996 0.58693426875 0.5130240390624999 0.5073881796874999 0.486499196875 0.4590587421875 0.4531797625 0.45507733906250003 0.402037134375 0.492630778125 0.4029906625 0.5597369328124999 0.42176738281250004 0.585308246875 0.47456446406249997 0.6014864625
2 0.59170190625 0.8400868125000001 0.6400313421875 0.813561971875 0.6606677234375 0.76099853125 0.6306192859374999 0.69460278125 0.5839253484375 0.68992045 0.537941815625 0.7143330296875 0.5259881281250001 0.771821921875 0.5696447109375 0.8344604312499999 0.59170190625 0.8400868125000001
2 0.3967012671875 0.765046284375 0.39105592968749997 0.702164653125 0.3518669921875 0.6822291984375 0.30588346093749996 0.7066417781250001 0.2976870109375 0.777738815625 0.3249127796875 0.81269375 0.3652699296875 0.8103383671875 0.3967012671875 0.765046284375
2 0.3545034109375 0.9304752484375 0.39930925156249997 0.88588409375 0.3971875109375 0.8410687749999999 0.3737189796875 0.8197219875 0.313416896875 0.8187968953125001 0.2892569171875 0.8532940218749999 0.2916123015625 0.8936511734374999 0.314613546875 0.923914296875 0.3545034109375 0.9304752484375
2 0.37890625 0.01953125 0.0890625 0.0390625
2 0.76015625 0.40859375 0.221875 0.2765625
2 0.56640625 0.93984375 0.1359375 0.1203125
2 0.12578125 0.8953125 0.1953125 0.1625
2 0.084375 0.07109375 0.13125 0.1421875