2 0.5542880718750001 0.560453015625 0.579294690625 0.5508538749999999 0.595354321875 0.499261134375 0.579355753125 0.4575834375 0.537066609375 0.4283886953125 0.5175117171875 0.43350416562499994 0.49216884375000003 0.4671418703125 0.513598784375 0.5354260421875 0.5542880718750001 0.560453015625
2 0.2825574609375 0.4567480921875 0.340549628125 0.48947880312500003 0.368124159375 0.47411203437499994 0.3793842234375 0.4100159859375 0.33037974999999997 0.3570985828125 0.27491478593749996 0.38078053437500003 0.2665588921875 0.4150703953125 0.2825574609375 0.4567480921875
2 0.22588996093749997 0.358953275 0.269147159375 0.37821262187500004 0.3066570875 0.363813909375 0.325916434375 0.320556709375 0.312485778125 0.27311138437500004 0.2349387171875 0.24549614531250002 0.21538382500000003 0.2506116171875 0.2034919640625 0.3006044984375 0.22588996093749997 0.358953275
2 0.3297886578125 0.2808151234375 0.3688780875 0.30167432656250004 0.41057614062500003 0.2545856125 0.398745340625 0.21130805625 0.36350777968750003 0.18179741562500001 0.33144957812500003 0.19171245625 0.3121902328125 0.23496965625000002 0.3297886578125 0.2808151234375
2 0.25769332500000003 0.24871621249999998 0.296803109375 0.2384852703125 0.2888241796875 0.186556275 0.23885165156250002 0.1435742671875 0.1994056109375 0.1778437734375 0.2144361234375 0.2294568671875 0.25769332500000003 0.24871621249999998
2 0.269289640625 0.1605816015625 0.307411015625 0.1913762 0.341721228125 0.16864194999999998 0.3555492046875 0.0987782734375 0.30911264374999997 0.0400932421875 0.2645511328125 0.054807854687500004 0.24432373125 0.1080004515625 0.269289640625 0.1605816015625
2 0.1587163234375 0.1528168 0.16740847187500002 0.0944883765625 0.09367257343749999 0.12040198906249999 0.0971881875 0.13578911093749998 0.1587163234375 0.1528168
2 0.1221133875 0.25055055312499996 0.15383533437500002 0.2646740734375 0.1855776359375 0.2477074484375 0.19233367343750002 0.20924981874999998 0.1705674765625 0.1650042078125 0.13082589218750001 0.1611319859375 0.11127099843749999 0.16624745624999998 0.10034719375000001 0.2063049421875 0.1221133875 0.25055055312499996
2 0 0.3404927921875 0.030361390625 0.3790178421875 0.061155989062500006 0.3408964671875 0.049325190625 0.29761891406249996 0.0204870578125 0.28477934843749997 0 0.2905787546875 0 0.3404927921875
2 0 0.47936601874999996 0.0024098953125 0.4806034640625 0.0299844265625 0.4652366953125 0.0409082328125 0.425179209375 0.0249096640625 0.3835015125 0 0.36669468437499997 0 0.47936601874999996
2 0.1457139234375 0.43037609843749997 0.1515019046875 0.401853865625 0.1371031921875 0.3643439390625 0.0983296625 0.35053631875 0.0668829078125 0.40564467187500003 0.1181393921875 0.4457428671875 0.1457139234375 0.43037609843749997
2 0.1619673296875 0.5723758171875 0.22928344687500002 0.560881271875 0.199538321875 0.4647066671875 0.14506176875000001 0.447363078125 0.11458306874999999 0.49253603593750006 0.1270456703125 0.54991675625 0.1619673296875 0.5723758171875
2 0.24198053125 0.749674159375 0.2820380171875 0.7605979671875 0.3154005296875 0.716708965625 0.3125370703125 0.6843348625 0.2535972015625 0.6304494015625 0.22313885625 0.6445322140624999 0.2134786515625 0.71279603125 0.24198053125 0.749674159375
2 0.2655607109375 0.9605898515625 0.30784985625 0.9897845953125 0.350495609375 0.9638506296875 0.3572516453125 0.9253929984375 0.32908602343750004 0.8644763109375001 0.28871263593749996 0.8465009203125 0.2624220609375 0.8589838750000001 0.247962284375 0.914744384375 0.2655607109375 0.9605898515625
2 0.5926695203125 1 0.6312546218749999 0.9851885671874999 0.636074546875 0.9666017312499999 0.6111086375 0.91402058125 0.5623997125 0.8992449046875001 0.5210175609375 0.953385203125 0.5442868234375 1 0.5926695203125 1
2 0.685853303125 0.81599128125 0.7422659671875 0.8134640781250001 0.7554214328125 0.7916775281249999 0.7451904890625001 0.7525677421875 0.683346453125 0.728488471875 0.6506360953125 0.75539049375 0.65926718125 0.7903325078125001 0.685853303125 0.81599128125
2 0.7949895984375 0.5708671484375001 0.8366469406249999 0.5859587265624999 0.8725570125000001 0.56739224375 0.878049446875 0.50072828125 0.85211548125 0.458082528125 0.815909865625 0.43850728125 0.7803156953125 0.46412534531249994 0.7732234015625 0.5266215390625 0.7949895984375 0.5708671484375001
2 1 0.593034309375 0.976394646875 0.582524528125 0.9392006203125 0.6039748234375 0.9314765265625 0.65236785 0.9606102062499999 0.7033491421875 1 0.715610278125 1 0.593034309375
2 0.847448621875 0.7324421140624999 0.8891059640625001 0.7475336890625 0.9141125828125001 0.7379345484375001 0.9337081843749999 0.670638784375 0.9071424171875 0.613889865625 0.8494661515624999 0.5882107375000001 0.8122721234375 0.6096610328125001 0.7994122046875 0.6695893125 0.847448621875 0.7324421140624999
2 0.6637292640625 0 0.6594601421874999 0.0060272812500000005 0.6738588546875001 0.043537209375000004 0.712948284375 0.06439641406249999 0.743090728125 0.04326201875 0.7463786812500001 0 0.6637292640625 0
2 0.6769160875 0.26950376875000004 0.72596126875 0.2602408828125 0.7352852171875 0.2160156265625 0.7176867921875 0.170170159375 0.6590424687499999 0.15442642812500001 0.632731540625 0.197999528125 0.6519298234375001 0.2480127640625 0.6769160875 0.26950376875000004
2 0.2536379109375 0.5682691109375 0.2952952546875 0.5833606875 0.31745876875 0.5102972968749999 0.26011875624999997 0.46057960624999994 0.2322283234375 0.4688947921875 0.2238724296875 0.5031846515625 0.2536379109375 0.5682691109375