2 0.7254464281249999 0.8214285718750001 0.7053571421875 0.8415178578125 0.7008928578125 0.890625 0.7410714281249999 0.9308035718750001 0.7723214281249999 0.8995535718750001 0.7723214281249999 0.8549107140625001 0.7477678578125 0.8214285718750001 0.7254464281249999 0.8214285718750001
2 0.6629464281249999 0.7544642859375 0.6383928578125 0.7879464281249999 0.6383928578125 0.8236607140625001 0.6674107140625 0.8571428578125 0.6875 0.8549107140625001 0.7098214281249999 0.8236607140625001 0.7098214281249999 0.7879464281249999 0.6852678578125 0.7544642859375 0.6629464281249999 0.7544642859375
2 0.6026785718750001 0.8861607140625001 0.6071428578125 0.9263392859374999 0.6696428578125 0.9441964281249999 0.6830357140625 0.921875 0.6741071421875 0.8683035718750001 0.6272321421875 0.84375 0.6026785718750001 0.8861607140625001
2 0.5803571421875 0.9977678578125 0.6919642859375 0.9977678578125 0.6629464281249999 0.9508928578125 0.6316964281249999 0.9419642859374999 0.5982142859375 0.953125 0.5803571421875 0.9977678578125
2 0.49776785781250005 0.7053571421875 0.459821428125 0.7477678578125 0.45535714218749995 0.8013392859374999 0.484375 0.84375 0.5178571421875 0.8504464281249999 0.5446428578125 0.8236607140625001 0.5491071421875 0.7790178578125 0.53125 0.7209821421875 0.49776785781250005 0.7053571421875
2 0.390625 0.7991071421875 0.36607142812500004 0.8370535718750001 0.37053571406249997 0.8638392859374999 0.41071428593750003 0.890625 0.4375 0.8727678578125 0.44196428593750003 0.8325892859374999 0.41741071406249997 0.7991071421875 0.390625 0.7991071421875
2 0.40401785781250005 0.9017857140625001 0.37946428593750003 0.9263392859374999 0.375 0.9665178578125 0.39508928593750003 1 0.42410714218749995 0.9977678578125 0.45089285781250005 0.9665178578125 0.45089285781250005 0.9308035718750001 0.430803571875 0.9017857140625001 0.40401785781250005 0.9017857140625001
2 0.27455357187499996 0.5758928578125 0.25446428593750003 0.6004464281249999 0.25446428593750003 0.6629464281249999 0.30803571406249997 0.6941964281249999 0.33928571406249997 0.671875 0.3303571421875 0.6049107140625 0.3102678578125 0.5758928578125 0.27455357187499996 0.5758928578125
2 0.36383928593750003 0.53125 0.3303571421875 0.5691964281249999 0.3303571421875 0.6049107140625 0.359375 0.6517857140625 0.38392857187499996 0.6540178578125 0.41964285781250005 0.6183035718750001 0.41964285781250005 0.5736607140625 0.39508928593750003 0.5357142859375 0.36383928593750003 0.53125
2 0.42410714218749995 0.45758928593750003 0.41071428593750003 0.5200892859375 0.43973214218749995 0.5625 0.47321428593750003 0.5602678578125 0.5 0.5290178578125 0.5 0.47098214218749995 0.453125 0.42410714218749995 0.42410714218749995 0.45758928593750003
2 0.359375 0.3303571421875 0.32142857187499996 0.38616071406249997 0.32142857187499996 0.430803571875 0.33482142812500004 0.47098214218749995 0.3883928578125 0.49776785781250005 0.41964285781250005 0.47098214218749995 0.43303571406249997 0.40401785781250005 0.40625 0.3459821421875 0.359375 0.3303571421875
2 1 0.5111607140625 0.984375 0.48214285781250005 0.953125 0.47321428593750003 0.9151785718750001 0.5066964281249999 0.9151785718750001 0.5558035718750001 0.9308035718750001 0.5803571421875 0.96875 0.5870535718750001 1 0.5513392859375 1 0.5111607140625
2 1 0.0022321421875000002 0.9620535718750001 0 0.9553571421875 0.060267857812500006 1 0.0825892859375 1 0.0022321421875000002
2 0.27678571406249997 0.055803571875 0.30803571406249997 0.069196428125 0.33482142812500004 0.046875 0.34375 0.0022321421875000002 0.27008928593750003 0 0.27678571406249997 0.055803571875
2 0.27232142812500004 0.1540178578125 0.27232142812500004 0.1852678578125 0.29241071406249997 0.21875 0.30803571406249997 0.2165178578125 0.3303571421875 0.194196428125 0.3303571421875 0.162946428125 0.29241071406249997 0.133928571875 0.27232142812500004 0.1540178578125
2 0.069196428125 0.0580357140625 0.040178571875 0.0915178578125 0.0357142859375 0.140625 0.0647321421875 0.18303571406250002 0.10714285781249999 0.194196428125 0.147321428125 0.1584821421875 0.147321428125 0.109375 0.118303571875 0.0625 0.069196428125 0.0580357140625
2 0 0.48883928593750003 0.03125 0.493303571875 0.0491071421875 0.475446428125 0.0491071421875 0.430803571875 0.0022321421875000002 0.38392857187499996 0 0.48883928593750003
2 0.0915178578125 0.44196428593750003 0.0625 0.47991071406249997 0.0625 0.5200892859375 0.0959821421875 0.5803571421875 0.133928571875 0.5870535718750001 0.15625 0.5602678578125 0.15178571406250002 0.47991071406249997 0.1272321421875 0.45089285781250005 0.0915178578125 0.44196428593750003
2 0.006696428124999999 0.5133928578125 0 0.671875 0.040178571875 0.6763392859375 0.071428571875 0.6495535718750001 0.084821428125 0.5825892859375 0.0513392859375 0.5223214281249999 0.006696428124999999 0.5133928578125
2 0.959375 0.95078125 0.08125 0.0984375
2 0.81953125 0.98125 0.125 0.0375
2 0.8421875 0.0859375 0.14140625 0.171875
2 0.809375 0.5953125 0.16484375 0.15078125