2 0.7433035718750001 0.7366071421875 0.6875 0.7790178578125 0.6919642859375 0.8236607140625001 0.75 0.8549107140625001 0.8169642859374999 0.8013392859374999 0.8102678578125 0.7410714281249999 0.7745535718750001 0.75 0.7433035718750001 0.7366071421875
2 0.6986607140625 0.8526785718750001 0.6741071421875 0.8772321421875 0.6741071421875 0.921875 0.6986607140625 0.9508928578125 0.7232142859375 0.9486607140625001 0.75 0.9174107140625001 0.75 0.890625 0.7209821421875 0.8526785718750001 0.6986607140625 0.8526785718750001
2 0.5558035718750001 0.875 0.5044642859375 0.921875 0.48214285781250005 0.984375 0.493303571875 1 0.5982142859375 0.9977678578125 0.6205357140625 0.9754464281249999 0.6160714281249999 0.8995535718750001 0.5959821421875 0.875 0.5558035718750001 0.875
2 0.41741071406249997 0.8482142859374999 0.38392857187499996 0.890625 0.38392857187499996 0.9352678578125 0.41741071406249997 0.9732142859374999 0.45535714218749995 0.9754464281249999 0.48660714218749995 0.9397321421875 0.48214285781250005 0.8816964281249999 0.46651785781250005 0.8571428578125 0.41741071406249997 0.8482142859374999
2 0.33258928593750003 0.8035714281249999 0.3125 0.8236607140625001 0.3125 0.8638392859374999 0.3258928578125 0.8995535718750001 0.3571428578125 0.9084821421875 0.3883928578125 0.8638392859374999 0.3883928578125 0.8236607140625001 0.36830357187499996 0.8035714281249999 0.33258928593750003 0.8035714281249999
2 0.0803571421875 0.9174107140625001 0.071428571875 0.9799107140625001 0.0825892859375 1 0.12053571406250001 0.9977678578125 0.15625 0.9620535718750001 0.15625 0.921875 0.11383928593749999 0.8973214281249999 0.0803571421875 0.9174107140625001
2 0.4375 0.609375 0.43303571406249997 0.6629464281249999 0.462053571875 0.7008928578125 0.491071428125 0.6986607140625 0.5267857140625 0.6361607140625 0.5022321421875 0.5892857140625 0.462053571875 0.5803571421875 0.4375 0.609375
2 0.475446428125 0.35267857187499996 0.45535714218749995 0.38616071406249997 0.45535714218749995 0.44866071406249997 0.493303571875 0.48214285781250005 0.5223214281249999 0.47991071406249997 0.5491071421875 0.444196428125 0.5491071421875 0.39508928593750003 0.5245535718750001 0.3571428578125 0.475446428125 0.35267857187499996
2 0.5959821421875 0.2991071421875 0.59375 0.390625 0.65625 0.40848214218749995 0.6830357140625 0.359375 0.6741071421875 0.3147321421875 0.6495535718750001 0.2946428578125 0.5959821421875 0.2991071421875
2 0.5915178578125 0.178571428125 0.5714285718750001 0.2075892859375 0.5803571421875 0.25669642812500004 0.609375 0.28571428593750003 0.6383928578125 0.2834821421875 0.6696428578125 0.25669642812500004 0.6607142859375 0.2075892859375 0.6272321421875 0.1741071421875 0.5915178578125 0.178571428125
2 0.8102678578125 0.31696428593750003 0.7901785718750001 0.33705357187499996 0.7901785718750001 0.390625 0.828125 0.43303571406249997 0.8571428578125 0.430803571875 0.8883928578125 0.39955357187499996 0.8883928578125 0.3415178578125 0.8504464281249999 0.3125 0.8102678578125 0.31696428593750003
2 0.8883928578125 0.33258928593750003 0.9174107140625001 0.3883928578125 0.9508928578125 0.38616071406249997 0.9776785718750001 0.359375 0.9776785718750001 0.30133928593750003 0.9263392859374999 0.27232142812500004 0.8883928578125 0.33258928593750003
2 0.8459821421875 0.2142857140625 0.8169642859374999 0.27008928593750003 0.828125 0.30357142812500004 0.875 0.30580357187499996 0.9241071421875 0.2522321421875 0.9196428578125 0.22544642812500001 0.890625 0.2053571421875 0.8459821421875 0.2142857140625
2 0.7611607140625 0.0491071421875 0.7366071421875 0.10491071406250001 0.7611607140625 0.147321428125 0.7901785718750001 0.1540178578125 0.8214285718750001 0.1272321421875 0.8214285718750001 0.0825892859375 0.796875 0.0491071421875 0.7611607140625 0.0491071421875
2 0.3727678578125 0.33482142812500004 0.40625 0.33258928593750003 0.41964285781250005 0.27455357187499996 0.36830357187499996 0.2321428578125 0.35267857187499996 0.30580357187499996 0.3727678578125 0.33482142812500004
2 0.32142857187499996 0.41741071406249997 0.32142857187499996 0.45758928593750003 0.36383928593750003 0.48660714218749995 0.3928571421875 0.484375 0.40625 0.462053571875 0.39732142812500004 0.40401785781250005 0.3415178578125 0.3928571421875 0.32142857187499996 0.41741071406249997
2 0.0959821421875 0.2232142859375 0.053571428125 0.2790178578125 0.053571428125 0.32366071406249997 0.0736607140625 0.3571428578125 0.11160714218750001 0.36830357187499996 0.15178571406250002 0.3415178578125 0.16071428593749998 0.29241071406249997 0.1428571421875 0.2477678578125 0.0959821421875 0.2232142859375
2 0.0200892859375 0.147321428125 0 0.1540178578125 0.0044642859375000005 0.2834821421875 0.046875 0.27678571406249997 0.0758928578125 0.234375 0.0625 0.180803571875 0.0200892859375 0.147321428125
2 0 0.5290178578125 0.03125 0.5379464281249999 0.0580357140625 0.48883928593750003 0.024553571875 0.44196428593750003 0 0.45758928593750003 0 0.5290178578125
2 0.118303571875 0 0.102678571875 0.069196428125 0.13616071406250002 0.10714285781249999 0.165178571875 0.109375 0.196428571875 0.0647321421875 0.19196428593749998 0.015625 0.180803571875 0 0.118303571875 0
2 0.38169642812500004 0.053571428125 0.40625 0.0513392859375 0.4375 0.006696428124999999 0.359375 0 0.3616071421875 0.0334821421875 0.38169642812500004 0.053571428125
2 0.92890625 0.69921875 0.1421875 0.1890625
2 0.60078125 0.56484375 0.1375 0.20390625