2 0.503125 0.1296875 0.1171875 0.1375
2 0.76640625 0.18671875 0.1125 0.1296875
2 0.7515625 0.065625 0.115625 0.13125
2 0.91015625 0.03984375 0.0828125 0.0796875
2 0.83828125 0.0140625 0.1046875 0.028125
2 0.92109375 0.43359375 0.1484375 0.1515625
2 0.9796875 0.68984375 0.040625 0.1609375
2 0.9421875 0.15546875 0.05 0.1078125
2 0.51796875 0.6890625 0.1421875 0.1546875
2 0.69453125 0.77578125 0.125 0.153125
2 0.75703125 0.8609375 0.125 0.1359375
2 0.575 0.8125 0.115625 0.1359375
2 0.5140625 0.03671875 0.121875 0.0734375
2 0.3390625 0.2296875 0.146875 0.1703125
2 0.26796875 0.31328125 0.1375 0.15625
2 0.21640625 0.1734375 0.103125 0.1296875
2 0.26015625 0.4625 0.1171875 0.1390625
2 0.17265625 0.4640625 0.1140625 0.15625
2 0.028125 0.24296875 0.05625 0.1640625
2 0.05 0.3640625 0.1 0.15
2 0.2578125 0.6390625 0.1265625 0.1609375
2 0.15859375 0.64921875 0.1359375 0.16875
2 0.1 0.56328125 0.11875 0.140625
2 0.0390625 0.51015625 0.078125 0.1421875
2 0.065625 0.68828125 0.1109375 0.171875
2 0.4734375 0.95546875 0.103125 0.0890625
2 0.13359375 0.96953125 0.1140625 0.0609375
2 0.7734375 0.953125 0.1140625 0.046875
2 0.21796875 0.74375 0.0984375 0.109375