2 0.87304165 0.7158035046875 0.8435710249999999 0.67781213125 0.80155721875 0.6689605234375 0.777970296875 0.69197864375 0.7835541171875 0.7600404171874999 0.8298902421875001 0.800161978125 0.8571687359375 0.7900178984374999 0.8749338984374999 0.7709912390625 0.87304165 0.7158035046875
2 0.977926221875 0.741458665625 0.938342490625 0.708689275 0.904011715625 0.7185334671875 0.8865774140625 0.7630083203125 0.9013437 0.8145044828125 0.94215795625 0.85156521875 0.965145103125 0.8426516640624999 0.9926925078125001 0.7929548265624999 0.977926221875 0.741458665625
2 1 0.5335297234375 0.9884532609375001 0.5271292625 0.9722494828125001 0.5758954625 0.98824629375 0.631682971875 1 0.6393409125 1 0.5335297234375
2 0.7547973109375 0.50588934375 0.7336714375 0.53749015625 0.742915853125 0.5859254968750001 0.77145584375 0.6125732390625 0.7913821671875 0.60918155625 0.8097471031250001 0.5760503296875 0.8017332125 0.5319063390625 0.7547973109375 0.50588934375
2 0.64439086875 0.47717335937499994 0.6174122640624999 0.4802651578125 0.5913952671875 0.5272010593750001 0.6037005062499999 0.5701145265625 0.6607495140624999 0.5909095390625 0.685866846875 0.565130484375 0.6796832546875 0.511173275 0.64439086875 0.47717335937499994
2 0.5123826734375 0.624164659375 0.5228576140625 0.67689134375 0.5823676671875 0.7062690500000001 0.58473579375 0.617350315625 0.550673934375 0.58764175 0.524925853125 0.5950248921875 0.5123826734375 0.624164659375
2 0.5532800015625 0.42666978125000005 0.5259705343750001 0.404313384375 0.493470059375 0.4043443578125 0.4723441859375 0.435945171875 0.473605684375 0.47273699531249996 0.504306834375 0.5150197140625 0.54109865625 0.5137582171874999 0.56129389375 0.470813775 0.5532800015625 0.42666978125000005
2 0.612873128125 0.22149187499999998 0.5914163921875 0.2276444953125 0.5690909703125 0.28745443593750003 0.6004228687500001 0.3481330671875 0.6286319984375 0.3493326171875 0.6568101546875 0.3180316921875 0.6610705265625 0.2843006921875 0.612873128125 0.22149187499999998
2 0.770629403125 0.0671174328125 0.7359677671875 0.05151343125 0.7083893875 0.068709790625 0.6983072546875 0.1064322515625 0.7370222984375 0.1928589640625 0.7857265515625 0.1440617875 0.7927478609375 0.1118612 0.770629403125 0.0671174328125
2 0.8535194125000001 0.178030728125 0.83080118125 0.147391525 0.7986005921875 0.1403702171875 0.7670617265625 0.1842452953125 0.7757063671875 0.2467852 0.8140595749999999 0.2752632421875 0.8413380671875 0.2651191640625 0.85970300625 0.2319879390625 0.8535194125000001 0.178030728125
2 0.8696302687499999 0.0317631 0.8322386703125 0.0471291625 0.8154041453125 0.07749945312499999 0.8399836484375 0.1308259140625 0.895171384375 0.128933665625 0.903723103125 0.0939721421875 0.8846654703124999 0.043706504687499995 0.8696302687499999 0.0317631
2 0.7560279828125 0 0.7613849874999999 0.01868209375 0.7911555015625 0.049621184375 0.8251863890625 0.0468292765625 0.8490731968749999 0.0167588734375 0.8457437984375 0 0.7560279828125 0
2 0.8560621062499999 0.9157284562499999 0.84009626875 0.892441421875 0.8078956796875 0.8854201125 0.7631519124999999 0.9075385703125001 0.7444870875 0.9477220781250001 0.8560621062499999 0.9157284562499999
2 0.41424064843749997 0.273804628125 0.38453208125 0.3078664875 0.3962375453125 0.364884521875 0.43705180156249995 0.40194525781249996 0.46433029374999996 0.3918011796875 0.48392575468750004 0.3629613015625 0.47897268593750003 0.3132954375 0.41424064843749997 0.273804628125
2 0.519962934375 0.2133019890625 0.49172283125 0.1796019625 0.44970902500000004 0.17075035624999998 0.43227472499999997 0.215225209375 0.4402886171875 0.2593692015625 0.47987234843750004 0.2921385921875 0.50409001875 0.28751638281249997 0.5236854796875 0.25867650625 0.519962934375 0.2133019890625
2 0.5689980484375 0.1899530078125 0.5940844078125 0.13167347812500002 0.54651775625 0.087260571875 0.5002745515625 0.1446404390625 0.5211624859375 0.185092859375 0.5689980484375 0.1899530078125
2 0.33554906562500003 0.06415937968749999 0.290805296875 0.0862778375 0.27706256875 0.1436267296875 0.3151468609375 0.21165753281250002 0.36604325000000004 0.210995809375 0.3941904296875 0.14719440781249998 0.3646888296875 0.076702559375 0.33554906562500003 0.06415937968749999
2 0.2571151203125 0.44657497968750004 0.23439688749999998 0.41593577656249997 0.1825698640625 0.40525387031250004 0.15286129843750002 0.4393157296875 0.159044890625 0.4932729421875 0.1900459296875 0.5285033796875 0.23512055781250002 0.531833115625 0.2577768421875 0.49747136718749996 0.2571151203125 0.44657497968750004
2 0 0.396643525 0.004732396875 0.400517615625 0.0289500671875 0.3958954078125 0.051606353125000004 0.361533659375 0.04605350625 0.3259723609375 0 0.31648041562499996 0 0.396643525
2 0.10048659687499999 0.1756823 0.053550696875000005 0.14966530625000002 0.020450445312500003 0.16380084374999998 0.007907265625 0.1929406078125 0.0318869953125 0.260371634375 0.0549051140625 0.28395855625 0.096288171875 0.2744142515625 0.10976198749999999 0.2566181140625 0.10048659687499999 0.1756823
2 0.160668225 0.5880134328125 0.13954234999999998 0.619614246875 0.14632571875 0.6594668921875 0.1766960078125 0.6763014171874999 0.218079065625 0.6667571140625 0.221708690625 0.614630203125 0.198690571875 0.5910432828125 0.160668225 0.5880134328125
2 0 0.5702704171875 0.0162928421875 0.6270903109375 0.0463322703125 0.61847664375 0.066496534375 0.543031725 0.037025906250000004 0.5050403515624999 0 0.495144390625 0 0.5702704171875
2 0.21042700781249998 0.680561790625 0.173035409375 0.6959278531249999 0.1494794625 0.7514464484375 0.15563208281250002 0.7729031828124999 0.22249430625 0.79552849375 0.2579936578125 0.7249746984375001 0.25184103750000003 0.7035179625 0.21042700781249998 0.680561790625
2 0.1651454125 0.7817857640625 0.13939733125 0.7891689078125 0.1287154234375 0.8409959312499999 0.1446812609375 0.8642829640624999 0.18516465625 0.8758955078125 0.206921278125 0.8626906046875 0.21577288593750002 0.8206768 0.1651454125 0.7817857640625
2 0.24770455937500002 0.8672508656250001 0.21121262500000001 0.8614600812500001 0.178474209375 0.9335442890625 0.2248103359375 0.9736658484375 0.26619339218750004 0.9641215453124999 0.2814975078125 0.936512190625 0.2704227921875 0.89789006875 0.24770455937500002 0.8672508656250001
2 0.2844441734375 1 0.2796981828125 0.9788258859375001 0.1990622546875 0.9810489921875 0.1914536078125 1 0.2844441734375 1
2 0.36690066250000003 0.7889520921875001 0.3301088390625 0.790213590625 0.3083831921875 0.8359189671875 0.3182273828125 0.8702497421875 0.35198935625 0.9070105906249999 0.38788151718749997 0.926905940625 0.406577315625 0.9192229078124999 0.4199891828125 0.836425821875 0.36690066250000003 0.7889520921875001