1 0.684375 0.1546875 0.1265625 0.15
1 0.5953125 0.09375 0.128125 0.1484375
1 0.746875 0.33125 0.128125 0.1640625
1 0.671875 0.6328125 0.134375 0.1578125
1 0.5828125 0.65546875 0.121875 0.175
1 0.378125 0.33359375 0.1296875 0.1390625
1 0.01640625 0.175 0.0328125 0.121875
1 0.03828125 0.4921875 0.0765625 0.175
1 0.33984375 0.7625 0.128125 0.165625
1 0.328125 0.8953125 0.1328125 0.1546875
1 0.44765625 0.9515625 0.1359375 0.096875
1 0.31796875 0.97109375 0.1234375 0.0578125
1 0.221875 0.96953125 0.14375 0.0609375
1 0.21328125 0.89140625 0.1609375 0.1765625