2 0.6696428578125 0.6183035718750001 0.6986607140625 0.6607142859375 0.71875 0.6584821421875 0.7410714281249999 0.5959821421875 0.703125 0.5535714281249999 0.6696428578125 0.578125 0.6696428578125 0.6183035718750001
2 0.8147321421875 0.34821428593750003 0.7767857140625 0.3772321421875 0.7723214281249999 0.412946428125 0.796875 0.446428571875 0.8258928578125 0.44866071406249997 0.8526785718750001 0.42633928593750003 0.8616071421875 0.38616071406249997 0.8415178578125 0.35267857187499996 0.8147321421875 0.34821428593750003
2 0.9598214281249999 0.48883928593750003 0.9910714281249999 0.5066964281249999 1 0.430803571875 0.9799107140625001 0.428571428125 0.9598214281249999 0.453125 0.9598214281249999 0.48883928593750003
2 0.9441964281249999 0.31696428593750003 0.9285714281249999 0.38169642812500004 0.9486607140625001 0.40625 0.96875 0.40401785781250005 0.9866071421875 0.390625 0.9910714281249999 0.35044642812500004 0.9709821421875 0.32142857187499996 0.9441964281249999 0.31696428593750003
2 0.8883928578125 0.194196428125 0.9129464281249999 0.2232142859375 0.9375 0.2209821421875 0.9553571421875 0.1540178578125 0.921875 0.116071428125 0.8883928578125 0.149553571875 0.8883928578125 0.194196428125
2 0.8035714281249999 0.14508928593749998 0.8236607140625001 0.178571428125 0.8616071421875 0.180803571875 0.8794642859374999 0.109375 0.8504464281249999 0.0758928578125 0.828125 0.0758928578125 0.8035714281249999 0.14508928593749998
2 0.8482142859374999 0.055803571875 0.8772321421875 0 0.7901785718750001 0.0022321421875000002 0.8102678578125 0.053571428125 0.8482142859374999 0.055803571875
2 0.6584821421875 0.147321428125 0.6294642859375 0.2209821421875 0.6785714281249999 0.25669642812500004 0.7053571421875 0.2299107140625 0.7098214281249999 0.1897321421875 0.6808035718750001 0.147321428125 0.6584821421875 0.147321428125
2 0.45089285781250005 0.118303571875 0.446428571875 0.1584821421875 0.491071428125 0.19866071406250002 0.5178571421875 0.162946428125 0.5178571421875 0.1272321421875 0.47991071406249997 0.09375 0.45089285781250005 0.118303571875
2 0.18303571406250002 0.087053571875 0.21875 0.10491071406250001 0.24107142812500001 0.060267857812500006 0.2075892859375 0.03125 0.18303571406250002 0.055803571875 0.18303571406250002 0.087053571875
2 0.008928571875000001 0.1584821421875 0.03125 0.1272321421875 0.03125 0.087053571875 0.0022321421875000002 0.0446428578125 0.008928571875000001 0.1584821421875
2 0.165178571875 0.234375 0.16071428593749998 0.2790178578125 0.2053571421875 0.3102678578125 0.22767857187499999 0.2834821421875 0.22767857187499999 0.2388392859375 0.194196428125 0.2008928578125 0.165178571875 0.234375
2 0.40848214218749995 0.2991071421875 0.42410714218749995 0.296875 0.45089285781250005 0.2522321421875 0.412946428125 0.2142857140625 0.37946428593750003 0.26116071406249997 0.40848214218749995 0.2991071421875
2 0.36607142812500004 0.3772321421875 0.40401785781250005 0.4375 0.43303571406249997 0.43973214218749995 0.45089285781250005 0.3459821421875 0.421875 0.30803571406249997 0.39508928593750003 0.30803571406249997 0.36607142812500004 0.3772321421875
2 0.46875 0.390625 0.46428571406249997 0.42633928593750003 0.493303571875 0.46428571406249997 0.5178571421875 0.462053571875 0.5401785718750001 0.412946428125 0.53125 0.38616071406249997 0.49776785781250005 0.36607142812500004 0.46875 0.390625
2 0.40625 0.5825892859375 0.415178571875 0.609375 0.446428571875 0.6227678578125 0.477678571875 0.5736607140625 0.45758928593750003 0.5491071421875 0.430803571875 0.5491071421875 0.40625 0.5825892859375
2 0.5982142859375 0.6316964281249999 0.5982142859375 0.6763392859375 0.6339285718750001 0.703125 0.6651785718750001 0.671875 0.6495535718750001 0.6026785718750001 0.6183035718750001 0.6071428578125 0.5982142859375 0.6316964281249999
2 0.5334821421875 0.6964285718750001 0.5178571421875 0.7522321421875 0.5379464281249999 0.7946428578125 0.5625 0.7924107140625 0.5848214281249999 0.7745535718750001 0.5892857140625 0.734375 0.5691964281249999 0.7008928578125 0.5334821421875 0.6964285718750001
2 0.49553571406249997 0.8370535718750001 0.49553571406249997 0.8861607140625001 0.5111607140625 0.9151785718750001 0.53125 0.9174107140625001 0.5669642859375 0.8816964281249999 0.5669642859375 0.8370535718750001 0.5200892859375 0.8169642859374999 0.49553571406249997 0.8370535718750001
2 0.444196428125 0.9419642859374999 0.48214285781250005 0.9441964281249999 0.48660714218749995 0.8816964281249999 0.453125 0.8571428578125 0.42410714218749995 0.9084821421875 0.444196428125 0.9419642859374999
2 0.33258928593750003 0.5803571421875 0.30803571406249997 0.6361607140625 0.30803571406249997 0.6986607140625 0.32142857187499996 0.734375 0.359375 0.7723214281249999 0.37946428593750003 0.7700892859375 0.39732142812500004 0.7388392859375 0.40178571406249997 0.6540178578125 0.375 0.5959821421875 0.33258928593750003 0.5803571421875
2 0.0825892859375 0.446428571875 0.055803571875 0.45089285781250005 0.0267857140625 0.493303571875 0.0357142859375 0.5513392859375 0.0758928578125 0.5647321421875 0.10491071406250001 0.5580357140625 0.125 0.5290178578125 0.12053571406250001 0.47991071406249997 0.0825892859375 0.446428571875
2 0.133928571875 0.546875 0.178571428125 0.578125 0.196428571875 0.5111607140625 0.1584821421875 0.477678571875 0.133928571875 0.5022321421875 0.133928571875 0.546875
2 0.19866071406250002 0.6294642859375 0.18303571406250002 0.6808035718750001 0.2232142859375 0.7254464281249999 0.25446428593750003 0.6852678578125 0.25446428593750003 0.6584821421875 0.234375 0.6339285718750001 0.19866071406250002 0.6294642859375
2 0.0446428578125 0.640625 0.069196428125 0.6651785718750001 0.09375 0.6629464281249999 0.116071428125 0.609375 0.087053571875 0.5758928578125 0.060267857812500006 0.5758928578125 0.0446428578125 0.640625
2 0.1428571421875 0.7879464281249999 0.16741071406250002 0.8214285718750001 0.19196428593749998 0.8236607140625001 0.2142857140625 0.7566964281249999 0.1852678578125 0.7142857140625 0.1584821421875 0.7142857140625 0.1428571421875 0.7879464281249999
2 0.087053571875 0.7276785718750001 0.0669642859375 0.7433035718750001 0.0625 0.796875 0.0825892859375 0.8348214281249999 0.11160714218750001 0.8370535718750001 0.133928571875 0.8102678578125 0.133928571875 0.7566964281249999 0.118303571875 0.7321428578125 0.087053571875 0.7276785718750001
2 0.0580357140625 0.8950892859374999 0.078125 0.9419642859374999 0.10714285781249999 0.9397321421875 0.125 0.9129464281249999 0.11383928593749999 0.8526785718750001 0.078125 0.8616071421875 0.0580357140625 0.8950892859374999
2 0.1584821421875 0.9866071421875 0.196428571875 0.984375 0.20982142812500001 0.9040178578125 0.17633928593749998 0.875 0.1383928578125 0.9486607140625001 0.1584821421875 0.9866071421875
2 0.5234375 0.9734375 0.08125 0.053125
2 0.0140625 0.434375 0.028125 0.10859375
2 0.821875 0.65625 0.178125 0.21640625
2 0.32734375 0.0625 0.1625 0.125