0 0.303125 0.80078125 0.1046875 0.153125
0 0.2421875 0.79921875 0.0734375 0.0796875
0 0.384375 0.5125 0.0546875 0.053125
0 0.365625 0.61796875 0.1265625 0.1703125
0 0.0828125 0.59921875 0.165625 0.2171875
0 0.078125 0.88125 0.15625 0.153125
0 0.0859375 0.4203125 0.084375 0.1
0 0.05390625 0.196875 0.0609375 0.115625
0 0.26640625 0.33359375 0.1078125 0.13125
0 0.4078125 0.4078125 0.1046875 0.1171875
0 0.5375 0.10625 0.1140625 0.1421875
0 0.91875 0.42890625 0.096875 0.11875
0 0.8296875 0.8234375 0.06875 0.084375
0 0.68828125 0.953125 0.1390625 0.09375
0 0.9171875 0.9734375 0.075 0.053125
0 0.23046875 0.52890625 0.10625 0.1515625
0 0.28046875 0.6140625 0.1265625 0.1875
0 0.0421875 0.790625 0.084375 0.109375
0 0.01171875 0.78828125 0.0234375 0.1796875
0 0.359375 0.778125 0.0859375 0.1515625
0 0.44765625 0.740625 0.1578125 0.13125
0 0.42421875 0.8109375 0.1265625 0.1265625