2 0.7134113234374999 0.1177618578125 0.737584609375 0.0960378125 0.740963134375 0.057137698437499995 0.6755941078125 0.0045817625 0.6411435265625001 0.0561532453125 0.66864016875 0.1023459125 0.7134113234374999 0.1177618578125
2 0.35841181875 0.17914979375 0.413164934375 0.194664184375 0.43528276093749996 0.1789096265625 0.460976003125 0.1042910328125 0.43759027812499995 0.046159392187499995 0.382006325 0.013665823437499999 0.3528912796875 0.030349665625 0.32113010625 0.112894759375 0.35841181875 0.17914979375
2 0.240388409375 0.20194484687499997 0.27713461875 0.22127481875 0.3193148125 0.195735190625 0.32474879687499997 0.1508655890625 0.301264628125 0.102715909375 0.2555641875 0.080302746875 0.22644914531250002 0.0969865875 0.214947228125 0.1497826921875 0.240388409375 0.20194484687499997
2 0.291270775 0.3062691546875 0.353753503125 0.3478153984375 0.37513893593750003 0.305099703125 0.373969484375 0.22123154218750002 0.3452482234375 0.19798754062499999 0.31221915 0.20664643749999997 0.27703617343750003 0.23125677968749997 0.271700634375 0.26614442031249996 0.291270775 0.3062691546875
2 0.41623623125 0.3893616453125 0.46707531874999997 0.39685108750000003 0.5032860265625 0.3692560015625 0.5145910515625001 0.3364238203125 0.4718320796875 0.21820352187499997 0.428088653125 0.1998028328125 0.3848807296875 0.2283272046875 0.3748436 0.3350455859375 0.41623623125 0.3893616453125
2 0.5088736234375 0.20758761250000002 0.5410718578125 0.181949540625 0.5384808953125 0.140993965625 0.5207693234375 0.11486366562500001 0.4828969390625 0.10850039843749999 0.46386230156249997 0.11530072499999999 0.44423699218749996 0.181992815625 0.5088736234375 0.20758761250000002
2 0.52447456875 0.3465042265625 0.5631777921875 0.3698466734375 0.5872526312499999 0.3581045890625 0.61108730625 0.26949156093750004 0.5796766359375 0.2152739484375 0.541902696875 0.19892871875 0.502805690625 0.2155141140625 0.4972732625 0.2703656765625 0.52447456875 0.3465042265625
2 0.0747941015625 0.3919839921875 0.12954721875 0.4074983828125 0.1516650453125 0.391743825 0.161111503125 0.34491720937500003 0.1336148609375 0.298724540625 0.08585896093749999 0.2822808671875 0.0566454734375 0.3089466703125 0.053266946875 0.3478467828125 0.0747941015625 0.3919839921875
2 0.127873646875 0.5771917171875 0.1439235421875 0.5693636609375 0.163647296875 0.4926896078125 0.1181437453125 0.4503125234375 0.08222837656250001 0.44796172968750003 0.05560585 0.5155831046875 0.075175990625 0.5557078390625 0.127873646875 0.5771917171875
2 0.2232870015625 0.6200610281250001 0.2548512859375 0.5574798546874999 0.2194281421875 0.5052192546875001 0.19555019375 0.4969974171875 0.16242267500000002 0.5156382734375 0.1548347859375 0.5764593234375 0.2232870015625 0.6200610281250001
2 0.1614815 0.712292746875 0.2063511 0.7177267328125 0.22979199218750002 0.6690415468750001 0.2003383359375 0.6188364078124999 0.1645214109375 0.6065036515625 0.13344935468750002 0.6191750203125 0.12605835468749998 0.6600321484375 0.1614815 0.712292746875
2 0.661945884375 0.781119253125 0.7326504500000001 0.7987875484375 0.7603007078124999 0.728181428125 0.7329025109375 0.6720068 0.671250621875 0.6474397328125 0.6340121859375001 0.6780195640625 0.624565728125 0.724846178125 0.661945884375 0.781119253125
2 0.7955269609375 0.80040595 0.840298115625 0.8158218953124999 0.876508821875 0.78822680625 0.8818443625000001 0.7533391671875 0.8563047328125 0.7111589734375 0.808548834375 0.6947152984375 0.7732674125 0.729307603125 0.7759568203125 0.760281215625 0.7955269609375 0.80040595
2 0.9436184796875 0.360620890625 0.9824201484374999 0.3739813765625 0.940590459375 0.2627582953125 0.9195003625 0.27552811093749996 0.9180788515625 0.3184406984375 0.9436184796875 0.360620890625
2 0.72921675625 0.9445044875 0.684642490625 0.9091246203125 0.6374220953124999 0.93960600625 0.6299326515625 0.990445096875 0.72921675625 0.9445044875
2 0.7875 0.5234375 0.2015625 0.2515625
2 0.328521103125 0.0720376328125 0.3540174546875 0.0173829609375 0.25370561875000003 0.0663083109375 0.2844823421875 0.0835828265625 0.328521103125 0.0720376328125