0 0.8734375 0.9421875 0.0984375 0.115625
0 0.3609375 0.92421875 0.1140625 0.1515625
0 0.23828125 0.88984375 0.15859375 0.2203125
0 0.10546875 0.865625 0.14453125 0.234375
0 0.0734375 0.7171875 0.09453125 0.096875
0 0.37421875 0.69140625 0.13671875 0.190625
0 0.49375 0.71875 0.12421875 0.184375
0 0.409375 0.4640625 0.13828125 0.1546875
0 0.57265625 0.5421875 0.10390625 0.16171875
0 0.64609375 0.428125 0.0765625 0.09609375
0 0.534375 0.365625 0.0703125 0.090625
0 0.7734375 0.37109375 0.1234375 0.1640625
0 0.765625 0.24140625 0.07734375 0.10390625
0 0.91953125 0.23671875 0.1234375 0.15390625
0 0.946875 0.1125 0.0765625 0.10078125
0 0.54453125 0.20078125 0.19765625 0.20859375
0 0.61328125 0.30703125 0.13203125 0.13671875
0 0.48359375 0.07265625 0.17890625 0.14453125
0 0.0546875 0.2765625 0.1 0.12890625
0 0.040625 0.13984375 0.08046875 0.1390625
0 0.0421875 0.959375 0.084375 0.08125
0 0.10546875 0.665625 0.07265625 0.1296875
0 0.01796875 0.8109375 0.0359375 0.11875