2 0.8772321421875 0.491071428125 0.8526785718750001 0.515625 0.8392857140625001 0.5959821421875 0.8772321421875 0.6428571421875 0.9107142859374999 0.6450892859375 0.9464285718750001 0.6227678578125 0.9553571421875 0.5647321421875 0.921875 0.49553571406249997 0.8772321421875 0.491071428125
2 1 0.444196428125 0.9709821421875 0.44196428593750003 0.9375 0.46651785781250005 0.9330357140625001 0.493303571875 0.9598214281249999 0.5736607140625 1 0.5959821421875 1 0.444196428125
2 0.84375 0.430803571875 0.8727678578125 0.477678571875 0.9017857140625001 0.475446428125 0.9241071421875 0.40401785781250005 0.8683035718750001 0.3616071421875 0.84375 0.38616071406249997 0.84375 0.430803571875
2 0.7924107140625 0.053571428125 0.7544642859375 0.087053571875 0.75 0.131696428125 0.7790178578125 0.1696428578125 0.8080357140625001 0.171875 0.8392857140625001 0.14508928593749998 0.84375 0.0915178578125 0.8236607140625001 0.0625 0.7924107140625 0.053571428125
2 0.7589285718750001 0.21205357187499999 0.7589285718750001 0.25669642812500004 0.8080357140625001 0.2790178578125 0.8258928578125 0.25669642812500004 0.8258928578125 0.1897321421875 0.7834821421875 0.18303571406250002 0.7589285718750001 0.21205357187499999
2 1 0.162946428125 0.9888392859374999 0.0625 0.9598214281249999 0.0825892859375 0.9553571421875 0.1272321421875 1 0.162946428125
2 0.53125 0.32366071406249997 0.5178571421875 0.39508928593750003 0.546875 0.43303571406249997 0.5892857140625 0.43526785781250005 0.6205357140625 0.39955357187499996 0.6294642859375 0.3415178578125 0.578125 0.29017857187499996 0.53125 0.32366071406249997
2 0.453125 0.42410714218749995 0.41071428593750003 0.46651785781250005 0.40625 0.5379464281249999 0.430803571875 0.5803571421875 0.5 0.6004464281249999 0.5357142859375 0.5602678578125 0.53125 0.47991071406249997 0.5022321421875 0.44196428593750003 0.453125 0.42410714218749995
2 0.421875 0.5848214281249999 0.40178571406249997 0.6004464281249999 0.40178571406249997 0.6361607140625 0.43973214218749995 0.6964285718750001 0.47321428593750003 0.6986607140625 0.5044642859375 0.671875 0.5 0.640625 0.47098214218749995 0.6026785718750001 0.421875 0.5848214281249999
2 0.35267857187499996 0.6852678578125 0.35267857187499996 0.7254464281249999 0.39732142812500004 0.7566964281249999 0.428571428125 0.7299107140625 0.428571428125 0.6897321421875 0.38169642812500004 0.6383928578125 0.35267857187499996 0.6852678578125
2 0.265625 0.2678571421875 0.2321428578125 0.30580357187499996 0.2321428578125 0.36830357187499996 0.26116071406249997 0.40625 0.30357142812500004 0.40848214218749995 0.3303571421875 0.36383928593750003 0.3303571421875 0.3147321421875 0.29241071406249997 0.27232142812500004 0.265625 0.2678571421875
2 0.33482142812500004 0.13616071406250002 0.33482142812500004 0.21205357187499999 0.36830357187499996 0.25446428593750003 0.40625 0.2522321421875 0.43303571406249997 0.162946428125 0.40848214218749995 0.12053571406250001 0.36830357187499996 0.11160714218750001 0.33482142812500004 0.13616071406250002
2 0.053571428125 0.0647321421875 0.040178571875 0.109375 0.0625 0.1584821421875 0.102678571875 0.17633928593749998 0.12946428593749998 0.118303571875 0.125 0.0825892859375 0.0825892859375 0.0446428578125 0.053571428125 0.0647321421875
2 0.2633928578125 0.5736607140625 0.25446428593750003 0.6584821421875 0.296875 0.7276785718750001 0.3303571421875 0.7254464281249999 0.3571428578125 0.609375 0.32366071406249997 0.5625 0.29241071406249997 0.5535714281249999 0.2633928578125 0.5736607140625
2 0.071428571875 0.9977678578125 0.0580357140625 0.9263392859374999 0.006696428124999999 0.9196428578125 0 0.9977678578125 0.071428571875 0.9977678578125
2 0.8303571421875 0.2299107140625 0.8459821421875 0.2678571421875 0.875 0.27008928593750003 0.9107142859374999 0.19866071406250002 0.859375 0.165178571875 0.8348214281249999 0.1897321421875 0.8303571421875 0.2299107140625
2 0.022321428125 0.412946428125 0.0022321421875000002 0.36607142812500004 0.0044642859375000005 0.484375 0.022321428125 0.412946428125