2 0.359375 0.6026785718750001 0.3102678578125 0.6071428578125 0.27232142812500004 0.6808035718750001 0.27678571406249997 0.7522321421875 0.29241071406249997 0.7767857140625 0.32142857187499996 0.7790178578125 0.3772321421875 0.7723214281249999 0.415178571875 0.7254464281249999 0.41071428593750003 0.6629464281249999 0.359375 0.6026785718750001
2 0.430803571875 0.7276785718750001 0.3883928578125 0.7745535718750001 0.37946428593750003 0.8638392859374999 0.41741071406249997 0.9107142859374999 0.46428571406249997 0.9084821421875 0.5089285718750001 0.8683035718750001 0.5133928578125 0.7924107140625 0.475446428125 0.7321428578125 0.430803571875 0.7276785718750001
2 0.7745535718750001 0.625 0.7232142859375 0.6763392859375 0.71875 0.7522321421875 0.7566964281249999 0.7991071421875 0.7946428578125 0.8013392859374999 0.8348214281249999 0.7700892859375 0.8482142859374999 0.6941964281249999 0.8058035718750001 0.6339285718750001 0.7745535718750001 0.625
2 1 0.43973214218749995 0.9665178578125 0.428571428125 0.9241071421875 0.45758928593750003 0.9196428578125 0.515625 0.9397321421875 0.5491071421875 1 0.5647321421875 1 0.43973214218749995
2 1 0.5915178578125 0.9352678578125 0.5625 0.90625 0.5959821421875 0.90625 0.6495535718750001 0.9397321421875 0.6964285718750001 0.9732142859374999 0.6941964281249999 1 0.6763392859375 1 0.5915178578125
2 0.7165178578125 0.37946428593750003 0.6875 0.421875 0.6964285718750001 0.493303571875 0.7209821421875 0.5133928578125 0.7767857140625 0.5111607140625 0.8035714281249999 0.47991071406249997 0.7991071421875 0.42633928593750003 0.7611607140625 0.38392857187499996 0.7165178578125 0.37946428593750003
2 0.6897321421875 0.0446428578125 0.7544642859375 0.055803571875 0.78125 0.0334821421875 0.7834821421875 0 0.6696428578125 0.0022321421875000002 0.6897321421875 0.0446428578125
2 0.6852678578125 0.24107142812500001 0.65625 0.30580357187499996 0.6741071421875 0.3459821421875 0.7008928578125 0.35491071406249997 0.7366071421875 0.31919642812500004 0.7366071421875 0.2790178578125 0.7075892859375 0.24107142812500001 0.6852678578125 0.24107142812500001
2 0.35491071406249997 0.33928571406249997 0.3303571421875 0.3772321421875 0.33482142812500004 0.421875 0.35491071406249997 0.45089285781250005 0.3883928578125 0.44866071406249997 0.41071428593750003 0.41741071406249997 0.41071428593750003 0.3727678578125 0.38616071406249997 0.34375 0.35491071406249997 0.33928571406249997
2 0.2678571421875 0.8102678578125 0.328125 0.8839285718750001 0.34821428593750003 0.8861607140625001 0.37053571406249997 0.8683035718750001 0.375 0.7790178578125 0.2790178578125 0.7857142859375 0.2678571421875 0.8102678578125
2 0.2299107140625 0.8125 0.196428571875 0.8504464281249999 0.2008928578125 0.9397321421875 0.24107142812500001 0.9665178578125 0.31696428593750003 0.921875 0.31696428593750003 0.8816964281249999 0.265625 0.8125 0.2299107140625 0.8125
2 0.2232142859375 0.9977678578125 0.3571428578125 0.9977678578125 0.35267857187499996 0.9575892859374999 0.32366071406249997 0.9330357140625001 0.2477678578125 0.9642857140625001 0.2232142859375 0.9977678578125
2 0.428571428125 0.9397321421875 0.42633928593750003 1 0.53125 0.9977678578125 0.5357142859375 0.953125 0.5111607140625 0.9107142859374999 0.475446428125 0.90625 0.428571428125 0.9397321421875
2 0.53125 0.240625 0.14921875 0.196875
2 0.11796875 0.584375 0.11640625 0.16875
2 0.775 0.94375 0.18515625 0.1125