2 0.6584821421875 0.78125 0.6383928578125 0.8191964281249999 0.6428571421875 0.8638392859374999 0.7008928578125 0.8995535718750001 0.7276785718750001 0.8772321421875 0.7276785718750001 0.828125 0.6941964281249999 0.78125 0.6584821421875 0.78125
2 0.5066964281249999 0.75 0.48214285781250005 0.7879464281249999 0.48660714218749995 0.8325892859374999 0.5401785718750001 0.859375 0.5758928578125 0.8102678578125 0.5714285718750001 0.7879464281249999 0.5558035718750001 0.7544642859375 0.5066964281249999 0.75
2 0.6049107140625 0.625 0.5714285718750001 0.6674107140625 0.5803571421875 0.7566964281249999 0.5959821421875 0.7767857140625 0.6294642859375 0.7790178578125 0.6696428578125 0.7522321421875 0.6785714281249999 0.671875 0.6495535718750001 0.6294642859375 0.6049107140625 0.625
2 0.5513392859375 0.47321428593750003 0.5089285718750001 0.5200892859375 0.5133928578125 0.5915178578125 0.5424107140625 0.6160714281249999 0.5982142859375 0.6138392859375 0.6473214281249999 0.5736607140625 0.6517857140625 0.5022321421875 0.6227678578125 0.48214285781250005 0.5513392859375 0.47321428593750003
2 0.45535714218749995 0.6004464281249999 0.5 0.6227678578125 0.5133928578125 0.5959821421875 0.5044642859375 0.5647321421875 0.475446428125 0.5580357140625 0.45535714218749995 0.6004464281249999
2 0.42410714218749995 0.6674107140625 0.41964285781250005 0.7075892859375 0.44196428593750003 0.734375 0.49553571406249997 0.6808035718750001 0.475446428125 0.6294642859375 0.44866071406249997 0.6339285718750001 0.42410714218749995 0.6674107140625
2 0.3571428578125 0.6272321421875 0.3571428578125 0.6674107140625 0.40178571406249997 0.6808035718750001 0.42410714218749995 0.6540178578125 0.42410714218749995 0.6227678578125 0.38169642812500004 0.5982142859375 0.3571428578125 0.6272321421875
2 0.30803571406249997 0.8549107140625001 0.30803571406249997 0.890625 0.33258928593750003 0.9241071421875 0.3616071421875 0.9263392859374999 0.37946428593750003 0.8549107140625001 0.35491071406249997 0.8258928578125 0.33258928593750003 0.8258928578125 0.30803571406249997 0.8549107140625001
2 0.2299107140625 0.71875 0.19196428593749998 0.7433035718750001 0.1741071421875 0.8147321421875 0.2008928578125 0.8772321421875 0.25 0.890625 0.29017857187499996 0.8549107140625001 0.30357142812500004 0.796875 0.27678571406249997 0.734375 0.2299107140625 0.71875
2 0.2008928578125 0.9799107140625001 0.21205357187499999 1 0.2633928578125 0.9977678578125 0.2678571421875 0.9308035718750001 0.22544642812500001 0.90625 0.2008928578125 0.9308035718750001 0.2008928578125 0.9799107140625001
2 0.0513392859375 0.7544642859375 0.0178571421875 0.7790178578125 0.0044642859375000005 0.8459821421875 0.0290178578125 0.8883928578125 0.0669642859375 0.8950892859374999 0.0982142859375 0.8638392859374999 0.102678571875 0.8147321421875 0.0892857140625 0.7790178578125 0.0513392859375 0.7544642859375
2 0.0178571421875 0.475446428125 0.046875 0.5267857140625 0.071428571875 0.5245535718750001 0.09375 0.5022321421875 0.09375 0.453125 0.037946428125 0.43303571406249997 0.0178571421875 0.475446428125
2 0.0404777765625 0.37161308437499996 0.040178571875 0.412946428125 0.0513392859375 0.43303571406249997 0.09375 0.43973214218749995 0.12053571406250001 0.35044642812500004 0.078125 0.30357142812500004 0.0446428578125 0.33258928593750003 0.0404777765625 0.37161308437499996
2 0 0.30133928593750003 0.008928571875000001 0.42633928593750003 0.040178571875 0.3727678578125 0.0357142859375 0.3102678578125 0.0200892859375 0.2991071421875 0 0.30133928593750003
2 0 0.29241071406249997 0.0133928578125 0.29241071406249997 0.040178571875 0.27008928593750003 0.0446428578125 0.2299107140625 0.0022321421875000002 0.16071428593749998 0 0.29241071406249997
2 0.060267857812500006 0.0982142859375 0.022321428125 0.13616071406250002 0.0491071421875 0.2299107140625 0.084821428125 0.2388392859375 0.1383928578125 0.17633928593749998 0.1383928578125 0.1272321421875 0.109375 0.09375 0.060267857812500006 0.0982142859375
2 0.0022321421875000002 0 0 0.069196428125 0.0357142859375 0.0959821421875 0.109375 0.084821428125 0.133928571875 0.0513392859375 0.133928571875 0.006696428124999999 0.0022321421875000002 0
2 0.25892857187499996 0.149553571875 0.2455357140625 0.203125 0.27008928593750003 0.2321428578125 0.31696428593750003 0.234375 0.33482142812500004 0.2165178578125 0.3258928578125 0.149553571875 0.2834821421875 0.133928571875 0.25892857187499996 0.149553571875
2 0.3616071421875 0.1584821421875 0.38169642812500004 0.19196428593749998 0.41071428593750003 0.194196428125 0.446428571875 0.109375 0.39508928593750003 0.071428571875 0.3616071421875 0.10491071406250001 0.3616071421875 0.1584821421875
2 0.2455357140625 0.33258928593750003 0.26116071406249997 0.36607142812500004 0.2946428578125 0.36830357187499996 0.3303571421875 0.296875 0.30580357187499996 0.25 0.2790178578125 0.25 0.2455357140625 0.33258928593750003
2 0.45535714218749995 0.296875 0.45089285781250005 0.36830357187499996 0.47098214218749995 0.39732142812500004 0.5 0.39955357187499996 0.53125 0.3727678578125 0.5401785718750001 0.3102678578125 0.484375 0.27232142812500004 0.45535714218749995 0.296875
2 0.45535714218749995 0.42633928593750003 0.45535714218749995 0.47991071406249997 0.47991071406249997 0.5 0.5089285718750001 0.49776785781250005 0.5357142859375 0.43526785781250005 0.515625 0.40625 0.47098214218749995 0.41071428593750003 0.45535714218749995 0.42633928593750003
2 0.6741071421875 0.462053571875 0.6897321421875 0.48660714218749995 0.7321428578125 0.48883928593750003 0.7544642859375 0.421875 0.7299107140625 0.3928571421875 0.7075892859375 0.3928571421875 0.6741071421875 0.462053571875
2 0.765625 0.5133928578125 0.7321428578125 0.5424107140625 0.7232142859375 0.609375 0.7477678578125 0.6383928578125 0.7767857140625 0.6361607140625 0.8080357140625001 0.6049107140625 0.8125 0.5513392859375 0.7924107140625 0.5178571421875 0.765625 0.5133928578125
2 0.8370535718750001 0.6517857140625 0.8035714281249999 0.6897321421875 0.8035714281249999 0.7299107140625 0.8325892859374999 0.7767857140625 0.8705357140625001 0.7790178578125 0.9017857140625001 0.734375 0.8973214281249999 0.6808035718750001 0.8727678578125 0.65625 0.8370535718750001 0.6517857140625
2 0.8772321421875 0.5491071421875 0.8526785718750001 0.5870535718750001 0.8616071421875 0.640625 0.890625 0.6696428578125 0.9151785718750001 0.6674107140625 0.9508928578125 0.6272321421875 0.9508928578125 0.5647321421875 0.9263392859374999 0.5357142859375 0.8772321421875 0.5491071421875
2 0.8125 0.43973214218749995 0.8080357140625001 0.48883928593750003 0.8571428578125 0.515625 0.8928571421875 0.47991071406249997 0.8928571421875 0.43526785781250005 0.8370535718750001 0.40625 0.8125 0.43973214218749995
2 0.5669642859375 0.2299107140625 0.5669642859375 0.27455357187499996 0.5982142859375 0.28794642812500004 0.6517857140625 0.27455357187499996 0.6316964281249999 0.19196428593749998 0.6049107140625 0.19196428593749998 0.5669642859375 0.2299107140625
2 0.5044642859375 0.1272321421875 0.49553571406249997 0.171875 0.5111607140625 0.2142857140625 0.5535714281249999 0.22544642812500001 0.6071428578125 0.1852678578125 0.6116071421875 0.140625 0.5424107140625 0.0982142859375 0.5044642859375 0.1272321421875
2 0.5535714281249999 0.0290178578125 0.5580357140625 0.0825892859375 0.5915178578125 0.12053571406250001 0.6294642859375 0.1272321421875 0.65625 0.087053571875 0.6517857140625 0.006696428124999999 0.5691964281249999 0 0.5535714281249999 0.0290178578125
2 0.41964285781250005 0.055803571875 0.46428571406249997 0.087053571875 0.5 0.0424107140625 0.5 0.0022321421875000002 0.42633928593750003 0 0.41964285781250005 0.055803571875
2 0.6138392859375 0.28571428593750003 0.5446428578125 0.3415178578125 0.5357142859375 0.40848214218749995 0.5825892859375 0.46875 0.6428571421875 0.47098214218749995 0.6830357140625 0.430803571875 0.6964285718750001 0.359375 0.6584821421875 0.29017857187499996 0.6138392859375 0.28571428593750003
2 0.1540178578125 0.9598214281249999 0.102678571875 0.9977678578125 0.2008928578125 0.9977678578125 0.1540178578125 0.9598214281249999
2 0.5803571421875 0.984375 0.5825892859375 1 0.6964285718750001 0.9977678578125 0.6919642859375 0.9709821421875 0.6540178578125 0.9419642859374999 0.6138392859375 0.9419642859374999 0.5803571421875 0.984375
2 0.79140625 0.11640625 0.14921875 0.17578125
2 0.9625 0.4375 0.07421875 0.13515625