2 0.9129464281249999 0.8348214281249999 0.8772321421875 0.8482142859374999 0.8526785718750001 0.8950892859374999 0.8660714281249999 0.9397321421875 0.8973214281249999 0.953125 0.9352678578125 0.9375 0.9508928578125 0.9040178578125 0.9419642859374999 0.8549107140625001 0.9129464281249999 0.8348214281249999
2 0.8772321421875 0.6875 0.8526785718750001 0.7075892859375 0.8348214281249999 0.7611607140625 0.8794642859374999 0.828125 0.90625 0.8325892859374999 0.9419642859374999 0.8058035718750001 0.9553571421875 0.7522321421875 0.9174107140625001 0.6919642859375 0.8772321421875 0.6875
2 0.7879464281249999 0.7589285718750001 0.7544642859375 0.796875 0.7544642859375 0.8415178578125 0.7834821421875 0.8705357140625001 0.8169642859374999 0.8727678578125 0.84375 0.8370535718750001 0.84375 0.8058035718750001 0.8236607140625001 0.7633928578125 0.7879464281249999 0.7589285718750001
2 0.765625 0.6383928578125 0.7366071421875 0.6629464281249999 0.7321428578125 0.7165178578125 0.7566964281249999 0.75 0.7901785718750001 0.7477678578125 0.8169642859374999 0.7165178578125 0.8169642859374999 0.6674107140625 0.8013392859374999 0.6428571421875 0.765625 0.6383928578125
2 0.6495535718750001 0.6785714281249999 0.6116071421875 0.7209821421875 0.6071428578125 0.765625 0.6361607140625 0.8169642859374999 0.6651785718750001 0.8191964281249999 0.7053571421875 0.7790178578125 0.7098214281249999 0.7120535718750001 0.6897321421875 0.6875 0.6495535718750001 0.6785714281249999
2 0.5022321421875 0.7678571421875 0.45535714218749995 0.8147321421875 0.45535714218749995 0.8638392859374999 0.475446428125 0.8973214281249999 0.5357142859375 0.9084821421875 0.5669642859375 0.8638392859374999 0.5669642859375 0.8058035718750001 0.5424107140625 0.7767857140625 0.5022321421875 0.7678571421875
2 0.2678571421875 0.953125 0.27678571406249997 0.9977678578125 0.375 0.9977678578125 0.375 0.9174107140625001 0.3415178578125 0.8883928578125 0.28794642812500004 0.9017857140625001 0.2678571421875 0.953125
2 0.162946428125 0.6383928578125 0.125 0.6629464281249999 0.12053571406250001 0.7299107140625 0.162946428125 0.7901785718750001 0.196428571875 0.7924107140625 0.2232142859375 0.7745535718750001 0.2321428578125 0.7299107140625 0.20982142812500001 0.6763392859375 0.162946428125 0.6383928578125
2 0.100446428125 0.75 0.0580357140625 0.8236607140625001 0.0915178578125 0.8705357140625001 0.125 0.8772321421875 0.15178571406250002 0.8549107140625001 0.16071428593749998 0.8058035718750001 0.12276785781249999 0.7544642859375 0.100446428125 0.75
2 0.1272321421875 0.45535714218749995 0.084821428125 0.493303571875 0.071428571875 0.5558035718750001 0.09375 0.6227678578125 0.147321428125 0.6361607140625 0.19196428593749998 0.6049107140625 0.2053571421875 0.5200892859375 0.17633928593749998 0.46875 0.1272321421875 0.45535714218749995
2 0.0044642859375000005 0.5647321421875 0.0044642859375000005 0.6316964281249999 0.024553571875 0.6607142859375 0.053571428125 0.6674107140625 0.0892857140625 0.6227678578125 0.0625 0.546875 0.0290178578125 0.5357142859375 0.0044642859375000005 0.5647321421875
2 0.5200892859375 0.09375 0.48214285781250005 0.1272321421875 0.48214285781250005 0.17633928593749998 0.5066964281249999 0.20982142812500001 0.5491071421875 0.21205357187499999 0.5848214281249999 0.171875 0.5848214281249999 0.1272321421875 0.5691964281249999 0.102678571875 0.5200892859375 0.09375
2 0.6540178578125 0.12946428593749998 0.6116071421875 0.171875 0.6116071421875 0.2165178578125 0.640625 0.25446428593750003 0.6696428578125 0.2522321421875 0.6964285718750001 0.22544642812500001 0.7008928578125 0.171875 0.6763392859375 0.133928571875 0.6540178578125 0.12946428593749998
2 0.71875 0.265625 0.7232142859375 0.30133928593750003 0.7522321421875 0.3303571421875 0.78125 0.328125 0.8348214281249999 0.27455357187499996 0.8058035718750001 0.20982142812500001 0.7566964281249999 0.2142857140625 0.71875 0.265625
2 0.7008928578125 0.0736607140625 0.7388392859375 0.11160714218750001 0.7678571421875 0.109375 0.8080357140625001 0.0915178578125 0.8258928578125 0.006696428124999999 0.6941964281249999 0 0.7008928578125 0.0736607140625
2 0.3258928578125 0.0022321421875000002 0.22544642812500001 0 0.25446428593750003 0.069196428125 0.25 0.118303571875 0.30357142812500004 0.14508928593749998 0.34821428593750003 0.109375 0.34375 0.046875 0.31696428593750003 0.024553571875 0.3258928578125 0.0022321421875000002
2 0.334375 0.5484375 0.140625 0.22109375