2 0.660740059375 0.37217523125 0.6187643234375 0.3974652328125 0.61515775625 0.44664280781250004 0.6341808671875 0.5132852437500001 0.6878999625 0.5212775062499999 0.7222842953125 0.44477290625 0.7081143515625 0.4003705875 0.660740059375 0.37217523125
2 0.773955071875 0.591214859375 0.739971596875 0.5627857671875 0.686564153125 0.5726479296875 0.667296009375 0.619866396875 0.6903931625 0.664112890625 0.72445455 0.697005590625 0.74450181875 0.69442318125 0.779509453125 0.653627428125 0.773955071875 0.591214859375
2 0.6360846546875 0.2386566203125 0.5943426578125 0.27733743906249997 0.5907360890625 0.3265150140625 0.615948178125 0.36402714375 0.6494641765625 0.365674603125 0.6847055484375 0.33826966875000003 0.688234203125 0.2846284859375 0.6360846546875 0.2386566203125
2 0.5530568375 0.47005161093750003 0.55814374375 0.5056825453125 0.598627846875 0.52283575625 0.62016675 0.47781013593750005 0.6106941499999999 0.4467207203125 0.5770223265625 0.43614604999999995 0.5530568375 0.47005161093750003
2 0.5548714171875 0.318211103125 0.534122934375 0.2806210609375 0.49379465937499994 0.2723950609375 0.4696733453125 0.2973734125 0.46622260156250006 0.35547819999999997 0.491512603125 0.3974539359375 0.520487084375 0.3947157015625 0.5513427625 0.3718522859375 0.5548714171875 0.318211103125
2 0.41893751718749994 0.20449472812499997 0.448691125 0.2463925515625 0.47320200156250003 0.24373223125000001 0.498659121875 0.16738345625 0.4599003921875 0.12117785156250001 0.42246617343750004 0.15085354687500002 0.41893751718749994 0.20449472812499997
2 0.36026475156250004 0.42430218750000004 0.3655074828125 0.46886033281249995 0.40614740937500005 0.49494075468750004 0.44107713125 0.449681396875 0.41993908593749996 0.389773325 0.38430815156250003 0.3948602296875 0.36026475156250004 0.42430218750000004
2 0.2743767625 0.2360403234375 0.250099625 0.25209146250000003 0.23772166874999998 0.310352075 0.26747527656250003 0.3522498984375 0.30545488125000003 0.3538194453125 0.331067828125 0.2863978828125 0.3102414328125 0.24434423437500002 0.2743767625 0.2360403234375
2 0.088942340625 0.228114678125 0.06373025156249999 0.1906025484375 0.0324070984375 0.18668432968749998 0.00382218125 0.21174059375 0.00044935 0.2743089875 0.030047131249999998 0.30727959843749997 0.054635920312499996 0.30908288281249996 0.085257859375 0.2728286484375 0.088942340625 0.228114678125
2 0 0.1597390125 0.0037442687500000003 0.2072769875 0.034366209375 0.17102275312499998 0.033742909375000005 0.13531390625 0 0.10272875937499999 0 0.1597390125
2 0.0014509171875 0.459587584375 0.001595446875 0.5957665171875 0.023913475 0.5953769531249999 0.050149721875 0.5636642375 0.053912115625 0.5234138734375 0.0352785671875 0.47908946406249997 0.0014509171875 0.459587584375
2 0.23868934999999997 0.8773858359375 0.2181746046875 0.853186609375 0.1868514515625 0.849268390625 0.1583444453125 0.8787882609375 0.1591235703125 0.9234243171875001 0.179638315625 0.94762354375 0.20869070937499998 0.9493489140625 0.2393905625 0.9175582859375 0.23868934999999997 0.8773858359375
2 0.339571590625 0.6456791921875 0.3156840140625 0.6840483609375 0.3209267453125 0.7286065046875 0.341441490625 0.7528057312499999 0.37049388437499997 0.7545311015625 0.39626265625 0.6960367515625 0.3664311375 0.649675321875 0.339571590625 0.6456791921875
2 0.638143109375 0.868180859375 0.6138659734374999 0.8842319984375001 0.6057957984375 0.9334874890625 0.6354714921875 0.9709217062500001 0.65105515625 0.9684172078125 0.6773693171875 0.9411680984374999 0.6767460171875 0.9054592515625 0.638143109375 0.868180859375
2 0.6777035578125 0.70451908125 0.6479499515625 0.6626212578125 0.6211683171875 0.6630887328124999 0.601432696875 0.683525565625 0.5978261296875 0.732703140625 0.6184967 0.7658295765625 0.6563983921875 0.76293551875 0.6783268578125 0.7402279265625 0.6777035578125 0.70451908125
2 0.8078493375000001 0.7424320703125 0.789371615625 0.7070348734375 0.7647049140625 0.7007679828125 0.731656390625 0.7259021578125 0.732357603125 0.7660746109375001 0.757569690625 0.803586740625 0.7776169609375 0.8010043328125 0.8040090328125 0.7782188265625 0.8078493375000001 0.7424320703125
2 0.8170994953124999 0.632878946875 0.788514578125 0.6579352093749999 0.789293703125 0.7025712671875 0.8189693953124999 0.740005484375 0.8524853968749999 0.74165294375 0.8830294249999999 0.7009351046875001 0.87786460625 0.6608405640624999 0.8170994953124999 0.632878946875
2 1 0.8367660000000001 0.9813732796875 0.8353999609375 0.94840266875 0.86499774375 0.9357909765624999 0.9098675374999999 0.9782341875 0.9113591718749999 0.985825590625 0.9625737687499999 0.9636633859374999 0.9718905437500001 0.9993722328124999 0.9712672437500001 1 0.9584959124999999 1 0.8367660000000001
2 1 0.7065945328125001 0.9727690156250001 0.7261584875 0.9646988406249999 0.7754139765625 0.978712959375 0.8108890843750001 1 0.821072165625 1 0.7065945328125001
2 0.8585072531250001 0.8308471468749999 0.8684473265625 0.888718196875 0.8953847875 0.897177934375 0.9303924203125 0.8563821812500001 0.9136400671875 0.791932590625 0.882472740625 0.7969415843750001 0.8585072531250001 0.8308471468749999
2 0.0940518390625 0.0092421703125 0.10556145937500001 0.0291336140625 0.1390774578125 0.030781075 0.158735165625 0.0058806359375 0.0940518390625 0.0092421703125
2 0 0.342885571875 0.0027088140625 0.40375355468749996 0.0150088546875 0.3410293359375 0 0.3224120328125 0 0.342885571875
2 0.97123335625 0.3823829296875 0.97185665625 0.41809177656249996 0.9991836781250001 0.44886954218749997 0.9908910640625 0.3574824921875 0.97123335625 0.3823829296875