2 0.27836850156250004 0.40921145000000003 0.22465996562499999 0.40114854375000003 0.20645802500000002 0.421051528125 0.22249030625000002 0.48728309375 0.2872351640625 0.4613796953125 0.2955124046875 0.435904965625 0.27836850156250004 0.40921145000000003
2 0.2931284109375 0.49380570781250005 0.2676536828125 0.48552846718750003 0.2283299703125 0.512650653125 0.213155028125 0.559354321875 0.22748626718749998 0.5874809625 0.255773659375 0.5943250796874999 0.2964769140625 0.5629571046875 0.2931284109375 0.49380570781250005
2 0.3671150171875 0.5694797203124999 0.34026075 0.565448265625 0.31218769218750003 0.5868379578125 0.305397159375 0.6221838015625 0.326840434375 0.6573153109375001 0.3690839796875 0.6428769046875 0.3801203015625 0.6089106 0.3671150171875 0.5694797203124999
2 0.5347632421874999 0.52303033125 0.5118868421875 0.48508615937500005 0.4722952109375 0.476916084375 0.4274533359375 0.5210214234375 0.4181180578125 0.593092653125 0.44369995468749995 0.615486796875 0.488809746875 0.60667371875 0.5224545484374999 0.575359328125 0.5347632421874999 0.52303033125
2 0.4476106015625 0.3867500828125 0.43471248593749995 0.36143610625 0.3910358171875 0.3730618484375 0.3914644859375 0.42952946562500005 0.4141265515625 0.43923983125 0.43519474062499997 0.424962175 0.4476106015625 0.3867500828125
2 0.5614967046875 0.3251793375 0.541379384375 0.2787435875 0.49908225625 0.2861235421875 0.47955435937499996 0.3173307671875 0.47138428593750004 0.35692240000000003 0.49845288906249996 0.3891876609375 0.5336915656250001 0.3818612890625 0.5504603828125 0.359145640625 0.5614967046875 0.3251793375
2 0.4817639640625 0.0504891265625 0.457508025 0.016790740625 0.41807714375 0.029796024999999997 0.3986564140625 0.0751201515625 0.42869843281250003 0.127127646875 0.46531665 0.1155554875 0.47921921875000006 0.0872145109375 0.4817639640625 0.0504891265625
2 0.6511132296875 0.0421446625 0.5933196578125 0.053877575 0.5807966296875 0.0779727625 0.5657288546875 0.13879333437500002 0.5927974578125 0.1710585953125 0.673038759375 0.14080224218749998 0.6739896296875 0.0800888375 0.6511132296875 0.0421446625
2 0.8073101015624999 0.16095950625 0.7915457375 0.1300202015625 0.7646914687499999 0.12598874843750002 0.72961354375 0.154490475 0.7185772218750001 0.18845677968750002 0.7372614171875 0.232079865625 0.75992348125 0.2417902296875 0.7936218671875 0.21753429062500002 0.8073101015624999 0.16095950625
2 0.8027564484375 0.30499479687500003 0.7798800484374999 0.26705062343749997 0.73328355 0.26599258593749997 0.7038309515625001 0.291628065625 0.69014271875 0.34820285 0.718698028125 0.3903392265625 0.7483649609375 0.39293755625000004 0.7960730828125 0.3544575453125 0.8027564484375 0.30499479687500003
2 0.9247327328124999 0.5652466 0.9004767953125 0.531548215625 0.8707562781249999 0.521891434375 0.8328121046874999 0.5447678328125 0.8206105796875001 0.6112137328125 0.8363213578125 0.6350945875 0.875966575 0.6503231125 0.9125312078125001 0.6316925015625 0.9247327328124999 0.5652466
2 0.9610430859375001 0.6990892718749999 0.915665375 0.6726100890625 0.88472606875 0.688374453125 0.8750692875 0.71809496875 0.8994859796875 0.7729687109375 0.9348318234375 0.7797592437499999 0.9610430859375001 0.6990892718749999
2 0.8780563421875 0.9256027437500001 0.8707835546875 0.8974225203125 0.7946272890625 0.9078830578125 0.7737198515625 0.9433360687500001 0.7880510921874999 0.9714627109375 0.831942096875 0.988070775 0.8516307453125 0.9780389078124999 0.8780563421875 0.9256027437500001
2 0.491850384375 0.821239946875 0.40030484218750007 0.85017034375 0.3877818125 0.8742655328125 0.406358840625 0.9037717125 0.48394822968750006 0.8961238390625 0.5033689578125 0.8507997109375 0.491850384375 0.821239946875
2 0.1969892703125 0.847478484375 0.144821025 0.8563451484375 0.1423834484375 0.9071874375 0.16929129999999998 0.9182773421875 0.19460527656249998 0.9053792265625 0.1969892703125 0.847478484375
2 0 0.8470236375000001 0.024827339062500002 0.857256071875 0.052900396875 0.83586638125 0.045413274999999996 0.7794523484375 0.0143668015625 0.7810998062500001 0 0.8379355609375001 0 0.8470236375000001
2 0.5364533796875001 0 0.5017205312499999 0.07574951875 0.5203511421875 0.112314153125 0.5458258703125 0.12059139375000001 0.568220015625 0.09500949843749999 0.5388849515625 0.11093850624999999 0.5601970453125 0.091568675 0.5658430515624999 0.0915249796875 0.572551084375 0.0824355203125 0.5791327093749999 0.056401276562500005 0.59050699375 0.055310696874999996 0.58020720625 0.0003297890625 0.5791922203125 0 0.5364533796875001 0
2 0 0.5338670828125001 0.020982946875 0.5368130640625 0.05043554375 0.511177584375 0.0599851578125 0.4673401640625 0.038595465625000006 0.43926710625 0 0.440766565625 0 0.5338670828125001
2 0.17365692500000002 0.377535609375 0.15364677499999999 0.3452167640625 0.1282256296875 0.3439979765625 0.080571090625 0.3895364390625 0.07229385 0.4150111671875 0.0937371265625 0.4501426765625 0.13189563437500001 0.4555000859375 0.1641073109375 0.42137303125000003 0.17365692500000002 0.377535609375