2 0.8185803437500001 0.41486016093750006 0.84876775 0.38122194062500003 0.8550530625 0.34153803437499997 0.830473115625 0.2969655515625 0.7982111187500001 0.3008956203125 0.759184553125 0.376073225 0.8185803437500001 0.41486016093750006
2 0.869136975 0.4951864828125 0.9118539796875 0.468052690625 0.91813929375 0.4283687828125 0.8921626093749999 0.39261494531249996 0.8519994484375 0.4178932609375 0.8457141359374999 0.45757716875 0.869136975 0.4951864828125
2 0.5915892546875 0.435407475 0.620119784375 0.46930583593749997 0.6730521734375 0.4347501328125 0.6784200046875 0.3723212421875 0.6524433203125 0.3365674046875 0.6095072 0.33654689375 0.588138440625 0.37158185 0.5915892546875 0.435407475
2 0.547578078125 0.2566793125 0.571000915625 0.294288628125 0.59304753125 0.29778046874999997 0.6232349359375 0.2641422484375 0.6251109265625 0.22375997343749998 0.604241934375 0.18429518125 0.5796414750000001 0.18265881718750002 0.5538633921875 0.21699540625 0.547578078125 0.2566793125
2 0.07521921718749999 0.38526203125 0.1037497453125 0.4191603921875 0.14552875625 0.4122177359375 0.18732828125 0.362338959375 0.1831790984375 0.30292265625 0.1520947234375 0.2708797734375 0.096389375 0.280136646875 0.07478098749999999 0.33095341875 0.07521921718749999 0.38526203125
2 0.1603110359375 0.5614568609374999 0.189539934375 0.5909458984375 0.2271492484375 0.567523059375 0.2148797890625 0.5023006984375 0.1814606828125 0.49926759687500005 0.16589798125 0.5261822765625 0.1603110359375 0.5614568609374999
2 0.123436496875 0.6933250937500001 0.1358681515625 0.7157831640625 0.1637003125 0.7540908468749999 0.19015625 0.7582810546875 0.236365096875 0.7091006484375 0.2424312953125 0.6422624359375 0.20903270312500002 0.596293215625 0.16539821562499998 0.600682025 0.1331157046875 0.647548215625 0.123436496875 0.6933250937500001
2 0.01913065 0.710853559375 0.0316397390625 0.7602941078125001 0.1000938015625 0.7846959671875 0.136785634375 0.738528146875 0.10805650468750001 0.634539359375 0.0797450890625 0.62779530625 0.0370280828125 0.6549290984375 0.01913065 0.710853559375
2 0.5697757390625 0.9155854484375 0.5976079000000001 0.9538931312500001 0.62476220625 0.9536740171875 0.660057303125 0.9163248421875 0.6626316609375 0.8715332453125001 0.6410643 0.8364777765625 0.603235871875 0.8327463078124999 0.5723500984375 0.8707938499999999 0.5697757390625 0.9155854484375
2 0.7470165296875 1 0.745669403125 0.975083803125 0.7241020421875 0.9400283343750001 0.6823230312499999 0.9469709890625 0.6578750046875 1 0.7470165296875 1
2 0.9270403421875001 1 0.936927165625 0.937577053125 0.9102521140625001 0.9062325390625 0.886350021875 0.9001868515625 0.849658190625 0.9463546734375001 0.84708383125 0.9911462703125 0.8552566328125 1 0.9270403421875001 1
2 0.833301084375 0.6929076484375 0.8641663453125 0.697796225 0.892258646875 0.6773859734375 0.9036516515624999 0.6339911109374999 0.8686372078125 0.5696862312500001 0.8233663546875001 0.5986755015624999 0.8149859375 0.6515873765625 0.833301084375 0.6929076484375
2 0.43626341875 0.5599640875 0.48173287187499997 0.60106524375 0.51399486875 0.597135175 0.5383762140624999 0.5716172312500001 0.543744046875 0.5091883421875 0.5161515125 0.4550988453125 0.47391375937499997 0.450669009375 0.4372219265625 0.4968368296875 0.43626341875 0.5599640875
2 0.38873988593750003 0.4462186609375 0.41242286562499997 0.425110040625 0.418009809375 0.3898354578125 0.3913347578125 0.3584909421875 0.3613869796875 0.3763473484375 0.356498403125 0.407212609375 0.38873988593750003 0.4462186609375
2 0.310755265625 0 0.2587399203125 0.0256145640625 0.256384675 0.09756046874999999 0.2907212640625 0.1233385515625 0.3459678703125 0.1027091859375 0.361551084375 0.0328583875 0.34829960625 0 0.310755265625 0
2 0.6253915796875 0.12210591875000001 0.7043006515625 0.123304053125 0.7149952875000001 0.084318515625 0.701329090625 0.0279147984375 0.59109601875 0.0104555953125 0.5885216578125 0.05524719375 0.6253915796875 0.12210591875000001
2 0.3671875 0.63828125 0.184375 0.203125