2 0.0375 0.8453125 0.075 0.14375
2 0.26875 0.903125 0.1796875 0.1515625
2 0.19765625 0.71640625 0.15625 0.190625
2 0.3484375 0.49375 0.1453125 0.178125
2 0.42421875 0.86015625 0.171875 0.1921875
2 0.5484375 0.76171875 0.1703125 0.1890625
2 0.5296875 0.61796875 0.128125 0.153125
2 0.60703125 0.5234375 0.1578125 0.190625
2 0.06328125 0.22734375 0.075 0.18125
2 0.12578125 0.15859375 0.1453125 0.184375
2 0.221875 0.1609375 0.14375 0.1734375
2 0.1109375 0.07421875 0.109375 0.1484375
2 0.25546875 0.05390625 0.1359375 0.1078125
2 0.55546875 0.071875 0.1203125 0.14375
2 0.6578125 0.075 0.11875 0.1234375
2 0.5984375 0.86875 0.16875 0.178125
2 0.6625 0.94296875 0.1375 0.1140625
2 0.54375 0.98046875 0.134375 0.0390625
2 0.8140625 0.95859375 0.146875 0.0828125
2 0.7078125 0.8703125 0.1171875 0.121875
2 0.75546875 0.46015625 0.159375 0.18125
2 0.81640625 0.5375 0.146875 0.1765625
2 0.75625 0.21328125 0.1421875 0.1765625
2 0.865625 0.11328125 0.15 0.1328125
2 0.8921875 0.26015625 0.1640625 0.2078125
2 0.94921875 0.48671875 0.1015625 0.1609375
2 0.675 0.73125 0.1375 0.1734375
2 0.92109375 0.8125 0.090625 0.18125