2 0.190625 0.2578125 0.10078125 0.13671875
2 0.078125 0.709375 0.11796875 0.15546875
2 0.1921875 0.65625 0.1234375 0.14765625
2 0.278125 0.38515625 0.1296875 0.15234375
2 0.28828125 0.26953125 0.10078125 0.1125
2 0.39609375 0.40078125 0.1375 0.171875
2 0.3578125 0.578125 0.11015625 0.14140625
2 0.46640625 0.56484375 0.11171875 0.13046875
2 0.5109375 0.4640625 0.10859375 0.1234375
2 0.49765625 0.2890625 0.12578125 0.15859375
2 0.41171875 0.15078125 0.11953125 0.15546875
2 0.55390625 0.1265625 0.13671875 0.18359375
2 0.696875 0.68671875 0.1265625 0.14609375
2 0.43515625 0.953125 0.11171875 0.09375
2 0.76953125 0.05703125 0.13046875 0.11328125
2 0.884375 0.26796875 0.10859375 0.1546875
2 0.89296875 0.96171875 0.10859375 0.0765625
2 0.7296875 0.35546875 0.18828125 0.2359375
2 0.22265625 0.059375 0.18515625 0.11796875
2 0.13046875 0.90546875 0.2296875 0.1890625