2 0.1259225765625 0.138229596875 0.1631402703125 0.21458041875 0.2242750859375 0.21897478124999997 0.24123131406249998 0.1712938453125 0.21657548906250002 0.1083969046875 0.1970746296875 0.096237240625 0.1259225765625 0.138229596875
2 0.269031090625 0.12015436406249999 0.2810812453125 0.21556003906250001 0.3404758375 0.22602328124999999 0.3496229609375 0.1826710046875 0.3297198984375 0.1375566 0.302855940625 0.11671772031250001 0.269031090625 0.12015436406249999
2 0.3566495609375 0.0894515609375 0.3818170984375 0.0703967078125 0.356291159375 0.01053420625 0.301627428125 0.04083480625 0.323270715625 0.0798803296875 0.3566495609375 0.0894515609375
2 0.3765983234375 0 0.3680048171875 0.0040412187500000005 0.4204166140625 0.06176129375 0.46118045937499996 0.0570304328125 0.46684713593750005 0.025815915625 0.44730138124999996 0 0.3765983234375 0
2 0.6975084140625001 0.0459818 0.668480128125 0.021238367187500003 0.63681960625 0.0285795640625 0.6220496062499999 0.0571837453125 0.6332953546875 0.0866799390625 0.6874692765625 0.1153498265625 0.7108965890625 0.1023638546875 0.6975084140625001 0.0459818
2 0.672721178125 0.1209727 0.6189932640625 0.0792949390625 0.5830040828125 0.07882703125 0.572986846875 0.12521374999999998 0.5924658046875 0.160354721875 0.628433084375 0.1838039359375 0.67787614375 0.1717099765625 0.672721178125 0.1209727
2 0.63015140625 0.2007163625 0.6409292453125001 0.2662017375 0.67647241875 0.27967751875 0.7059686140625 0.2684317703125 0.7112111875 0.2272438203125 0.6817587953124999 0.1925269546875 0.63015140625 0.2007163625
2 0.6304879031249999 0.302615021875 0.6110089453125 0.2674740515625 0.5507442421875 0.2600452484375 0.5446315578125 0.3042676390625 0.5619461875 0.33550405625 0.6057225703125 0.35462461562500003 0.62524533125 0.34380297187500003 0.6304879031249999 0.302615021875
2 0.49701632656249994 0.21836748906249998 0.4739693140625 0.287289509375 0.49561260156250003 0.32633503125 0.5285673421875 0.3259328265625 0.5416628218749999 0.23445360625 0.5247722984375 0.213190621875 0.49701632656249994 0.21836748906249998
2 0.51591786875 0.4044041734375 0.5215845453125 0.37318965937500004 0.48954372187499995 0.3245948078125 0.4561648765625 0.31502357812500004 0.43577200312500003 0.3288796609375 0.4292352140625 0.3631286171875 0.448714171875 0.3982695890625 0.492490553125 0.417390146875 0.51591786875 0.4044041734375
2 0.5786834 0.5176361890625001 0.5878305234375001 0.47428391249999996 0.568351565625 0.43914294218750005 0.5367129453125 0.42350283125 0.510251190625 0.43561869062499997 0.4781446609375 0.4559677609375 0.4802870875 0.4828536203125 0.5379195546875 0.5223670499999999 0.5786834 0.5176361890625001
2 0.804321121875 0.3491769546875 0.7726824999999999 0.33353684375000003 0.7483850765625 0.34955725625 0.7548342578125 0.4072335265625 0.7886372078125 0.426778190625 0.8081599703125001 0.41595654687500005 0.8198955281250001 0.3864822546875 0.804321121875 0.3491769546875
2 0.7868750828125 0.455828378125 0.753518140625 0.423275840625 0.7097198546875 0.42713658906249996 0.7036071703125 0.47135897968749996 0.7274147859375 0.5143090546875 0.780740496875 0.5230320749999999 0.7968047140625 0.5013668859375 0.7868750828125 0.455828378125
2 0.8835968765625 0.42773590937500006 0.8376561640625001 0.404710796875 0.8150989624999999 0.4146623296875 0.808986278125 0.4588847203125 0.8414512078125 0.517453003125 0.893928709375 0.5062291578125 0.9056642671875 0.4767548640625 0.8835968765625 0.42773590937500006
2 0.9456894109375 0.337170603125 0.902359034375 0.305042171875 0.8542320921875 0.301093815625 0.8515998546875 0.33317844375 0.8801602328125 0.39391105625 0.9191619515625 0.41823038281249997 0.9499523625 0.4139236265625 0.9456894109375 0.337170603125
2 1 0.5072413234375001 0.9897803906249999 0.481171128125 0.9477442296874999 0.45598168906250003 0.917377925 0.470261878125 0.9307441984375 0.5496252375 0.965841365625 0.5761088937500001 1 0.5737304109375 1 0.5072413234375001
2 1 0.769599090625 0.9825785781249999 0.7582410265624999 0.934005628125 0.7673005453124999 0.935680146875 0.8301755843749999 1 0.7925415609375001 1 0.769599090625
2 0.7368327046875 0.6417993578125001 0.7047918796875 0.59320450625 0.6523362796875001 0.5814470468749999 0.6410029234375 0.6438760796875 0.671303525 0.6985398109375 0.702942146875 0.714179921875 0.734178565625 0.6968652921875 0.7368327046875 0.6417993578125001
2 0.802588871875 0.8018640984375001 0.8078314437499999 0.7606761484375 0.7861881578125 0.7216306265625 0.7528093124999999 0.712059396875 0.732416440625 0.72591548125 0.7254555453125 0.7501910031250001 0.7470988328125 0.7892365265625 0.78090178125 0.808781190625 0.802588871875 0.8018640984375001
2 0.7327091343750001 0.8737767546875 0.700668309375 0.825181903125 0.654705696875 0.8251381 0.6360311453125 0.855906609375 0.6437964453125 0.8975405671875001 0.6732488375 0.9322574328125001 0.7144367859375 0.9375000046874999 0.7327091343750001 0.8737767546875
2 0.5940606890625 0.7617732515625 0.581879125 0.8042554187500001 0.622599165625 0.8454871703125001 0.6495069265625 0.8203634375 0.6512690515624999 0.7913132484375 0.627885540625 0.75833660625 0.5940606890625 0.7617732515625
2 0.5489243859374999 0.8046576203125 0.5927664734375 0.7548342578125 0.598009046875 0.7136463078124999 0.5663923265624999 0.675024890625 0.51436083125 0.6732408640624999 0.486582959375 0.7013990390625 0.48134038593749995 0.7425869875 0.5051479999999999 0.7855370625 0.5489243859374999 0.8046576203125
2 0.3231691796875 0.6414051265625 0.3170564953125 0.6856275171874999 0.34044000625000004 0.718604159375 0.38727273281249996 0.715613521875 0.389926871875 0.6605475875 0.34659649375 0.6284191546875 0.3231691796875 0.6414051265625
2 0.3443007546875 0.7624024453125 0.3165666859375 0.7445980046875 0.281871721875 0.7510690890625 0.279663590625 0.79312715 0.2991425484375 0.8282681203125 0.3507280359375 0.843060021875 0.3624635953125 0.8135857281250001 0.3443007546875 0.7624024453125
2 0.42832927187500003 0.8587439359375001 0.42696934999999997 0.9207488625 0.4642308453125 0.9511370703124999 0.4889523765625 0.9450900921875001 0.485113528125 0.8783105000000001 0.4560852421875 0.8535670671875 0.42832927187500003 0.8587439359375001
2 0.40997372500000007 1 0.4034982328125 0.97969745 0.3657907296875 0.9623171140625001 0.35320696093750004 0.9718445421874999 0.342289328125 1 0.40997372500000007 1
2 0 0.6293087921875 0.0529506671875 0.724834325 0.0716033171875 0.7170471218750001 0.0824906640625 0.6676259625000001 0.056518720312500006 0.6207713359375 0.027044428125 0.6090357765625 0 0.6217538046875 0 0.6293087921875
2 0.2397837859375 0.325224 0.2583707296875 0.3863807171875 0.2934898 0.3898830671875 0.31129423906250003 0.36214899843750004 0.2957198328125 0.3248437 0.2762189734375 0.3126840359375 0.2397837859375 0.325224
2 0 0.54363138125 0.026240021875000002 0.5431262968749999 0.039715803125 0.5075831234375 0.019812740625 0.4624687203125 0 0.4526745671875 0 0.54363138125
2 0.3890625 0.5125 0.240625 0.2734375