2 0.909375 0.1625 0.1234375 0.1546875
2 0.37578125 0.4015625 0.1359375 0.165625
2 0.93515625 0.3015625 0.10625 0.1578125
2 0.84375 0.2390625 0.1125 0.1609375
2 0.6578125 0.67734375 0.1328125 0.1703125
2 0.465625 0.603125 0.1421875 0.209375
2 0.309375 0.49453125 0.115625 0.16875
2 0.35859375 0.64140625 0.1390625 0.2
2 0.59140625 0.76640625 0.1 0.1578125
2 0.4984375 0.7375 0.159375 0.221875
2 0.6546875 0.846875 0.1515625 0.1859375
2 0.75703125 0.88984375 0.121875 0.1453125
2 0.8875 0.92109375 0.11875 0.1578125
2 0.95625 0.92734375 0.0625 0.1453125
2 0.75390625 0.9625 0.1234375 0.075
2 0.64453125 0.9578125 0.1078125 0.084375
2 0.10859375 0.07265625 0.1328125 0.1453125
2 0.35703125 0.08671875 0.1515625 0.1734375
2 0.07890625 0.92734375 0.11875 0.121875