2 0.6101791421875 0.1480811390625 0.65841234375 0.17160604375 0.6921808640625 0.159978609375 0.710031275 0.10897777187499999 0.688369059375 0.059778420312500004 0.6301706859375 0.027880996875 0.59792520625 0.050787809375000006 0.58720271875 0.108777346875 0.6101791421875 0.1480811390625
2 0.640361509375 0.3454354375 0.684373646875 0.3704137703125 0.741667071875 0.310553134375 0.7070632140625001 0.2374808203125 0.6517717000000001 0.2140255296875 0.6026419609375 0.24274605624999998 0.6073503046875001 0.2907008125 0.640361509375 0.3454354375
2 0.5785769828125 0.52251974375 0.621135690625 0.5432770125 0.6492297171875 0.52888194375 0.6558703609375 0.4864624578125 0.63420814375 0.43726310625 0.5973935421875 0.42633178593750004 0.570683334375 0.43788960781249997 0.5569147671875 0.47332039375 0.5785769828125 0.52251974375
2 0.7770450624999999 0.605270371875 0.818150340625 0.6218065765625 0.8420233015624999 0.6088649359375 0.8515708046875 0.5748875828125 0.8239556484375001 0.49468734531249997 0.787141046875 0.48375602500000003 0.75475634375 0.4925462125 0.7454872859375 0.5547568140625 0.7770450624999999 0.605270371875
2 0.6014057734375 0.40370342031249995 0.6280463703125 0.38508728593749997 0.6333728078124999 0.35256336093749996 0.5962797609375 0.313398790625 0.5723371890625 0.31928211875 0.5600220515625 0.3589339671875 0.6014057734375 0.40370342031249995
2 0.44091887031250004 0.1638684359375 0.47780308437499996 0.18185806875 0.507350540625 0.1716840640625 0.52520095 0.1206832265625 0.493503953125 0.056053043749999996 0.45523592187500006 0.040900657812500005 0.41309488281249995 0.0624932625 0.409361096875 0.113354878125 0.44091887031250004 0.1638684359375
2 0.6394565734375 0 0.647054946875 0.0220672796875 0.7037302796875 0.0426853265625 0.7276032406249999 0.029743685937499997 0.734338721875 0 0.6394565734375 0
2 0.8075334406250001 0.117898771875 0.8529990062499999 0.1470981703125 0.8782557859375 0.1313192828125 0.8848268171875 0.0818414859375 0.8631646015625 0.032642134375 0.8305710640624999 0.0202573859375 0.8053142843750001 0.0360362734375 0.7944525765625 0.0799091859375 0.8075334406250001 0.117898771875
2 0.41947389843750005 0.2798475125 0.4648002421875 0.2949302875 0.4844521390625 0.2834420765625 0.49531384687499996 0.2395691609375 0.47088399531249997 0.1960443046875 0.43974388906249995 0.1878806203125 0.40459154843749995 0.2023453015625 0.3978116828125 0.2306481625 0.41947389843750005 0.2798475125
2 0.1509795890625 0.254259496875 0.19630593125 0.2693422703125 0.2211450421875 0.211213509375 0.1994828265625 0.1620141578125 0.1668892890625 0.1496294078125 0.1317369515625 0.1640940890625 0.12218944843749999 0.19807144375000002 0.1509795890625 0.254259496875
2 0 0.236816715625 0.02953485 0.2512218234375 0.0572808203125 0.2015351921875 0.046967593749999995 0.1578711140625 0.0213627578125 0.1383584390625 0 0.1441569375 0 0.236816715625
2 0.2403960890625 0.4453824078125 0.288629290625 0.46890731093750004 0.32094438125 0.4530588125 0.3288992328125 0.40074376875000006 0.2900743109375 0.3291248859375 0.25893420312500004 0.3209612 0.2224676578125 0.3453214421875 0.214373584375 0.3835198609375 0.2403960890625 0.4453824078125
2 0.0555045609375 0.5940330421875 0.1096907046875 0.64855883125 0.1703782671875 0.6465485109375 0.20075265 0.5770707609375 0.19043942187500001 0.53340668125 0.1488468640625 0.46746229218749996 0.08670587187499999 0.465251546875 0.058542234375 0.47258830312500005 0.0447736671875 0.5080190890625 0.0555045609375 0.5940330421875
2 0.2525276203125 0.8165660984375 0.28774957031250004 0.8091597281249999 0.29002992656250004 0.7540770484375 0.23169233125000002 0.7080630015625 0.20096989375000002 0.7422491890625 0.21418997968750003 0.7943553999999999 0.2525276203125 0.8165660984375
2 0.46781034843749997 0.886444696875 0.51604355 0.9099696015625 0.551126278125 0.8884466078125 0.5592203515625 0.8502481875000001 0.53174441875 0.7841645765624999 0.5006043109375 0.7760008921875 0.472440671875 0.78333765 0.45472948593750007 0.8484551109374999 0.46781034843749997 0.886444696875
2 0.6333980359375 0.7845738359375 0.6572709984375 0.77163219375 0.6695861359374999 0.731980346875 0.6594121312500001 0.702432890625 0.6239117359375 0.6816060109375 0.5986549578125 0.6973848984375 0.5891074546875 0.731362253125 0.6333980359375 0.7845738359375
2 0.5099429796875 0.7208486015625 0.5468271921875 0.7388382328125 0.5805957125 0.7272107984375 0.6028064109375 0.6888731578125 0.589725546875 0.6508835703125 0.5527717234375 0.625835625 0.5161659546874999 0.6360792421875 0.49118762031249996 0.680091378125 0.5099429796875 0.7208486015625
2 0.7572623515625 0.7466454515625001 0.7880544046875 0.719517575 0.791718578125 0.6615976484375 0.7346951890625 0.6056880421875 0.67006500625 0.637385040625 0.7048080859375 0.724573978125 0.7572623515625 0.7466454515625001
2 0.713815515625 0.9221371078124999 0.73747964375 0.8880205296874999 0.725852209375 0.8542520093749999 0.6974797374999999 0.84041383125 0.6680715046875 0.8647044609375 0.682605796875 0.9069151109375 0.713815515625 0.9221371078124999
2 0.883485046875 0.8046961921875001 0.9174624 0.8142436953125 0.9551039296875 0.7658712703125 0.9548254843749999 0.7376380218749999 0.9318490609375001 0.6983342296874999 0.8893599640625001 0.6846352734375001 0.8654173921874999 0.6905186015625 0.85469490625 0.7485081390625 0.883485046875 0.8046961921875001
2 0.8601521562500001 0.586097346875 0.8829197453125 0.604226203125 0.9209093312500001 0.5911453390625 0.9346778984374999 0.5557145546875 0.9271323078125 0.5063759812499999 0.8845039874999999 0.4785604 0.8521192859375001 0.48735058750000004 0.8368972890625 0.51856030625 0.8601521562500001 0.586097346875
2 0.7546423484375 0.9104400625 0.78308443125 0.9313365546875 0.8464004078125 0.909535115625 0.855947909375 0.8755577593750001 0.8370533296874999 0.8206839140625 0.791657375 0.798542828125 0.7592726734374999 0.8073330140625 0.7372011984375 0.85978728125 0.7546423484375 0.9104400625
2 0.0875 0.1328125 0.0890625 0.0625
2 0.43984375 0.02421875 0.0953125 0.0484375
2 0.22578125 0.91015625 0.1828125 0.1796875
2 0.4140625 0.565625 0.1828125 0.2359375