1 0.953125 0.46015625 0.09375 0.1453125
1 0.8609375 0.61484375 0.1796875 0.2140625
1 0.84921875 0.45390625 0.1484375 0.1515625
1 0.7140625 0.428125 0.1671875 0.184375
1 0.71484375 0.5484375 0.1625 0.178125
1 0.4125 0.3953125 0.1734375 0.1546875
1 0.6125 0.109375 0.1375 0.1515625
1 0.8484375 0.16328125 0.1546875 0.15
1 0.21171875 0.35546875 0.134375 0.1703125
1 0.1546875 0.12109375 0.125 0.1609375
1 0.13046875 0.71328125 0.15 0.171875
1 0.06875 0.621875 0.1375 0.190625
1 0.41875 0.92734375 0.16875 0.1453125
1 0.55078125 0.95703125 0.1546875 0.0859375
1 0.8234375 0.89375 0.1390625 0.140625