2 0.9104566484375001 0.2813928390625 0.9351130281250001 0.2918588515625 0.986999128125 0.20961199531250002 0.9598598453125 0.15929346875 0.921751665625 0.1576669765625 0.8938422984375001 0.2234173234375 0.9104566484375001 0.2813928390625
2 1 0.411598590625 0.997048584375 0.40302083906249997 0.9512834171875 0.39086941249999996 0.91796428125 0.417949775 0.9005209265625 0.45904374218750005 0.90829575625 0.5035674578125 0.9558641828125 0.5286088796875 0.9962785015625 0.5190897125 1 0.5082290015625001 1 0.411598590625
2 0.8633869984375 0.5693767249999999 0.8770155624999999 0.6115353796874999 0.937976865625 0.6107378921875 0.9647626218750001 0.5590600703125 0.9511929796875 0.5339008062499999 0.9048070859375 0.5117862515625 0.8825746875 0.5241733625 0.8633869984375 0.5693767249999999
2 0.8645380156250001 0.732334378125 0.9015225859375 0.748033396875 0.9454255765624999 0.7302954359375 0.9639925390625 0.67512894375 0.9392183171875 0.6306641484375 0.8735858125 0.6367535640625 0.8502887250000001 0.68021259375 0.8645380156250001 0.732334378125
2 0.819982784375 0.9001399937500001 0.8394650796875001 0.9399335859375 0.8547201359375001 0.9439840625 0.8994521296875 0.8271766203125 0.86134395 0.8255501265625 0.8292073453125001 0.85555735625 0.819982784375 0.9001399937500001
2 0.7163051296875 0.584541346875 0.7381524859375 0.6301886718749999 0.7978723375000001 0.6094649249999999 0.820548696875 0.55604276875 0.800504596875 0.5232854375 0.7729213515625 0.5140019546875 0.7320041484375001 0.5475567765625 0.7163051296875 0.584541346875
2 0.6977696796874999 0.479677053125 0.71663125 0.5095075171875 0.7471413625000001 0.51760846875 0.7939122984375 0.4816885875 0.8107349265625 0.430631490625 0.78483709375 0.400239221875 0.7490350546875 0.38746706875000003 0.7057527890624999 0.41516815781250005 0.6977696796874999 0.479677053125
2 0.650853496875 0.30456797343750003 0.670335790625 0.3443615671875 0.7008459031250001 0.35246251875 0.7517262359375 0.318286971875 0.76269513125 0.2695949390625 0.737920909375 0.22513014375 0.6939589984375 0.2258687109375 0.6676761250000001 0.253510878125 0.650853496875 0.30456797343750003
2 0.7967528359375 0.2864764875 0.83137234375 0.2963217734375 0.8635678718750001 0.2833139359375 0.8792668890625001 0.24632936718749998 0.862090734375 0.1953901140625 0.7923488328125 0.1997351953125 0.7790148765625 0.2425734984375 0.7967528359375 0.2864764875
2 0.6727323671875001 0.1901845140625 0.705607540625 0.204139196875 0.7419124640625 0.192875696875 0.7541228125 0.1641099203125 0.744041840625 0.1307318609375 0.71820293125 0.11733898437500001 0.6918611359375 0.127981759375 0.6727323671875001 0.1901845140625
2 0.45295021562500004 0.3709075328125 0.4594835953125 0.395504990625 0.5023218984375 0.4088389484375 0.542115490625 0.389356653125 0.5613031796875 0.3441532890625 0.5471128125 0.309030896875 0.5154201703125 0.2980030796875 0.4797359734375 0.3192297109375 0.45295021562500004 0.3709075328125
2 0.5557481625 0.0944543453125 0.56414371875 0.148941190625 0.5970188921874999 0.1628958734375 0.6409218828125 0.1451579140625 0.6647218515625 0.07766323124999999 0.6487871484375 0.0466502359375 0.607131378125 0.0362431453125 0.57144718125 0.057469775 0.5557481625 0.0944543453125
2 0.300635340625 0.3984003421875 0.3259713671875 0.435828875 0.3482626859375 0.4404411546875 0.39154495 0.4127400671875 0.4118562484375 0.353464178125 0.39181214999999997 0.32070684531250004 0.3642289046875 0.311423365625 0.313348571875 0.3455989109375 0.300635340625 0.3984003421875
2 0.1503319984375 0.32975053593750003 0.16919356875 0.35958100000000004 0.2038130765625 0.3694262875 0.2505840125 0.3335064046875 0.26566230625 0.2865587078125 0.2449974796875 0.243838246875 0.1992323125 0.23168682031249999 0.17351124375 0.252292725 0.1503319984375 0.32975053593750003
2 0.1691031328125 0.5026123953125 0.1868410921875 0.5465153859375 0.2232049359375 0.5522512749999999 0.25652407187500004 0.5251709124999999 0.2698580296875 0.4823326109375 0.2533026 0.4413564859375 0.22335429375000002 0.4262192734375 0.184181425 0.455664696875 0.1691031328125 0.5026123953125
2 0 0.46583492499999996 0.04818629375 0.456136065625 0.060899524999999996 0.403334634375 0.039731815625 0.38464982812500004 0.009221703125 0.37654887812500004 0 0.39827385 0 0.46583492499999996
2 0.0692909734375 0.794882440625 0.085284596875 0.8428948296875 0.136282771875 0.842718065625 0.166054315625 0.8068571046875 0.1563583859375 0.7154446109375 0.11239647500000001 0.7161831796875 0.078515534375 0.7502998046875 0.0692909734375 0.794882440625
2 0 0.6842141515625 0.0196836078125 0.688953459375 0.0588564765625 0.6595080359375001 0.079167775 0.600232146875 0.061488735937500004 0.5733285484375 0.029796093750000002 0.56230073125 0 0.5839776734375 0 0.6842141515625
2 0.18766598750000002 0.7845068656249999 0.24153210625 0.7661481796875 0.257231125 0.729163609375 0.2488944890625 0.69167615625 0.2172018484375 0.6806483390625 0.174540309375 0.71831255625 0.18766598750000002 0.7845068656249999
2 0.14642266406249999 0.8930955140625001 0.22506300625 0.919201625 0.2494837015625 0.8616700703125 0.2376583953125 0.832401409375 0.21592888124999998 0.8207528671875 0.1655514328125 0.830892759375 0.14642266406249999 0.8930955140625001
2 0.4771480515625 1 0.4732532984375 0.9857535687500001 0.443304990625 0.970616353125 0.3794757421875 0.989595765625 0.402755490625 1 0.4771480515625 1
2 0.98984375 0.48359375 0.0203125 0.1390625
2 0.990625 0.19921875 0.01875 0.0640625
2 0.0375 0.82734375 0.075 0.0578125