2 0.5334821421875 0.6607142859375 0.5044642859375 0.7209821421875 0.5290178578125 0.7589285718750001 0.5535714281249999 0.7566964281249999 0.5758928578125 0.7299107140625 0.5758928578125 0.6852678578125 0.5558035718750001 0.6607142859375 0.5334821421875 0.6607142859375
2 0.428571428125 0.6986607140625 0.42410714218749995 0.7299107140625 0.44196428593750003 0.7790178578125 0.47321428593750003 0.7924107140625 0.5 0.7611607140625 0.5 0.7120535718750001 0.45758928593750003 0.6785714281249999 0.428571428125 0.6986607140625
2 0.34821428593750003 0.7254464281249999 0.3303571421875 0.7700892859375 0.34375 0.8370535718750001 0.375 0.859375 0.4375 0.8013392859374999 0.428571428125 0.7477678578125 0.390625 0.7053571421875 0.34821428593750003 0.7254464281249999
2 0.3772321421875 0.8794642859374999 0.3571428578125 0.9397321421875 0.3772321421875 0.96875 0.40178571406249997 0.9665178578125 0.41964285781250005 0.953125 0.42410714218749995 0.9084821421875 0.40401785781250005 0.8794642859374999 0.3772321421875 0.8794642859374999
2 0.2388392859375 0.8616071421875 0.20982142812500001 0.8995535718750001 0.20982142812500001 0.9665178578125 0.27678571406249997 0.9754464281249999 0.2991071421875 0.9352678578125 0.2946428578125 0.9040178578125 0.27455357187499996 0.8660714281249999 0.2388392859375 0.8616071421875
2 0.203125 0.7276785718750001 0.1741071421875 0.765625 0.178571428125 0.8102678578125 0.2165178578125 0.8526785718750001 0.2455357140625 0.8504464281249999 0.27678571406249997 0.8058035718750001 0.27678571406249997 0.7700892859375 0.2522321421875 0.7276785718750001 0.203125 0.7276785718750001
2 0.27678571406249997 0.671875 0.2678571421875 0.7254464281249999 0.28794642812500004 0.7544642859375 0.3258928578125 0.7566964281249999 0.34821428593750003 0.6941964281249999 0.328125 0.6607142859375 0.296875 0.6517857140625 0.27678571406249997 0.671875
2 0.1852678578125 0.5625 0.15178571406250002 0.609375 0.15178571406250002 0.671875 0.180803571875 0.71875 0.22767857187499999 0.7209821421875 0.2633928578125 0.6941964281249999 0.28125 0.6183035718750001 0.2299107140625 0.5669642859375 0.1852678578125 0.5625
2 0.008928571875000001 0.7165178578125 0.0446428578125 0.6941964281249999 0.0491071421875 0.609375 0.0022321421875000002 0.5491071421875 0.008928571875000001 0.7165178578125
2 0.42633928593750003 0.46428571406249997 0.39732142812500004 0.493303571875 0.3928571421875 0.5424107140625 0.41741071406249997 0.5714285718750001 0.45089285781250005 0.5691964281249999 0.48214285781250005 0.5424107140625 0.477678571875 0.5066964281249999 0.462053571875 0.47321428593750003 0.42633928593750003 0.46428571406249997
2 0.5334821421875 0.5401785718750001 0.5178571421875 0.5647321421875 0.5267857140625 0.6183035718750001 0.546875 0.6383928578125 0.5714285718750001 0.6361607140625 0.5982142859375 0.6004464281249999 0.5982142859375 0.5602678578125 0.5736607140625 0.5267857140625 0.5334821421875 0.5401785718750001
2 0.7120535718750001 0.33482142812500004 0.6875 0.39955357187499996 0.7120535718750001 0.428571428125 0.7366071421875 0.42633928593750003 0.7589285718750001 0.40848214218749995 0.7633928578125 0.36383928593750003 0.7433035718750001 0.33928571406249997 0.7120535718750001 0.33482142812500004
2 0.6875 0.22544642812500001 0.6919642859375 0.2790178578125 0.7254464281249999 0.3258928578125 0.7678571421875 0.328125 0.7991071421875 0.2834821421875 0.7946428578125 0.2209821421875 0.734375 0.18303571406250002 0.6875 0.22544642812500001
2 0.75 0.069196428125 0.7700892859375 0.0892857140625 0.8035714281249999 0.087053571875 0.84375 0.046875 0.84375 0.0022321421875000002 0.7388392859375 0 0.75 0.069196428125
2 0.43526785781250005 0.133928571875 0.40178571406249997 0.171875 0.39732142812500004 0.2165178578125 0.421875 0.25446428593750003 0.46875 0.265625 0.5 0.2299107140625 0.491071428125 0.16741071406250002 0.462053571875 0.133928571875 0.43526785781250005 0.133928571875
2 0.2388392859375 0 0.2232142859375 0.015625 0.2142857140625 0.087053571875 0.234375 0.12053571406250001 0.25446428593750003 0.12276785781249999 0.3125 0.0736607140625 0.3102678578125 0 0.2388392859375 0
2 0.12946428593749998 0.060267857812500006 0.1741071421875 0.0825892859375 0.2008928578125 0.0647321421875 0.2142857140625 0.0022321421875000002 0.12276785781249999 0 0.12946428593749998 0.060267857812500006
2 0.008928571875000001 0.100446428125 0.0334821421875 0.12053571406250001 0.071428571875 0.118303571875 0.09375 0.0825892859375 0.084821428125 0.006696428124999999 0.0111607140625 0 0.008928571875000001 0.100446428125
2 0.055803571875 0.16071428593749998 0.03125 0.19866071406250002 0.0357142859375 0.26116071406249997 0.0803571421875 0.2834821421875 0.116071428125 0.2299107140625 0.10714285781249999 0.17633928593749998 0.0825892859375 0.15178571406250002 0.055803571875 0.16071428593749998
2 0.26328125 0.2734375 0.11484375 0.22578125
2 0.77421875 0.74765625 0.20390625 0.19140625
2 0.89375 0.25 0.1296875 0.25859375
2 0.075 0.853125 0.15 0.2140625