2 0.7398153671875 0.24201382031250002 0.6956148796875 0.212919828125 0.6561452515624999 0.22458968124999998 0.63137991875 0.27659927500000003 0.6538714140625 0.33559166406249996 0.698071903125 0.36468565625 0.7423161953124999 0.3478170328125 0.7579782078124999 0.29319710312499997 0.7398153671875 0.24201382031250002
2 0.7019545546875 0.385502634375 0.643451975 0.34902364218750004 0.6039823453125 0.360693496875 0.5870261171875 0.4083744328125 0.60518895625 0.4595577171875 0.6697604171875 0.4977769296875 0.704031275 0.48133241406250005 0.7196932875 0.426712484375 0.7019545546875 0.385502634375
2 0.6463251296875 0.0641446390625 0.596479865625 0.0432838578125 0.566983671875 0.0545296046875 0.5556722171875 0.09397733281250001 0.5820682671874999 0.1508053921875 0.6197757687500001 0.1681857265625 0.660115509375 0.15348143281249998 0.672721178125 0.1209727 0.6463251296875 0.0641446390625
2 0.3796308671875 0.0894734609375 0.32545694687500004 0.060803575 0.2920562 0.07421365156250001 0.28201706249999997 0.143581678125 0.310153334375 0.1943408578125 0.34828494062500004 0.22169462499999998 0.380391471875 0.20134555468749998 0.400382140625 0.15453473281250002 0.3796308671875 0.0894734609375
2 0.450117896875 0.290302046875 0.40808173593749997 0.2651126078125 0.3725166625 0.2746181328125 0.358148865625 0.3361770546875 0.38412080937500004 0.3830316828125 0.4218283125 0.400412015625 0.4539348421875 0.380062946875 0.46654051250000006 0.3475542125 0.450117896875 0.290302046875
2 0.550144925 0.4339222703125 0.5141776453125 0.41047305468750006 0.4747080171875 0.42214290937500004 0.4533793265625 0.5079773546874999 0.48584425624999994 0.5665456375 0.5387458625 0.5652952250000001 0.57085239375 0.5449461546875 0.5869385109375 0.500299659375 0.550144925 0.4339222703125
2 0.3475542125 0.5334594874999999 0.3054523484375 0.57721396875 0.302798209375 0.6322799046875 0.3547859 0.6800265453125001 0.3981600796875 0.6661923625 0.3926029109375 0.5825003453125001 0.3687952953125 0.5395502703124999 0.3475542125 0.5334594874999999
2 0.247622765625 0.7445323 0.25895612031250004 0.682103265625 0.19353645 0.6239371859375 0.17526410312500001 0.6876604359375 0.190414403125 0.7149923015625 0.247622765625 0.7445323
2 0.2255115703125 0.7414759578125001 0.19170862187499998 0.7219312953125 0.1600480984375 0.729272490625 0.1391873140625 0.7791177546875 0.1612547078125 0.8281367109375 0.205031090625 0.84725726875 0.2432065015625 0.8286484218749999 0.244990528125 0.7766169281249999 0.2255115703125 0.7414759578125001
2 0.12421222812499999 0.5679354328125 0.084340396875 0.546650546875 0.0587487546875 0.5557319671875 0.043956854687500005 0.60731745625 0.0616955890625 0.64852730625 0.10763629999999999 0.6715524171875 0.13974282968750001 0.651203346875 0.1462796203125 0.616954390625 0.12421222812499999 0.5679354328125
2 0.200489371875 0.1530434 0.14241089843750002 0.1265378421875 0.107269928125 0.1460168 0.1063560125 0.19501385468750002 0.140561165625 0.24751325624999998 0.182173221875 0.2627292625 0.2125395265625 0.2484490734375 0.2242969875 0.1959934734375 0.200489371875 0.1530434
2 0.6135834515624999 0.7509516078125 0.577616171875 0.7275023921875 0.530337440625 0.743500903125 0.513805315625 0.801155271875 0.5462702453125 0.85972355625 0.5922109578125 0.8827486656250001 0.6381954734375 0.8598111625 0.6438840531250001 0.8056153390624999 0.6135834515624999 0.7509516078125
2 0.47176915781249995 0.7759658328125 0.4344638578125 0.7915402390625 0.43180971875 0.8466061734375 0.45778166249999996 0.8934608015625001 0.52759569375 0.890492065625 0.5358727078125 0.850174228125 0.50557210625 0.7955104953125 0.47176915781249995 0.7759658328125
2 0.5691427796874999 1 0.5756350296875 0.9863656484375 0.5384173375 0.9100148265625 0.46773319375 0.916018003125 0.45858606875 0.95937028125 0.47651062812499995 1 0.5691427796874999 1
2 0.60608894375 0.8801602328125 0.565303196875 0.9078723999999999 0.5873486875 0.9798726625 0.6159528671875 0.9946426625000001 0.6866589140625 0.9656581796875001 0.687126821875 0.9296689984375 0.6550859984375 0.8810741468750001 0.60608894375 0.8801602328125
2 0.41835583906249996 0.859168040625 0.37460135625 0.8170661765625 0.3316731828125 0.817892484375 0.3142928484375 0.8555999859375 0.335044121875 0.9206612562500001 0.3753400578125 0.9519195765624999 0.4156797984375 0.9372152828125 0.43002569062499996 0.8986376671875 0.41835583906249996 0.859168040625
2 1 0.4795508359375 0.9520728875 0.46379079375 0.9117112468749999 0.5014763953125 0.9103294234374999 0.5864626296875 0.985700625 0.6671859109375 1 0.6640679453125 1 0.4795508359375
2 0.98770366875 0.3853413484375 0.9968288921875 0.364970378125 0.9600353046875 0.2985929890625 0.9201634734375 0.277308103125 0.9006407125000001 0.2881297453125 0.8953981390625 0.3293176953125 0.9131368734375 0.370527546875 0.9651464671875001 0.39529287968750004 0.98770366875 0.3853413484375
2 0.763017759375 0 0.771651103125 0.050822170312500005 0.8431615562499999 0.0877471671875 0.7945225078125 0 0.763017759375 0
2 0.8885686546875 0.21570537656250002 0.9145405999999999 0.26256000468749996 0.957870975 0.2946884359375 0.8877423468750001 0.172777203125 0.8885686546875 0.21570537656250002
2 0.83984375 0.66484375 0.1984375 0.23125