2 0.7142857140625 0.5022321421875 0.7142857140625 0.5290178578125 0.7678571421875 0.5736607140625 0.8035714281249999 0.515625 0.7924107140625 0.491071428125 0.7388392859375 0.48214285781250005 0.7142857140625 0.5022321421875
2 0.6986607140625 0.5580357140625 0.6741071421875 0.6227678578125 0.703125 0.6651785718750001 0.7321428578125 0.6674107140625 0.7544642859375 0.6450892859375 0.7544642859375 0.5959821421875 0.7254464281249999 0.5580357140625 0.6986607140625 0.5580357140625
2 0.6049107140625 0.6071428578125 0.5803571421875 0.640625 0.5803571421875 0.6763392859375 0.6160714281249999 0.703125 0.6473214281249999 0.6763392859375 0.6517857140625 0.640625 0.6316964281249999 0.6116071421875 0.6049107140625 0.6071428578125
2 0.493303571875 0.48214285781250005 0.459821428125 0.5111607140625 0.45535714218749995 0.5647321421875 0.477678571875 0.6049107140625 0.5178571421875 0.6272321421875 0.5491071421875 0.6138392859375 0.5625 0.5424107140625 0.5334821421875 0.48660714218749995 0.493303571875 0.48214285781250005
2 0.5848214281249999 0.44866071406249997 0.6004464281249999 0.46875 0.625 0.46651785781250005 0.6428571421875 0.412946428125 0.6049107140625 0.3883928578125 0.5848214281249999 0.40848214218749995 0.5848214281249999 0.44866071406249997
2 0.5290178578125 0.27678571406249997 0.49553571406249997 0.3147321421875 0.49553571406249997 0.35044642812500004 0.5044642859375 0.3772321421875 0.5357142859375 0.39508928593750003 0.5714285718750001 0.3727678578125 0.5758928578125 0.33258928593750003 0.5669642859375 0.296875 0.5290178578125 0.27678571406249997
2 0.65625 0.078125 0.6473214281249999 0.11383928593749999 0.6517857140625 0.14508928593749998 0.6830357140625 0.16741071406250002 0.7276785718750001 0.1272321421875 0.7232142859375 0.078125 0.6897321421875 0.053571428125 0.65625 0.078125
2 0.49776785781250005 0.0178571421875 0.46428571406249997 0.046875 0.446428571875 0.10491071406250001 0.5133928578125 0.1584821421875 0.5491071421875 0.13616071406250002 0.5535714281249999 0.0736607140625 0.5491071421875 0.046875 0.49776785781250005 0.0178571421875
2 0.33705357187499996 0.0580357140625 0.3125 0.0825892859375 0.30803571406249997 0.140625 0.33258928593750003 0.1741071421875 0.3571428578125 0.171875 0.3883928578125 0.13616071406250002 0.3883928578125 0.100446428125 0.36383928593750003 0.0625 0.33705357187499996 0.0580357140625
2 0.30580357187499996 0.19196428593749998 0.27232142812500004 0.2209821421875 0.2633928578125 0.27008928593750003 0.296875 0.32142857187499996 0.3258928578125 0.328125 0.36607142812500004 0.296875 0.37053571406249997 0.2388392859375 0.35044642812500004 0.2053571421875 0.30580357187499996 0.19196428593749998
2 0.109375 0.40625 0.0758928578125 0.430803571875 0.0669642859375 0.49776785781250005 0.0959821421875 0.5267857140625 0.1383928578125 0.5245535718750001 0.16071428593749998 0.5066964281249999 0.1696428578125 0.43973214218749995 0.140625 0.40625 0.109375 0.40625
2 0 0.6316964281249999 0.0357142859375 0.6361607140625 0.0758928578125 0.5915178578125 0.0758928578125 0.5602678578125 0.0513392859375 0.5357142859375 0 0.546875 0 0.6316964281249999
2 0.008928571875000001 0.7879464281249999 0.0178571421875 0.8459821421875 0.0334821421875 0.8616071421875 0.0803571421875 0.859375 0.102678571875 0.8370535718750001 0.09375 0.796875 0.024553571875 0.7633928578125 0.008928571875000001 0.7879464281249999
2 0.0290178578125 0.875 0.008928571875000001 0.8995535718750001 0.008928571875000001 0.9486607140625001 0.0290178578125 0.9732142859374999 0.0580357140625 0.9709821421875 0.0803571421875 0.9486607140625001 0.0892857140625 0.8995535718750001 0.078125 0.8794642859374999 0.0290178578125 0.875
2 0.3883928578125 0.8325892859374999 0.3928571421875 0.8816964281249999 0.46428571406249997 0.9129464281249999 0.491071428125 0.890625 0.48660714218749995 0.8638392859374999 0.40848214218749995 0.8080357140625001 0.3883928578125 0.8325892859374999
2 0.6852678578125 1 0.7142857140625 0.9977678578125 0.7276785718750001 0.9486607140625001 0.6808035718750001 0.9241071421875 0.6651785718750001 0.9799107140625001 0.6852678578125 1
2 0.8415178578125 0.9866071421875 0.8705357140625001 0.984375 0.875 0.9174107140625001 0.8459821421875 0.90625 0.8214285718750001 0.9575892859374999 0.8415178578125 0.9866071421875
2 0.578125 0 0.5513392859375 0.0491071421875 0.561819865625 0.0536591921875 0.5600343390625 0.0804530625 0.563605259375 0.0911705484375 0.568961428125 0.0929568171875 0.5832448265625 0.11796442031250001 0.5602678578125 0.09375 0.5736607140625 0.125 0.6004464281249999 0.125 0.6294642859375 0.0959821421875 0.6183035718750001 0 0.578125 0
2 1 0.6004464281249999 0.9575892859374999 0.5848214281249999 0.9285714281249999 0.6049107140625 0.9241071421875 0.6495535718750001 0.9441964281249999 0.6830357140625 0.9821428578125 0.6897321421875 1 0.6808035718750001 1 0.6004464281249999
2 0 0.0915178578125 0.0133928578125 0.0915178578125 0.053571428125 0.055803571875 0.0424107140625 0 0 0.0022321421875000002 0 0.0915178578125
2 0.0044642859375000005 0.296875 0.03125 0.26116071406249997 0.03125 0.2165178578125 0.0022321421875000002 0.1875 0.0044642859375000005 0.296875
2 0.8772321421875 0.459821428125 0.8482142859374999 0.484375 0.84375 0.5290178578125 0.8638392859374999 0.5714285718750001 0.9017857140625001 0.578125 0.9330357140625001 0.5513392859375 0.9330357140625001 0.5245535718750001 0.9017857140625001 0.46651785781250005 0.8772321421875 0.459821428125