2 0.03125 0.19609375 0.0625 0.1640625
2 0.10625 0.2171875 0.14375 0.203125
2 0.1328125 0.35 0.115625 0.1171875
2 0.14921875 0.4765625 0.125 0.15625
2 0.3375 0.42890625 0.11875 0.1515625
2 0.3859375 0.54375 0.1203125 0.1453125
2 0.49375 0.3953125 0.1171875 0.15625
2 0.4609375 0.25625 0.0921875 0.121875
2 0.290625 0.7515625 0.1375 0.1859375
2 0.4171875 0.775 0.1015625 0.1234375
2 0.71640625 0.77578125 0.103125 0.1296875
2 0.70078125 0.6453125 0.1109375 0.14375
2 0.7296875 0.51328125 0.11875 0.1421875
2 0.65 0.3796875 0.121875 0.153125
2 0.8015625 0.63125 0.125 0.1796875
2 0.8265625 0.83125 0.165625 0.1796875
2 0.25625 0.98203125 0.096875 0.0359375
2 0.3796875 0.98359375 0.09375 0.0328125
2 0.946875 0.47734375 0.10625 0.2078125
2 0.79765625 0.9484375 0.109375 0.0859375
2 0.71640625 0.23828125 0.184375 0.1984375
2 0.1734375 0.7484375 0.125 0.18125
2 0.49453125 0.9125 0.1453125 0.175