2 0.2453125 0.075 0.18125 0.15
2 0.06484375 0.32890625 0.1296875 0.1890625
2 0.35 0.71796875 0.128125 0.1421875
2 0.45078125 0.35 0.15 0.1546875
2 0.465625 0.46328125 0.1203125 0.128125
2 0.5921875 0.26875 0.1703125 0.1921875
2 0.53671875 0.20078125 0.15625 0.1671875
2 0.58125 0.078125 0.18125 0.15625
2 0.340625 0.0203125 0.1875 0.040625
2 0.09765625 0.4609375 0.1234375 0.1265625
2 0.4765625 0.73046875 0.1796875 0.2
2 0.54453125 0.61171875 0.15 0.1578125
2 0.5734375 0.77578125 0.1671875 0.184375
2 0.77734375 0.68515625 0.140625 0.1484375
2 0.68046875 0.40859375 0.1609375 0.1671875
2 0.93125 0.2796875 0.1375 0.165625
2 0.91484375 0.50546875 0.1703125 0.1890625
2 0.98359375 0.5171875 0.0328125 0.128125
2 0.934375 0.38515625 0.13125 0.1515625
2 0.78359375 0.215625 0.1140625 0.11875
2 0.83203125 0.14375 0.1 0.0890625
2 0.7640625 0.09765625 0.1046875 0.0828125
2 0.77890625 0.9609375 0.0953125 0.078125
2 0.103125 0.6984375 0.20625 0.30625
2 0.48828125 0.92109375 0.2109375 0.1578125
2 0.34765625 0.184375 0.28125 0.28125