2 0.88046875 0.74375 0.08125 0.09765625
2 0.93046875 0.65078125 0.0890625 0.11640625
2 0.803125 0.96953125 0.10625 0.0609375
2 0.83125 0.58203125 0.10234375 0.1
2 0.75234375 0.62421875 0.10625 0.1375
2 0.73125 0.7453125 0.078125 0.1140625
2 0.6625 0.62890625 0.08359375 0.13203125
2 0.6375 0.8421875 0.0984375 0.146875
2 0.5609375 0.76953125 0.09921875 0.15390625
2 0.46328125 0.8078125 0.09375 0.15
2 0.5109375 0.9640625 0.10546875 0.071875
2 0.35703125 0.84921875 0.12734375 0.1484375
2 0.0734375 0.93828125 0.0765625 0.1125
2 0.03359375 0.79765625 0.0671875 0.1578125
2 0.22109375 0.55625 0.075 0.084375
2 0.3453125 0.47421875 0.090625 0.1265625
2 0.3734375 0.59921875 0.084375 0.1484375
2 0.21015625 0.4515625 0.10703125 0.14375
2 0.12265625 0.36015625 0.140625 0.15234375
2 0.015625 0.48828125 0.03125 0.1140625
2 0.0171875 0.35703125 0.03359375 0.096875
2 0.30234375 0.12421875 0.09453125 0.16875
2 0.53828125 0.29296875 0.084375 0.10234375
2 0.6078125 0.29921875 0.05390625 0.15546875
2 0.6859375 0.3328125 0.10703125 0.14140625
2 0.74609375 0.44921875 0.08984375 0.11640625
2 0.85546875 0.18671875 0.1109375 0.14921875
2 0.5421875 0.20234375 0.11015625 0.11328125
2 0.7796875 0.05859375 0.08671875 0.11640625
2 0.85546875 0.0546875 0.0828125 0.109375
2 0.965625 0.09765625 0.06875 0.1140625
2 0.5234375 0.07734375 0.18125 0.15390625
2 0.43984375 0.628125 0.11171875 0.20078125
2 0.95078125 0.94609375 0.0984375 0.10703125