2 0.7410714281249999 0.6986607140625 0.7321428578125 0.7299107140625 0.7410714281249999 0.7790178578125 0.7901785718750001 0.796875 0.8348214281249999 0.7522321421875 0.8303571421875 0.6852678578125 0.796875 0.6607142859375 0.7410714281249999 0.6986607140625
2 0.671875 0.6294642859375 0.6339285718750001 0.6674107140625 0.6294642859375 0.7209821421875 0.6584821421875 0.7678571421875 0.7008928578125 0.7790178578125 0.7276785718750001 0.7477678578125 0.7321428578125 0.6763392859375 0.6986607140625 0.6339285718750001 0.671875 0.6294642859375
2 0.7745535718750001 0.5491071421875 0.734375 0.5401785718750001 0.7053571421875 0.5691964281249999 0.7053571421875 0.6272321421875 0.7388392859375 0.65625 0.7767857140625 0.6584821421875 0.8035714281249999 0.640625 0.8035714281249999 0.5870535718750001 0.8099929734375 0.5734603703125 0.7745535718750001 0.5491071421875
2 0.8772321421875 0.5446428578125 0.8482142859374999 0.5870535718750001 0.8482142859374999 0.6272321421875 0.8928571421875 0.6584821421875 0.9241071421875 0.6316964281249999 0.9285714281249999 0.6004464281249999 0.9151785718750001 0.5647321421875 0.8772321421875 0.5446428578125
2 0.8147321421875 0.5758928578125 0.84375 0.578125 0.8705357140625001 0.5379464281249999 0.8370535718750001 0.491071428125 0.7991071421875 0.546875 0.8147321421875 0.5758928578125
2 0.7924107140625 0.37946428593750003 0.765625 0.37946428593750003 0.7366071421875 0.39508928593750003 0.7142857140625 0.462053571875 0.7433035718750001 0.5267857140625 0.7857142859375 0.5290178578125 0.8303571421875 0.47991071406249997 0.8348214281249999 0.44866071406249997 0.8258928578125 0.40848214218749995 0.7924107140625 0.37946428593750003
2 0.6026785718750001 0.493303571875 0.6361607140625 0.5446428578125 0.6607142859375 0.546875 0.6830357140625 0.475446428125 0.6540178578125 0.43303571406249997 0.6272321421875 0.43303571406249997 0.6026785718750001 0.493303571875
2 0.47098214218749995 0.38392857187499996 0.4375 0.412946428125 0.428571428125 0.462053571875 0.462053571875 0.5044642859375 0.5 0.5066964281249999 0.53125 0.475446428125 0.53125 0.421875 0.5066964281249999 0.3883928578125 0.47098214218749995 0.38392857187499996
2 0.7455357140625 0.9040178578125 0.7455357140625 0.9575892859374999 0.7611607140625 0.9910714281249999 0.7991071421875 0.9933035718750001 0.8214285718750001 0.9799107140625001 0.8303571421875 0.9397321421875 0.7745535718750001 0.8616071421875 0.7455357140625 0.9040178578125
2 0.6294642859375 0.9709821421875 0.6361607140625 1 0.7366071421875 0.9977678578125 0.7276785718750001 0.953125 0.6941964281249999 0.9285714281249999 0.6629464281249999 0.9241071421875 0.6294642859375 0.9709821421875
2 0.5825892859375 0.8169642859374999 0.5491071421875 0.8459821421875 0.5446428578125 0.890625 0.5736607140625 0.9419642859374999 0.6026785718750001 0.9441964281249999 0.6383928578125 0.9084821421875 0.6383928578125 0.8638392859374999 0.6138392859375 0.8258928578125 0.5825892859375 0.8169642859374999
2 0.48214285781250005 0.9977678578125 0.5535714281249999 0.9977678578125 0.5535714281249999 0.921875 0.493303571875 0.8973214281249999 0.47321428593750003 0.9352678578125 0.48214285781250005 0.9977678578125
2 0.131696428125 0.7857142859375 0.0982142859375 0.8191964281249999 0.09375 0.8638392859374999 0.118303571875 0.8973214281249999 0.1428571421875 0.8950892859374999 0.1696428578125 0.8772321421875 0.18303571406250002 0.8370535718750001 0.165178571875 0.796875 0.131696428125 0.7857142859375
2 0.03125 0.9977678578125 0.1428571421875 0.9977678578125 0.133928571875 0.9620535718750001 0.0959821421875 0.9375 0.0647321421875 0.9464285718750001 0.03125 0.9977678578125
2 0.0022321421875000002 0.8482142859374999 0 0.9977678578125 0.0133928578125 0.9977678578125 0.0580357140625 0.9308035718750001 0.0580357140625 0.9040178578125 0.0357142859375 0.8638392859374999 0.0022321421875000002 0.8482142859374999
2 0.265625 0.625 0.2299107140625 0.6339285718750001 0.19196428593749998 0.6897321421875 0.196428571875 0.7388392859375 0.22544642812500001 0.7633928578125 0.25 0.7611607140625 0.2834821421875 0.7455357140625 0.2991071421875 0.7120535718750001 0.2946428578125 0.6495535718750001 0.265625 0.625
2 0.0915178578125 0.459821428125 0.0446428578125 0.5022321421875 0.040178571875 0.578125 0.0825892859375 0.6294642859375 0.116071428125 0.6316964281249999 0.15625 0.6004464281249999 0.165178571875 0.5200892859375 0.131696428125 0.46875 0.0915178578125 0.459821428125
2 0.30580357187499996 0.178571428125 0.2678571421875 0.2165178578125 0.2633928578125 0.265625 0.28125 0.3102678578125 0.32142857187499996 0.33705357187499996 0.36607142812500004 0.296875 0.37053571406249997 0.25669642812500004 0.35267857187499996 0.1897321421875 0.30580357187499996 0.178571428125
2 0.37946428593750003 0.180803571875 0.36607142812500004 0.22544642812500001 0.38616071406249997 0.27678571406249997 0.42410714218749995 0.2790178578125 0.45089285781250005 0.25669642812500004 0.45535714218749995 0.194196428125 0.40848214218749995 0.16071428593749998 0.37946428593750003 0.180803571875
2 0.147321428125 0.2388392859375 0.16741071406250002 0.27232142812500004 0.2008928578125 0.2790178578125 0.22767857187499999 0.203125 0.21205357187499999 0.1741071421875 0.180803571875 0.165178571875 0.147321428125 0.2388392859375
2 0.0758928578125 0.078125 0.12946428593749998 0.10491071406250001 0.15625 0.078125 0.147321428125 0.0111607140625 0.087053571875 0 0.0758928578125 0.078125
2 0.0803571421875 0.14508928593749998 0.084821428125 0.1897321421875 0.133928571875 0.21205357187499999 0.16071428593749998 0.140625 0.13616071406250002 0.116071428125 0.0959821421875 0.12053571406250001 0.0803571421875 0.14508928593749998
2 0.2455357140625 0.0022321421875000002 0.087053571875 0 0.0758928578125 0.078125 0.0959821421875 0.102678571875 0.125 0.10491071406250001 0.15625 0.0736607140625 0.1584821421875 0.0357142859375 0.203125 0.0625 0.2455357140625 0.0022321421875000002
2 0.40625 0.0736607140625 0.459821428125 0.10491071406250001 0.5089285718750001 0.055803571875 0.5 0.0111607140625 0.412946428125 0 0.40625 0.0736607140625
2 0.5446428578125 0.0513392859375 0.5848214281249999 0.0022321421875000002 0.5022321421875 0 0.5178571421875 0.0424107140625 0.5446428578125 0.0513392859375
2 0.7410714281249999 0.060267857812500006 0.7611607140625 0.084821428125 0.78125 0.0825892859375 0.8080357140625001 0.055803571875 0.8035714281249999 0.0111607140625 0.7433035718750001 0 0.7410714281249999 0.060267857812500006
2 0.6046875 0.27890625 0.14921875 0.2078125
2 0.30078125 0.54921875 0.13046875 0.21328125
2 0.36171875 0.8484375 0.1421875 0.23125