1 0.78046875 0.88125 0.10546875 0.14921875
1 0.6328125 0.95 0.15390625 0.1
1 0.946875 0.67734375 0.08984375 0.13125
1 0.6234375 0.74140625 0.13828125 0.15078125
1 0.7453125 0.57265625 0.10078125 0.13046875
1 0.684375 0.41953125 0.11875 0.15
1 0.565625 0.5828125 0.103125 0.12421875
1 0.4796875 0.41796875 0.0828125 0.11171875
1 0.40625 0.46484375 0.1109375 0.134375
1 0.3515625 0.57890625 0.1171875 0.14296875
1 0.21796875 0.671875 0.11328125 0.15
1 0.30546875 0.159375 0.1375 0.153125
1 0.1265625 0.16328125 0.13515625 0.1515625