1 0.7484375 0.72890625 0.0984375 0.13125
1 0.77578125 0.86796875 0.1234375 0.16875
1 0.88828125 0.9265625 0.1203125 0.146875
1 0.93125 0.68984375 0.1125 0.159375
1 0.9609375 0.503125 0.078125 0.128125
1 0.98125 0.14921875 0.0375 0.1296875
1 0.834375 0.09453125 0.14375 0.1203125
1 0.6390625 0.42421875 0.1390625 0.16875
1 0.50625 0.5453125 0.115625 0.140625
1 0.3625 0.9234375 0.1109375 0.1359375
1 0.2671875 0.80859375 0.1234375 0.1484375
1 0.3609375 0.71328125 0.1265625 0.18125
1 0.296875 0.5984375 0.109375 0.19375
1 0.21015625 0.5046875 0.1234375 0.16875
1 0.2734375 0.33984375 0.1625 0.190625
1 0.0375 0.365625 0.065625 0.1390625