2 0.6450892859375 0.75 0.6116071421875 0.796875 0.6071428578125 0.8415178578125 0.6339285718750001 0.8995535718750001 0.6651785718750001 0.9084821421875 0.7008928578125 0.8683035718750001 0.7053571421875 0.8236607140625001 0.6919642859375 0.7700892859375 0.6450892859375 0.75
2 0.7790178578125 0.8392857140625001 0.7366071421875 0.8861607140625001 0.7321428578125 0.953125 0.7566964281249999 0.9910714281249999 0.7901785718750001 0.9977678578125 0.8348214281249999 0.9709821421875 0.84375 0.9129464281249999 0.8258928578125 0.8683035718750001 0.7790178578125 0.8392857140625001
2 0.5200892859375 0.8571428578125 0.5 0.890625 0.5 0.9397321421875 0.5401785718750001 0.9799107140625001 0.5758928578125 0.9397321421875 0.5714285718750001 0.8772321421875 0.5513392859375 0.8526785718750001 0.5200892859375 0.8571428578125
2 0.36607142812500004 0.9174107140625001 0.39955357187499996 0.96875 0.446428571875 0.9709821421875 0.477678571875 0.8995535718750001 0.46428571406249997 0.859375 0.41741071406249997 0.8258928578125 0.36607142812500004 0.9174107140625001
2 0.32366071406249997 0.7455357140625 0.2946428578125 0.7790178578125 0.29017857187499996 0.8504464281249999 0.3147321421875 0.8883928578125 0.34375 0.8995535718750001 0.39732142812500004 0.828125 0.39732142812500004 0.796875 0.36383928593750003 0.75 0.32366071406249997 0.7455357140625
2 0.2053571421875 0.6316964281249999 0.2232142859375 0.6852678578125 0.2678571421875 0.6986607140625 0.3125 0.6495535718750001 0.2834821421875 0.5535714281249999 0.2299107140625 0.5758928578125 0.2053571421875 0.6316964281249999
2 0.43973214218749995 0.46875 0.40178571406249997 0.5245535718750001 0.44196428593750003 0.6049107140625 0.477678571875 0.6138392859375 0.5089285718750001 0.5691964281249999 0.5089285718750001 0.5111607140625 0.47991071406249997 0.477678571875 0.43973214218749995 0.46875
2 0.3102678578125 0.3125 0.2678571421875 0.36383928593750003 0.2946428578125 0.41741071406249997 0.3258928578125 0.421875 0.3571428578125 0.39508928593750003 0.36607142812500004 0.35491071406249997 0.3415178578125 0.32142857187499996 0.3102678578125 0.3125
2 0.390625 0.2366071421875 0.3571428578125 0.2790178578125 0.3571428578125 0.31919642812500004 0.3772321421875 0.35267857187499996 0.40625 0.359375 0.4375 0.328125 0.44196428593750003 0.28794642812500004 0.43303571406249997 0.25669642812500004 0.390625 0.2366071421875
2 0.5111607140625 0.2633928578125 0.47321428593750003 0.296875 0.46875 0.38169642812500004 0.49776785781250005 0.41964285781250005 0.5267857140625 0.421875 0.5669642859375 0.3772321421875 0.5714285718750001 0.32366071406249997 0.5446428578125 0.27455357187499996 0.5111607140625 0.2633928578125
2 0.6004464281249999 0.16071428593749998 0.5491071421875 0.2165178578125 0.5446428578125 0.2477678578125 0.5580357140625 0.29241071406249997 0.6071428578125 0.3147321421875 0.6383928578125 0.296875 0.6607142859375 0.22544642812500001 0.6428571421875 0.1852678578125 0.6004464281249999 0.16071428593749998
2 0.5245535718750001 0.0669642859375 0.491071428125 0.0915178578125 0.48214285781250005 0.140625 0.515625 0.2008928578125 0.5446428578125 0.19866071406250002 0.5848214281249999 0.1540178578125 0.5848214281249999 0.10491071406250001 0.5647321421875 0.0758928578125 0.5245535718750001 0.0669642859375
2 0.7924107140625 0.0044642859375000005 0.7678571421875 0.0334821421875 0.7678571421875 0.087053571875 0.8013392859374999 0.125 0.8348214281249999 0.1272321421875 0.8705357140625001 0.0915178578125 0.8660714281249999 0.0424107140625 0.8370535718750001 0.0044642859375000005 0.7924107140625 0.0044642859375000005
2 0.8816964281249999 0.33928571406249997 0.8482142859374999 0.3727678578125 0.8482142859374999 0.421875 0.8772321421875 0.45535714218749995 0.9107142859374999 0.45758928593750003 0.9419642859374999 0.42633928593750003 0.9419642859374999 0.3727678578125 0.921875 0.34375 0.8816964281249999 0.33928571406249997
2 0.8125 0.21205357187499999 0.8035714281249999 0.2790178578125 0.8325892859374999 0.31696428593750003 0.8571428578125 0.3147321421875 0.8928571421875 0.26116071406249997 0.875 0.21205357187499999 0.8325892859374999 0.19196428593749998 0.8125 0.21205357187499999
2 0.98359375 0.07890625 0.0328125 0.1390625
2 0.98828125 0.22265625 0.0234375 0.11953125
2 0.98359375 0.346875 0.0328125 0.109375
2 0.33928571406249997 0.9977678578125 0.296875 0.9419642859374999 0.25669642812500004 0.9553571421875 0.2366071421875 0.9977678578125 0.33928571406249997 0.9977678578125
2 0.446428571875 0.9977678578125 0.421875 0.9732142859374999 0.38169642812500004 0.9732142859374999 0.3616071421875 0.9977678578125 0.446428571875 0.9977678578125
2 0.01875 0.57421875 0.0375 0.1203125
2 0.70390625 0.36875 0.18515625 0.171875