2 0.2956310015625 1 0.2951643484375 0.9883851703125 0.256687484375 0.9520578484375 0.2185586765625 0.9510220859375 0.197662184375 0.9794641703125 0.20080282968750002 1 0.2956310015625 1
2 0.23412032031250002 0.8111004375 0.20436403125 0.8000995046874999 0.16782787500000002 0.817401434375 0.1515701171875 0.8867399609375 0.1816744625 0.9330324546875 0.224163559375 0.9467314109375 0.24803652031249998 0.9337897703125 0.26844573125000004 0.8559395015625 0.23412032031250002 0.8111004375
2 0.35605233593749996 0.8635462953124999 0.3120402 0.8385679609375 0.279725109375 0.8544164609375 0.27453789375 0.9010570109374999 0.2847118984375 0.930604465625 0.3216657234375 0.9556524109375 0.352596996875 0.9426411578125 0.3705866296875 0.905756946875 0.35605233593749996 0.8635462953124999
2 0.3293337203125 0.7311006250000001 0.2939029359375 0.717332059375 0.26158784375 0.73318055625 0.2548079765625 0.7614834171875 0.2707957 0.8079151343750001 0.30629609375 0.8287420140625 0.33868079687499997 0.8199518265625001 0.350995934375 0.780299978125 0.3293337203125 0.7311006250000001
2 0.466418121875 0.7452784515624999 0.416731490625 0.7175324828125 0.38164876406250003 0.7390554765624999 0.3706478328125 0.768811765625 0.3966703359375 0.8306743125 0.447740784375 0.8555830343749999 0.47445099375 0.8440252125000001 0.485173478125 0.7860356734375 0.466418121875 0.7452784515624999
2 0.6446774140625 0.78305079375 0.5850952234375 0.7539906171874999 0.550012496875 0.7755136125 0.536243928125 0.810944396875 0.5551385078125 0.8658182421875 0.59922025625 0.8978548875 0.6525710625000001 0.8676809296875 0.6606651359375 0.8294825109374999 0.6446774140625 0.78305079375
2 0.831309225 0.8108579656250001 0.7762961546875 0.8156359234374999 0.7540854578125 0.8539735640625 0.7802471843750001 0.9299527359375 0.8731106171875 0.8979772921875 0.8670184546874999 0.8528597828125 0.831309225 0.8108579656250001
2 0.907619634375 0.5319808171875 0.8637467203125 0.5211191078125 0.8317796859375 0.5722591687499999 0.8281155109375 0.6301790953124999 0.8510919343750001 0.6694828875 0.882232040625 0.677646571875 0.9131633156250001 0.6646353203124999 0.9336421375 0.5938433640625 0.907619634375 0.5319808171875
2 1 0.6418700625 0.9591773625 0.606297725 0.939525465625 0.6177859375 0.92036085 0.678682334375 0.9447907015625001 0.722207190625 0.9773842374999999 0.7345919390625 1 0.7213710953125 1 0.6418700625
2 0.8903789078125 0.35849948125000003 0.8379246406249999 0.3364280046875 0.7958532125 0.3650789234375 0.7851307265624999 0.42306846093750006 0.8254090765625 0.498908409375 0.8777937328125001 0.513921571875 0.9240862265625 0.48381722656250004 0.9233901124999999 0.4132341046875 0.8903789078125 0.35849948125000003
2 1 0.43004098749999997 0.9896129468750001 0.39987479531250003 0.9569497984374999 0.380431734375 0.928925384375 0.401885115625 0.9283072921875 0.4823637984375 0.9766101046875001 0.5129470140625 1 0.498334440625 1 0.43004098749999997
2 0.395522915625 0.14172735 0.34874314375000004 0.1224235109375 0.3052182875 0.1468533625 0.2984384203125 0.175156221875 0.3129727140625 0.2173668734375 0.3598220984375 0.24372902500000002 0.3991955 0.22781091406249998 0.41151063906249996 0.188159065625 0.395522915625 0.14172735
2 0.2876463234375 0.2260874484375 0.23373862656250002 0.199794909375 0.21408672968750003 0.2112831203125 0.20322502031249998 0.255156034375 0.2248872375 0.3043553859375 0.25893420312500004 0.3209612 0.287097840625 0.31362444375 0.302180615625 0.2682981 0.2876463234375 0.2260874484375
2 0.216862775 0.3496121171875 0.1642692859375 0.3134240171875 0.116384140625 0.325190675 0.11002194218750001 0.395843409375 0.1781158734375 0.42905503749999996 0.2062795125 0.4217182796875 0.22426914375 0.3848340671875 0.216862775 0.3496121171875
2 0.1535995921875 0.090464884375 0.031258315625 0.1396726453125 0.0757577328125 0.214059165625 0.1195610359375 0.2178625625 0.147724671875 0.210525803125 0.1712495765625 0.162292603125 0.1535995921875 0.090464884375
2 0.5127429 0 0.5002142078125 0.020691871875 0.5163411515624999 0.0812402109375 0.5701792375 0.1004744390625 0.6121114421875 0.0577068984375 0.5919026546875 0.0127286109375 0.5927371499999999 0 0.5127429 0
2 0.67265625 0.4921875 0.2046875 0.2546875