2 0.08671875 0.5078125 0.1734375 0.2
2 0.11796875 0.1859375 0.0984375 0.13125
2 0.28203125 0.17578125 0.1203125 0.1453125
2 0.37734375 0.2328125 0.146875 0.1484375
2 0.39765625 0.875 0.1734375 0.2015625
2 0.34375 0.51953125 0.11875 0.125
2 0.2625 0.634375 0.1375 0.1546875
2 0.48125 0.63515625 0.1390625 0.15
2 0.9390625 0.5515625 0.121875 0.178125
2 0.94453125 0.36484375 0.1109375 0.1578125
2 0.98359375 0.21484375 0.0328125 0.1265625
2 0.509375 0.45859375 0.134375 0.1390625
2 0.80625 0.1546875 0.1515625 0.1640625
2 0.2265625 0.88984375 0.0984375 0.1015625
2 0.03359375 0.83828125 0.0671875 0.0640625
2 0.42578125 0.74765625 0.1484375 0.1578125