0 0.8265625 0.7265625 0.12578125 0.1578125
0 0.95703125 0.73671875 0.0859375 0.0984375
0 0.77734375 0.53203125 0.05859375 0.075
0 0.9265625 0.46328125 0.0703125 0.06953125
0 0.96171875 0.34375 0.0765625 0.103125
0 0.9328125 0.271875 0.07890625 0.1015625
0 0.9234375 0.11015625 0.0609375 0.07734375
0 0.5703125 0.22265625 0.06875 0.06953125
0 0.5578125 0.77421875 0.075 0.08046875
0 0.59140625 0.971875 0.0671875 0.05625
0 0.30390625 0.878125 0.0484375 0.0625
0 0.2078125 0.84140625 0.05390625 0.06484375
0 0.3265625 0.4546875 0.103125 0.1234375
0 0.17578125 0.36015625 0.0578125 0.071875
0 0.2703125 0.1828125 0.08046875 0.1078125
0 0.02734375 0.68828125 0.0546875 0.0828125
0 0.02109375 0.78671875 0.0421875 0.1078125
0 0.98125 0.10546875 0.0375 0.071875