2 0.6540178578125 0.5223214281249999 0.6205357140625 0.5647321421875 0.6205357140625 0.609375 0.640625 0.6473214281249999 0.6875 0.6450892859375 0.71875 0.6316964281249999 0.7321428578125 0.5736607140625 0.703125 0.5357142859375 0.6540178578125 0.5223214281249999
2 0.515625 0.3571428578125 0.45535714218749995 0.421875 0.46875 0.484375 0.5 0.49776785781250005 0.5200892859375 0.49553571406249997 0.5580357140625 0.44866071406249997 0.5580357140625 0.39508928593750003 0.515625 0.3571428578125
2 0.375 0.35491071406249997 0.3616071421875 0.40848214218749995 0.38169642812500004 0.45089285781250005 0.41071428593750003 0.453125 0.45535714218749995 0.39955357187499996 0.45089285781250005 0.36383928593750003 0.421875 0.33482142812500004 0.375 0.35491071406249997
2 0.27455357187499996 0.3125 0.2232142859375 0.3772321421875 0.22767857187499999 0.44866071406249997 0.27008928593750003 0.5 0.30803571406249997 0.5022321421875 0.34821428593750003 0.444196428125 0.34821428593750003 0.36383928593750003 0.3102678578125 0.31696428593750003 0.27455357187499996 0.3125
2 0.328125 0.1875 0.2991071421875 0.2165178578125 0.2946428578125 0.25669642812500004 0.31919642812500004 0.2991071421875 0.34821428593750003 0.30133928593750003 0.375 0.28794642812500004 0.3883928578125 0.2299107140625 0.36383928593750003 0.19196428593749998 0.328125 0.1875
2 0.31919642812500004 0.5401785718750001 0.28571428593750003 0.578125 0.28571428593750003 0.6272321421875 0.31919642812500004 0.6696428578125 0.34375 0.6674107140625 0.37053571406249997 0.6450892859375 0.37946428593750003 0.5915178578125 0.35491071406249997 0.5446428578125 0.31919642812500004 0.5401785718750001
2 0.3125 0.6763392859375 0.25669642812500004 0.6205357140625 0.2209821421875 0.6205357140625 0.19196428593749998 0.6763392859375 0.18303571406250002 0.7566964281249999 0.2075892859375 0.7901785718750001 0.2232142859375 0.7879464281249999 0.24330357187499999 0.7723214281249999 0.29241071406249997 0.7857142859375 0.3125 0.7566964281249999 0.3125 0.6763392859375
2 0.2522321421875 0.78125 0.20982142812500001 0.8147321421875 0.2053571421875 0.8816964281249999 0.2388392859375 0.9330357140625001 0.27232142812500004 0.9352678578125 0.30357142812500004 0.9084821421875 0.31696428593750003 0.8459821421875 0.30357142812500004 0.8102678578125 0.2522321421875 0.78125
2 0.087053571875 0.6875 0.053571428125 0.7075892859375 0.0446428578125 0.765625 0.0736607140625 0.8080357140625001 0.102678571875 0.8147321421875 0.133928571875 0.7879464281249999 0.1428571421875 0.734375 0.11383928593749999 0.6919642859375 0.087053571875 0.6875
2 0.6071428578125 0.921875 0.5959821421875 1 0.7053571421875 0.9977678578125 0.7008928578125 0.9352678578125 0.6674107140625 0.8973214281249999 0.6450892859375 0.8928571421875 0.6071428578125 0.921875
2 0.5022321421875 0.9598214281249999 0.446428571875 0.9933035718750001 0.5401785718750001 0.9977678578125 0.5022321421875 0.9598214281249999
2 0.6674107140625 0.8125 0.65625 0.8325892859374999 0.6607142859375 0.8816964281249999 0.7008928578125 0.9129464281249999 0.7544642859375 0.8683035718750001 0.75 0.8147321421875 0.7299107140625 0.7901785718750001 0.6674107140625 0.8125
2 0.6540178578125 0.6607142859375 0.6205357140625 0.7075892859375 0.6205357140625 0.7700892859375 0.6584821421875 0.8035714281249999 0.6875 0.8013392859374999 0.7455357140625 0.7433035718750001 0.7410714281249999 0.6808035718750001 0.7120535718750001 0.65625 0.6540178578125 0.6607142859375
2 0.8325892859374999 0.6607142859375 0.8035714281249999 0.6852678578125 0.7901785718750001 0.7433035718750001 0.8191964281249999 0.7857142859375 0.8571428578125 0.796875 0.8883928578125 0.7745535718750001 0.8973214281249999 0.7120535718750001 0.8683035718750001 0.6696428578125 0.8325892859374999 0.6607142859375
2 0.7924107140625 0.7901785718750001 0.7678571421875 0.8325892859374999 0.7723214281249999 0.8772321421875 0.796875 0.9151785718750001 0.84375 0.921875 0.8794642859374999 0.8772321421875 0.875 0.8236607140625001 0.8504464281249999 0.7991071421875 0.7924107140625 0.7901785718750001
2 0.7098214281249999 0.45758928593750003 0.7209821421875 0.48214285781250005 0.75 0.48883928593750003 0.7723214281249999 0.46651785781250005 0.7723214281249999 0.42633928593750003 0.734375 0.40625 0.7098214281249999 0.45758928593750003
2 0.8035714281249999 0.069196428125 0.8571428578125 0.10491071406250001 0.9241071421875 0.069196428125 0.9352678578125 0 0.7901785718750001 0.0022321421875000002 0.8035714281249999 0.069196428125