2 1 0.015625 0.9620535718750001 0 0.9241071421875 0.0290178578125 0.9196428578125 0.0825892859375 0.9486607140625001 0.125 0.9732142859374999 0.1272321421875 1 0.10491071406250001 1 0.015625
2 0.5446428578125 0.39955357187499996 0.5401785718750001 0.444196428125 0.5535714281249999 0.475446428125 0.5892857140625 0.493303571875 0.6205357140625 0.45758928593750003 0.6205357140625 0.412946428125 0.5736607140625 0.375 0.5446428578125 0.39955357187499996
2 0.6919642859375 0.640625 0.7053571421875 0.6941964281249999 0.7410714281249999 0.7075892859375 0.7723214281249999 0.6540178578125 0.7477678578125 0.5892857140625 0.7209821421875 0.5982142859375 0.6919642859375 0.640625
2 0.765625 0.7366071421875 0.7410714281249999 0.7566964281249999 0.7321428578125 0.8147321421875 0.7611607140625 0.8571428578125 0.7857142859375 0.8549107140625001 0.8125 0.828125 0.8169642859374999 0.7879464281249999 0.7991071421875 0.7477678578125 0.765625 0.7366071421875
2 0.8683035718750001 0.6830357140625 0.8348214281249999 0.7209821421875 0.8303571421875 0.7745535718750001 0.8549107140625001 0.8214285718750001 0.8973214281249999 0.828125 0.9375 0.7879464281249999 0.9375 0.7566964281249999 0.9017857140625001 0.6986607140625 0.8683035718750001 0.6830357140625
2 0.59375 0.8102678578125 0.5892857140625 0.8549107140625001 0.6183035718750001 0.90625 0.6473214281249999 0.9084821421875 0.6696428578125 0.8325892859374999 0.6495535718750001 0.7946428578125 0.6183035718750001 0.7901785718750001 0.59375 0.8102678578125
2 0.546875 0.8660714281249999 0.5267857140625 0.9308035718750001 0.546875 0.9642857140625001 0.5714285718750001 0.9709821421875 0.6026785718750001 0.9397321421875 0.6026785718750001 0.8950892859374999 0.578125 0.8660714281249999 0.546875 0.8660714281249999
2 0.5401785718750001 0.6852678578125 0.5401785718750001 0.7165178578125 0.5647321421875 0.75 0.5803571421875 0.7477678578125 0.6026785718750001 0.6852678578125 0.5870535718750001 0.65625 0.5691964281249999 0.65625 0.5401785718750001 0.6852678578125
2 0.491071428125 0.6361607140625 0.5111607140625 0.6651785718750001 0.5446428578125 0.6674107140625 0.5625 0.6495535718750001 0.5625 0.6004464281249999 0.515625 0.5758928578125 0.491071428125 0.6361607140625
2 0.47098214218749995 0.491071428125 0.44866071406249997 0.491071428125 0.41071428593750003 0.5290178578125 0.40178571406249997 0.609375 0.43303571406249997 0.6227678578125 0.475446428125 0.6071428578125 0.5089285718750001 0.5647321421875 0.5 0.515625 0.47098214218749995 0.491071428125
2 0.444196428125 0.6875 0.40178571406249997 0.7165178578125 0.3928571421875 0.7700892859375 0.41741071406249997 0.8125 0.46428571406249997 0.8236607140625001 0.491071428125 0.7924107140625 0.49553571406249997 0.7299107140625 0.47098214218749995 0.6919642859375 0.444196428125 0.6875
2 0.25669642812500004 0.5267857140625 0.22767857187499999 0.578125 0.2366071421875 0.6584821421875 0.27678571406249997 0.6808035718750001 0.32142857187499996 0.6272321421875 0.31696428593750003 0.5647321421875 0.28794642812500004 0.5223214281249999 0.25669642812500004 0.5267857140625
2 0.24107142812500001 0.8638392859374999 0.2366071421875 0.9129464281249999 0.265625 0.9553571421875 0.2946428578125 0.9620535718750001 0.32142857187499996 0.9352678578125 0.32142857187499996 0.8683035718750001 0.265625 0.8348214281249999 0.24107142812500001 0.8638392859374999
2 0.43303571406249997 0.9977678578125 0.40848214218749995 0.9330357140625001 0.3571428578125 0.9441964281249999 0.35044642812500004 1 0.43303571406249997 0.9977678578125
2 0.0959821421875 0.5401785718750001 0.125 0.5424107140625 0.147321428125 0.475446428125 0.109375 0.446428571875 0.0803571421875 0.5111607140625 0.0959821421875 0.5401785718750001
2 0.055803571875 0.34375 0.0267857140625 0.3772321421875 0.0267857140625 0.421875 0.0758928578125 0.45758928593750003 0.10714285781249999 0.430803571875 0.10714285781249999 0.3727678578125 0.087053571875 0.34821428593750003 0.055803571875 0.34375
2 0.10714285781249999 0.2834821421875 0.11160714218750001 0.32366071406249997 0.1272321421875 0.34375 0.15178571406250002 0.3415178578125 0.1696428578125 0.296875 0.149553571875 0.2633928578125 0.1272321421875 0.25892857187499996 0.10714285781249999 0.2834821421875
2 0.1741071421875 0.3147321421875 0.1875 0.36830357187499996 0.2142857140625 0.3727678578125 0.25 0.33258928593750003 0.2209821421875 0.2678571421875 0.19866071406250002 0.27232142812500004 0.1741071421875 0.3147321421875
2 0.0825892859375 0.040178571875 0.0580357140625 0.0647321421875 0.0491071421875 0.118303571875 0.100446428125 0.19196428593749998 0.12946428593749998 0.194196428125 0.15625 0.162946428125 0.1428571421875 0.087053571875 0.12276785781249999 0.053571428125 0.0825892859375 0.040178571875
2 0 0.30133928593750003 0.0267857140625 0.30580357187499996 0.0446428578125 0.29241071406249997 0.053571428125 0.2299107140625 0.024553571875 0.2053571421875 0 0.2165178578125 0 0.30133928593750003
2 1 0.9977678578125 0.9977678578125 0.8973214281249999 0.9776785718750001 0.9174107140625001 0.9776785718750001 0.9754464281249999 1 0.9977678578125
2 0.35859375 0.52734375 0.11171875 0.19765625
2 0.02421875 0.60390625 0.0484375 0.1828125
2 0.91796875 0.709375 0.13515625 0.15546875