2 0.854556503125 0.4835308875 0.8978077015625001 0.5518413796875 0.9397910046875 0.546265675 0.964358071875 0.48461378593750004 0.9229654421875001 0.4302977265625 0.8801512984375 0.4188942546875 0.854556503125 0.4835308875
2 0.7915815484375 0.49189444687500006 0.77831950625 0.5207141546875 0.78976625625 0.5747348765625 0.82445700625 0.6000343390625 0.8755914296875 0.5775779 0.8544580578125001 0.49351284843750004 0.8296508234375001 0.47829379375 0.7915815484375 0.49189444687500006
2 0.8534854953125001 0.3896807671875 0.7770083328124999 0.3499930890625 0.7509764796875 0.3577227015625 0.7374191031249999 0.416488290625 0.754933784375 0.46258251250000004 0.77974101875 0.4778015671875 0.8187395765625001 0.47119813125 0.86008893125 0.42867932499999994 0.8534854953125001 0.3896807671875
2 0.675527046875 0.3150502796875 0.6514522078125 0.3267923640625 0.63613470625 0.361581559375 0.657563415625 0.41570072812500003 0.7251847921875 0.4423232546875 0.735954315625 0.3625660125 0.72421223125 0.338491171875 0.675527046875 0.3150502796875
2 0.9105894078125001 0.3692797859375 0.913081925 0.4202173203125 0.968764328125 0.44272892812500003 0.9870665703125001 0.4089674625 0.9714104578124999 0.376867675 0.9406337359375 0.3595931609375 0.9105894078125001 0.3692797859375
2 0.6995662109375 0.9142632687500001 0.694230671875 0.949150909375 0.766356746875 0.92390661875 0.7216840375 0.8985087109375 0.6995662109375 0.9142632687500001
2 0.628676646875 0.7129072046875 0.5998569390624999 0.6996451640625 0.5558181765625 0.7111903578125001 0.5444147046875 0.7540045 0.56799731875 0.7921722203125 0.6247074484375 0.8116990843749999 0.645797546875 0.7989292703124999 0.6502038015625 0.7570444125 0.628676646875 0.7129072046875
2 0.6097956234375 0.60290874375 0.559153425 0.575455378125 0.539091059375 0.5852404484375 0.5275891406250001 0.6380365515624999 0.54118979375 0.6761058265625 0.5739235296875 0.6973928140625001 0.618990021875 0.6828628765625 0.627310303125 0.649002965625 0.6097956234375 0.60290874375
2 0.5245492281249999 0.7438256484375 0.48780301875000004 0.724495675 0.4537462171875 0.7361393140625 0.43833027343750003 0.7809104687499999 0.45975898125 0.8350296374999999 0.50638870625 0.8644400171875001 0.5414732375 0.8498116343750001 0.5539044390625001 0.8040127484375 0.5245492281249999 0.7438256484375
2 0.3968391953125 0.736576371875 0.3700749484375 0.7173448437500001 0.33807360625 0.7230189953124999 0.3107186859375 0.7636792328124999 0.3162943921875 0.8056625343749999 0.36086865625 0.8410424015625001 0.39791020312500003 0.8304264921875 0.41239686249999996 0.7786581203125 0.3968391953125 0.736576371875
2 0.3160975015625 0.8256264578125 0.283363765625 0.80433946875 0.2552764515625 0.8180385671874999 0.24602688437500003 0.8449012609375 0.26354156562500003 0.8909954843750001 0.2943182875 0.9082699968749999 0.3173653984375 0.89951265625 0.3296981546875 0.86369573125 0.3160975015625 0.8256264578125
2 0.2093793984375 1 0.22057380937499999 0.9963907984375 0.237017484375 0.9486348984375 0.215588775 0.8945157296874999 0.188824528125 0.8752842015625 0.1468412234375 0.8808599078125001 0.1376901015625 0.8977406406249999 0.187565325 1 0.2093793984375 1
2 0.2828401546875 0.5537627171875 0.220062090625 0.5421623546875 0.1919747765625 0.555861453125 0.1725463578125 0.6025896234375 0.19593208125 0.660721265625 0.23659231875 0.6880761843750001 0.2855728390625 0.68157119375 0.303973528125 0.6378277671875 0.2828401546875 0.5537627171875
2 0.0833545515625 0.4349950234375 0.06803705156249999 0.46978421875 0.0816377046875 0.50785349375 0.14412043125000001 0.549399740625 0.1792049640625 0.53477135625 0.1758816078125 0.46685464374999996 0.12029765156250001 0.4343610765625 0.0833545515625 0.4349950234375
2 0.0433401546875 0.2409315125 0.02997966875 0.27973318125 0.043678765625 0.3078204953125 0.08835147812500001 0.33321840156250004 0.1054291015625 0.3224056015625 0.11580484375 0.282576203125 0.0981917171875 0.24646394218749998 0.0433401546875 0.2409315125
2 0.4354849234375 0 0.416992409375 0.0090194015625 0.40353347968750003 0.057803031250000005 0.421048159375 0.103897253125 0.45975138125 0.1272397 0.496792928125 0.11662379062499999 0.5092241296875 0.0708249046875 0.49366646249999996 0.028743156250000002 0.451882590625 0 0.4354849234375 0
2 0.4609375 0.31640625 0.259375 0.2671875
2 0.80859375 0.103125 0.1671875 0.20625
2 0.946875 0.74296875 0.10625 0.1796875