2 0.0296875 0.52890625 0.059375 0.159375
2 0.0421875 0.08046875 0.084375 0.1609375
2 0.10703125 0.0296875 0.11953125 0.059375
2 0.3546875 0.8671875 0.13125 0.16484375
2 0.1765625 0.9796875 0.09375 0.03984375
2 0.32109375 0.9640625 0.109375 0.07109375
2 0.4203125 0.97265625 0.1078125 0.0546875
2 0.47890625 0.56640625 0.12578125 0.17265625
2 0.590625 0.1484375 0.1390625 0.1796875
2 0.56328125 0.50625 0.121875 0.16796875
2 0.5890625 0.3921875 0.12734375 0.15
2 0.6390625 0.59765625 0.125 0.16484375
2 0.6921875 0.7171875 0.11484375 0.1328125
2 0.790625 0.05546875 0.12265625 0.1109375
2 0.86640625 0.09375 0.134375 0.15390625
2 0.93515625 0.05 0.12890625 0.1
2 0.89375 0.3984375 0.11015625 0.13359375
2 0.9734375 0.6296875 0.053125 0.159375
2 0.1703125 0.509375 0.14140625 0.2109375
2 0.2390625 0.07265625 0.165625 0.1453125
2 0.74453125 0.1453125 0.1578125 0.2
2 0.828125 0.63203125 0.16953125 0.1875