2 0.29140625 0.86875 0.1578125 0.1890625
2 0.04140625 0.80546875 0.0828125 0.1171875
2 0.48203125 0.69765625 0.128125 0.1421875
2 0.55390625 0.50390625 0.1453125 0.165625
2 0.3078125 0.23125 0.146875 0.16875
2 0.3875 0.2671875 0.11875 0.1375
2 0.5484375 0.21484375 0.15625 0.16875
2 0.47890625 0.125 0.13125 0.1546875
2 0.66484375 0.153125 0.2140625 0.2390625
2 0.47265625 0.0390625 0.1453125 0.078125
2 0.63984375 0.37734375 0.1046875 0.115625
2 0.69921875 0.30078125 0.125 0.1359375
2 0.73046875 0.41328125 0.1375 0.15625
2 0.96015625 0.36796875 0.0796875 0.1828125
2 0.9046875 0.29609375 0.153125 0.175
2 0.76328125 0.2015625 0.15 0.1640625
2 0.81953125 0.128125 0.1078125 0.103125
2 0.37265625 0.04140625 0.1234375 0.0828125
2 0.896875 0.74609375 0.1140625 0.128125
2 0.34375 0.46875 0.2015625 0.2
2 0.19609375 0.0859375 0.1765625 0.171875
2 0.6734375 0.903125 0.228125 0.19375