2 0.03671875 0.2078125 0.0734375 0.18359375
2 0.25078125 0.04609375 0.13203125 0.0921875
2 0.2125 0.41875 0.0953125 0.1140625
2 0.38359375 0.3734375 0.096875 0.1203125
2 0.3109375 0.4515625 0.13828125 0.18046875
2 0.47734375 0.371875 0.1140625 0.1546875
2 0.41328125 0.503125 0.1234375 0.16171875
2 0.52578125 0.48984375 0.1375 0.2078125
2 0.4796875 0.62734375 0.1140625 0.1375
2 0.575 0.665625 0.10703125 0.11328125
2 0.62421875 0.57109375 0.10703125 0.13984375
2 0.68828125 0.1640625 0.15390625 0.18984375
2 0.67421875 0.32109375 0.11015625 0.1296875
2 0.80859375 0.2828125 0.11484375 0.15859375
2 0.92578125 0.0796875 0.1296875 0.15859375
2 0.94765625 0.20234375 0.1046875 0.1203125
2 0.67890625 0.703125 0.13046875 0.18046875
2 0.771875 0.6671875 0.09375 0.12890625
2 0.82890625 0.80234375 0.09921875 0.13515625
2 0.9640625 0.28828125 0.07109375 0.15625
2 0.96640625 0.4359375 0.0671875 0.171875
2 0.953125 0.72734375 0.09375 0.1515625
2 0.05078125 0.94453125 0.1015625 0.1109375
2 0.5078125 0.89765625 0.11796875 0.15546875
2 0.4109375 0.953125 0.1515625 0.09375
2 0.6484375 0.92890625 0.14375 0.1421875
2 0.76796875 0.9484375 0.11640625 0.10234375
2 0.959375 0.92578125 0.08125 0.1484375
2 0.81015625 0.021875 0.11796875 0.04375
2 0.74765625 0.478125 0.15 0.1515625