1 0.9171875 0.78671875 0.0828125 0.10859375
1 0.715625 0.82265625 0.12734375 0.1265625
1 0.65625 0.96640625 0.07890625 0.06640625
1 0.50390625 0.82109375 0.10546875 0.1234375
1 0.45625 0.940625 0.1 0.0984375
1 0.27109375 0.96171875 0.1046875 0.0765625
1 0.46015625 0.66171875 0.0890625 0.1125
1 0.59765625 0.6 0.11015625 0.14609375
1 0.72890625 0.4171875 0.090625 0.15546875
1 0.83671875 0.496875 0.075 0.10390625
1 0.97578125 0.690625 0.0484375 0.121875
1 0.859375 0.10078125 0.115625 0.1421875
1 0.6203125 0.1 0.096875 0.11015625
1 0.29296875 0.37578125 0.084375 0.09921875
1 0.20625 0.3125 0.0859375 0.14296875
1 0.21875 0.1125 0.1328125 0.175
1 0.04296875 0.78203125 0.08515625 0.115625
1 0.04296875 0.890625 0.08515625 0.09765625
1 0.0640625 0.96171875 0.1125 0.0765625