2 0.20388236875 0.740514184375 0.18445395 0.6937860140625001 0.11971887187500001 0.70939885 0.0981917171875 0.7535360578125 0.1146353921875 0.8012919578125001 0.14570745000000002 0.8139633265624999 0.1804966453125 0.798645825 0.20388236875 0.740514184375
2 0.187690753125 0.81953903125 0.1497199234375 0.8159203406250001 0.101231628125 0.8593251546875 0.17448388125 0.89753615 0.19889733437499998 0.8423892515625001 0.187690753125 0.81953903125
2 0 0.8099511890625 0.0691318421875 0.8436690421874999 0.094769915625 0.811470809375 0.0931515140625 0.7485942999999999 0.05899626718749999 0.7269687 0.0321335734375 0.7362182671874999 0.0044400421875 0.7624470125 0 0.7895584859375 0 0.8099511890625
2 0.19333737499999998 0 0.131819059375 0.1142967796875 0.1628911171875 0.12696814843749998 0.20550836874999998 0.0956007546875 0.2288940921875 0.0374691125 0.21953097187499998 0 0.19333737499999998 0
2 0.49363078437499996 0.36030176875 0.478214840625 0.3155306140625 0.42213865781250004 0.2981143796875 0.383435434375 0.321456825 0.36014815625 0.389570428125 0.3765918296875 0.437326328125 0.425670796875 0.453813278125 0.46838649375 0.432427846875 0.49363078437499996 0.36030176875
2 0.7699007796874999 0.4354439734375 0.7504723609374999 0.3887158046875 0.6875958515625 0.3903342046875 0.6579453046875 0.420575425 0.6445415421875 0.47860862031250007 0.660886771875 0.516382559375 0.7098672921875 0.52288755 0.7446564875 0.5075700515625 0.7699007796874999 0.4354439734375
2 0.7453456046875 0.5774437765625 0.73198511875 0.5386421078125 0.67600738125 0.531207834375 0.651200146875 0.5464268875 0.629869884375 0.6105280171875 0.6422026390625 0.6463449421874999 0.673274696875 0.6590163109375 0.719904421875 0.62960593125 0.7453456046875 0.5774437765625
2 0.8258904093749999 0.646529940625 0.8044065296875 0.5938322828125 0.774362203125 0.58414565625 0.733701965625 0.611500578125 0.7044452 0.681669640625 0.714722496875 0.7115170765625 0.7538195015625 0.728102475 0.8084741718749999 0.7026061234375 0.8258904093749999 0.646529940625
2 0.811809421875 0.8383411015625001 0.800602840625 0.81549088125 0.7725155265625 0.8017917828125001 0.7396833453125 0.8130968109375001 0.7161991765625 0.861246490625 0.7325444078125 0.8990204296875 0.7615610046875 0.9057223109375 0.794294740625 0.8844353234375 0.811809421875 0.8383411015625001
2 0.9008476140624999 0.5539477171875 0.887487128125 0.515146046875 0.8505440296875 0.5145120984375 0.8109115203125 0.5448517625 0.8053358156250001 0.586835065625 0.825595071875 0.6165840578124999 0.85069764375 0.6313108859375001 0.8774618921874999 0.6120793578125 0.9008476140624999 0.5539477171875
2 0.8680587093750001 0.468417878125 0.8606677109374999 0.42756074843749997 0.804591528125 0.41014451406249997 0.77782728125 0.42937604062499996 0.7645219625 0.4973911984375 0.778811734375 0.5291956515625 0.7978463703124999 0.5359959765625 0.8484885703125 0.5085426109375 0.8680587093750001 0.468417878125
2 0.91062079375 0.33023365781249997 0.9029344578125 0.259430646875 0.8707362249999999 0.2337925734375 0.8259650687500001 0.24920851875 0.7806584109375 0.311549525 0.8034653546875001 0.39717780937499997 0.8365928703125001 0.4158186640625 0.8674680390624999 0.40852611093749996 0.91062079375 0.33023365781249997
2 0.981423803125 0.3225473234375 0.9264737953125 0.3180977921875 0.8835179312499999 0.41635416718749996 0.8957522421874999 0.44218913125 0.933723071875 0.4458078234375 0.9733555796875001 0.41546816093750005 0.981423803125 0.3225473234375
2 0.591052309375 0 0.5859923328125001 0.007991671875 0.6062515921875 0.0377406625 0.64936106875 0.056283075 0.6861072796875 0.0369531 0.61442919375 0 0.591052309375 0
2 0.4552542828125 0.11310354375000001 0.4415984609375 0.0443559921875 0.3444682578125 0.014366832812499999 0.30102016875 0.0627134046875 0.301610840625 0.1226051703125 0.3948270125 0.160619275 0.41572021875000004 0.1534251671875 0.4552542828125 0.11310354375000001
2 0.7390625 0.165625 0.225 0.2390625