2 0.7410714281249999 0.8772321421875 0.7946428578125 0.8950892859374999 0.8303571421875 0.828125 0.7745535718750001 0.7589285718750001 0.7276785718750001 0.828125 0.7410714281249999 0.8772321421875
2 0.6941964281249999 0.7142857140625 0.6785714281249999 0.7388392859375 0.6875 0.8013392859374999 0.7232142859375 0.8102678578125 0.7589285718750001 0.765625 0.7589285718750001 0.734375 0.734375 0.7053571421875 0.6941964281249999 0.7142857140625
2 0.7901785718750001 0.7477678578125 0.8392857140625001 0.796875 0.8705357140625001 0.765625 0.8705357140625001 0.7209821421875 0.8102678578125 0.6964285718750001 0.7901785718750001 0.7477678578125
2 0.9151785718750001 0.8013392859374999 0.9375 0.828125 0.9776785718750001 0.7790178578125 0.9709821421875 0.71875 0.9151785718750001 0.7566964281249999 0.9151785718750001 0.8013392859374999
2 0.8973214281249999 0.6763392859375 0.8973214281249999 0.7120535718750001 0.9330357140625001 0.7209821421875 0.96875 0.6852678578125 0.9441964281249999 0.6339285718750001 0.921875 0.6339285718750001 0.8973214281249999 0.6763392859375
2 0.859375 0.5669642859375 0.8348214281249999 0.6227678578125 0.8526785718750001 0.6808035718750001 0.875 0.6808035718750001 0.9017857140625001 0.6584821421875 0.9107142859374999 0.609375 0.8861607140625001 0.5714285718750001 0.859375 0.5669642859375
2 0.7857142859375 0.5959821421875 0.8035714281249999 0.6049107140625 0.8392857140625001 0.5691964281249999 0.8236607140625001 0.5133928578125 0.78125 0.5424107140625 0.7857142859375 0.5959821421875
2 0.7008928578125 0.39955357187499996 0.7008928578125 0.43973214218749995 0.7254464281249999 0.47321428593750003 0.7544642859375 0.475446428125 0.7857142859375 0.40401785781250005 0.7723214281249999 0.36383928593750003 0.734375 0.34821428593750003 0.7008928578125 0.39955357187499996
2 0.6361607140625 0.3616071421875 0.6071428578125 0.38616071406249997 0.6160714281249999 0.462053571875 0.6272321421875 0.477678571875 0.6696428578125 0.475446428125 0.6919642859375 0.453125 0.6919642859375 0.39955357187499996 0.6629464281249999 0.36607142812500004 0.6361607140625 0.3616071421875
2 0.5669642859375 0.8861607140625001 0.5669642859375 0.9308035718750001 0.5959821421875 0.9553571421875 0.6205357140625 0.953125 0.6473214281249999 0.9174107140625001 0.6473214281249999 0.8683035718750001 0.6004464281249999 0.8482142859374999 0.5669642859375 0.8861607140625001
2 0.49776785781250005 0.8080357140625001 0.45535714218749995 0.8370535718750001 0.446428571875 0.9084821421875 0.47098214218749995 0.9419642859374999 0.5133928578125 0.9486607140625001 0.5491071421875 0.9308035718750001 0.5580357140625 0.8638392859374999 0.5290178578125 0.8169642859374999 0.49776785781250005 0.8080357140625001
2 0.42633928593750003 0.7232142859375 0.3928571421875 0.7790178578125 0.40178571406249997 0.8236607140625001 0.4375 0.8370535718750001 0.477678571875 0.7879464281249999 0.477678571875 0.7522321421875 0.453125 0.7232142859375 0.42633928593750003 0.7232142859375
2 0.5223214281249999 0.734375 0.53125 0.7834821421875 0.5625 0.7834821421875 0.59375 0.7388392859375 0.5736607140625 0.6830357140625 0.5424107140625 0.6919642859375 0.5223214281249999 0.734375
2 0.1383928578125 0.7790178578125 0.133928571875 0.828125 0.178571428125 0.8638392859374999 0.2008928578125 0.8370535718750001 0.2053571421875 0.7924107140625 0.171875 0.75 0.1383928578125 0.7790178578125
2 0.0491071421875 0.859375 0.0446428578125 0.8950892859374999 0.069196428125 0.9419642859374999 0.09375 0.9397321421875 0.116071428125 0.9129464281249999 0.116071428125 0.8683035718750001 0.0915178578125 0.8392857140625001 0.0491071421875 0.859375
2 0.196428571875 0.5602678578125 0.1875 0.6049107140625 0.21205357187499999 0.6383928578125 0.22767857187499999 0.6361607140625 0.25892857187499996 0.6049107140625 0.2633928578125 0.5602678578125 0.2209821421875 0.5357142859375 0.196428571875 0.5602678578125
2 0.071428571875 0.6183035718750001 0.0669642859375 0.6629464281249999 0.087053571875 0.6964285718750001 0.10714285781249999 0.6986607140625 0.133928571875 0.6674107140625 0.133928571875 0.6272321421875 0.0959821421875 0.59375 0.071428571875 0.6183035718750001
2 0.11160714218750001 0.515625 0.116071428125 0.5691964281249999 0.1383928578125 0.5825892859375 0.1741071421875 0.5424107140625 0.1741071421875 0.484375 0.1584821421875 0.46428571406249997 0.11160714218750001 0.515625
2 0.0625 0.38169642812500004 0.0491071421875 0.42633928593750003 0.053571428125 0.453125 0.084821428125 0.475446428125 0.12053571406250001 0.44866071406249997 0.12053571406250001 0.39955357187499996 0.0915178578125 0.37053571406249997 0.0625 0.38169642812500004
2 0.16741071406250002 0.27678571406249997 0.147321428125 0.3147321421875 0.15625 0.36383928593750003 0.18303571406250002 0.3727678578125 0.22767857187499999 0.33258928593750003 0.22767857187499999 0.29241071406249997 0.2075892859375 0.2678571421875 0.16741071406250002 0.27678571406249997
2 0.28571428593750003 0.2790178578125 0.28125 0.33258928593750003 0.31696428593750003 0.3459821421875 0.34821428593750003 0.30580357187499996 0.3415178578125 0.24107142812500001 0.30133928593750003 0.25 0.28571428593750003 0.2790178578125
2 0.0982142859375 0.131696428125 0.140625 0.178571428125 0.1696428578125 0.1852678578125 0.178571428125 0.0915178578125 0.131696428125 0.0625 0.102678571875 0.0915178578125 0.0982142859375 0.131696428125
2 0.3225738484375 0 0.320788459375 0.0786667328125 0.379707165625 0.11796442031250001 0.428571428125 0.069196428125 0.42633928593750003 0 0.3225738484375 0
2 0.25 0.0424107140625 0.27455357187499996 0.0758928578125 0.30133928593750003 0.0803571421875 0.31919642812500004 0.0580357140625 0.35491071406249997 0.10714285781249999 0.37946428593750003 0.11383928593749999 0.428571428125 0.069196428125 0.42633928593750003 0 0.25446428593750003 0.0022321421875000002 0.25 0.0424107140625
2 0.459821428125 0.055803571875 0.48883928593750003 0.084821428125 0.5178571421875 0.087053571875 0.5535714281249999 0.0513392859375 0.5535714281249999 0.0022321421875000002 0.45758928593750003 0 0.459821428125 0.055803571875
2 0.6495535718750001 0.0446428578125 0.6116071421875 0.0736607140625 0.6071428578125 0.131696428125 0.6272321421875 0.16071428593749998 0.65625 0.162946428125 0.6830357140625 0.14508928593749998 0.6919642859375 0.10491071406250001 0.6785714281249999 0.060267857812500006 0.6495535718750001 0.0446428578125
2 0.7165178578125 0 0.7008928578125 0.055803571875 0.7455357140625 0.078125 0.7723214281249999 0.0513392859375 0.7723214281249999 0.015625 0.7611607140625 0 0.7165178578125 0
2 0.84375 0.0513392859375 0.84375 0.0915178578125 0.8839285718750001 0.118303571875 0.9151785718750001 0.0736607140625 0.9040178578125 0.008928571875000001 0.8727678578125 0.008928571875000001 0.84375 0.0513392859375
2 0.9174107140625001 1 0.9955357140625001 0.9977678578125 0.9799107140625001 0.9598214281249999 0.9754464281249999 0.9732142859374999 0.9151785718750001 0.9799107140625001 0.9174107140625001 1
2 0.84375 0.9977678578125 0.9017857140625001 0.9977678578125 0.9017857140625001 0.9754464281249999 0.8727678578125 0.9732142859374999 0.8638392859374999 0.9508928578125 0.84375 0.9977678578125
2 0.1852678578125 0 0.12053571406250001 0.0022321421875000002 0.165178571875 0.0424107140625 0.1852678578125 0
2 0.04140625 0.09453125 0.0828125 0.1890625