0 0.61953125 0.9359375 0.07734375 0.103125
0 0.8375 0.97734375 0.0625 0.0453125
0 0.9265625 0.88515625 0.084375 0.07734375
0 0.86640625 0.7671875 0.05859375 0.0625
0 0.84453125 0.6890625 0.09453125 0.10625
0 0.778125 0.634375 0.06328125 0.07578125
0 0.94453125 0.575 0.1109375 0.15390625
0 0.9328125 0.45625 0.134375 0.11875
0 0.8125 0.4671875 0.09921875 0.125
0 0.87890625 0.2421875 0.09140625 0.140625
0 0.5921875 0.421875 0.065625 0.065625
0 0.51875 0.359375 0.071875 0.075
0 0.43828125 0.33046875 0.0546875 0.06953125
0 0.33203125 0.29375 0.06640625 0.06875
0 0.15625 0.3703125 0.05703125 0.084375
0 0.334375 0.45625 0.07890625 0.1125
0 0.440625 0.53984375 0.0953125 0.09609375
0 0.56953125 0.65625 0.07578125 0.09765625
0 0.38984375 0.75390625 0.10390625 0.1328125
0 0.42265625 0.840625 0.08046875 0.103125
0 0.3296875 0.89140625 0.165625 0.19296875
0 0.25546875 0.784375 0.06640625 0.065625
0 0.22265625 0.72734375 0.05625 0.06953125
0 0.18203125 0.7640625 0.05546875 0.06796875
0 0.83515625 0.02890625 0.0625 0.0578125