2 0.1729491328125 0.5634982749999999 0.135670740625 0.52489536875 0.10881119375 0.5288915000000001 0.0882185359375 0.55755433125 0.08743941093749999 0.6021903890625 0.1135977453125 0.6383667109375 0.14711374531250002 0.6367192515625 0.1721700078125 0.6081343328125 0.1729491328125 0.5634982749999999
2 0.23612953124999997 0.3971648765625 0.20496220312500002 0.39215588281249997 0.1710566421875 0.416121371875 0.1832787703125 0.48330919687499996 0.2460809015625 0.46654554687500005 0.25132363281250003 0.421987403125 0.23612953124999997 0.3971648765625
2 0.22194829375 0.3143154765625 0.18921141875 0.271326878125 0.15084225 0.295214453125 0.13690604687500002 0.32622595625 0.14497621875 0.37548144375 0.1714462046875 0.39380334375000003 0.2005765109375 0.387614365625 0.2212470796875 0.354487928125 0.22194829375 0.3143154765625
2 0.1195078015625 0.17188095 0.0927261671875 0.17141347499999998 0.07182185937499999 0.21793072812499997 0.11121518749999999 0.263268 0.0927374625 0.298665196875 0.10558289375 0.330144175 0.132598265625 0.31722083125 0.15216676406250002 0.2193331546875 0.1195078015625 0.17188095
2 0 0.5560144703125001 0.01680084375 0.5563077296875 0.0402096484375 0.4942068125 0.0210973296875 0.438061134375 0.000738409375 0.4533331484375 0 0.495636571875 0 0.5560144703125001
2 0.2543509265625 0.12065505624999999 0.220211625 0.15801136093749998 0.2368194484375 0.22974070468750002 0.29108393125 0.1905032015625 0.28285793125 0.1501749265625 0.2543509265625 0.12065505624999999
2 0.44323609062499997 0.1708342 0.40572395937500005 0.1456221109375 0.376282003125 0.16966551093749999 0.370883446875 0.22315086874999998 0.40573525468750005 0.2728738328125 0.4371363203125 0.26449200781250004 0.4516958265625 0.19777165937500002 0.44323609062499997 0.1708342
2 0.60808915 0.3188231078125 0.55491544375 0.295570128125 0.5243827109375 0.382104009375 0.56769425625 0.4587644328125 0.6080225328125 0.450538434375 0.6317429875 0.37058309375 0.60808915 0.3188231078125
2 0.7093383609374999 0.273708278125 0.6766014874999999 0.2307196796875 0.649741940625 0.2347158109375 0.6244519390625001 0.276691546875 0.6590700093749999 0.33980532812500003 0.692663921875 0.3336942625 0.7087150609374999 0.309417125 0.7093383609374999 0.273708278125
2 0.594130353125 0.09533116875 0.564766309375 0.11491096249999999 0.555293709375 0.146000378125 0.5633638828125 0.195255865625 0.5897559546875 0.218041371875 0.6353269640625 0.1652572265625 0.6271788765624999 0.12046534375 0.594130353125 0.09533116875
2 0.5533233046875 0.0030870796875 0.5837894203125 0.048268526562500004 0.624273521875 0.0311153171875 0.62701175625 0.002140834375 0.5533233046875 0.0030870796875
2 0.8379145953125 0.197815684375 0.820060171875 0.197504034375 0.7993896031250001 0.2306304703125 0.8161532499999999 0.2934326015625 0.84520564375 0.29170723125000003 0.8660320374999999 0.2496535828125 0.8379145953125 0.197815684375
2 0.458464078125 0.5774118890625 0.4299570734375 0.54789201875 0.3987118328125 0.54734663125 0.368958225 0.58924445625 0.403576296875 0.6523582375 0.432550778125 0.6550964703125 0.462070646875 0.6265894640624999 0.458464078125 0.5774118890625
2 0.46332854375 0.6824234921875 0.43208330312500004 0.6818781046875 0.40232969531249996 0.723775928125 0.4323283359375 0.795739009375 0.48181756093750006 0.77427801875 0.48290833749999995 0.7117875375 0.46332854375 0.6824234921875
2 0.31745456875 0.85401091875 0.29067293437499997 0.8535434437499999 0.2656945828125 0.8776647546874999 0.2606855890625 0.9088320828124999 0.2867660125 0.9494720109375001 0.34949023125 0.9371719671875001 0.3547329609375 0.8926138234375 0.31745456875 0.85401091875
2 0.46671266874999995 0.8722436078125 0.425048584375 0.8290991828125 0.3863677640625 0.8708411828125 0.4029755875 0.942570525 0.4453408859375 0.945542496875 0.47063088750000004 0.9035667609375 0.46671266874999995 0.8722436078125
2 0.559669265625 0.9185158281250001 0.5269323906250001 0.8755272296875001 0.49568715 0.8749818421875 0.47517240625 0.8991810671874999 0.4698517625 0.9482028187499999 0.491468578125 0.9887648328124999 0.5338338765625 0.9917368046874999 0.5588122281250001 0.9676154921875 0.559669265625 0.9185158281250001
2 0.5256632 0.6924414796875 0.49645497968749996 0.7030940625000001 0.4870602921875 0.729719871875 0.508443371875 0.7836727046874999 0.5308393140625001 0.7795986625 0.5493949484375 0.739737859375 0.5256632 0.6924414796875
2 0.6221371546875 0.6651031609375 0.598015840625 0.6401248125000001 0.5666926875 0.644043028125 0.5551830671875 0.6639344734375 0.5629415921875001 0.7310443859375 0.5805622765625 0.744746853125 0.6095367578124999 0.7474850875 0.6255878984375001 0.7232079484375 0.6221371546875 0.6651031609375
2 0.666528178125 0.5520213828125 0.6364629234375 0.6117736296875 0.6669290375 0.6569550765625001 0.698408015625 0.6441096453124999 0.7079585265625 0.6085566250000001 0.666528178125 0.5520213828125
2 0.8122576234375 0.516612890625 0.7838285296875 0.4826294171875 0.748041771875 0.4864697234375 0.7229075953125 0.5195182468749999 0.7178986015625 0.5506855749999999 0.7482088921875001 0.60479423125 0.795193621875 0.5989169046875 0.8160200171875 0.55686325625 0.8122576234375 0.516612890625
2 0.8410875750000001 0.655530059375 0.8039650078125 0.6079999421875 0.756434890625 0.6451225093749999 0.7643492390625 0.7033052093750001 0.78627770625 0.7260128 0.8152521859374999 0.728751034375 0.84030845 0.700166115625 0.8410875750000001 0.655530059375
2 0.926051909375 0.648083184375 0.9063942031250001 0.623182746875 0.8705295328125 0.6314866578125 0.8544004812500001 0.6602274031250001 0.875627734375 0.7231074453125 0.8956750046874999 0.7256898546875 0.9253506968749999 0.6882556375 0.926051909375 0.648083184375
2 0.841376634375 0.3831721921875 0.8085618468750001 0.3446472 0.7726971765624999 0.3529511109375 0.7611875546875 0.37284255625 0.7600967796875 0.43533303749999996 0.7862551140625 0.471509359375 0.8108439031250001 0.46970607500000006 0.8405975078125 0.4278082515625 0.841376634375 0.3831721921875
2 0.8497584578125 0.4145732578125 0.8715310984375 0.4462080609375 0.8990139453125 0.40650308593749995 0.866666634375 0.34119645625 0.8497584578125 0.4145732578125
2 0.932763684375 0.391464809375 0.8988581203124999 0.4154302953125 0.8842986171874999 0.4821506453125 0.912571884375 0.52506133125 0.941390540625 0.536726778125 0.9641760453125 0.5103347046875 0.9699641640625 0.4345313203125 0.932763684375 0.391464809375
2 0.9560832796875 0.206575775 0.99955065 0.2743089875 0.9950757484375 0.1469793546875 0.965633790625 0.17102275312499998 0.9560832796875 0.206575775
2 0.9590338171875 0.8049326875 0.9898115828125 0.8322597093749999 0.9941080687499999 0.7140131125 0.9553493375000001 0.7602187171875 0.9590338171875 0.8049326875
2 0.8320035890625 1 0.8268623109375 0.9588994265625 0.78903853125 0.9515417625 0.760521909375 1 0.8320035890625 1
2 0.9104363375 1 0.8956196828125 0.9846569031250001 0.8643744421875 0.984111515625 0.8515655015625001 1 0.9104363375 1
2 0.753125 0.17265625 0.1296875 0.1984375