2 0.3383592296875 0.8626326000000001 0.3019073 0.8574861 0.27654824218749996 0.8938180171875001 0.2772415078125 0.9431227906249999 0.300720578125 0.9743216125 0.340092390625 0.9858945359375 0.37374445 0.96440205625 0.3760910796875 0.9013111468749999 0.3383592296875 0.8626326000000001
2 0.46668619062500005 1 0.47608715625000003 0.9985341671875 0.4346221453125 0.92433698125 0.4035433359375 0.9276034953125001 0.3856640046875 0.9496826328125 0.3873458484375 1 0.46668619062500005 1
2 0.534765046875 0.8307673265625001 0.4841803515625 0.7979285453125 0.44912835624999997 0.8061015328125001 0.4331156046875 0.845939990625 0.4415152125 0.9258569281250001 0.472820640625 0.9674553578125 0.5147657031249999 0.9608023156250001 0.548537775 0.9190972796875 0.534765046875 0.8307673265625001
2 0.68558584375 0.9204040140625 0.651813771875 0.9621090499999999 0.654146996875 0.9843082000000001 0.7675959812500001 0.97462866875 0.76771599375 0.9544161109375 0.68558584375 0.9204040140625
2 0.781528940625 0.786875890625 0.7363173656249999 0.7624501234375 0.6893458156250001 0.7853425374999999 0.6684265890625001 0.8212078093749999 0.67495961875 0.8833654281250001 0.738743790625 0.9350168328124999 0.7857153390625 0.9121244171875 0.8023147500000001 0.8565132343749999 0.781528940625 0.786875890625
2 0.5296587640625 0.6113490828125 0.48982030937500004 0.5953363296874999 0.45418165781250003 0.619282046875 0.44459532656249995 0.6562006203124999 0.45814143593749995 0.699665628125 0.492486759375 0.7274779234375 0.5255521609375 0.721758171875 0.54600474375 0.681453071875 0.5296587640625 0.6113490828125
2 0.5865632765625 0.57619048125 0.559924296875 0.5789903515625 0.54624476875 0.6410279578125 0.5859632125 0.6772532671875 0.6112022578125 0.6611339078125 0.6149488234375 0.6113624890625 0.5865632765625 0.57619048125
2 0.3451590953125 0.713784990625 0.3185201171875 0.7165848593749999 0.293161059375 0.752916775 0.30320062812500004 0.8057280890625 0.33217283124999997 0.8251273703124999 0.360331759375 0.8154344312499999 0.3763445125 0.7755959765625 0.3451590953125 0.713784990625
2 0.44180886406250003 0.5442715828125 0.4059435921875 0.52335235625 0.3842110875 0.530125409375 0.3677316890625 0.5655240359375 0.378237903125 0.6227751796875001 0.4076767515625 0.6466142890625 0.4407421546875 0.6408945390625 0.4532483671875 0.6104023859375001 0.44180886406250003 0.5442715828125
2 0.3450658953125 0.56341743125 0.31410710000000003 0.5464713890625 0.2714553671875 0.5891097140625 0.2765884625 0.63794784375 0.3074272453125 0.6751064437500001 0.34937230625 0.6684534 0.3698248890625 0.6281483 0.3450658953125 0.56341743125
2 0.2525361390625 0.537231690625 0.22157734062499998 0.5202856484375 0.1894452296875 0.534885059375 0.175885715625 0.5767101078125 0.20601782812499997 0.6498539921875001 0.2479628890625 0.64320095 0.268415471875 0.6028958484375 0.2525361390625 0.537231690625
2 0.1432869578125 0.5868696890625 0.1037951328125 0.5955093234375 0.0908222765625 0.621561646875 0.0959553703125 0.670399775 0.13520716875 0.7021852546875 0.168272571875 0.696465503125 0.18381867968750001 0.6521872171875 0.1432869578125 0.5868696890625
2 0.241230053125 0.365598271875 0.1905253453125 0.352972046875 0.1581532078125 0.40799657343750007 0.1656195265625 0.47903385 0.19844490312500002 0.5137392140625 0.236416778125 0.5119926453125 0.27217544375 0.467834371875 0.2642424796875 0.392357265625 0.241230053125 0.365598271875
2 0.303627696875 0.31864012812500003 0.286215009375 0.3451590953125 0.290881459375 0.3895573953125 0.31541383437500004 0.40942332031250006 0.3539723671875 0.391904025 0.33470650625 0.3153736140625 0.303627696875 0.31864012812500003
2 0.42104986718750004 0.3040541234375 0.385651240625 0.2875747265625 0.350479234375 0.3159602734375 0.3614520921875 0.377651246875 0.3908909421875 0.40149035624999996 0.4195165140625 0.39623725 0.43646255624999997 0.365278453125 0.42104986718750004 0.3040541234375
2 0.4596218078125 0.20124477187499998 0.410437046875 0.1817254796875 0.380638159375 0.21852404062500003 0.38179806875 0.27226864375000004 0.429929528125 0.303120834375 0.464514875 0.2905080140625 0.472701271875 0.24026995156250003 0.4596218078125 0.20124477187499998
2 0.311134234375 0.133807234375 0.283441953125 0.14794000000000002 0.2694157921875 0.1853252203125 0.27992200624999997 0.2425763625 0.31286739531249996 0.25706916875 0.35890565625000004 0.22529709531250003 0.347932796875 0.163606121875 0.311134234375 0.133807234375
2 0.29066824687500004 0.25940239374999996 0.248029921875 0.2167506609375 0.22583077031249998 0.2190838859375 0.193925278125 0.27854824218749996 0.20256491250000003 0.318040065625 0.240883421875 0.340945884375 0.26997563750000003 0.340132609375 0.2939347609375 0.29048120312500003 0.29066824687500004 0.25940239374999996
2 0.1986185390625 0.152366425 0.15784679375 0.12747401249999998 0.131674459375 0.1347137125 0.1151950625 0.17011233750000002 0.12523463125 0.222923653125 0.1546734796875 0.2467627625 0.183299053125 0.24150965468750002 0.20679152968749998 0.18741841875 0.1986185390625 0.152366425
2 0.1125286109375 0.03797074375 0.091609384375 0.0738360140625 0.099315728125 0.1044481796875 0.13716759218750002 0.1229141703125 0.1841391421875 0.10002175625000001 0.17912605937499998 0.030971070312499998 0.1125286109375 0.03797074375
2 0.5937231828125 0.3667051984375 0.5480449609375 0.337839603125 0.5159128484375 0.3524390140625 0.5002467296875001 0.41692985625 0.5088863640625 0.45642168125 0.5467382265625 0.47488767187500003 0.5709239687500001 0.470101209375 0.5997895671875 0.42442298906250003 0.5937231828125 0.3667051984375
2 0.82262115 0.25960284375 0.8059017265625 0.335426584375 0.8358072203125 0.3637055234375 0.8703925703125 0.3510927046875 0.873672490625 0.29688145625 0.82262115 0.25960284375
2 0.662467453125 0.0811695578125 0.63057536875 0.055343856250000004 0.6039363890625 0.0581437265625 0.57857733125 0.0944756421875 0.60870944375 0.167619525 0.6462146765625 0.161433128125 0.6680671921875 0.1344475171875 0.662467453125 0.0811695578125
2 0.82008811875 0.021958634375 0.78538275625 0.0547840109375 0.7846760859375 0.0907692953125 0.8381806640624999 0.1300345 0.87229936875 0.1129818515625 0.87253939375 0.0725567359375 0.82008811875 0.021958634375
2 0.9629625453124999 0.121408271875 0.95502958125 0.0459311625 0.9324838 0.023612001562500002 0.9014049906249999 0.026878515625 0.876045934375 0.06321043125 0.8816456734375 0.1164883890625 0.9213641156250001 0.1527137 0.9629625453124999 0.121408271875
2 0.8297459734375 0 0.8290877906249999 0.0008127875 0.859926575 0.037971387499999995 0.893578634375 0.016478909375 0.889973540625 0 0.8297459734375 0
2 0 0.3757718234375 0.0303448359375 0.345118878125 0.019371978125 0.283427903125 0 0.2694460234375 0 0.3757718234375
2 0.1172480421875 0.48860677499999994 0.08488931250000001 0.45834124374999996 0.0395577234375 0.45412803281249997 0.0104521 0.5402313671875 0.02797139375 0.5787899015625 0.0707297328125 0.6012290765625 0.094915475 0.5964426140625 0.1163013453125 0.5650171734375 0.1172480421875 0.48860677499999994
2 1 0.8703654562500001 0.9596953875 0.837727425 0.93176308125 0.89228530625 0.9394694250000001 0.9228974703124999 0.97685464375 0.9369236296875 1 0.9275979484375 1 0.8703654562500001
2 0.0901978640625 1 0.0881954015625 0.9809478421875 0.05046355 0.9422692937500001 0.052830473437500004 1 0.0901978640625 1
2 0.043103839062499996 0.9363095171875001 0.066476303125 0.9024308375000001 0.0348242421875 0.836180021875 0.043103839062499996 0.9363095171875001
2 0.0161584453125 0.6585868265625 0.025837976562499997 0.7720358109375 0.0522503359375 0.7243709984375 0.048983821875 0.6932921890625 0.0161584453125 0.6585868265625
2 1 0.48949792031249995 0.9973742578125 0.4701682390625 0.9707352765625 0.472968109375 0.9572957750000001 0.4945806015625 0.9811214796875 0.550431809375 1 0.5452097 1 0.48949792031249995
2 0.8765625 0.19921875 0.140625 0.159375
2 0.1328125 0.803125 0.14375 0.1625