2 0.705868475 0.3398634328125 0.745949175 0.34266614687499997 0.7680137078125 0.31512033281249996 0.7666744249999999 0.2702748109375 0.694080565625 0.220446684375 0.64260174375 0.25264843125 0.63058079375 0.2965597140625 0.705868475 0.3398634328125
2 0.61827895 0.1524935 0.6525516953125 0.206354734375 0.69325521875 0.200250628125 0.7207074015625 0.15965599531250002 0.72444435625 0.1062150640625 0.686232134375 0.07669188125000001 0.6482224343749999 0.07627157968750001 0.6166282546875 0.11210138750000001 0.61827895 0.1524935
2 0.5594351093750001 0.2580208203125 0.6167066250000001 0.270976009375 0.640328221875 0.221163140625 0.6010881328125001 0.1423410265625 0.5645266062500001 0.1532099578125 0.5337577734375001 0.20923582187499998 0.5594351093750001 0.2580208203125
2 0.5180935 0.369247203125 0.5491584859375 0.40498338125 0.5881024234375001 0.3920434515625 0.6233246671875 0.336329 0.6133899765625 0.2864072421875 0.5920571609375 0.27148994375 0.5632656953125 0.26723905625 0.5221418671875 0.3113528609375 0.5180935 0.369247203125
2 0.5073334609375 0.2991293875 0.5424468124999999 0.276971225 0.544626703125 0.2457973484375 0.5242281249999999 0.21751981874999998 0.48735518750000006 0.232842159375 0.484863884375 0.268469446875 0.5073334609375 0.2991293875
2 0.4842257984375 0.3735917234375 0.5107437421875 0.346357321875 0.5129236328125 0.31518344531250003 0.48807164375 0.286594503125 0.4562749421875 0.2933214359375 0.44518822968749994 0.3238724859375 0.4842257984375 0.3735917234375
2 0.35372234062499996 0.41593068281249995 0.384787325 0.4516668609375 0.4421677328125 0.4310657625 0.44683892500000005 0.36426459843750003 0.408938115625 0.33028800625 0.3842886515625 0.330801940625 0.35745929374999996 0.362489753125 0.35372234062499996 0.41593068281249995
2 0.6083921109375 0.45387727031249997 0.652412284375 0.43234193125 0.654592175 0.40116805468749994 0.634193596875 0.3728905265625 0.6143089546875 0.36926246093750004 0.5874795984375 0.4009502734375 0.6083921109375 0.45387727031249997
2 0.806195409375 0.5370744234375 0.8366375703125 0.5817174234375 0.87702968125 0.580066728125 0.9003398656250001 0.5347072703125 0.8643075328125001 0.47401021249999997 0.8259864218749999 0.47804332031249996 0.8042333015625 0.5011357234375 0.806195409375 0.5370744234375
2 0.5905632078124999 0.5488470734375 0.6136556109375 0.57060019375 0.6406874890625 0.568015259375 0.67290449375 0.523278628125 0.6747729703124999 0.49655816250000007 0.6502323953125 0.4635158078125 0.6077692859375 0.46278409218750005 0.5850819265625 0.499236728125 0.5905632078124999 0.5488470734375
2 0.8035799578124999 0.7024734546875 0.8512129359375 0.757268928125 0.8874630484375 0.7508534078125 0.9196800546875 0.7061167765625 0.9227941828124999 0.6615826671875 0.8724673796875001 0.6133116046875 0.8525827375 0.6096835406250001 0.8028635 0.648721109375 0.8035799578124999 0.7024734546875
2 0.67610420625 1 0.651292859375 0.960335725 0.610589334375 0.96643983125 0.6028582453125 1 0.67610420625 1
2 0.43214148437500005 0.9584367296874999 0.449534825 0.9976920796875 0.5282480484375001 0.992008278125 0.5367498265624999 0.9344253484375 0.5042366671875 0.8873999359375 0.4662269671875 0.8869796328125 0.4393976109375 0.9186674437500001 0.43214148437500005 0.9584367296874999
2 0.3570715828125 0.8480204359375 0.3796500515625 0.8451240890625 0.3972611734375 0.8172668625 0.3828730703125 0.767033690625 0.358223603125 0.767547625 0.34092389375 0.790951440625 0.3570715828125 0.8480204359375
2 0.5102941984375 0 0.5067564140624999 0.019389846875 0.5603998671875 0.052229678125 0.5881634609375 0.0071816328125 0.5153978343750001 0 0.5102941984375 0
2 0.466551565625 0.146358875 0.48995538125 0.163658584375 0.5447508531249999 0.1160256046875 0.543100159375 0.07563349375 0.5055107624999999 0.037203490625 0.48531470624999995 0.0380288390625 0.467703584375 0.0658860640625 0.466551565625 0.146358875
2 0.22802609999999998 0 0.2480382765625 0.039337601562500005 0.30116779375 0.0475279671875 0.33983984375 0 0.22802609999999998 0
2 0.034511565625000004 0 0.031783246875 0.0600170734375 0.05819230156250001 0.0663389625 0.08408741875 0.048011382812499996 0.10193271562499999 0 0.034511565625000004 0
2 0.65625 0.8671875 0.190625 0.21875