2 0.82273186875 0.5078925484375 0.779295853125 0.4880109 0.74566615625 0.5008360109375001 0.7315721125 0.5361385875 0.744647203125 0.5797476015624999 0.7702204421875 0.604070940625 0.821039959375 0.5998022484375001 0.84024865 0.5693643390625 0.82273186875 0.5078925484375
2 1 0.5933115796874999 0.99203424375 0.56955636875 0.9511170609375 0.5306390265625 0.9044892546875 0.5427911796875 0.9018744078125 0.6377196703125 0.9676148906250001 0.6710224046875 0.9903423359374999 0.6614660671875 1 0.640877325 1 0.5933115796874999
2 0.93256229375 0.6669076781250001 0.8830886921875001 0.645180153125 0.8434214093750001 0.6561593890624999 0.8356149328125 0.7032871562499999 0.86076519375 0.7505879203125 0.9165263609375 0.7841406359375 0.9510789953125001 0.76829673125 0.955366721875 0.7002873953125001 0.93256229375 0.6669076781250001
2 0.7071527578125 0.6376046234375 0.7011921546875 0.678694803125 0.719804871875 0.7041910609375 0.74697400625 0.7124974984375 0.7676055953125 0.6989994312500001 0.776834971875 0.6688115031249999 0.76006813125 0.6372776609375 0.7071527578125 0.6376046234375
2 0.7259964234375 0.7919090484375 0.6927897015625 0.7817567359375001 0.6691393203125 0.7943318671874999 0.6610828625 0.8314803187500001 0.6778497031249999 0.8630141609375 0.7131522796875001 0.8771082031249999 0.7437631859375 0.8633601546874999 0.7490508296875 0.83526808125 0.7259964234375 0.7919090484375
2 0.6564491421875001 0.9654031328125001 0.6657555000000001 0.9781512625 0.761279965625 0.9248319453124999 0.7224586375000001 0.8898563312500001 0.68136845625 0.883895728125 0.6598139296875 0.900412590625 0.6564491421875001 0.9654031328125001
2 0.619909415625 1 0.658794978125 0.9793241796875 0.6452199265624999 0.9157565359375001 0.6159549359375001 0.9035083671875 0.596246284375 0.9139876421875 0.5926315171875001 0.9689988703125 0.6138109359375 1 0.619909415625 1
2 0.51810366875 0.8240777859374999 0.502336746875 0.83246120625 0.508951275 0.8972017687499999 0.5424079765625 0.9173333984375001 0.56513541875 0.907777059375 0.572268940625 0.8736474015625 0.5575979546875 0.8460552890624999 0.51810366875 0.8240777859374999
2 0.5703651140625 0.7179200781249999 0.5973612515625 0.7591832562499999 0.6430661203125 0.7500498953125 0.6659665609375 0.7075368171875 0.611801290625 0.6579672000000001 0.570788090625 0.694942653125 0.5703651140625 0.7179200781249999
2 0.70757488125 0.09637573125 0.6916349625 0.13771589374999998 0.71284349375 0.1871125125 0.738166753125 0.2014565375 0.7666818046875 0.18376675625 0.762586109375 0.09999050000000001 0.7433004328124999 0.0874923515625 0.70757488125 0.09637573125
2 0.647295040625 0.002024184375 0.6410844578125 0.03313505 0.6641388640625 0.07649408437500001 0.6954997109375001 0.0926839828125 0.7182271546875 0.08312764375000001 0.7492610375 0.046402171874999995 0.7303983406250001 0.0109265984375 0.647295040625 0.002024184375
2 0.6382966125 0.16102028125 0.6509677593750001 0.108777865625 0.60149415625 0.08705034218749999 0.573979028125 0.144657384375 0.6016481234375 0.1729224546875 0.6382966125 0.16102028125
2 0.40517661406250005 0.10295219687499998 0.4507854671875 0.16971163281249999 0.4925486046875 0.1626741265625 0.530466028125 0.0818396796875 0.484434196875 0.03805766875 0.42111653125000004 0.0616120359375 0.40517661406250005 0.10295219687499998
2 0.26588916875 0.0834744921875 0.24014293125 0.09210789375 0.22814474375 0.1313522 0.244911584375 0.1628860421875 0.31761259218750004 0.195015859375 0.316362690625 0.1451192796875 0.293308284375 0.101760246875 0.26588916875 0.0834744921875
2 0.233336375 0.179152925 0.1899003578125 0.159271275 0.16230824531250002 0.1739422609375 0.1526558921875 0.2271076125 0.1652310234375 0.2507579953125 0.2126087703125 0.2685437890625 0.233240359375 0.2550457203125 0.2524490515625 0.2246078125 0.233336375 0.179152925
2 0.0652838984375 0.1673856828125 0.1029323109375 0.1954007734375 0.1393308203125 0.173519284375 0.129274521875 0.13083320781250002 0.0652838984375 0.1673856828125
2 0.3371292140625 0.336322178125 0.2978849078125 0.3243239875 0.26056345937500003 0.34922427031250003 0.2543528765625 0.3803351359375 0.2918282890625 0.44130696562500005 0.32897674062500004 0.4493634234375 0.3653752515625 0.427481934375 0.37250877031249996 0.3933522765625 0.3371292140625 0.336322178125
2 0.33559126875 0.5141039875 0.35026225625 0.5416961 0.38833364375 0.5467337640625 0.3996588734375 0.5204875671875 0.3828920328125 0.488953725 0.3457435828125 0.480897265625 0.33559126875 0.5141039875
2 0.323843059375 0.563327609375 0.30974901718750003 0.5986301843749999 0.3267658375 0.6401433421875 0.35024322343750003 0.6605249515625 0.3850458390625 0.6546603640625 0.4061004046875 0.618184871875 0.38489187187499996 0.5687882515625 0.323843059375 0.563327609375
2 0.255737709375 0.6349326796875 0.23770193593750003 0.6723311109375001 0.25287288124999996 0.7198818546875 0.2863295828125 0.7400134828125 0.32297807343749996 0.7281113109375 0.334053325 0.6918857968750001 0.3212282125 0.6582561 0.255737709375 0.6349326796875
2 0.0939148515625 0.473225721875 0.0816666828125 0.5024907125 0.098683503125 0.5440038703125001 0.13004435 0.56019376875 0.172730425 0.5501374703125 0.16125122812499998 0.49051155625 0.1157193578125 0.4666881765625 0.0939148515625 0.473225721875
2 0.13012133125 0.603129825 0.09481875625 0.5890357828125 0.0651307890625 0.5997650375 0.052882621875 0.6290300281250001 0.0659577109375 0.672639040625 0.1196230234375 0.7022500265625 0.14813807343750002 0.6845602468750001 0.1555215734375 0.6604099046874999 0.13012133125 0.603129825
2 0.154771634375 0.6304719578125 0.184036625 0.6427201250000001 0.20466821249999997 0.6292220562499999 0.19528487187500002 0.5735378718749999 0.1402736453125 0.569923103125 0.1361589171875 0.6049757 0.154771634375 0.6304719578125
2 0.23918278437499998 0.8510358578125 0.21930113593749997 0.894471875 0.23472206093749998 0.952001934375 0.2960208546875 0.96744189375 0.326631759375 0.95369384375 0.3377070109375 0.9174683312499999 0.3044233078125 0.8643799609375 0.23918278437499998 0.8510358578125
2 0.20084238281250003 0.9548477296875 0.1972466484375 0.8910301046875 0.16052117500000002 0.8599962203124999 0.127564434375 0.8598232234375001 0.1811337328125 0.9653270046875001 0.20084238281250003 0.9548477296875
2 0.86953125 0.209375 0.1421875 0.1796875