2 0.7908565578125 0.304614990625 0.8447269625 0.35872099375 0.8790869203125 0.345506496875 0.9188117765625 0.284406253125 0.9067639328125001 0.22291617812500003 0.84480833125 0.194540875 0.7996428796874999 0.21133102343750002 0.7832397234374999 0.24258085468749999 0.7908565578125 0.304614990625
2 0.7922588078125 0.1695084625 0.8151906796875 0.19143074843750002 0.8511828156250001 0.1915092796875 0.8759039328125 0.154740321875 0.8693752171875 0.10156820625 0.8350937937499999 0.078790565625 0.8154262796875 0.0834543375 0.78790633125 0.1340603859375 0.7922588078125 0.1695084625
2 0.50688495 0.26301951875 0.5619220078125 0.2899954046875 0.585555003125 0.24436442656250001 0.576305990625 0.16903726562500002 0.529898190625 0.12076168437499998 0.48776433125 0.1439263203125 0.48923944375 0.2292036203125 0.50688495 0.26301951875
2 0.0856305765625 0.202297759375 0.1234876546875 0.2358808953125 0.1711406421875 0.22103421875 0.1947736375 0.17540324062499998 0.1479003109375 0.086704515625 0.10164673906249999 0.0946326453125 0.0774696828125 0.13583261562499999 0.0856305765625 0.202297759375
2 0.8936222984375 0.4089400484375 0.9265043078125 0.43863623125 0.9658393343749999 0.42930868593750005 0.981154371875 0.3891968375 0.97462565625 0.336024721875 0.935913221875 0.313791140625 0.9118147000000001 0.3189989734375 0.888181703125 0.3646299515625 0.8936222984375 0.4089400484375
2 0.6513918828125 0.524140625 0.6826417140625 0.54054378125 0.7438990249999999 0.5082843640625 0.7302190015625001 0.4335012625 0.69041845 0.4024056609375 0.6657758671875 0.4031824828125 0.6315701390624999 0.4726006890625 0.6513918828125 0.524140625
2 0.6970985578125 0.6399694671875 0.7592869234374999 0.68855634375 0.7822973281250001 0.6744864921875 0.80017843125 0.6003259796875 0.7748375578125 0.5404680843749999 0.7505062734375 0.5254643437500001 0.7003657515625 0.53836754375 0.681163765625 0.5834544625 0.6970985578125 0.6399694671875
2 0.6783592625 0.853667515625 0.7151282218749999 0.87838863125 0.7578061390624999 0.85965500625 0.780351015625 0.8051620093749999 0.75889709375 0.74032904375 0.71466553125 0.709777503125 0.6647577734375 0.742892275 0.6524743296875 0.789378609375 0.6783592625 0.853667515625
2 0.5741127359375 0.9204411203125 0.624718784375 0.9479610656249999 0.6788247890625 0.8940906609375 0.647420728125 0.8214837953125 0.6236335000000001 0.8109110640624999 0.58624195 0.8177510765625 0.559810121875 0.8772191421875 0.5741127359375 0.9204411203125
2 1 0.8279204359375001 0.978579796875 0.8078094453125001 0.9495062031250001 0.8091303265625 0.91592306875 0.84698740625 0.9285149718750001 0.912908490625 0.9741459499999999 0.9365414859375001 1 0.9001578578125 1 0.8279204359375001
2 0.1398737953125 0.9737589578125 0.18332853437500002 0.9796679156250001 0.1909482046875 0.91351406875 0.1534024234375 0.8641503687500001 0.115155515625 0.8823399343749999 0.11453292343749999 0.9139010609374999 0.1398737953125 0.9737589578125
2 0.12516179375 1 0.13209989687499998 0.983709096875 0.11670916093749999 0.9316250984375 0.09183381562500001 0.9121903484375 0.0496999578125 0.9353549828125001 0.057637368749999994 1 0.12516179375 1
2 0.39333076093749997 1 0.374638771875 0.9809159375000001 0.34999618906249996 0.981692759375 0.3411046 1 0.39333076093749997 1
2 0.631558796875 0.98535261875 0.5989880828125 0.9398758687500001 0.564628125 0.953090365625 0.5675811859375 0.9954569859375001 0.631558796875 0.98535261875
2 0.0796875 0.5 0.159375 0.2
2 0.3453125 0.31484375 0.184375 0.2015625