0 0.83828125 0.6359375 0.1796875 0.1859375
0 0.6625 0.50390625 0.240625 0.25
0 0.6953125 0.6640625 0.19375 0.1921875
0 0.790625 0.80390625 0.221875 0.2390625
0 0.53984375 0.73203125 0.1765625 0.1859375
0 0.63828125 0.89453125 0.2453125 0.2109375
0 0.44375 0.971875 0.09375 0.05625
0 0.31640625 0.884375 0.2078125 0.23125
0 0.38203125 0.7421875 0.240625 0.25
0 0.3578125 0.59921875 0.2453125 0.2734375
0 0.4703125 0.515625 0.203125 0.2484375
0 0.54296875 0.39609375 0.2453125 0.265625
0 0.4484375 0.24140625 0.2234375 0.234375
0 0.6140625 0.08984375 0.175 0.1796875
0 0.45703125 0.09765625 0.2515625 0.1953125
0 0.31484375 0.1296875 0.21875 0.225
0 0.08828125 0.28359375 0.1765625 0.2328125
0 0.10859375 0.48046875 0.184375 0.1875
0 0.07578125 0.5890625 0.1515625 0.2125
0 0.8765625 0.4640625 0.171875 0.196875
0 0.5890625 0.60390625 0.1875 0.1953125
0 0.66796875 0.78671875 0.1890625 0.2125