2 0.953125 0.25703125 0.09375 0.1578125
2 0.91640625 0.42421875 0.1578125 0.196875
2 0.82578125 0.61328125 0.10625 0.134375
2 0.86796875 0.7578125 0.1171875 0.1390625
2 0.79140625 0.8109375 0.1 0.1265625
2 0.80234375 0.94140625 0.1171875 0.1171875
2 0.94453125 0.53984375 0.1109375 0.1609375
2 0.97578125 0.35 0.0484375 0.146875
2 0.65625 0.11484375 0.140625 0.1734375
2 0.5 0.34375 0.153125 0.1765625
2 0.48125 0.221875 0.1484375 0.15625
2 0.4734375 0.07109375 0.121875 0.1359375
2 0.559375 0.10703125 0.1125 0.1296875
2 0.53984375 0.703125 0.15 0.1953125
2 0.49453125 0.9265625 0.1359375 0.146875
2 0.35546875 0.440625 0.1171875 0.1375
2 0.35234375 0.04375 0.0921875 0.0875
2 0.2609375 0.06796875 0.134375 0.1359375
2 0.2078125 0.81796875 0.1546875 0.1875
2 0.31640625 0.88671875 0.1484375 0.13125
2 0.221875 0.92265625 0.1078125 0.0921875
2 0.30390625 0.9515625 0.1125 0.0625
2 0.1328125 0.0140625 0.125 0.028125
2 0.0296875 0.6578125 0.059375 0.140625
2 0.86640625 0.071875 0.0984375 0.053125
2 0.10234375 0.17265625 0.1453125 0.2375