2 0.6428571421875 0.8459821421875 0.6473214281249999 0.9084821421875 0.6830357140625 0.9308035718750001 0.71875 0.8950892859374999 0.71875 0.8459821421875 0.6941964281249999 0.8214285718750001 0.6428571421875 0.8459821421875
2 0.7321428578125 0.859375 0.7321428578125 0.9174107140625001 0.7477678578125 0.9464285718750001 0.7901785718750001 0.953125 0.8169642859374999 0.921875 0.8214285718750001 0.8638392859374999 0.7790178578125 0.8214285718750001 0.7321428578125 0.859375
2 0.8772321421875 0.65625 0.84375 0.6897321421875 0.84375 0.734375 0.8683035718750001 0.7767857140625 0.9017857140625001 0.7834821421875 0.9241071421875 0.765625 0.9375 0.7165178578125 0.9241071421875 0.6852678578125 0.8772321421875 0.65625
2 0.8883928578125 0.8504464281249999 0.8794642859374999 0.8995535718750001 0.8950892859374999 0.9241071421875 0.9464285718750001 0.921875 0.9642857140625001 0.8638392859374999 0.9397321421875 0.8303571421875 0.9174107140625001 0.8303571421875 0.8883928578125 0.8504464281249999
2 0.9151785718750001 0.5513392859375 0.9017857140625001 0.609375 0.9196428578125 0.6584821421875 0.9553571421875 0.671875 0.9955357140625001 0.6316964281249999 0.9955357140625001 0.5825892859375 0.9486607140625001 0.53125 0.9151785718750001 0.5513392859375
2 0.6450892859375 0.32142857187499996 0.6160714281249999 0.35044642812500004 0.6160714281249999 0.40848214218749995 0.6316964281249999 0.44196428593750003 0.6651785718750001 0.444196428125 0.6919642859375 0.42633928593750003 0.7008928578125 0.3772321421875 0.6919642859375 0.3415178578125 0.6450892859375 0.32142857187499996
2 0.703125 0.1875 0.6741071421875 0.21205357187499999 0.6651785718750001 0.265625 0.6986607140625 0.31696428593750003 0.7321428578125 0.32366071406249997 0.7678571421875 0.29241071406249997 0.7723214281249999 0.2209821421875 0.734375 0.1875 0.703125 0.1875
2 0.5558035718750001 0.3571428578125 0.5267857140625 0.38616071406249997 0.5223214281249999 0.421875 0.5357142859375 0.45758928593750003 0.5758928578125 0.475446428125 0.6116071421875 0.43973214218749995 0.6116071421875 0.390625 0.5959821421875 0.36607142812500004 0.5558035718750001 0.3571428578125
2 0.35491071406249997 0.45535714218749995 0.3258928578125 0.47991071406249997 0.32142857187499996 0.5424107140625 0.35044642812500004 0.5803571421875 0.3883928578125 0.578125 0.415178571875 0.5558035718750001 0.41964285781250005 0.493303571875 0.39508928593750003 0.459821428125 0.35491071406249997 0.45535714218749995
2 0.453125 0.5178571421875 0.42410714218749995 0.578125 0.44196428593750003 0.6227678578125 0.477678571875 0.6361607140625 0.5089285718750001 0.609375 0.5178571421875 0.5691964281249999 0.493303571875 0.5223214281249999 0.453125 0.5178571421875
2 0.35044642812500004 0.59375 0.31696428593750003 0.6183035718750001 0.31696428593750003 0.6584821421875 0.3415178578125 0.7053571421875 0.375 0.7120535718750001 0.40178571406249997 0.6852678578125 0.40625 0.6272321421875 0.390625 0.6026785718750001 0.35044642812500004 0.59375
2 0.44866071406249997 0.3571428578125 0.41071428593750003 0.38616071406249997 0.39732142812500004 0.43526785781250005 0.44866071406249997 0.5089285718750001 0.47321428593750003 0.5066964281249999 0.5133928578125 0.46651785781250005 0.5133928578125 0.39508928593750003 0.484375 0.3571428578125 0.44866071406249997 0.3571428578125
2 0.203125 0.6026785718750001 0.1741071421875 0.6361607140625 0.165178571875 0.7075892859375 0.1852678578125 0.7321428578125 0.21875 0.734375 0.25892857187499996 0.6852678578125 0.2633928578125 0.6316964281249999 0.24330357187499999 0.6071428578125 0.203125 0.6026785718750001
2 0.12946428593749998 0.9263392859374999 0.133928571875 0.9977678578125 0.20982142812500001 0.9977678578125 0.22767857187499999 0.953125 0.21875 0.9040178578125 0.1540178578125 0.8883928578125 0.12946428593749998 0.9263392859374999
2 0.087053571875 0.7678571421875 0.0580357140625 0.796875 0.0491071421875 0.8415178578125 0.0669642859375 0.8995535718750001 0.10714285781249999 0.9040178578125 0.1428571421875 0.8816964281249999 0.15178571406250002 0.8191964281249999 0.12276785781249999 0.7723214281249999 0.087053571875 0.7678571421875
2 0.28794642812500004 0.24107142812500001 0.25 0.28794642812500004 0.2455357140625 0.3415178578125 0.2834821421875 0.40178571406249997 0.32142857187499996 0.40401785781250005 0.34375 0.3727678578125 0.34821428593750003 0.30133928593750003 0.3258928578125 0.2522321421875 0.28794642812500004 0.24107142812500001
2 0.26116071406249997 0.10714285781249999 0.24107142812500001 0.140625 0.25446428593750003 0.19866071406250002 0.2946428578125 0.21205357187499999 0.3258928578125 0.17633928593749998 0.32142857187499996 0.12276785781249999 0.296875 0.09375 0.26116071406249997 0.10714285781249999
2 0.7566964281249999 0 0.7321428578125 0.024553571875 0.7366071421875 0.0736607140625 0.7611607140625 0.102678571875 0.7991071421875 0.100446428125 0.8169642859374999 0.0736607140625 0.8080357140625001 0.0290178578125 0.7879464281249999 0 0.7566964281249999 0
2 0.8303571421875 0.060267857812500006 0.875 0.0736607140625 0.9375 0.024553571875 0.9397321421875 0 0.8080357140625001 0.0022321421875000002 0.8303571421875 0.060267857812500006
2 1 0.11383928593749999 0.9888392859374999 0.0044642859375000005 0.9508928578125 0.0513392859375 0.9642857140625001 0.0959821421875 1 0.11383928593749999
2 0 0.36830357187499996 0.0178571421875 0.3727678578125 0.0625 0.33258928593750003 0.0625 0.28794642812500004 0.0290178578125 0.25446428593750003 0 0.26116071406249997 0 0.36830357187499996
2 0.8370535718750001 0.1875 0.8035714281249999 0.2299107140625 0.7991071421875 0.30580357187499996 0.8191964281249999 0.3571428578125 0.8616071421875 0.359375 0.9017857140625001 0.33258928593750003 0.9107142859374999 0.30580357187499996 0.8883928578125 0.19866071406250002 0.8370535718750001 0.1875
2 0.934375 0.98671875 0.09375 0.0265625
2 0.0328125 0.85859375 0.065625 0.18203125
2 0.78125 0.62265625 0.17265625 0.20234375