0 0.35234375 0.1421875 0.0734375 0.0796875
0 0.21328125 0.2765625 0.1734375 0.2140625
0 0.22890625 0.428125 0.0796875 0.128125
0 0.16484375 0.45390625 0.0921875 0.1109375
0 0.096875 0.428125 0.0875 0.1109375
0 0.1390625 0.53828125 0.0828125 0.1078125
0 0.26328125 0.728125 0.1359375 0.175
0 0.17265625 0.775 0.071875 0.0875
0 0.33515625 0.60859375 0.1015625 0.115625
0 0.43671875 0.63046875 0.0796875 0.0828125
0 0.53671875 0.7875 0.0796875 0.090625
0 0.403125 0.98203125 0.06875 0.0359375
0 0.5390625 0.625 0.1296875 0.134375
0 0.61328125 0.55625 0.1046875 0.1359375
0 0.675 0.57421875 0.071875 0.0828125
0 0.6609375 0.46796875 0.0734375 0.090625
0 0.609375 0.3109375 0.0875 0.090625
0 0.5546875 0.02734375 0.103125 0.0546875
0 0.6546875 0.0140625 0.09375 0.028125
0 0.68203125 0.0546875 0.0875 0.0875
0 0.903125 0.15859375 0.0875 0.10625
0 0.878125 0.2390625 0.1671875 0.2046875
0 0.9328125 0.34296875 0.1109375 0.1390625
0 0.85 0.46875 0.071875 0.0734375
0 0.9421875 0.59375 0.090625 0.1109375
0 0.92734375 0.89140625 0.075 0.06875
0 0.946875 0.83515625 0.10625 0.1421875
0 0.80546875 0.2984375 0.1390625 0.18125
0 0.01015625 0.44609375 0.0203125 0.1390625