2 0.8191436624999999 0.18728674218750002 0.8609832374999999 0.2043823375 0.9002308625 0.1677833359375 0.9104004031249999 0.132402409375 0.8787303734374999 0.0799258875 0.8544254609375 0.07237663125 0.813648159375 0.0888206828125 0.8031670140625 0.13312474375 0.8191436624999999 0.18728674218750002
2 0.7232978906249999 0.1817062296875 0.7636077875 0.1786468765625 0.7936206765625 0.1506594046875 0.787190365625 0.0789627421875 0.7565826078125 0.06002586875 0.693185871875 0.0846140484375 0.691004653125 0.147075975 0.7232978906249999 0.1817062296875
2 0.7051966953125001 0.0604649359375 0.7636644609375 0.049105656250000004 0.7716811203125 0.01141604375 0.6847584796875 0.0061471359375 0.68198239375 0.0216847171875 0.7051966953125001 0.0604649359375
2 0.7777148203124999 0.28634767031249997 0.816495040625 0.26313336718749997 0.8315935546875 0.21452354375 0.810064728125 0.19143670625 0.734062303125 0.19324965 0.7512570265625 0.2764897296875 0.7777148203124999 0.28634767031249997
2 0.5157854984375 0.11192164062500001 0.5324136875 0.0834667671875 0.529354334375 0.04315686875 0.5076697078125 0.0245315984375 0.46211923906249996 0.049742982812499996 0.4843987328125 0.11529259843749999 0.5157854984375 0.11192164062500001
2 0.30631848125 0.28998767812500004 0.339079121875 0.31123323593749996 0.3827883125 0.2747900375 0.3841905234375 0.23463594062499998 0.36281750156250003 0.2070875375 0.32481628749999997 0.2079940078125 0.2989533625 0.24506041406249998 0.30631848125 0.28998767812500004
2 0.34590604375 0.179694934375 0.37851088437499997 0.20540205781249998 0.41435921562500005 0.20218690156250002 0.435604771875 0.16942626249999998 0.43301282187499995 0.11573166718750001 0.41163979843750004 0.0881832640625 0.378255953125 0.0847839703125 0.3436256953125 0.1170772078125 0.34590604375 0.179694934375
2 0.11418081718749999 0 0.0996417671875 0.06835403749999999 0.123011871875 0.102672690625 0.1837883203125 0.089160528125 0.2036600015625 0.031783371875 0.1977527703125 0 0.11418081718749999 0
2 0.017124021875 0.19278215 0.04389341875 0.193716959375 0.07406210937499999 0.161267921875 0.075620121875 0.11665225937499998 0.05855286562499999 0.0937212234375 0.038553717187499996 0.090789334375 0.013002393749999999 0.11893260624999999 0.017124021875 0.19278215
2 0.0114301671875 0.5477103640625 0.043723403125 0.582340621875 0.066187034375 0.5786580625 0.10128469531249999 0.5329801265625 0.10253110624999999 0.497287596875 0.0683965890625 0.451425525 0.034856942187500004 0.45248779843750003 0.0089940171875 0.489554203125 0.0114301671875 0.5477103640625
2 0.22493380156249998 0.637805703125 0.2604705296875 0.64351368125 0.29925075 0.620299378125 0.3100434984375 0.5670721859375 0.2543801578125 0.4981232765625 0.20898548906249997 0.5188730953125 0.1848080421875 0.5716328828125 0.22493380156249998 0.637805703125
2 0.3097602328125 0.5112247078125 0.3365296296875 0.512159515625 0.37178309062500003 0.462020015625 0.3602680078125 0.4080138171875 0.334121815625 0.38923274375 0.309661103125 0.386145053125 0.274407640625 0.43628455468749994 0.3097602328125 0.5112247078125
2 0.3640213609375 0.6203277140625 0.4127869859375 0.6309646609375 0.448663653125 0.5629788953125 0.43652536406250003 0.5268189624999999 0.3973060765625 0.49864735156249995 0.3426766734375 0.5280087 0.3365012921875 0.5769301265625 0.3640213609375 0.6203277140625
2 0.1473733625 0.6842343109375 0.1813804125 0.6697873390625 0.182782625 0.6296332421875 0.1612538015625 0.6065464046875 0.129555434375 0.6188404937499999 0.128153221875 0.6589945890625 0.1473733625 0.6842343109375
2 0.45794084531249996 0.8089882421875 0.4816225515625 0.8343837625000001 0.50854775 0.830857003125 0.534254875 0.798252165625 0.531507121875 0.7490191359375 0.509978296875 0.725932296875 0.480744415625 0.7316119390625 0.45488149062499994 0.76867834375 0.45794084531249996 0.8089882421875
2 0.5553446296875 0.769953090625 0.581802425 0.7798110312500001 0.6162768796875 0.7519793609375001 0.622296459375 0.7075195 0.5744656406249999 0.67011315625 0.547228840625 0.682563046875 0.53643609375 0.7357902390625 0.5553446296875 0.769953090625
2 0.4195713578125 0.9483590671875 0.4464965546875 0.9448323078125 0.47220367812499997 0.9122274687499999 0.43884817031249995 0.8440575640624999 0.38437456718749996 0.868957346875 0.39127228281250004 0.9272693109375 0.4195713578125 0.9483590671875
2 0.8651189859375 0.5976233671875 0.9004999124999999 0.607792909375 0.9352859703125 0.5710381078125 0.941617153125 0.5176551140625001 0.9228644156250001 0.47903069531250003 0.8808690406249999 0.46639666718750006 0.8393127328125001 0.5051485515625 0.8375989171875 0.5542257796875 0.8651189859375 0.5976233671875
2 0.9941644671875001 0.675835346875 0.9695479515625 0.6772092234375 0.9392234609375001 0.7141198281250001 0.946588578125 0.75904709375 0.9748876531249999 0.78013685 0.9905810359375 0.7784513703125 0.9941644671875001 0.675835346875
2 0.23984375 0.0765625 0.1359375 0.153125
2 0.5625 0.4484375 0.175 0.215625
2 0.98046875 0.32109375 0.0390625 0.1515625
2 0.54609375 0.9484375 0.1015625 0.103125