2 0.8169642859374999 0.47098214218749995 0.8370535718750001 0.5089285718750001 0.8616071421875 0.5111607140625 0.8883928578125 0.46651785781250005 0.8794642859374999 0.43526785781250005 0.8504464281249999 0.415178571875 0.8169642859374999 0.47098214218749995
2 0.8616071421875 0.6138392859375 0.8816964281249999 0.6428571421875 0.90625 0.6450892859375 0.9285714281249999 0.5513392859375 0.890625 0.53125 0.8660714281249999 0.5602678578125 0.8616071421875 0.6138392859375
2 1 0.5558035718750001 0.9665178578125 0.5446428578125 0.9330357140625001 0.5736607140625 0.9151785718750001 0.6584821421875 0.9352678578125 0.6964285718750001 0.9866071421875 0.7075892859375 1 0.6986607140625 1 0.5558035718750001
2 0.9977678578125 0.46875 0.9821428578125 0.5200892859375 1 0.5424107140625 0.9977678578125 0.46875
2 0.9709821421875 0.40625 1 0.40848214218749995 0.9977678578125 0.31696428593750003 0.9642857140625001 0.33258928593750003 0.9553571421875 0.38169642812500004 0.9709821421875 0.40625
2 0.84375 0.0736607140625 0.8526785718750001 0.100446428125 0.8794642859374999 0.109375 0.9017857140625001 0.069196428125 0.8816964281249999 0.0357142859375 0.8638392859374999 0.0357142859375 0.84375 0.0736607140625
2 0.8058035718750001 0.0982142859375 0.78125 0.131696428125 0.78125 0.17633928593749998 0.796875 0.2008928578125 0.8303571421875 0.203125 0.8571428578125 0.1897321421875 0.8660714281249999 0.13616071406250002 0.8415178578125 0.102678571875 0.8058035718750001 0.0982142859375
2 0.6785714281249999 0.16741071406250002 0.6785714281249999 0.2075892859375 0.6986607140625 0.2366071421875 0.7321428578125 0.24330357187499999 0.7633928578125 0.2075892859375 0.7633928578125 0.16741071406250002 0.7120535718750001 0.12946428593749998 0.6785714281249999 0.16741071406250002
2 0.5669642859375 0.33705357187499996 0.5535714281249999 0.39955357187499996 0.625 0.444196428125 0.65625 0.421875 0.65625 0.359375 0.6004464281249999 0.3125 0.5669642859375 0.33705357187499996
2 0.5825892859375 0.44196428593750003 0.5491071421875 0.46651785781250005 0.5357142859375 0.5245535718750001 0.5558035718750001 0.5669642859375 0.59375 0.5736607140625 0.6294642859375 0.5513392859375 0.6383928578125 0.48883928593750003 0.6138392859375 0.45089285781250005 0.5825892859375 0.44196428593750003
2 0.41071428593750003 0.5066964281249999 0.415178571875 0.5558035718750001 0.45089285781250005 0.578125 0.48660714218749995 0.5424107140625 0.48214285781250005 0.493303571875 0.45758928593750003 0.46875 0.41071428593750003 0.5066964281249999
2 0.47991071406249997 0.2633928578125 0.45089285781250005 0.30580357187499996 0.45089285781250005 0.35491071406249997 0.475446428125 0.38392857187499996 0.5133928578125 0.38616071406249997 0.5446428578125 0.35491071406249997 0.5446428578125 0.31919642812500004 0.5200892859375 0.27232142812500004 0.47991071406249997 0.2633928578125
2 0.5401785718750001 0.0290178578125 0.5357142859375 0.078125 0.5691964281249999 0.125 0.5982142859375 0.12276785781249999 0.6205357140625 0.0959821421875 0.6205357140625 0.037946428125 0.5736607140625 0.0044642859375000005 0.5401785718750001 0.0290178578125
2 0.6294642859375 0.069196428125 0.6540178578125 0.102678571875 0.6741071421875 0.100446428125 0.6964285718750001 0.0513392859375 0.6540178578125 0.0133928578125 0.6294642859375 0.037946428125 0.6294642859375 0.069196428125
2 0.12276785781249999 0.19196428593749998 0.084821428125 0.22544642812500001 0.053571428125 0.28794642812500004 0.0647321421875 0.3303571421875 0.12053571406250001 0.3415178578125 0.1696428578125 0.3147321421875 0.178571428125 0.2790178578125 0.1696428578125 0.2299107140625 0.12276785781249999 0.19196428593749998
2 0 0.234375 0.0446428578125 0.27008928593750003 0.084821428125 0.2165178578125 0.084821428125 0.17633928593749998 0.0290178578125 0.133928571875 0 0.162946428125 0 0.234375
2 0.14508928593749998 0.33482142812500004 0.09375 0.359375 0.0803571421875 0.42633928593750003 0.16071428593749998 0.47991071406249997 0.196428571875 0.44866071406249997 0.20982142812500001 0.38616071406249997 0.17633928593749998 0.33928571406249997 0.14508928593749998 0.33482142812500004
2 0.008928571875000001 0.5111607140625 0.03125 0.48883928593750003 0.0357142859375 0.43526785781250005 0.0022321421875000002 0.40625 0.008928571875000001 0.5111607140625
2 0.037946428125 0.8660714281249999 0.008928571875000001 0.890625 0.0044642859375000005 0.953125 0.040178571875 0.9799107140625001 0.0758928578125 0.953125 0.084821428125 0.9084821421875 0.0647321421875 0.8705357140625001 0.037946428125 0.8660714281249999
2 0.2991071421875 0.9977678578125 0.37946428593750003 0.9977678578125 0.37053571406249997 0.9397321421875 0.3459821421875 0.9196428578125 0.32366071406249997 0.9241071421875 0.2991071421875 0.9977678578125
2 0.39955357187499996 0.7946428578125 0.375 0.8191964281249999 0.36607142812500004 0.8861607140625001 0.38392857187499996 0.921875 0.415178571875 0.9352678578125 0.459821428125 0.8950892859374999 0.459821428125 0.8325892859374999 0.430803571875 0.7991071421875 0.39955357187499996 0.7946428578125
2 0.5066964281249999 0.7589285718750001 0.477678571875 0.7834821421875 0.477678571875 0.8370535718750001 0.5066964281249999 0.8839285718750001 0.53125 0.8861607140625001 0.5625 0.8504464281249999 0.5625 0.8058035718750001 0.5424107140625 0.7678571421875 0.5066964281249999 0.7589285718750001
2 0.7633928578125 0.953125 0.7879464281249999 0.9821428578125 0.8214285718750001 0.984375 0.8392857140625001 0.9174107140625001 0.8013392859374999 0.8883928578125 0.7678571421875 0.9174107140625001 0.7633928578125 0.953125
2 0.7299107140625 0.9642857140625001 0.6875 0.9977678578125 0.7589285718750001 0.9977678578125 0.7299107140625 0.9642857140625001
2 0.0491071421875 0.493303571875 0.053571428125 0.546875 0.10714285781249999 0.578125 0.16071428593749998 0.5290178578125 0.147321428125 0.484375 0.11383928593749999 0.459821428125 0.0491071421875 0.493303571875
2 0.921875 0.94609375 0.1203125 0.10703125
2 0.2203125 0.65 0.14765625 0.19921875