2 0.19609375 0.2 0.165625 0.184375
2 0.1296875 0.315625 0.146875 0.1546875
2 0.23671875 0.43828125 0.153125 0.1890625
2 0.33671875 0.38515625 0.165625 0.203125
2 0.54296875 0.371875 0.15625 0.2015625
2 0.41171875 0.05078125 0.1453125 0.1015625
2 0.52265625 0.02265625 0.0828125 0.0453125
2 0.721875 0.075 0.13125 0.09375
2 0.83671875 0.3015625 0.1296875 0.1578125
2 0.87578125 0.403125 0.15 0.1828125
2 0.54375 0.70390625 0.1640625 0.1953125
2 0.30234375 0.76953125 0.171875 0.203125
2 0.46796875 0.8390625 0.1109375 0.13125
2 0.5546875 0.8703125 0.153125 0.175
2 0.70546875 0.915625 0.1421875 0.16875
2 0.83125 0.928125 0.175 0.14375
2 0.13125 0.04453125 0.084375 0.0890625
2 0.05703125 0.61640625 0.1140625 0.2171875
2 0.96796875 0.34296875 0.0640625 0.2109375
2 0.43203125 0.7421875 0.16875 0.2234375