2 0.9397321421875 0.48214285781250005 0.8995535718750001 0.491071428125 0.8526785718750001 0.5602678578125 0.8660714281249999 0.6227678578125 0.9151785718750001 0.640625 0.9598214281249999 0.6004464281249999 0.9821428578125 0.546875 0.9732142859374999 0.5111607140625 0.9397321421875 0.48214285781250005
2 0.7790178578125 0.45535714218749995 0.7321428578125 0.5245535718750001 0.7477678578125 0.5625 0.7879464281249999 0.5982142859375 0.8080357140625001 0.5959821421875 0.84375 0.5558035718750001 0.84375 0.5022321421875 0.8191964281249999 0.46428571406249997 0.7790178578125 0.45535714218749995
2 0.6964285718750001 0.5870535718750001 0.6964285718750001 0.6674107140625 0.7299107140625 0.7053571421875 0.7589285718750001 0.7075892859375 0.7946428578125 0.6584821421875 0.7901785718750001 0.609375 0.7254464281249999 0.5625 0.6964285718750001 0.5870535718750001
2 0.6986607140625 0.36607142812500004 0.6696428578125 0.45758928593750003 0.6897321421875 0.49553571406249997 0.7276785718750001 0.5022321421875 0.7589285718750001 0.44866071406249997 0.7589285718750001 0.39955357187499996 0.7477678578125 0.37946428593750003 0.6986607140625 0.36607142812500004
2 0.6316964281249999 0.5 0.5848214281249999 0.515625 0.5625 0.578125 0.5669642859375 0.6450892859375 0.6116071421875 0.6808035718750001 0.6785714281249999 0.6450892859375 0.6919642859375 0.5870535718750001 0.6875 0.5379464281249999 0.6316964281249999 0.5
2 0.7633928578125 0.2477678578125 0.7633928578125 0.2834821421875 0.7767857140625 0.32366071406249997 0.8392857140625001 0.359375 0.8839285718750001 0.30580357187499996 0.8571428578125 0.2299107140625 0.8058035718750001 0.1875 0.7633928578125 0.2477678578125
2 0.7165178578125 0.1428571421875 0.6875 0.1852678578125 0.6875 0.234375 0.7075892859375 0.27232142812500004 0.7366071421875 0.27008928593750003 0.7678571421875 0.22544642812500001 0.7723214281249999 0.171875 0.7522321421875 0.147321428125 0.7165178578125 0.1428571421875
2 0.8125 0.055803571875 0.8571428578125 0.0022321421875000002 0.7611607140625 0 0.7767857140625 0.037946428125 0.8125 0.055803571875
2 0.475446428125 0.0580357140625 0.5178571421875 0.060267857812500006 0.5535714281249999 0.0334821421875 0.5647321421875 0 0.45089285781250005 0.0022321421875000002 0.475446428125 0.0580357140625
2 0.36607142812500004 0.0736607140625 0.40625 0.087053571875 0.44196428593750003 0.055803571875 0.446428571875 0.0022321421875000002 0.35491071406249997 0 0.36607142812500004 0.0736607140625
2 0.2633928578125 0.069196428125 0.27232142812500004 0.118303571875 0.30803571406249997 0.131696428125 0.34821428593750003 0.0959821421875 0.34375 0.0513392859375 0.3102678578125 0.0267857140625 0.2633928578125 0.069196428125
2 0.25892857187499996 0.0424107140625 0.32142857187499996 0.0022321421875000002 0.196428571875 0.0022321421875000002 0.2209821421875 0.0357142859375 0.25892857187499996 0.0424107140625
2 0.194196428125 0.2053571421875 0.165178571875 0.2388392859375 0.165178571875 0.29241071406249997 0.19866071406250002 0.32142857187499996 0.2232142859375 0.31919642812500004 0.25446428593750003 0.2790178578125 0.25446428593750003 0.2388392859375 0.2299107140625 0.20982142812500001 0.194196428125 0.2053571421875
2 0.078125 0.18303571406250002 0.053571428125 0.203125 0.053571428125 0.27455357187499996 0.0736607140625 0.3125 0.102678571875 0.3147321421875 0.125 0.29241071406249997 0.12946428593749998 0.2388392859375 0.116071428125 0.19866071406250002 0.078125 0.18303571406250002
2 0.0022321421875000002 0.040178571875 0 0.203125 0.0133928578125 0.203125 0.0446428578125 0.162946428125 0.0491071421875 0.12276785781249999 0.03125 0.060267857812500006 0.0022321421875000002 0.040178571875
2 0.35491071406249997 0.477678571875 0.29241071406249997 0.46428571406249997 0.24107142812500001 0.49776785781250005 0.22767857187499999 0.609375 0.2366071421875 0.6540178578125 0.27455357187499996 0.6919642859375 0.3125 0.6897321421875 0.33705357187499996 0.6830357140625 0.38392857187499996 0.6227678578125 0.39732142812500004 0.5558035718750001 0.35491071406249997 0.477678571875
2 0.40848214218749995 0.41071428593750003 0.375 0.462053571875 0.3928571421875 0.5334821421875 0.40848214218749995 0.5535714281249999 0.43303571406249997 0.5513392859375 0.48214285781250005 0.49776785781250005 0.477678571875 0.43973214218749995 0.444196428125 0.40178571406249997 0.40848214218749995 0.41071428593750003
2 0.2790178578125 0.7008928578125 0.2678571421875 0.7209821421875 0.27678571406249997 0.7834821421875 0.31696428593750003 0.796875 0.36607142812500004 0.7611607140625 0.36607142812500004 0.7165178578125 0.3415178578125 0.6875 0.2790178578125 0.7008928578125
2 0.43526785781250005 0.7678571421875 0.40625 0.8102678578125 0.41071428593750003 0.8861607140625001 0.43526785781250005 0.9151785718750001 0.47321428593750003 0.9174107140625001 0.5089285718750001 0.8727678578125 0.5089285718750001 0.8325892859374999 0.462053571875 0.7678571421875 0.43526785781250005 0.7678571421875
2 0.118303571875 1 0.2008928578125 0.9977678578125 0.19196428593749998 0.9486607140625001 0.1584821421875 0.9241071421875 0.116071428125 0.9709821421875 0.118303571875 1
2 0.88515625 0.95625 0.1109375 0.0875
2 0 0.47098214218749995 0.0334821421875 0.5044642859375 0.0758928578125 0.5111607140625 0.12053571406250001 0.47098214218749995 0.12946428593749998 0.390625 0.0959821421875 0.33482142812500004 0.0424107140625 0.31696428593750003 0 0.35044642812500004 0 0.47098214218749995
2 0 0.21205357187499999 0.0044642859375000005 0.3415178578125 0.053571428125 0.30133928593750003 0.0446428578125 0.22544642812500001 0.024553571875 0.20982142812500001 0 0.21205357187499999
2 0.6227678578125 0.8035714281249999 0.5848214281249999 0.8549107140625001 0.5892857140625 0.9441964281249999 0.6049107140625 0.9642857140625001 0.6339285718750001 0.9620535718750001 0.6919642859375 0.9040178578125 0.6875 0.8415178578125 0.6540178578125 0.8035714281249999 0.6227678578125 0.8035714281249999
2 0.41015625 0.25 0.1328125 0.1875