2 0.338180346875 0.43122082656250005 0.3219737921875 0.39683679843749997 0.2906331671875 0.393060871875 0.2550936953125 0.41357959375000003 0.2412283890625 0.4653256203125 0.2633254765625 0.503598896875 0.3005566328125 0.511264071875 0.327471765625 0.48843446406249996 0.338180346875 0.43122082656250005
2 0.432058534375 0.32234411875 0.41585197812499997 0.287960090625 0.3845113546875 0.2841841640625 0.34003794374999996 0.320796121875 0.33079440625 0.355293471875 0.34426715625000004 0.391255865625 0.39358897812500004 0.3882954171875 0.4205041125 0.365465809375 0.432058534375 0.32234411875
2 0.46373912031250003 0.402470321875 0.4378661078125 0.3955376703125 0.40979553125 0.42267944531249996 0.41402474375000003 0.493139190625 0.4652345265625 0.47450842968750007 0.477944390625 0.427074571875 0.46373912031250003 0.402470321875
2 0.4148705875 0.5072311390625 0.399509875 0.48693905937500004 0.361546196875 0.49063202656250005 0.33894323125 0.514617078125 0.3474846125 0.5862322640625 0.37724687343749996 0.587274384375 0.4053174484375 0.5601326078125 0.4148705875 0.5072311390625
2 0.3858104828125 0.40007648125 0.3471142828125 0.41512759375 0.34618548437499996 0.47033994687499997 0.3927735 0.46895786250000004 0.40317247968750003 0.4301483421875 0.3858104828125 0.40007648125
2 0.229560646875 0.4829972171875 0.213271134375 0.517917490625 0.2327477375 0.5832192234375 0.2675546890625 0.5740586421875 0.2799549515625 0.5450289015625 0.229560646875 0.4829972171875
2 0.214116978125 0.5320094390625 0.1872848 0.48553474531249996 0.1375400578125 0.48144921875 0.0973788171875 0.51921661875 0.07773630000000001 0.5925234875000001 0.111614453125 0.6385752609375 0.157469946875 0.6485513203125 0.203098796875 0.60762719375 0.214116978125 0.5320094390625
2 0.053690521874999994 0.3804117359375 0.036441846875 0.3757899671875 0.0083712703125 0.40293174374999996 0.009753356250000001 0.44951975937500005 0.02858039375 0.45687533281250003 0.060963139062500005 0.4308889984375 0.053690521874999994 0.3804117359375
2 0 0.5790833796875 0.008741599999999999 0.5740364140625001 0.011248760937500001 0.521557865625 0 0.524775696875 0 0.5790833796875
2 0 0.7358084515625001 0.018045865624999997 0.7290478499999999 0.020553028125 0.676569303125 0 0.6850428984375 0 0.7358084515625001
2 0.1305548125 0.6713809265624999 0.104568478125 0.6389981812500001 0.064603515625 0.632911371875 0.0420005515625 0.656896421875 0.053698657812499995 0.7339792187499999 0.081150034375 0.7436456765624999 0.12562344375 0.7070337203125 0.1305548125 0.6713809265624999
2 0.1468665515625 0.377647565625 0.115525928125 0.373871640625 0.083143184375 0.39985797343749996 0.0761275734375 0.4950352890625 0.1113574453125 0.4929206828125 0.15698629687500001 0.45199655781250003 0.1468665515625 0.377647565625
2 0.1612073734375 0.16888881875 0.1319813546875 0.2003427640625 0.136520165625 0.25239839062499997 0.18772994999999998 0.23376762968749998 0.1870803859375 0.1758214703125 0.1612073734375 0.16888881875
2 0.523864221875 0 0.516942053125 0.040051859375 0.530724403125 0.057610134375 0.5730002484375001 0.055072607812499993 0.58413175 0.00490494375 0.5626793484375 0 0.523864221875 0
2 0.5986466203125 0.011105075 0.6172773796875 0.062314859375 0.66070866875 0.0554651640625 0.6703751265625 0.028013787499999998 0.5986466203125 0.011105075
2 0.7638911203125 0.10159989375 0.7970063875 0.064255415625 0.735057659375 0.0453454203125 0.7638911203125 0.10159989375
2 0.8793605171875001 0.0932547921875 0.8393955546875 0.08716798125 0.8113249796875 0.1143097578125 0.8224868437499999 0.1588964890625 0.8456260515625 0.16740750468750001 0.8897898609375 0.149199665625 0.8793605171875001 0.0932547921875
2 0.9384398890625001 0.3471061484375 0.91561028125 0.3201910140625 0.8928939953125001 0.318725971875 0.8593558078125 0.349024475 0.8512677125 0.37920965624999997 0.8730551999999999 0.435887053125 0.91764193125 0.4247251875 0.9398219734375 0.3936941625 0.9384398890625001 0.3471061484375
2 0.956564771875 0.46057425937499996 0.930691759375 0.45364160625 0.8959981296875 0.48825227812499994 0.8876004343749999 0.536841578125 0.900227340625 0.558712021875 0.9374584968749999 0.566377196875 0.9655290734375 0.5392354187499999 0.956564771875 0.46057425937499996
2 0.64741810625 0.5880291328125 0.6312115515625 0.553645103125 0.5978696421875 0.5400893984375 0.5580180015625 0.559452678125 0.538685084375 0.61435543125 0.5596267296875 0.656940878125 0.5870781046875 0.6666073375 0.6226175765625 0.6460886125 0.64741810625 0.5880291328125
2 0.5159162046875 0.7769490859375 0.49319991874999997 0.7754840421875 0.45966173125000004 0.805782546875 0.4693585546875 0.8730855640625 0.5248805062499999 0.855610246875 0.5332782015624999 0.8070209453125001 0.5159162046875 0.7769490859375
2 0.279592759375 0.7274917140625 0.23049758125 0.7813523484375 0.25775268125 0.8348730156249999 0.30780702187500003 0.8205544234375 0.31936144375 0.7774327343749999 0.279592759375 0.7274917140625
2 0.47977957968749996 1 0.46938891875 0.9678399578124999 0.4478280734375 0.9620627468749999 0.40566555 0.9900503671875001 0.44279808750000005 1 0.47977957968749996 1
2 0.774533015625 0.8208255234375 0.7540142921874999 0.7852860515625 0.7226736671875 0.7815101249999999 0.6813569859374999 0.82358969375 0.6852765984375 0.9124535546875 0.73028625 0.9083376640624999 0.766135321875 0.8694148234375 0.774533015625 0.8208255234375
2 0.865677396875 0.7135271796875 0.8332946531250001 0.7395135140625 0.8386793062500001 0.8056610890625 0.8887336484375 0.7913424984375 0.8872382421875 0.719304390625 0.865677396875 0.7135271796875
2 1 0.2796235125 0.9936218765625 0.25328055312500003 0.9463013421875001 0.26602078125 0.9304347500000001 0.307987028125 0.9444437421874999 0.3764454875 0.96327078125 0.3838010609375 0.9940751625 0.355080921875 0.9850985515625 0.354672009375 0.979587146875 0.3476474375 0.9889216796875001 0.333505153125 0.9911086765625001 0.33224191875 0.9944694859375 0.312800459375 1 0.310486234375 1 0.2796235125
2 0.898920078125 0.08925222187500001 0.905346853125 0.1256375359375 0.9241738890625 0.1329931109375 0.9651809734375 0.109317659375 0.898920078125 0.08925222187500001
2 0.333597078125 0.8967913796874999 0.32170269218750003 0.8635627906250001 0.2958296796875 0.8566301375 0.26029020625 0.8771488625 0.2504274703125 0.9484544484375 0.299439690625 0.9638981171875001 0.3208872140625 0.9442252359375001 0.333597078125 0.8967913796874999
2 0.62890625 0.39375 0.1953125 0.2203125
2 0.5890625 0.7578125 0.190625 0.2203125