2 0.7321428578125 0.6852678578125 0.7633928578125 0.703125 0.7857142859375 0.6808035718750001 0.7901785718750001 0.640625 0.7522321421875 0.6160714281249999 0.7321428578125 0.6852678578125
2 0.6674107140625 0.5580357140625 0.6383928578125 0.5870535718750001 0.6383928578125 0.6316964281249999 0.65625 0.6763392859375 0.6875 0.6941964281249999 0.7276785718750001 0.6629464281249999 0.7366071421875 0.609375 0.7075892859375 0.5625 0.6674107140625 0.5580357140625
2 0.6941964281249999 0.4375 0.6607142859375 0.47098214218749995 0.65625 0.5290178578125 0.671875 0.5491071421875 0.7276785718750001 0.5513392859375 0.7455357140625 0.5290178578125 0.7455357140625 0.47098214218749995 0.7165178578125 0.4375 0.6941964281249999 0.4375
2 0.8080357140625001 0.5691964281249999 0.84375 0.5870535718750001 0.875 0.546875 0.8504464281249999 0.48660714218749995 0.8035714281249999 0.5200892859375 0.8080357140625001 0.5691964281249999
2 0.9464285718750001 0.5825892859375 0.9821428578125 0.609375 1 0.5602678578125 0.9799107140625001 0.5401785718750001 0.953125 0.5446428578125 0.9464285718750001 0.5825892859375
2 0.9977678578125 0.6964285718750001 0.9642857140625001 0.7700892859375 1 0.7924107140625 0.9977678578125 0.6964285718750001
2 0.9196428578125 0.8236607140625001 0.9241071421875 0.8772321421875 0.9642857140625001 0.8861607140625001 1 0.8772321421875 0.9977678578125 0.8035714281249999 0.9397321421875 0.8035714281249999 0.9196428578125 0.8236607140625001
2 0.8214285718750001 0.9174107140625001 0.8080357140625001 0.9709821421875 0.8191964281249999 1 0.8794642859374999 0.9977678578125 0.8705357140625001 0.9263392859374999 0.8839285718750001 0.9174107140625001 0.8549107140625001 0.8973214281249999 0.8214285718750001 0.9174107140625001
2 0.5803571421875 0.8995535718750001 0.6049107140625 0.9330357140625001 0.625 0.9308035718750001 0.6473214281249999 0.8861607140625001 0.6316964281249999 0.8616071421875 0.5959821421875 0.8616071421875 0.5803571421875 0.8995535718750001
2 0.35491071406249997 0.8482142859374999 0.3125 0.921875 0.3125 0.9486607140625001 0.36607142812500004 0.9754464281249999 0.41071428593750003 0.9308035718750001 0.41071428593750003 0.8727678578125 0.38616071406249997 0.8482142859374999 0.35491071406249997 0.8482142859374999
2 0.14508928593749998 0.7723214281249999 0.0982142859375 0.8191964281249999 0.102678571875 0.8727678578125 0.133928571875 0.8816964281249999 0.165178571875 0.8638392859374999 0.1741071421875 0.8325892859374999 0.1696428578125 0.7834821421875 0.14508928593749998 0.7723214281249999
2 0.2053571421875 0.6540178578125 0.20982142812500001 0.7165178578125 0.2321428578125 0.7299107140625 0.27232142812500004 0.6986607140625 0.27232142812500004 0.6361607140625 0.2477678578125 0.6205357140625 0.2053571421875 0.6540178578125
2 0.2321428578125 0.5513392859375 0.24107142812500001 0.6049107140625 0.27678571406249997 0.6138392859375 0.30357142812500004 0.5558035718750001 0.28794642812500004 0.5178571421875 0.2477678578125 0.5267857140625 0.2321428578125 0.5513392859375
2 0.2366071421875 0.47991071406249997 0.25669642812500004 0.5133928578125 0.29017857187499996 0.5111607140625 0.30803571406249997 0.453125 0.27455357187499996 0.415178571875 0.2455357140625 0.430803571875 0.2366071421875 0.47991071406249997
2 0.11160714218750001 0.6049107140625 0.116071428125 0.6584821421875 0.147321428125 0.6808035718750001 0.196428571875 0.6272321421875 0.17633928593749998 0.5535714281249999 0.13616071406250002 0.5625 0.11160714218750001 0.6049107140625
2 0.0044642859375000005 0.578125 0.0133928578125 0.6227678578125 0.0491071421875 0.6450892859375 0.084821428125 0.5870535718750001 0.0513392859375 0.5357142859375 0.024553571875 0.5446428578125 0.0044642859375000005 0.578125
2 0.03125 0.44866071406249997 0.0446428578125 0.49776785781250005 0.071428571875 0.5066964281249999 0.11160714218750001 0.46651785781250005 0.087053571875 0.40178571406249997 0.060267857812500006 0.40178571406249997 0.03125 0.44866071406249997
2 0.040178571875 0.2790178578125 0.0491071421875 0.3415178578125 0.071428571875 0.35044642812500004 0.102678571875 0.30580357187499996 0.0982142859375 0.25669642812500004 0.078125 0.24107142812500001 0.040178571875 0.2790178578125
2 0.133928571875 0.3147321421875 0.1383928578125 0.359375 0.178571428125 0.3772321421875 0.20982142812500001 0.33705357187499996 0.194196428125 0.25892857187499996 0.1584821421875 0.27232142812500004 0.133928571875 0.3147321421875
2 0.6160714281249999 0.078125 0.6205357140625 0.11383928593749999 0.6450892859375 0.1428571421875 0.6696428578125 0.140625 0.6964285718750001 0.0915178578125 0.671875 0.053571428125 0.6361607140625 0.0446428578125 0.6160714281249999 0.078125
2 0.9308035718750001 0.053571428125 0.9017857140625001 0.0825892859375 0.9017857140625001 0.12276785781249999 0.9263392859374999 0.16071428593749998 0.9508928578125 0.1584821421875 0.9732142859374999 0.140625 0.9776785718750001 0.0915178578125 0.953125 0.053571428125 0.9308035718750001 0.053571428125
2 0.6272321421875 0.29017857187499996 0.59375 0.328125 0.5892857140625 0.36830357187499996 0.6383928578125 0.412946428125 0.6741071421875 0.3727678578125 0.6741071421875 0.33258928593750003 0.6540178578125 0.2991071421875 0.6272321421875 0.29017857187499996
2 0.5669642859375 0.47991071406249997 0.5915178578125 0.5133928578125 0.6205357140625 0.515625 0.6383928578125 0.453125 0.5959821421875 0.41071428593750003 0.5669642859375 0.43973214218749995 0.5669642859375 0.47991071406249997
2 0.48660714218749995 0.49776785781250005 0.49553571406249997 0.5334821421875 0.5267857140625 0.546875 0.5625 0.5022321421875 0.5424107140625 0.4375 0.5044642859375 0.453125 0.48660714218749995 0.49776785781250005
2 0.428571428125 0.41741071406249997 0.4375 0.493303571875 0.459821428125 0.5111607140625 0.5 0.44866071406249997 0.491071428125 0.412946428125 0.462053571875 0.3928571421875 0.428571428125 0.41741071406249997
2 0.578125 0.5491071421875 0.5580357140625 0.5870535718750001 0.5714285718750001 0.6361607140625 0.5982142859375 0.6450892859375 0.6294642859375 0.6138392859375 0.6294642859375 0.5647321421875 0.609375 0.5446428578125 0.578125 0.5491071421875
2 0.46875 0.640625 0.459821428125 0.6808035718750001 0.49776785781250005 0.7366071421875 0.5267857140625 0.7388392859375 0.5580357140625 0.6986607140625 0.53125 0.6316964281249999 0.493303571875 0.6205357140625 0.46875 0.640625
2 0.5803571421875 0.7165178578125 0.5959821421875 0.7455357140625 0.625 0.7522321421875 0.65625 0.7075892859375 0.6049107140625 0.6517857140625 0.5848214281249999 0.6674107140625 0.5803571421875 0.7165178578125
2 0.375 0.43973214218749995 0.3571428578125 0.47991071406249997 0.37053571406249997 0.5379464281249999 0.3928571421875 0.5424107140625 0.428571428125 0.5111607140625 0.428571428125 0.47098214218749995 0.40401785781250005 0.428571428125 0.375 0.43973214218749995
2 0.38203125 0.2015625 0.17890625 0.1875
2 0.765625 0.35 0.15078125 0.22109375