2 0.95703125 0.4390625 0.0859375 0.23125
2 0.9359375 0.28671875 0.128125 0.1578125
2 0.85234375 0.65078125 0.1578125 0.18125
2 0.63671875 0.5625 0.1484375 0.1640625
2 0.6703125 0.94765625 0.15625 0.1046875
2 0.32578125 0.82109375 0.20625 0.2296875
2 0.4515625 0.62265625 0.1671875 0.1875
2 0.2625 0.54453125 0.1609375 0.1859375
2 0.32734375 0.33515625 0.14375 0.15625
2 0.409375 0.2390625 0.15 0.1796875
2 0.21328125 0.68984375 0.1375 0.1546875
2 0.14921875 0.865625 0.115625 0.1015625
2 0.06875 0.81328125 0.1375 0.1453125
2 0.01015625 0.82109375 0.0203125 0.0640625
2 0.2875 0.03203125 0.21875 0.0640625
2 0.79375 0.11171875 0.1703125 0.1171875