2 0 0.4618620796875 0.016676075000000002 0.4954577203125 0.0644020234375 0.5122868406250001 0.085892603125 0.49397430781249996 0.09770467031249999 0.43383071875 0.0718248953125 0.38169329375 0.011242387500000001 0.36283622968749996 0 0.4070908109375 0 0.4618620796875
2 0.1947455890625 0.447587403125 0.167276790625 0.4153515328125 0.129146028125 0.4163126984375 0.12023974374999999 0.47768971875000005 0.1352909015625 0.514942640625 0.1871560625 0.5300994109375 0.20319067031250002 0.492324240625 0.1947455890625 0.447587403125
2 0.1842948484375 0.302548271875 0.1753052375 0.339884521875 0.19035639531249998 0.37713744375 0.24054920468750002 0.3881549984375 0.2557893015625 0.360330609375 0.22903168749999997 0.294103190625 0.1842948484375 0.302548271875
2 0.3152439875 0.2929753703125 0.28909194843749997 0.2818744875 0.25060559375 0.2998314265625 0.268206940625 0.35531355625 0.3109991640625 0.3837658046875 0.3275560171875 0.3770764015625 0.3394514125 0.3409735828125 0.3152439875 0.2929753703125
2 0.1552593109375 0.17705510468750002 0.16468784218750002 0.14676385 0.14796433281250002 0.10537171406250001 0.08587612812499999 0.1304569765625 0.11422276718749999 0.1767828390625 0.1552593109375 0.17705510468750002
2 0.2391103609375 0.092620765625 0.21128596875 0.07738066875 0.1603819734375 0.1003546609375 0.17886116093749999 0.16992678125 0.2066855515625 0.185166878125 0.23733239843749998 0.1775996359375 0.25416151875000004 0.1298736875 0.2391103609375 0.092620765625
2 0.5617965593750001 0.3907720421875 0.5231435515625 0.3606474421875 0.5053532656249999 0.37024262812500003 0.48887973906250004 0.4009728015625 0.5022585453125 0.43408651093749995 0.5450507671875 0.462538759375 0.56988605 0.4525046546875 0.5617965593750001 0.3907720421875
2 0.5297273437500001 0.46632238125000003 0.47399523437499996 0.4118014171875 0.44581525156249996 0.413557096875 0.4318919140625 0.462516475 0.4544269859375 0.506375475 0.4781121640625 0.523287921875 0.5286605671875 0.517309703125 0.5297273437500001 0.46632238125000003
2 0.540805940625 0.55332919375 0.5154484125 0.532277534375 0.4818957859375 0.5386113453125 0.46956147187499997 0.5676691671875 0.482145765625 0.6107336531249999 0.5099701578125 0.62597375 0.5488954296874999 0.6150618062500001 0.540805940625 0.55332919375
2 0.3850215203125 0.5729362015625 0.3716427140625 0.5398224921875 0.3434627296875 0.5415781703125 0.3121880265625 0.60717773125 0.32142761875 0.6419637890625001 0.3492520109375 0.6572038859375 0.372414940625 0.6430305671875 0.3850215203125 0.5729362015625
2 0.3958501375 0.5878207046874999 0.3802544484375 0.6326408703124999 0.39530560625 0.6698937921875 0.44884311875 0.689189775 0.46487772656250004 0.6514146046875 0.4522934328125 0.60835011875 0.3958501375 0.5878207046874999
2 0.326444671875 0.65438143125 0.2969479296875 0.6350021203125 0.2692068671875 0.6438027953125001 0.2661121453125 0.7076466781249999 0.3035317234375 0.7406770593750001 0.3329451359375 0.7360156 0.3473073953125 0.6941012171875001 0.326444671875 0.65438143125
2 0.075125028125 0.616289428125 0.08612029843749999 0.679255471875 0.12055076718749999 0.6870116515625 0.14160242812499998 0.6616541234375 0.1306904828125 0.62272885 0.10700530625 0.6058164046875001 0.075125028125 0.616289428125
2 0.385582525 0.85438044375 0.401617134375 0.8166052734375 0.390705190625 0.7776800015625 0.359536096875 0.7541614765625 0.3193773921875 0.7679792046875 0.2974478921875 0.779246740625 0.29964249062500004 0.8144717203124999 0.350357546875 0.8565750421875 0.385582525 0.85438044375
2 0.589615140625 0.8826883234375 0.6056497484375 0.844913153125 0.5855815390625 0.795242590625 0.5444616671875 0.7709295546875 0.5266713828125 0.780524740625 0.51521490625 0.82367255625 0.533610765625 0.8692039046875 0.5631075078125 0.888583215625 0.589615140625 0.8826883234375
2 0.6283960453125 0.7105359859375 0.6105224328125 0.6960904015625 0.576969803125 0.7024242125 0.5696525421875 0.743899675 0.5847037 0.7811525984375 0.6257402437499999 0.7814248640625 0.6409803390625 0.753600471875 0.6283960453125 0.7105359859375
2 0.7008516625000001 0.8064490843750001 0.66633786875 0.7746521328125 0.6327852390625 0.7809859453125 0.6213287640625 0.8241337578125 0.6464140265625 0.8862219625 0.6998682125 0.881477175 0.7134359578125 0.849513571875 0.7008516625000001 0.8064490843750001
2 0.7275259484375 0.8486357312499999 0.7177418249999999 0.8959227593750001 0.7402768984375 0.939781759375 0.805270884375 0.915929928125 0.7814190546875001 0.8509359406250001 0.7494554484375 0.8373681953125001 0.7275259484375 0.8486357312499999
2 0.771846153125 0.7199868015625001 0.7385657890624999 0.6852840687499999 0.689606409375 0.67136073125 0.6797389593750001 0.6946069890625 0.6982181453125 0.7641791078125 0.7356377234375 0.797209490625 0.7667234875 0.79668724375 0.771846153125 0.7199868015625001
2 0.9226968484375 0.7120029234375 0.891883346875 0.6714886265625 0.8570972890625 0.68072821875 0.8341010109375 0.742983078125 0.8549637328124999 0.7827028640625 0.8927389015625 0.798737471875 0.9129960515625 0.783330721875 0.9226968484375 0.7120029234375
2 0.894100228125 0.5935547515625 0.88598845625 0.6449809937500001 0.9117849046875 0.67307765 0.94119831875 0.668416190625 0.946404309375 0.6157565171875 0.9339033406249999 0.5967327984375 0.894100228125 0.5935547515625
2 0.8675092703124999 0.5754088734375 0.838012528125 0.5560295640625 0.8144106765625001 0.5631578875 0.7945924468750001 0.5856096328125 0.8088490937499999 0.632813334375 0.8325342703124999 0.64972578125 0.86732033125 0.6404861875 0.8675092703124999 0.5754088734375
2 0.8032264671875 0.5652691562500001 0.8108993218749999 0.5067979203124999 0.7714518015625 0.4866240984375 0.753661515625 0.49621928437499996 0.74968895625 0.5459731750000001 0.8032264671875 0.5652691562500001
2 0.8080158234375 0.392405634375 0.77851908125 0.37302632343750003 0.7366880265625 0.3827048375 0.7177476359375 0.419246575 0.72953741875 0.47226184218749995 0.802098646875 0.47905685625 0.82060011875 0.435470121875 0.8080158234375 0.392405634375
2 0.9821738203124999 0.53148883125 0.9881743234375 0.46887838125 0.9714508140625 0.42748624375000005 0.9311254546875001 0.39322243125 0.8892943984375 0.40290094375 0.870354009375 0.43944268124999997 0.892972409375 0.5073424515625 0.9473877609375 0.5407284234375 0.9821738203124999 0.53148883125
2 0.9075681734375 0.1740330453125 0.861158984375 0.17833891562499998 0.8572697515625001 0.252133575 0.88473855 0.28436944375 0.9257750937500001 0.284641709375 0.9359981375 0.24439967812500002 0.9075681734375 0.1740330453125
2 0.8535917421875 0.14769206875000002 0.8211058906250001 0.10303855625 0.7970651203125 0.103121884375 0.7715186546874999 0.1471475375 0.7899145140625 0.1926788875 0.82355046875 0.210385846875 0.8425741875 0.197884878125 0.8535917421875 0.14769206875000002
2 0.518961959375 1 0.5123701671875 0.9596387468750001 0.48076215624999996 0.9290752281250001 0.44677060781250005 0.9283640421875001 0.43038040625 0.9831349859375 0.4371943140625 1 0.518961959375 1
2 0.178169234375 1 0.180816440625 0.973222965625 0.1375853 0.9377257218749999 0.16444636562499998 1 0.178169234375 1
2 0.20703125 0.83828125 0.1984375 0.2296875