0 0.5703125 0.88046875 0.0609375 0.06875
0 0.734375 0.778125 0.1375 0.18984375
0 0.75 0.6265625 0.05625 0.11875
0 0.81796875 0.61484375 0.07265625 0.0984375
0 0.8796875 0.65390625 0.06796875 0.09921875
0 0.8609375 0.5375 0.0640625 0.096875
0 0.77890625 0.32578125 0.10546875 0.15703125
0 0.87734375 0.29921875 0.0578125 0.07734375
0 0.68359375 0.428125 0.08203125 0.1015625
0 0.5890625 0.3859375 0.06640625 0.07109375
0 0.52421875 0.2109375 0.06484375 0.078125
0 0.69765625 0.03046875 0.0578125 0.0609375
0 0.4875 0.36953125 0.10859375 0.11484375
0 0.40078125 0.42109375 0.08125 0.121875
0 0.34453125 0.39140625 0.05859375 0.07265625
0 0.3359375 0.49765625 0.05859375 0.0796875
0 0.35390625 0.6625 0.07265625 0.0765625
0 0.3453125 0.965625 0.090625 0.06875
0 0.2421875 0.96796875 0.08203125 0.0640625
0 0.2296875 0.89765625 0.07421875 0.0734375
0 0.034375 0.75 0.06875 0.09375
0 0.07578125 0.6765625 0.1328125 0.18046875
0 0.04375 0.56328125 0.0875 0.1234375
0 0.15078125 0.4578125 0.0609375 0.06171875
0 0.08671875 0.31640625 0.071875 0.0984375
0 0.16328125 0.028125 0.06484375 0.05625
0 0.1265625 0.078125 0.0921875 0.1265625
0 0.159375 0.63359375 0.10703125 0.1625
0 0.98515625 0.65859375 0.0296875 0.13515625