2 0.79860255 0.9163382203125 0.8042767015625 0.884336878125 0.7729093078125 0.8417196265625 0.7260826921875 0.8511660859375001 0.6928134546875 0.9193781328125 0.7002044515625 0.9602352609375 0.7233500078125 0.9789745625 0.7750199359375001 0.9545059406249999 0.79860255 0.9163382203125
2 0.69657386875 0.7945543984375 0.6545905640624999 0.7889786937500001 0.615887340625 0.8123211390625 0.594557078125 0.8764222687500001 0.618828809375 0.9081282749999999 0.654744178125 0.9057774796875 0.6903642125 0.8734808015625 0.69657386875 0.7945543984375
2 0.7129623734375 0.7354934734375 0.715454890625 0.6845559390625 0.67112079375 0.6430648625 0.6382886109375 0.6543698890625 0.594938965625 0.712698421875 0.60037295 0.7575680234375 0.625573965625 0.7822768109375 0.6813548125 0.7697471640625 0.7129623734375 0.7354934734375
2 0.870027615625 0.6680570953125 0.8686061046875 0.6251445078125 0.8383648859375 0.5954939609375 0.7856672296875 0.6169778390625 0.7660970890625001 0.6571025734375 0.77769745 0.7198806375 0.7967320890625 0.7266809624999999 0.8425309750000001 0.7142497609375 0.870027615625 0.6680570953125
2 0.7273819718750001 0.476793328125 0.6846662765625 0.4981787609375 0.6630406765625 0.5323340078125 0.6724871343750001 0.5791606234375 0.69954671875 0.589874978125 0.7630571765624999 0.551313478125 0.7575247453125 0.49646191406250006 0.7273819718750001 0.476793328125
2 0.7378994375000001 0.4297698234375 0.7345209125000001 0.39086970781249997 0.7063351515625 0.36718865 0.6635210109375 0.3785921203125 0.639938396875 0.41675984218749995 0.6475262859375001 0.4775808921875 0.6665609234375001 0.48438121718750005 0.6984638203125 0.480073409375 0.7378994375000001 0.4297698234375
2 0.791471209375 0.2944719015625 0.7546265546875001 0.30381991406250003 0.7289884828125001 0.336018146875 0.7324654515625 0.384900221875 0.75355555 0.3976700359375 0.7914279328125 0.3913067671875 0.8169675625 0.34912657187499996 0.791471209375 0.2944719015625
2 0.7541462218749999 0.4575618 0.7554692859375 0.4904924265625 0.77861484375 0.509231728125 0.8144317687499999 0.496898971875 0.8320448953125 0.4607867109375 0.8046899734374999 0.420126475 0.7541462218749999 0.4575618
2 0.9313171078125 0.303075628125 0.888502965625 0.3144790984375 0.8491657953124999 0.374764646875 0.854599778125 0.419634246875 0.8798007953125 0.4443430359375 0.9235442203125 0.42594234843749995 0.9589673640624999 0.3736817484375 0.9313171078125 0.303075628125
2 1 0.44177997187500007 0.994544121875 0.438219934375 0.9557424546875 0.45158042031249995 0.9400863421875 0.48368020781250004 0.945520325 0.5285498093750001 0.9706228953125 0.5432766375 1 0.5331612890625 1 0.44177997187500007
2 0.584976496875 0.2086586203125 0.5301249343750001 0.21419104843749998 0.506443875 0.2423768078125 0.5033174093749999 0.3302574421875 0.5374726562500001 0.3518830421875 0.571234121875 0.3335807984375 0.6086142796875 0.277307725 0.584976496875 0.2086586203125
2 0.46740203906250005 0.3326082375 0.46196805625000004 0.2877386375 0.4418072421875 0.2679716046875 0.39302361406249997 0.2814305359375 0.3694409984375 0.31959825625 0.3708625109375 0.36251084375 0.40604548749999997 0.3871211859375 0.4517459265625 0.364708025 0.46740203906250005 0.3326082375
2 0.4931071734375 0.6108785218749999 0.4642874671875 0.6241405624999999 0.43688927031249997 0.6803151890625 0.4482927421875 0.7231293328125 0.4753523265625 0.7338436859375 0.5346534203125 0.6733612499999999 0.5252069609375 0.626534634375 0.4931071734375 0.6108785218749999
2 0.448249465625 0.8199641984375001 0.42500546406249995 0.7912429359375001 0.3783757390625 0.820653315625 0.370744575 0.8566671296875 0.39501630468750004 0.8883731375 0.42094971406250004 0.8861207859375 0.44658778750000006 0.8539225546875 0.448249465625 0.8199641984375001
2 0.2765991171875 0.8256502421875 0.27337420625000003 0.903548915625 0.2915780046875 0.9273284187499999 0.345303390625 0.9088292859375 0.35890404375 0.8707600109375001 0.347500571875 0.8279458671875 0.2765991171875 0.8256502421875
2 0.21420294062499998 0.67352675625 0.1633638515625 0.6810162015625 0.12989772187499998 0.7292643265625001 0.13131923437499998 0.7721769140625 0.1624897375 0.79483024375 0.20036212187500002 0.788466975 0.2318712359375 0.744231321875 0.21420294062499998 0.67352675625
2 0.10524410312500002 0.8612821687500001 0.116887740625 0.8272253671875 0.10558271562499999 0.7943931859375 0.062571684375 0.7858327359375 0.034047310937500005 0.8290406593749999 0.10524410312500002 0.8612821687500001
2 0.18410344375 0.5570233046874999 0.178571015625 0.5021717421874999 0.1444157671875 0.48054614375 0.0896626515625 0.49606053437500003 0.0660800375 0.534228253125 0.073766371875 0.6050312640625 0.0988689421875 0.6197580921875 0.14075379999999998 0.6153518375 0.18410344375 0.5570233046874999
2 0.8859375 0.22734375 0.18125 0.20625