2 0.640625 0.6296875 0.13359375 0.17265625
2 0.6796875 0.44375 0.13515625 0.1453125
2 0.78671875 0.4015625 0.090625 0.10625
2 0.79375 0.51796875 0.11796875 0.1359375
2 0.93125 0.603125 0.084375 0.10546875
2 0.97109375 0.675 0.0578125 0.1359375
2 0.94296875 0.46875 0.11328125 0.175
2 0.7453125 0.2046875 0.11484375 0.1625
2 0.596875 0.3421875 0.09453125 0.134375
2 0.52265625 0.4125 0.0984375 0.12890625
2 0.625 0.16953125 0.11015625 0.16015625
2 0.5078125 0.0515625 0.1359375 0.103125
2 0.14765625 0.0359375 0.11953125 0.071875
2 0.05390625 0.2390625 0.09453125 0.12890625
2 0.03359375 0.33984375 0.0671875 0.15078125
2 0.11953125 0.52109375 0.09921875 0.12734375
2 0.59921875 0.9421875 0.13515625 0.115625
2 0.08671875 0.97421875 0.1390625 0.05078125
2 0.8953125 0.971875 0.11328125 0.05546875
2 0.978125 0.053125 0.04375 0.09765625
2 0.29453125 0.11875 0.1625 0.196875
2 0.0203125 0.57109375 0.03984375 0.1609375
2 0.52734375 0.66328125 0.128125 0.20234375