2 0.5018431171875 0.71683195 0.48183176093749996 0.6739174609374999 0.4324396046875 0.6725679625 0.397336871875 0.7168011359375 0.3912139625 0.785834484375 0.4159987296875 0.80910778125 0.444030034375 0.8169349468749999 0.48885696875000006 0.7786164890625 0.5018431171875 0.71683195
2 0.607826496875 1 0.620384371875 0.97851394375 0.6160119374999999 0.9317899687500001 0.558052290625 0.882189621875 0.5288488671875 0.9689517140625 0.5371635953125 1 0.607826496875 1
2 0.6648719578125 0.7975481671875 0.6286433265625 0.7796112296875 0.5853432656249999 0.8137346296875 0.5838009828125 0.8701828078125 0.6055319984375 0.9018462203125001 0.6493950093749999 0.8988078749999999 0.674966325 0.8416039609375 0.6648719578125 0.7975481671875
2 0.6938980015625 0.6655889734375 0.6687276640625 0.6564277203125 0.618564365625 0.6833023109374999 0.6113001515625001 0.7424186703125 0.6288361109375 0.7725552078125 0.666784403125 0.7792410640625 0.7001674765625 0.7462589703125 0.6938980015625 0.6655889734375
2 0.697545515625 0.583777671875 0.6706709234375 0.533614375 0.625088253125 0.547903796875 0.607521478125 0.62227350625 0.6208623828125 0.650883165625 0.6546156187500001 0.6560421484375001 0.6876131203125 0.6371720984375 0.697545515625 0.583777671875
2 0.5770301859375 0.5494152671875 0.5596870125 0.5122227078125 0.5287947421875 0.5057296359375 0.499992296875 0.5261265625 0.48319666562499997 0.57227218125 0.5045421109375 0.6180476374999999 0.522656425 0.6270161046875 0.5602345546875 0.5955608859375 0.5770301859375 0.5494152671875
2 0.4981260703125 0.3876742953125 0.4819242015625 0.3603987265625 0.43367334843750005 0.3689662171875 0.40962891093750003 0.4219750734375 0.4199160625 0.458974846875 0.4605325359375 0.4713826359375 0.49238873281249995 0.4425955984375 0.4981260703125 0.3876742953125
2 0.413484615625 0.2808546265625 0.398215859375 0.322805190625 0.41422494375 0.3571367828125 0.4695318171875 0.3487620765625 0.460208590625 0.2764821921875 0.413484615625 0.2808546265625
2 0.6228518625 0.3713104546875 0.5959772703125 0.32114715625 0.540092040625 0.350689928125 0.530545215625 0.3899723109375 0.5461687296875 0.4384159484375 0.588312078125 0.4466286828125 0.6186413984375 0.42203670000000004 0.6228518625 0.3713104546875
2 0.7311829999999999 0.334727065625 0.71269851875 0.28761751874999997 0.6818062484375 0.2811244453125 0.648423178125 0.314106540625 0.64382714375 0.3789448328125 0.6575536171875 0.393442446875 0.6913068546875001 0.3986014296875 0.7143873671875001 0.380872684375 0.7311829999999999 0.334727065625
2 0.781940059375 0.234431284375 0.7687919421875 0.1987656015625 0.7321777390624999 0.19494070937500002 0.7132922828125 0.21419632968750002 0.7022185828125 0.25767376875000003 0.7170863625 0.282088371875 0.740922609375 0.28838866093750004 0.7697250546875 0.2679917328125 0.781940059375 0.234431284375
2 0.7108631062499999 0.0446590078125 0.63535209375 0.017175246875 0.5977739640624999 0.048630465625 0.5794514562499999 0.098971140625 0.6194741671874999 0.184800121875 0.6934737125 0.1642258171875 0.7266794062499999 0.08604662187499999 0.7108631062499999 0.0446590078125
2 0.4874106 0 0.4841218734375 0.02151686875 0.50699419375 0.06309726875 0.552384078125 0.055863865624999995 0.57642851875 0.002855009375 0.570071359375 0 0.4874106 0
2 0.30169875 0.39219329531249997 0.2816873953125 0.34927880624999996 0.211127171875 0.3473509515625 0.192241715625 0.3666065734375 0.1796411390625 0.4142790703125 0.20326919375000002 0.4798885015625 0.24541254218750003 0.4881012359375 0.28604442343750003 0.4482559046875 0.30169875 0.39219329531249997
2 0.2744694 0.2516357984375 0.24282139531250002 0.22111369218750002 0.20294525000000002 0.28498805625 0.2212369453125 0.339153625 0.26490716875000003 0.343171303125 0.288373253125 0.3113305125 0.2744694 0.2516357984375
2 0.1731942859375 0.288411971875 0.15470980625 0.24130242656249998 0.1238175359375 0.234809353125 0.089293159375 0.25787445937500003 0.0694437765625 0.312410190625 0.083925984375 0.3509368390625 0.1104304125 0.362959059375 0.1594524046875 0.3261674796875 0.1731942859375 0.288411971875
2 0.08236829531249999 0.45963814062499997 0.0676933015625 0.42816751406250003 0.050913076562500006 0.42206001249999997 0.010666765625000001 0.4477933 0.0011199421875 0.48707568125 0.0171290265625 0.521407275 0.0352433421875 0.5303757421874999 0.0697677203125 0.5073106375 0.08236829531249999 0.45963814062499997
2 0.1395413953125 0.5897157015625 0.10274981406249999 0.5406937078125 0.0418983875 0.5969336953125 0.0424613375 0.6280187500000001 0.07811161250000001 0.6671237546875 0.112057634375 0.6652267140625 0.137243378125 0.622134846875 0.1395413953125 0.5897157015625
2 0 0.8080396750000001 0.0437492078125 0.7876390843750001 0.07656932968749999 0.7235719328125 0.07067001875 0.6810430140625 0.0256811109375 0.621911246875 0 0.62841705625 0 0.76899544375 0.004659609375 0.7710362359375 0 0.7974837359375 0 0.8080396750000001
2 0.254643328125 0.8738998546875001 0.2018272578125 0.842799390625 0.1673028796875 0.8658644984375 0.15775605625 0.90514688125 0.22201599062500002 0.9309109812499999 0.2450965046875 0.9131822359375 0.254643328125 0.8738998546875001
2 0.35546875 0.10703125 0.2484375 0.2140625
2 0.253125 0.68671875 0.203125 0.23125
2 0.42109375 0.94609375 0.1546875 0.1078125