2 0.7254464281249999 0.8482142859374999 0.6919642859375 0.8816964281249999 0.6875 0.9441964281249999 0.7008928578125 0.9754464281249999 0.7366071421875 0.9977678578125 0.7767857140625 0.9665178578125 0.7901785718750001 0.9040178578125 0.7611607140625 0.8571428578125 0.7254464281249999 0.8482142859374999
2 0.5200892859375 0.8303571421875 0.48214285781250005 0.8727678578125 0.47321428593750003 0.9352678578125 0.5066964281249999 0.9776785718750001 0.5357142859375 0.9799107140625001 0.5803571421875 0.9397321421875 0.5848214281249999 0.8995535718750001 0.5714285718750001 0.859375 0.5200892859375 0.8303571421875
2 0.609375 0.7991071421875 0.5803571421875 0.8325892859374999 0.5848214281249999 0.8995535718750001 0.6004464281249999 0.9285714281249999 0.6473214281249999 0.9263392859374999 0.6741071421875 0.8950892859374999 0.6741071421875 0.8370535718750001 0.6584821421875 0.8125 0.609375 0.7991071421875
2 0.6674107140625 0.6205357140625 0.59375 0.6808035718750001 0.59375 0.7477678578125 0.6183035718750001 0.7901785718750001 0.6875 0.8058035718750001 0.7232142859375 0.7700892859375 0.7321428578125 0.7075892859375 0.7053571421875 0.6361607140625 0.6674107140625 0.6205357140625
2 0.6227678578125 0.5 0.5870535718750001 0.5044642859375 0.5357142859375 0.5647321421875 0.5535714281249999 0.6450892859375 0.5736607140625 0.6651785718750001 0.6026785718750001 0.6629464281249999 0.65625 0.6227678578125 0.6696428578125 0.5870535718750001 0.65625 0.5334821421875 0.6227678578125 0.5
2 0.7142857140625 0.5691964281249999 0.7098214281249999 0.5959821421875 0.7366071421875 0.6852678578125 0.7678571421875 0.6941964281249999 0.8258928578125 0.640625 0.8125 0.5513392859375 0.7834821421875 0.5178571421875 0.7142857140625 0.5691964281249999
2 0.7075892859375 0.40178571406249997 0.6741071421875 0.421875 0.6607142859375 0.493303571875 0.6941964281249999 0.5535714281249999 0.7232142859375 0.5513392859375 0.7589285718750001 0.5200892859375 0.7723214281249999 0.462053571875 0.7433035718750001 0.41071428593750003 0.7075892859375 0.40178571406249997
2 0.859375 0.5178571421875 0.8258928578125 0.5558035718750001 0.8258928578125 0.6049107140625 0.8504464281249999 0.6473214281249999 0.8883928578125 0.6495535718750001 0.9241071421875 0.6138392859375 0.9285714281249999 0.5691964281249999 0.8995535718750001 0.5223214281249999 0.859375 0.5178571421875
2 0.375 0.7745535718750001 0.3571428578125 0.8459821421875 0.390625 0.8928571421875 0.428571428125 0.8950892859374999 0.45535714218749995 0.8638392859374999 0.459821428125 0.8013392859374999 0.40848214218749995 0.7544642859375 0.375 0.7745535718750001
2 0.30133928593750003 0.6830357140625 0.2633928578125 0.7254464281249999 0.2633928578125 0.7834821421875 0.31696428593750003 0.828125 0.3571428578125 0.8013392859374999 0.37053571406249997 0.7433035718750001 0.33705357187499996 0.6875 0.30133928593750003 0.6830357140625
2 0.1696428578125 0.7433035718750001 0.1875 0.8147321421875 0.21875 0.8236607140625001 0.25446428593750003 0.7834821421875 0.25446428593750003 0.7254464281249999 0.2299107140625 0.7053571421875 0.1696428578125 0.7433035718750001
2 0.09375 0.8147321421875 0.09375 0.8861607140625001 0.1272321421875 0.9196428578125 0.1696428578125 0.9174107140625001 0.1875 0.8772321421875 0.18303571406250002 0.8191964281249999 0.12276785781249999 0.7901785718750001 0.09375 0.8147321421875
2 0 0.8950892859374999 0.03125 0.9040178578125 0.0758928578125 0.8683035718750001 0.0803571421875 0.8415178578125 0.0803571421875 0.8058035718750001 0.0424107140625 0.7633928578125 0 0.7834821421875 0 0.8950892859374999
2 0.180803571875 0.6160714281249999 0.15178571406250002 0.6495535718750001 0.15178571406250002 0.6808035718750001 0.171875 0.7098214281249999 0.2008928578125 0.7075892859375 0.2232142859375 0.6941964281249999 0.2321428578125 0.6450892859375 0.21205357187499999 0.6205357140625 0.180803571875 0.6160714281249999
2 0.0580357140625 0.6897321421875 0.11160714218750001 0.7075892859375 0.1383928578125 0.6763392859375 0.1272321421875 0.5714285718750001 0.0580357140625 0.6495535718750001 0.0580357140625 0.6897321421875
2 0.39732142812500004 0.3772321421875 0.40625 0.412946428125 0.4375 0.42633928593750003 0.48214285781250005 0.38169642812500004 0.453125 0.3258928578125 0.42633928593750003 0.3303571421875 0.39732142812500004 0.3772321421875
2 0.44866071406249997 0.178571428125 0.40625 0.2165178578125 0.40178571406249997 0.2834821421875 0.42633928593750003 0.30803571406249997 0.48214285781250005 0.3102678578125 0.5089285718750001 0.27455357187499996 0.5089285718750001 0.2165178578125 0.475446428125 0.178571428125 0.44866071406249997 0.178571428125
2 0.5691964281249999 0.0803571421875 0.5357142859375 0.118303571875 0.53125 0.1584821421875 0.5558035718750001 0.19196428593749998 0.59375 0.194196428125 0.6205357140625 0.162946428125 0.6205357140625 0.11383928593749999 0.6004464281249999 0.084821428125 0.5691964281249999 0.0803571421875
2 0.6785714281249999 0.055803571875 0.6919642859375 0.0825892859375 0.7410714281249999 0.0959821421875 0.7723214281249999 0.060267857812500006 0.7678571421875 0.0022321421875000002 0.6897321421875 0 0.6785714281249999 0.055803571875
2 0.6808035718750001 0.0982142859375 0.6428571421875 0.1272321421875 0.6383928578125 0.1852678578125 0.6651785718750001 0.2522321421875 0.7142857140625 0.265625 0.7589285718750001 0.2165178578125 0.7633928578125 0.1584821421875 0.734375 0.11160714218750001 0.6808035718750001 0.0982142859375
2 0.7098214281249999 0.2790178578125 0.7008928578125 0.3102678578125 0.7142857140625 0.359375 0.7678571421875 0.38616071406249997 0.7991071421875 0.35044642812500004 0.8035714281249999 0.29241071406249997 0.7522321421875 0.25 0.7098214281249999 0.2790178578125
2 0.328125 0.2053571421875 0.2991071421875 0.234375 0.30357142812500004 0.29241071406249997 0.32366071406249997 0.32142857187499996 0.35267857187499996 0.32366071406249997 0.37946428593750003 0.2834821421875 0.375 0.2477678578125 0.35044642812500004 0.2053571421875 0.328125 0.2053571421875
2 0.22767857187499999 0.2388392859375 0.2142857140625 0.30133928593750003 0.2388392859375 0.33482142812500004 0.2678571421875 0.33705357187499996 0.28571428593750003 0.31919642812500004 0.2946428578125 0.25669642812500004 0.2522321421875 0.21875 0.22767857187499999 0.2388392859375
2 0.149553571875 0.19196428593749998 0.12053571406250001 0.24330357187499999 0.133928571875 0.296875 0.178571428125 0.31919642812500004 0.2053571421875 0.30133928593750003 0.22767857187499999 0.234375 0.194196428125 0.18303571406250002 0.149553571875 0.19196428593749998
2 0.234375 0.0758928578125 0.196428571875 0.109375 0.2008928578125 0.1584821421875 0.2299107140625 0.2008928578125 0.25892857187499996 0.203125 0.29017857187499996 0.171875 0.29017857187499996 0.13616071406250002 0.27232142812500004 0.0959821421875 0.234375 0.0758928578125
2 0.1272321421875 0.071428571875 0.10714285781249999 0.149553571875 0.131696428125 0.18303571406250002 0.16071428593749998 0.180803571875 0.19196428593749998 0.149553571875 0.19196428593749998 0.10491071406250001 0.171875 0.071428571875 0.1272321421875 0.071428571875
2 0.27008928593750003 0 0.2633928578125 0.069196428125 0.2790178578125 0.09375 0.30803571406249997 0.0959821421875 0.3303571421875 0.069196428125 0.3303571421875 0.024553571875 0.3102678578125 0 0.27008928593750003 0
2 0.18303571406250002 0.046875 0.2321428578125 0.0647321421875 0.25446428593750003 0.0424107140625 0.25892857187499996 0.0022321421875000002 0.17633928593749998 0 0.18303571406250002 0.046875
2 0.428571428125 0.0825892859375 0.48660714218749995 0.100446428125 0.5267857140625 0.060267857812500006 0.5267857140625 0.0022321421875000002 0.421875 0 0.428571428125 0.0825892859375
2 0.54296875 0.49140625 0.15234375 0.15