2 0.5915178578125 0.5223214281249999 0.5491071421875 0.5691964281249999 0.5491071421875 0.6227678578125 0.578125 0.65625 0.6160714281249999 0.6629464281249999 0.6428571421875 0.640625 0.65625 0.5870535718750001 0.6383928578125 0.5424107140625 0.5915178578125 0.5223214281249999
2 0.491071428125 0.7254464281249999 0.48214285781250005 0.7745535718750001 0.5066964281249999 0.8258928578125 0.5491071421875 0.8370535718750001 0.5803571421875 0.8013392859374999 0.5758928578125 0.7433035718750001 0.5245535718750001 0.7008928578125 0.491071428125 0.7254464281249999
2 0.6584821421875 0.71875 0.6339285718750001 0.7433035718750001 0.6294642859375 0.8058035718750001 0.6629464281249999 0.8348214281249999 0.6875 0.8325892859374999 0.7142857140625 0.8058035718750001 0.71875 0.765625 0.6941964281249999 0.7232142859375 0.6584821421875 0.71875
2 0.8839285718750001 0.7388392859375 0.9129464281249999 0.7767857140625 0.9419642859374999 0.7745535718750001 0.9598214281249999 0.7165178578125 0.9308035718750001 0.6741071421875 0.9129464281249999 0.6741071421875 0.8839285718750001 0.7388392859375
2 0.453125 0.5848214281249999 0.41964285781250005 0.6138392859375 0.41964285781250005 0.671875 0.444196428125 0.6964285718750001 0.477678571875 0.6941964281249999 0.5044642859375 0.6629464281249999 0.5044642859375 0.6227678578125 0.484375 0.59375 0.453125 0.5848214281249999
2 0.10491071406250001 0.5223214281249999 0.0803571421875 0.5424107140625 0.0803571421875 0.609375 0.109375 0.6473214281249999 0.1383928578125 0.6495535718750001 0.1696428578125 0.6183035718750001 0.165178571875 0.5558035718750001 0.13616071406250002 0.5223214281249999 0.10491071406250001 0.5223214281249999
2 0.03125 0.5691964281249999 0.040178571875 0.484375 0.0022321421875000002 0.44196428593750003 0 0.5691964281249999 0.03125 0.5691964281249999
2 0.3102678578125 0.12946428593749998 0.28571428593750003 0.1540178578125 0.28125 0.2299107140625 0.328125 0.27232142812500004 0.3571428578125 0.27008928593750003 0.38392857187499996 0.22544642812500001 0.38392857187499996 0.162946428125 0.359375 0.12946428593749998 0.3102678578125 0.12946428593749998
2 0.19866071406250002 0.0625 0.178571428125 0.0825892859375 0.1741071421875 0.149553571875 0.194196428125 0.178571428125 0.22767857187499999 0.180803571875 0.25446428593750003 0.16741071406250002 0.25892857187499996 0.10491071406250001 0.234375 0.0669642859375 0.19866071406250002 0.0625
2 0.515625 0.116071428125 0.48214285781250005 0.140625 0.477678571875 0.19866071406250002 0.5022321421875 0.2366071421875 0.5401785718750001 0.2388392859375 0.5625 0.2209821421875 0.5669642859375 0.162946428125 0.546875 0.125 0.515625 0.116071428125
2 0.6361607140625 0.0446428578125 0.5982142859375 0.087053571875 0.5982142859375 0.13616071406250002 0.6272321421875 0.178571428125 0.6651785718750001 0.17633928593749998 0.6964285718750001 0.131696428125 0.6964285718750001 0.100446428125 0.6674107140625 0.0491071421875 0.6361607140625 0.0446428578125
2 0.7589285718750001 0.069196428125 0.7790178578125 0.0892857140625 0.8080357140625001 0.087053571875 0.8348214281249999 0.0424107140625 0.8303571421875 0.006696428124999999 0.7700892859375 0 0.7589285718750001 0.069196428125
2 1 0.0111607140625 0.9709821421875 0.008928571875000001 0.9508928578125 0.024553571875 0.9464285718750001 0.069196428125 0.9709821421875 0.10714285781249999 1 0.109375 1 0.0111607140625
2 0.86953125 0.2359375 0.11015625 0.28046875