2 0.857543634375 0.60988656875 0.8357971015625001 0.644688296875 0.842826821875 0.6751373625 0.8635747046875 0.695546765625 0.8880010921875 0.6921983484374999 0.9057334421875 0.6697776531249999 0.9043907156250001 0.6242704984375 0.857543634375 0.60988656875
2 0.8645593640625 0.4914331328125 0.8320990109374999 0.4599826203125 0.8093454328125 0.46065398281250003 0.7845861609375 0.4824061125 0.7805747734375 0.5245676484375 0.8140393734375 0.5603680265625 0.8471654953125001 0.5550111156249999 0.8692477109375 0.5315861765625 0.8645593640625 0.4914331328125
2 0.7123140421875 0.526581734375 0.674499575 0.49178560156250006 0.6484003781250001 0.4978110765625 0.6199626031250001 0.5433210296875 0.6300050609375 0.58681969375 0.6624654140625 0.61827020625 0.69124166875 0.6139175421874999 0.7166695046875 0.5851384890625 0.7123140421875 0.526581734375
2 0.6537684796875001 0.6500591984375 0.606250034375 0.612921690625 0.5704468578124999 0.6166057890625 0.5517130625 0.6644571171875 0.5637640109375 0.7166555140625 0.5845118953124999 0.73706491875 0.62734199375 0.7340493828125 0.654106959375 0.6912164859375001 0.6537684796875001 0.6500591984375
2 0.656792409375 0.782230796875 0.629686165625 0.7541259046875 0.5841790125 0.7554686296875001 0.56912371875 0.779562134375 0.5744834265625001 0.8424687546875 0.60158966875 0.870573646875 0.64977388125 0.8709037328125 0.6678391125 0.8300793265624999 0.656792409375 0.782230796875
2 0.503534446875 0.7236880328125 0.47944653906249995 0.7681937390625 0.486476259375 0.798642803125 0.5189366125 0.8300933171875 0.543363 0.8267448984374999 0.555735640625 0.7414175843749999 0.525283778125 0.718666803125 0.503534446875 0.7236880328125
2 0.430260878125 0.7932942890625 0.40951299375000005 0.7728848828125 0.3747140625 0.78091885 0.360330134375 0.8277659312500001 0.3727139671875 0.8615606171874999 0.3924576046875 0.8776201546875001 0.4202296125 0.8689176249999999 0.4403033359375 0.8367929515625001 0.430260878125 0.7932942890625
2 0.3529675296875 0.8157205796874999 0.326865534375 0.791965553125 0.294407978125 0.7902955406250001 0.26697444843749996 0.8401553609375 0.27467553125 0.8933580031250001 0.3138271265625 0.914100290625 0.3459490015625 0.9043935140625001 0.36267710468750003 0.8776229531249999 0.3529675296875 0.8157205796874999
2 0.5236249578125001 0.8702463593750001 0.49418293750000003 0.9114064468749999 0.4985383984375 0.9699632015624999 0.525644640625 0.9980680921875 0.5577665171875 0.988361315625 0.5788444859374999 0.9605865093749999 0.5701391578125 0.9030340000000001 0.5236249578125001 0.8702463593750001
2 0.924436459375 0.29434082500000003 0.9374916546875 0.35088908750000003 0.9856786640624999 0.38099967343749996 0.94852436875 0.24983511875 0.924436459375 0.29434082500000003
2 0.5774625890625 0.49815235312499995 0.53295688125 0.47406444687500005 0.49179959218749997 0.474402925 0.47239443281250004 0.499500675 0.4737371578125 0.5450078296875 0.5135601171874999 0.5885036953125 0.5466862359375 0.5831467859374999 0.5811466890625 0.53395553125 0.5774625890625 0.49815235312499995
2 0.454309615625 0.33186158125 0.41516361562500004 0.3706802921875 0.42286469843749996 0.423882934375 0.4606791640625 0.45867906875 0.50250501875 0.451313665625 0.525253 0.3910813046875 0.5021609437500001 0.3505953765625 0.454309615625 0.33186158125
2 0.44526860468749996 0.2629322828125 0.4713706015625 0.28668730937500003 0.5011511 0.28668451093749997 0.525574690625 0.2535555921875 0.5145279875 0.2057070625 0.45998541875 0.197681490625 0.44526860468749996 0.2629322828125
2 0.5235494109375 0.066172859375 0.4706768546875 0.025689731249999997 0.44357341093749997 0.0273653390625 0.4181483734375 0.0859248921875 0.4268537015625 0.1434774 0.463663921875 0.173923665625 0.498798534375 0.1772664890625 0.5332589859375 0.12807523437499999 0.5235494109375 0.066172859375
2 0.2157047515625 0.0524826765625 0.213366175 0.0919671546875 0.2481707015625 0.1434941875 0.276614071875 0.157545234375 0.30438608125 0.1488427046875 0.3355009125 0.10500556093749999 0.3184287328125 0.031057832812500002 0.2157047515625 0.0524826765625
2 0.07282285 0.1368736765625 0.0845457921875 0.149197971875 0.13641130625 0.155550734375 0.1554807828125 0.1190761953125 0.1444340796875 0.0712276640625 0.059109562500000004 0.0886355234375 0.07282285 0.1368736765625
2 0 0.17825946406249998 0.029004573437499997 0.1963835328125 0.06748480625 0.19437224375 0.084212909375 0.1676016828125 0.053086885937499995 0.092316825 0 0.10278247656249999 0 0.17825946406249998
2 0 0.3223034703125 0.031692821875 0.31717834375 0.052770790624999994 0.28940353750000003 0.053769440625 0.234192403125 0 0.1952051578125 0 0.3223034703125
2 1 0.7478020265625 0.9903977875000001 0.7487382171875 0.9806966062500001 0.776177340625 0.9940846859375 0.8143218921875001 1 0.8133401078125001 1 0.7478020265625
2 1 0.4533456703125 0.9796559874999999 0.384680975 0.965604940625 0.413124346875 0.9786601359375 0.469672609375 1 0.4830072375 1 0.4533456703125
2 0.924436459375 0.29434082500000003 0.9384959 0.3552389546875 0.9846744187500001 0.3766498078125 0.94852436875 0.24983511875 0.924436459375 0.29434082500000003
2 0.67890625 0.1 0.1921875 0.2
2 0.265625 0.35859375 0.2171875 0.2828125
2 0.11640625 0.75859375 0.1765625 0.2234375