2 0.94520836875 0.23544293593750001 0.9274971828125 0.17032547343749999 0.9021707921875001 0.1616048984375 0.859612084375 0.1823621671875 0.8350430109375001 0.24000364843750002 0.8347645640625 0.268236896875 0.8682546406249999 0.30809757968749996 0.9149648015625 0.295852053125 0.94520836875 0.23544293593750001
2 0.7238418875 0.206435553125 0.717479690625 0.13578281875 0.67672246875 0.11702746093750001 0.6312569031249999 0.14622686093749998 0.61962946875 0.17999537968749998 0.62052600625 0.2322408140625 0.656922940625 0.26365936562500003 0.6994120374999999 0.249960409375 0.7238418875 0.206435553125
2 0.7066011624999999 0.3799168890625 0.691379165625 0.3487071703125 0.661831709375 0.338533165625 0.6207264328125001 0.35506936875 0.593389721875 0.40703635625 0.6111009078125 0.47215381718750005 0.6335900515625 0.48225821093750004 0.6789860062499999 0.460117125 0.7066011624999999 0.3799168890625
2 0.5966362281250001 0.5073061562500001 0.5885421531249999 0.4691077375 0.5633549859375 0.4462705359375 0.5165752140625 0.4655743765625 0.49913406250000003 0.5162271578125 0.5044605 0.5487510828125 0.5396128390625 0.5632157640625 0.57788086875 0.548063378125 0.5966362281250001 0.5073061562500001
2 0.49781985625 0.506331596875 0.49117921249999996 0.4639121125 0.46308518593750003 0.4495170421875 0.42910783124999996 0.4590645453125 0.40467797968749997 0.5025894015625 0.41263283125 0.554904446875 0.44356410312500005 0.5679156984375 0.48328556406249995 0.5485422484375 0.49781985625 0.506331596875
2 0.4859835875 0.5612750546874999 0.44342488125 0.5820323234375 0.427437159375 0.6284640390625 0.44964785625000003 0.6668016812500001 0.47781149375 0.6741384390625 0.5090908234375 0.6518581296875 0.5236251171874999 0.6096474781250001 0.4859835875 0.5612750546874999
2 0.6046438703125 0.8405698718749999 0.5881076671875001 0.79946459375 0.5585602125 0.7892905890625 0.5202225687500001 0.8115012859374999 0.49987455937499997 0.870596196875 0.526306321875 0.9103872703125001 0.5502488953125 0.916270596875 0.5842958609375 0.8996647828125001 0.6046438703125 0.8405698718749999
2 0.44922124218750004 1 0.4917720765625 0.9764012703124999 0.5077597984375 0.9299695546875 0.491223596875 0.8888642765625001 0.46312957031249996 0.87446920625 0.411989509375 0.906436240625 0.39178072343750003 0.951414528125 0.4040958609375 0.9910663765625 0.4258065203125 1 0.44922124218750004 1
2 0.670159678125 1 0.6851837546875 0.9768969593750001 0.6741828234375 0.94714066875 0.6488564328125 0.9384200937499999 0.6131472046875001 0.9804219109375 0.6207553406249999 1 0.670159678125 1
2 0.721658709375 0.8572537078125 0.710797 0.81338079375 0.6784819078125001 0.7975322953124999 0.6302487078125 0.8210571984374999 0.6100399203125 0.8660354859374999 0.6166805640625 0.9084549703125001 0.66304266875 0.9315010046875001 0.6985430640625 0.9106741250000001 0.721658709375 0.8572537078125
2 0.6098394953125 0.7432069296875 0.5995262671875 0.7868710109375 0.6289345 0.8111616390625 0.6856794421875 0.78348528125 0.67364275 0.7156001828125 0.6411884359375 0.713868309375 0.6098394953125 0.7432069296875
2 0.30739305781250004 0.3463319734375 0.30089163750000003 0.28979586562500004 0.256052571875 0.2554704546875 0.2092728 0.2747742921875 0.184842946875 0.31829915 0.1844252796875 0.3606490234375 0.22635748437499997 0.403416565625 0.28296320625 0.3898568328125 0.30739305781250004 0.3463319734375
2 0.2601956171875 0.40798568749999997 0.21217124843750002 0.4103356546875 0.1751478125 0.4424419125 0.173276715625 0.48901285000000005 0.20967365 0.5204314046875 0.2664185921875 0.4927550453125 0.27818525 0.44486990000000004 0.2601956171875 0.40798568749999997
2 0.100908925 0.2398223796875 0.054129153124999996 0.25912621874999997 0.0018057 0.41108456093749995 0.0227021921875 0.4395266453125 0.070517725 0.4583516125 0.137158228125 0.42936104999999997 0.1787507859375 0.363416659375 0.1683067453125 0.277193871875 0.100908925 0.2398223796875
2 0.304391359375 0.7938428937500001 0.2894478078125 0.7343999250000001 0.25567928906250004 0.7227724906249999 0.22156271093750002 0.7464366171875 0.2013539234375 0.7914149046875 0.2122156328125 0.83528781875 0.23892584062500002 0.846845640625 0.2757404421875 0.8359143203125001 0.304391359375 0.7938428937500001
2 0.1128844171875 0.170762296875 0.1025711890625 0.21442637812499998 0.1389681234375 0.2458449296875 0.1942596375 0.2223896375 0.20325865781250002 0.168829996875 0.1823621671875 0.140387915625 0.1128844171875 0.170762296875
2 0.2526056421875 0.0323720984375 0.2230581859375 0.02219809375 0.177314175 0.079630740625 0.186861678125 0.1136080953125 0.21211845624999998 0.129386984375 0.24471199375000002 0.1170022328125 0.26492078124999996 0.072023946875 0.2526056421875 0.0323720984375
2 1 0.14417639375 0.9730323593750001 0.13406776250000002 0.9683240156249999 0.18202251875 0.9977322484375 0.20631314843749998 1 0.20541522343750002 1 0.14417639375
2 0.809375 0.828125 0.175 0.234375
2 0.70234375 0.0765625 0.1484375 0.1078125
2 0.7953125 0.18203125 0.209375 0.215625
2 0.02578125 0.65859375 0.0515625 0.2265625