2 0.125 0.60390625 0.14375 0.171875
2 0.33125 0.61796875 0.159375 0.234375
2 0.42578125 0.65078125 0.1296875 0.15625
2 0.46484375 0.796875 0.1328125 0.16875
2 0.59375 0.840625 0.1421875 0.18125
2 0.60078125 0.6640625 0.1140625 0.18125
2 0.51875 0.66171875 0.075 0.128125
2 0.49140625 0.50625 0.1359375 0.16875
2 0.82734375 0.87421875 0.10625 0.16875
2 0.71015625 0.84921875 0.1078125 0.2203125
2 0.93203125 0.83125 0.1109375 0.1421875
2 0.13984375 0.16171875 0.1359375 0.15625
2 0.07421875 0.09609375 0.1328125 0.1203125
2 0.3609375 0.0546875 0.103125 0.0953125
2 0.45 0.278125 0.1625 0.215625
2 0.8296875 0.43671875 0.1984375 0.2015625