2 0.4698818703125 0.8101870796874999 0.43590451718749995 0.800639578125 0.4120315546875 0.8135812187499999 0.3998556390625 0.867349690625 0.4497511046875 0.916270596875 0.4834500140625 0.8975848515625 0.4943117234375 0.8537119375 0.4698818703125 0.8101870796874999
2 0.5816379125 1 0.6100207640625 0.9909271531250001 0.5783933765625 0.933355284375 0.54296259375 0.9195867156249999 0.5064264374999999 0.93688864375 0.5123129796875 1 0.5816379125 1
2 0.191422390625 0.77622654375 0.163397975 0.7976799265625 0.15682694218749998 0.8471577234375 0.1755823 0.8879149453125 0.20250134218750002 0.897532059375 0.2292115515625 0.8859742359375 0.2399340359375 0.827984696875 0.191422390625 0.77622654375
2 0.0811178078125 0.7575492078125 0.0715703046875 0.7915265609375 0.0962786015625 0.8632846687500001 0.1301863453125 0.8657738578125 0.1553735125 0.8429366593750001 0.156409275 0.8048078500000001 0.1418749828125 0.7625971984375 0.109211834375 0.7431541375 0.0811178078125 0.7575492078125
2 0.163659603125 0.5379061921875 0.12822881875 0.5241376234375 0.09321570312500001 0.5527189296875 0.09086573437499999 0.6007432984375 0.11252795 0.6499426484375 0.160691540625 0.666409240625 0.195635046875 0.6307696234375 0.1979850140625 0.5827452546874999 0.163659603125 0.5379061921875
2 0.3134156078125 0.691727221875 0.3066357421875 0.7200300828125 0.3253911 0.760787303125 0.3622057015625 0.771718625 0.3942423484375 0.7276368765625 0.3457307 0.6758787234375 0.3134156078125 0.691727221875
2 0.36440803593750004 0.565574140625 0.3551389796875 0.62778474375 0.40620942812500005 0.6526934671875 0.42994316718750003 0.6256352015625 0.4181765109375 0.57775005625 0.36440803593750004 0.565574140625
2 0.7434853765625 0.63807274375 0.7168447796875 0.656688878125 0.7074364984375 0.7047828578125 0.7276452859375 0.7497611453124999 0.768820175 0.7733556593750001 0.7969838124999999 0.766018903125 0.8090205062500001 0.6981338046875 0.7434853765625 0.63807274375
2 1 0.7578802703124999 0.9623014640625 0.779918284375 0.947218690625 0.8252446265625 0.9617529828125001 0.867455278125 1 0.8551894015625001 1 0.7578802703124999
2 1 0.486089753125 0.9708659984375 0.503121065625 0.9586900828125 0.5568895390625 0.9860267921875 0.6088565265625 1 0.6167192515625 1 0.486089753125
2 0.909535115625 0.1535995921875 0.8698832671875 0.141284453125 0.83791623125 0.1924245140625 0.8610318765624999 0.2458449296875 0.9007533359375 0.26521838125 0.9356968421875 0.2295787640625 0.909535115625 0.1535995921875
2 0.8323809593749999 0.203773503125 0.796950175 0.190004934375 0.7718326203125 0.21990044687500002 0.768029221875 0.26370375 0.8276810250000001 0.29982223750000003 0.8516235984374999 0.2939389109375 0.8541823984375 0.26708947968749996 0.8323809593749999 0.203773503125
2 0.7546699140625 0.197480915625 0.7121112078125 0.176723646875 0.6687951828124999 0.2223284359375 0.687550540625 0.2630856578125 0.72872543125 0.2866801734375 0.759656703125 0.2736689203125 0.7677507765625 0.2354705015625 0.7546699140625 0.197480915625
2 0.808429978125 0.06565333906250001 0.774452625 0.0561058375 0.7395787312500001 0.0988037671875 0.75265959375 0.13679335312500002 0.7867065609375 0.1533991671875 0.8064280671875 0.1489692671875 0.8242784765625 0.0979684296875 0.808429978125 0.06565333906250001
2 0.5639562609375 0.1852437984375 0.5375244984374999 0.22503486874999998 0.5491519312500001 0.2588033890625 0.5846523265625 0.27963026874999997 0.604373834375 0.2752003703125 0.6137821156250001 0.2271063921875 0.5639562609375 0.1852437984375
2 0.5053486296874999 0.25499999375 0.45988306406249996 0.22580059531250002 0.4149047765625 0.2460093828125 0.401136209375 0.2814401640625 0.42570528437500005 0.33908164687500003 0.4711012375 0.3612227328125 0.503485940625 0.3524325453125 0.5184294921875 0.2929895796875 0.5053486296874999 0.25499999375
2 0.4362105265625 0.1159136796875 0.40098857812500005 0.1233200484375 0.38299894375 0.1602042625 0.387637678125 0.20110070625 0.42044004843750005 0.23466039218749998 0.4486036859375 0.22732363437499997 0.4794653484375 0.2072540703125 0.4732339625 0.1480199359375 0.4362105265625 0.1159136796875
2 0.2880027875 0.40538250312499996 0.24966514687500002 0.383171803125 0.21312898906250002 0.4004737328125 0.1938251515625 0.44725350468749997 0.2268363546875 0.501988128125 0.2706396578125 0.505791525 0.29859446093750003 0.4772798296875 0.3010836515625 0.44337208749999996 0.2880027875 0.40538250312499996
2 0.170787525 0.54489489375 0.12822881875 0.5241376234375 0.09321570312500001 0.5527189296875 0.0923191640625 0.6049643640625 0.11252795 0.6499426484375 0.1564704765625 0.6678626703125 0.195635046875 0.6307696234375 0.1979850140625 0.5827452546874999 0.170787525 0.54489489375
2 0.20523534062499998 0.315843596875 0.162676634375 0.295086328125 0.131814971875 0.3151558921875 0.121092484375 0.37314543125 0.1383944140625 0.4096815875 0.1724413796875 0.4262874015625 0.20468685937500003 0.403380590625 0.2212230640625 0.3622753140625 0.20523534062499998 0.315843596875
2 0.243703796875 0.20816742812500003 0.1996916609375 0.18318909375 0.171597634375 0.19758416406249998 0.160735925 0.241457078125 0.1809447109375 0.28643536406250003 0.209317184375 0.30027354375000004 0.2486905875 0.28435543281250003 0.258238090625 0.250378078125 0.243703796875 0.20816742812500003
2 0.08509640156250001 0.1589068734375 0.048212187499999996 0.14091724218749999 0.020118160937499997 0.1553123109375 0.009256453125 0.199185225 0.05361664687499999 0.25945511875 0.088768984375 0.2449904390625 0.09963069375 0.201117525 0.08509640156250001 0.1589068734375
2 0 0.46662940468749997 0.0190296078125 0.474389790625 0.052658906250000005 0.4486457328125 0.05777650937499999 0.3949468703125 0.0291255921875 0.3528754421875 0 0.3467038609375 0 0.46662940468749997