2 0.9151785718750001 0.7165178578125 0.9107142859374999 0.7700892859375 0.9553571421875 0.8013392859374999 0.9776785718750001 0.7879464281249999 0.9910714281249999 0.7299107140625 0.9441964281249999 0.6964285718750001 0.9151785718750001 0.7165178578125
2 1 0.9040178578125 0.9888392859374999 0.7991071421875 0.9598214281249999 0.828125 0.9598214281249999 0.8727678578125 1 0.9040178578125
2 0.7477678578125 0.7098214281249999 0.71875 0.7477678578125 0.71875 0.7879464281249999 0.7388392859375 0.8169642859374999 0.7723214281249999 0.8191964281249999 0.7946428578125 0.796875 0.7991071421875 0.7566964281249999 0.765625 0.7098214281249999 0.7477678578125 0.7098214281249999
2 0.6941964281249999 0.5982142859375 0.65625 0.6629464281249999 0.6696428578125 0.6986607140625 0.7053571421875 0.7120535718750001 0.7321428578125 0.6941964281249999 0.7410714281249999 0.640625 0.7165178578125 0.6026785718750001 0.6941964281249999 0.5982142859375
2 0.6205357140625 0.8102678578125 0.6205357140625 0.859375 0.6495535718750001 0.8883928578125 0.6964285718750001 0.8861607140625001 0.7053571421875 0.8058035718750001 0.6897321421875 0.7767857140625 0.6629464281249999 0.7678571421875 0.6205357140625 0.8102678578125
2 0.5535714281249999 0.7790178578125 0.5736607140625 0.8125 0.5982142859375 0.8102678578125 0.625 0.7477678578125 0.5825892859375 0.71875 0.5580357140625 0.7433035718750001 0.5535714281249999 0.7790178578125
2 0.44866071406249997 0.6785714281249999 0.40178571406249997 0.7299107140625 0.39732142812500004 0.7745535718750001 0.428571428125 0.8370535718750001 0.46875 0.8504464281249999 0.5089285718750001 0.8102678578125 0.5133928578125 0.7299107140625 0.484375 0.6875 0.44866071406249997 0.6785714281249999
2 0.5223214281249999 0.859375 0.5133928578125 0.9263392859374999 0.5424107140625 0.9642857140625001 0.5669642859375 0.9620535718750001 0.59375 0.921875 0.59375 0.8772321421875 0.546875 0.8392857140625001 0.5223214281249999 0.859375
2 0.069196428125 0.7232142859375 0.0491071421875 0.7433035718750001 0.0491071421875 0.8102678578125 0.09375 0.8504464281249999 0.133928571875 0.828125 0.1428571421875 0.7790178578125 0.118303571875 0.7321428578125 0.069196428125 0.7232142859375
2 0 0.8415178578125 0.0133928578125 0.8415178578125 0.0446428578125 0.8102678578125 0.024553571875 0.7455357140625 0 0.7477678578125 0 0.8415178578125
2 0.39508928593750003 0.5491071421875 0.33258928593750003 0.5625 0.2991071421875 0.6004464281249999 0.2991071421875 0.640625 0.34375 0.6986607140625 0.38392857187499996 0.6495535718750001 0.38392857187499996 0.5959821421875 0.40625 0.5602678578125 0.39508928593750003 0.5491071421875
2 0.430803571875 0.477678571875 0.415178571875 0.5066964281249999 0.42410714218749995 0.5736607140625 0.459821428125 0.5870535718750001 0.5 0.546875 0.5 0.49776785781250005 0.475446428125 0.46875 0.430803571875 0.477678571875
2 0.5446428578125 0.5558035718750001 0.5758928578125 0.5825892859375 0.6071428578125 0.5379464281249999 0.5736607140625 0.49553571406249997 0.5491071421875 0.515625 0.5446428578125 0.5558035718750001
2 0.6361607140625 0.2053571421875 0.5915178578125 0.2142857140625 0.5625 0.265625 0.5714285718750001 0.3147321421875 0.6205357140625 0.35044642812500004 0.6517857140625 0.328125 0.6741071421875 0.27455357187499996 0.6696428578125 0.2299107140625 0.6361607140625 0.2053571421875
2 0.65625 0.35491071406249997 0.6897321421875 0.39732142812500004 0.71875 0.39508928593750003 0.7544642859375 0.31919642812500004 0.7410714281249999 0.2834821421875 0.6986607140625 0.2633928578125 0.65625 0.35491071406249997
2 0.8303571421875 0.2522321421875 0.8638392859374999 0.28571428593750003 0.8973214281249999 0.28794642812500004 0.9330357140625001 0.2299107140625 0.9084821421875 0.1875 0.8638392859374999 0.178571428125 0.8303571421875 0.2522321421875
2 0.84375 0.060267857812500006 0.8638392859374999 0.0803571421875 0.8973214281249999 0.078125 0.9241071421875 0.0513392859375 0.9241071421875 0.006696428124999999 0.8325892859374999 0 0.84375 0.060267857812500006
2 0.796875 0.0044642859375000005 0.7633928578125 0.087053571875 0.8080357140625001 0.11383928593749999 0.8258928578125 0.109375 0.8348214281249999 0.060267857812500006 0.8214285718750001 0.0111607140625 0.796875 0.0044642859375000005
2 0.6473214281249999 0.060267857812500006 0.6875 0.0825892859375 0.7142857140625 0.060267857812500006 0.7142857140625 0.0022321421875000002 0.640625 0 0.6473214281249999 0.060267857812500006
2 0.5915178578125 0 0.5669642859375 0.0647321421875 0.5825892859375 0.0892857140625 0.6160714281249999 0.0959821421875 0.6383928578125 0.069196428125 0.6339285718750001 0.024553571875 0.6183035718750001 0 0.5915178578125 0
2 0.75 0.0424107140625 0.7834821421875 0 0.71875 0.0022321421875000002 0.7276785718750001 0.0334821421875 0.75 0.0424107140625
2 0.147321428125 0.0334821421875 0.1875 0.0513392859375 0.21875 0.024553571875 0.21875 0.0022321421875000002 0.140625 0 0.147321428125 0.0334821421875
2 0.0982142859375 0.40848214218749995 0.11160714218750001 0.45758928593750003 0.165178571875 0.484375 0.196428571875 0.453125 0.2008928578125 0.390625 0.149553571875 0.34821428593750003 0.0982142859375 0.40848214218749995
2 0.03125 0.6897321421875 0.0022321421875000002 0.6339285718750001 0.0044642859375000005 0.734375 0.03125 0.6897321421875
2 0.9196428578125 0.9174107140625001 0.9040178578125 0.9017857140625001 0.8482142859374999 0.921875 0.8370535718750001 1 0.9419642859374999 0.9977678578125 0.9352678578125 0.9732142859374999 0.8705357140625001 0.9709821421875 0.8705357140625001 0.9263392859374999 0.9196428578125 0.9174107140625001