2 0.0328125 0.5609375 0.065625 0.13125
2 0.37578125 0.4640625 0.10625 0.15234375
2 0.5453125 0.34375 0.11875 0.146875
2 0.46015625 0.41796875 0.10390625 0.15390625
2 0.409375 0.584375 0.11171875 0.153125
2 0.48984375 0.72421875 0.13125 0.17421875
2 0.4640625 0.84375 0.128125 0.14921875
2 0.37578125 0.88046875 0.09375 0.12890625
2 0.54375 0.91484375 0.1046875 0.13046875
2 0.6171875 0.7703125 0.15390625 0.1671875
2 0.8765625 0.72734375 0.1046875 0.11953125
2 0.8390625 0.83671875 0.13515625 0.15078125
2 0.73828125 0.74765625 0.09921875 0.15078125
2 0.96796875 0.13046875 0.0640625 0.121875
2 0.48125 0.0546875 0.146875 0.109375
2 0.90390625 0.928125 0.11484375 0.14375
2 0.8203125 0.95390625 0.1 0.0921875
2 0.52578125 0.97890625 0.1015625 0.04140625
2 0.61171875 0.05546875 0.1390625 0.1109375
2 0.959375 0.97109375 0.08125 0.0578125
2 0.03828125 0.3078125 0.07578125 0.2140625
2 0.32421875 0.103125 0.14140625 0.20625
2 0.51953125 0.5546875 0.1046875 0.17578125