2 0.80234375 0.884375 0.09453125 0.1296875
2 0.86015625 0.96953125 0.1140625 0.0609375
2 0.76875 0.7640625 0.1 0.1296875
2 0.75078125 0.64375 0.0828125 0.10546875
2 0.63671875 0.67734375 0.08515625 0.1375
2 0.5125 0.78046875 0.08828125 0.11328125
2 0.3609375 0.94453125 0.08984375 0.11015625
2 0.3421875 0.76328125 0.078125 0.11328125
2 0.37109375 0.65 0.09921875 0.140625
2 0.4328125 0.5546875 0.109375 0.14296875
2 0.509375 0.52265625 0.06875 0.1078125
2 0.58046875 0.5 0.0921875 0.12890625
2 0.803125 0.2921875 0.08359375 0.1234375
2 0.95078125 0.35390625 0.09765625 0.140625
2 0.96171875 0.23046875 0.0765625 0.1234375
2 0.8890625 0.13828125 0.08984375 0.1234375
2 0.43203125 0.2140625 0.11015625 0.146875
2 0.47109375 0.0984375 0.09296875 0.09296875
2 0.31484375 0.16875 0.09765625 0.14453125
2 0.1828125 0.23046875 0.0875 0.146875
2 0.20234375 0.06484375 0.10078125 0.11640625
2 0.13828125 0.14140625 0.0671875 0.0921875
2 0.0671875 0.18984375 0.13359375 0.1859375
2 0.28515625 0.55625 0.078125 0.1296875
2 0.24609375 0.68984375 0.07265625 0.10546875
2 0.0921875 0.64375 0.08984375 0.103125
2 0.09765625 0.52265625 0.1 0.115625
2 0.74140625 0.1328125 0.15859375 0.18828125