2 0.2756699359375 1 0.2810435109375 0.987910178125 0.264020596875 0.922533153125 0.1968571640625 0.8700593265625001 0.16941575 0.8846732390625001 0.1504465265625 0.94997173125 0.1841838921875 0.9683183625 0.18562326406250002 1 0.2756699359375 1
2 0.2944179078125 0.82209788125 0.248475634375 0.814245446875 0.22593075625 0.8687384453125 0.284464934375 0.9425119625 0.3276869109375 0.9282093484375 0.3278439765625 0.856225075 0.2944179078125 0.82209788125
2 0.318440734375 0.724694203125 0.282448596875 0.7246156703125 0.2610703734375 0.7519785484375 0.262079959375 0.7968327046875 0.316261659375 0.835158146875 0.3534204484375 0.8081065609375001 0.34743579375 0.7593654562500001 0.318440734375 0.724694203125
2 0.5438753281250001 0.8207041359374999 0.49272522187499995 0.7887531812499999 0.4536229578125 0.8182923000000001 0.4413395140625 0.8647786328124999 0.4506670609375 0.9041136609375 0.48160559375 0.93629738125 0.535633065625 0.9184191125 0.55429099375 0.8689011828125001 0.5438753281250001 0.8207041359374999
2 0.4658251921875 1 0.4659792609375 0.99218979375 0.41537321406250005 0.9646698468749999 0.3933042046875 1 0.4658251921875 1
2 0.44033559999999994 0.5635485140625 0.4079976515625 0.5382833375 0.373093634375 0.547066825 0.3494606375 0.592697803125 0.3587881828125 0.6320328296875 0.3947017859375 0.6681035 0.427662328125 0.661807546875 0.45129532499999997 0.61617656875 0.44033559999999994 0.5635485140625
2 0.43567466406250005 0.41569301718749996 0.39338657499999996 0.38265394218750004 0.3413025796875 0.3980446765625 0.3265316015625 0.44258753593750005 0.35296059375 0.5113074515625 0.3772918796875 0.5263111921875 0.41911444062500003 0.518927121875 0.4427474390625 0.47329614375 0.43567466406250005 0.41569301718749996
2 0.5606011234375 0.2609218140625 0.528263175 0.2356566375 0.4767232375 0.2554783828125 0.44920329218750005 0.3060844296875 0.456276065625 0.36368755468749997 0.5021398078125 0.4075321234375 0.539531359375 0.4006921125 0.5665072453125 0.34565505625 0.5606011234375 0.2609218140625
2 0.6173460578125 0.39338657499999996 0.5860962265625 0.3769834203125 0.538676003125 0.41204166718749996 0.5435725390624999 0.451920753125 0.5789420828125 0.48356041406249994 0.611358565625 0.4728334515625 0.626673603125 0.4327216015625 0.6173460578125 0.39338657499999996
2 0.6096535265624999 0.23915659531250003 0.573894153125 0.2592896359375 0.5682179578125 0.32295594843750003 0.5780895640625 0.366721984375 0.61128286875 0.38063760625 0.6650775765625 0.342547765625 0.6513975546874999 0.2677646609375 0.6096535265624999 0.23915659531250003
2 0.763022478125 0.49918958281250003 0.7364364218749999 0.5024539406249999 0.708372415625 0.548628978125 0.7138130109375 0.592939075 0.7674506531249999 0.6268335046875 0.7996343718750001 0.5958949703124999 0.7969926078125 0.5377477859375001 0.763022478125 0.49918958281250003
2 1 0.5743593 0.99265531875 0.574443884375 0.9596162453125 0.616731971875 0.9622580093750001 0.6748791562500001 0.9813029296875 0.7017765109375 1 0.70691956875 1 0.5743593
2 0.8952601484375 0.1658571125 0.85903525 0.14556700625000002 0.8199329859375 0.175106125 0.8137127312500001 0.23434142812499997 0.8393649 0.2784187609375 0.882819640625 0.28432771875 0.9160914796874999 0.262251203125 0.9184247843750001 0.20799096874999998 0.8952601484375 0.1658571125
2 0.8756192437499999 0 0.8751299453125 0.0019097562500000002 0.9281449953124999 0.067365315625 0.9497559828125001 0.060214007812500005 0.9423626328125 0 0.8756192437499999 0
2 0.6478245421875 0 0.6458840968749999 0.0030707374999999998 0.6634510703125 0.0728787703125 0.7021635046875 0.09511235312500001 0.744530125 0.09215929218749999 0.7708834203125 0.06868336093750001 0.766297190625 0 0.6478245421875 0
2 0.46941869531249997 0 0.419125784375 0.006175192187499999 0.40660957968749994 0.0324499546875 0.42308843281249997 0.09339596875 0.45573767812500005 0.1028805796875 0.4923524078125 0.07139798593749999 0.472396709375 0 0.46941869531249997 0
2 0.184043840625 0.271174740625 0.1405891 0.2652657828125 0.1275288359375 0.287109534375 0.14346362968749998 0.343624540625 0.1887833109375 0.3830381 0.22617486250000002 0.37619808906249996 0.238147009375 0.3454923171875 0.184043840625 0.271174740625
2 0.1171875 0.953125 0.1 0.09375
2 0.94921875 0.9296875 0.1015625 0.05
2 0.95703125 0.25859375 0.05 0.1296875
2 0.86015625 0.37265625 0.13125 0.21875
2 0.27578125 0.1578125 0.134375 0.2515625
2 0.6046875 0.63125 0.1546875 0.1765625
2 0.16875 0.60625 0.2078125 0.2171875