2 0.6291780578124999 0.4549207578125 0.6556134828125 0.5020470875 0.7062111390625 0.4965011671875 0.7408078687499999 0.46356131562499997 0.736658684375 0.4041450125 0.707888528125 0.38602846562500004 0.661939821875 0.37649093906250003 0.6361617390625 0.410827528125 0.6291780578124999 0.4549207578125
2 0.49308484999999996 0.643542621875 0.540909546875 0.6126978750000001 0.5492899640625 0.559786 0.5191435859375 0.5075519796875 0.499650815625 0.5022046609374999 0.4666904515625 0.5105440531250001 0.44368532656250004 0.5701794703124999 0.49308484999999996 0.643542621875
2 0.3538419921875 0.6237486875 0.3969972265625 0.6509235062500001 0.43019722031249996 0.6268023 0.4401934859375 0.592226084375 0.404480675 0.5323305281249999 0.37547089218749996 0.5299957953125001 0.34899444062499996 0.5687417078125 0.3538419921875 0.6237486875
2 0.20741685312499997 0.57795755625 0.2479977296875 0.6499239718750001 0.28397068124999997 0.65110159375 0.3287827921875 0.6107398328125 0.34135341874999997 0.5313720203125001 0.310748296875 0.46776550937500005 0.27291986874999996 0.464034040625 0.2230000671875 0.5081067578125 0.20741685312499997 0.57795755625
2 0.2572340890625 0.748565440625 0.281355296875 0.7817654328125 0.3173282484375 0.7829430546875 0.3475156546875 0.749304834375 0.3433664703125 0.6898885328125 0.3190056375 0.6724703546875 0.289995853125 0.6701356234375 0.25911008125 0.7081831671875001 0.2572340890625 0.748565440625
2 0.300573940625 0.389315178125 0.3277077328125 0.43203218281250005 0.3636806859375 0.43320980468750003 0.395264828125 0.3907529390625 0.3948265984375 0.33644432812499997 0.3718625015625 0.3102075046875 0.347960409375 0.3041618171875 0.30825599062500003 0.340812625 0.300573940625 0.389315178125
2 0.223342259375 0.277644340625 0.2432732546875 0.337300271875 0.27854783906249997 0.34288721718750004 0.342393978125 0.29650028125 0.3549646046875 0.21713246874999997 0.33966204375000003 0.1853292125 0.28906438749999996 0.1908751328125 0.2716667234375 0.1722998453125 0.2565832765625 0.16765089375 0.2270942390625 0.1968797921875 0.223342259375 0.277644340625
2 0.2626289625 0.143748803125 0.29927976875 0.183453221875 0.3545263765625 0.16282385625 0.373341290625 0.12964437812500001 0.369890475 0.0658187515625 0.3432154234375 0.0344742359375 0.30979631875 0.0314411375 0.2686951609375 0.076910590625 0.2626289625 0.143748803125
2 0.0915418234375 0.2251296671875 0.121469090625 0.2502093828125 0.1486233953125 0.24999026875000002 0.18391849062500001 0.21264109375 0.1834802640625 0.1583324828125 0.15680521249999999 0.1269879671875 0.1270970609375 0.129062559375 0.09180196406249999 0.1664117328125 0.0915418234375 0.2251296671875
2 0.7047593921875001 0.1346765453125 0.727504375 0.1337590640625 0.7665104281249999 0.101517578125 0.7806969031250001 0.040485425000000005 0.673017675 0.0211707453125 0.6718195406249999 0.1000798171875 0.7047593921875001 0.1346765453125
2 0.61755195625 0.0146458046875 0.5242578046874999 0.004389395312500001 0.5741365796875 0.0461889203125 0.61755195625 0.0146458046875
2 0.71423538125 0.2175361984375 0.7724740609375 0.24935996718750003 0.7961570390625 0.2282513484375 0.8089467812500001 0.176037840625 0.7630185875 0.12356419375000001 0.718446103125 0.1481441421875 0.7063547296875 0.19594832499999998 0.71423538125 0.2175361984375
2 0.6515258390625001 0.313822421875 0.6772628953125001 0.365358075 0.733885725 0.378846184375 0.7663873484375 0.3591343 0.7805738265625 0.298102146875 0.7323314140625 0.23170216250000003 0.7040199984375 0.224958109375 0.6613029921875 0.2520919015625 0.6515258390625001 0.313822421875
2 0.8288162390625 0.36450213124999997 0.8536358125 0.3932928 0.8903071328125 0.3900611 0.9256022296875 0.35271192500000004 0.9265607390625 0.2895846671875 0.8991873187499999 0.2626494765625 0.8599621515625 0.267736653125 0.82466705625 0.305085828125 0.8288162390625 0.36450213124999997
2 0.8165878031249999 0.213407528125 0.8342045828125 0.259137121875 0.8929225171875 0.2593972625 0.92101481875 0.2389870109375 0.933804559375 0.1867735046875 0.9055136562499999 0.137093328125 0.8581682140625 0.136374446875 0.8279808078125 0.17001266875 0.8165878031249999 0.213407528125
2 0.7168237234375 0.629260109375 0.757445625 0.6153542859375001 0.7637309390625 0.575670378125 0.7451761640625 0.5501319234375 0.7154680124999999 0.5522065140625 0.7006036812499999 0.5747118703125 0.7168237234375 0.629260109375
2 0.8515162609375 1 0.851493153125 0.9918446390625 0.7909402562500001 0.9460945328125 0.732441434375 0.9729886984375 0.7224443265625 1 0.8515162609375 1