2 0.32314453906249996 0.41978529687500005 0.2637121359375 0.37398168125 0.2218810796875 0.38366019375 0.214730471875 0.473217196875 0.2505610265625 0.5261491359375 0.3032206984375 0.5313551249999999 0.3307951078125 0.4744729125 0.32314453906249996 0.41978529687500005
2 0.27376852500000004 0.285658109375 0.24295502500000002 0.2451438109375 0.1890619203125 0.242843603125 0.1693270171875 0.2893361203125 0.1835836625 0.33653982031249996 0.22637588593750002 0.36499206875 0.25702273125 0.3574248265625 0.27376852500000004 0.285658109375
2 0.09208204375 0.36628654374999997 0.1156005671875 0.33511745 0.1029329453125 0.2680121921875 0.0601407234375 0.23955994375 0.026588095312499997 0.24589375625 0.01099240625 0.2907139203125 0.026921403125 0.342056834375 0.0539512828125 0.367247709375 0.09208204375 0.36628654374999997
2 0.0734584875 0.1354740296875 0.091854346875 0.1810053796875 0.1371134328125 0.20364606406250002 0.1619487140625 0.1936119578125 0.1821225359375 0.1541644390625 0.1657546203125 0.09577652812500001 0.0734584875 0.1354740296875
2 0.28154698906250003 0.1380687875 0.2631511296875 0.0925374375 0.20344646093750002 0.087770365625 0.189439796875 0.112688975 0.195418015625 0.163237378125 0.23072632187500003 0.1850835515625 0.2671847328125 0.1799831703125 0.28154698906250003 0.1380687875
2 0.47008952812500004 0.1220787484375 0.480312571875 0.081836715625 0.466933765625 0.04872300625 0.434092321875 0.021065270312500002 0.40635125624999996 0.029865945312499996 0.384944003125 0.072219246875 0.39752829843750004 0.11528373437499999 0.42702504062499996 0.13466304375 0.47008952812500004 0.1220787484375
2 0.4830904578125 0.28534708593749997 0.5000029046875001 0.2616619078125 0.49720273437499996 0.1713103921875 0.458549725 0.1411857921875 0.39848946406249997 0.1534144953125 0.388705340625 0.20070152343749997 0.4079790390625 0.260322865625 0.43500891875000003 0.2855137390625 0.4830904578125 0.28534708593749997
2 0.67432755625 0.44882664375000003 0.6820837375 0.4143961765625 0.6595486640625 0.37053717656249996 0.5935935109375 0.356258246875 0.567524796875 0.3691981359375 0.5626743984375 0.40486203437499996 0.5868818234375001 0.452860246875 0.620517778125 0.47056720468749996 0.67432755625 0.44882664375000003
2 0.8459799312499999 0.343362928125 0.8336456171875 0.37242074999999997 0.8529193156250001 0.4320420921875 0.9089236906249999 0.44552651093750006 0.9282196734375001 0.39198900000000003 0.914840865625 0.358875290625 0.8459799312499999 0.343362928125
2 0.840712896875 0.258822978125 0.8400850406249999 0.31685529687499997 0.8911556890625001 0.34196284375 0.9159909703125001 0.3319287390625 0.9195246109375 0.27512985156249997 0.8767323875 0.24667760312499998 0.840712896875 0.258822978125
2 0.8094100984375 0.9142575765625001 0.8975670171875001 0.8762324265625001 0.8589140078125 0.8461078265624999 0.8295005921874999 0.8507692875 0.8047486390625 0.8848441609375 0.8094100984375 0.9142575765625001
2 0.1237065296875 0.7603673921875 0.1085720453125 0.6990737 0.0633129625 0.676433015625 0.033899546875 0.6810944765625 0.10194368437500001 0.81971646875 0.1237065296875 0.7603673921875
2 0.32667236875 0.83966259375 0.3385677625 0.8035597750000001 0.32686130625 0.7745852796875 0.301503778125 0.7535336203125 0.26962350156250003 0.7640066437499999 0.25728918749999996 0.7930644671875 0.2706679953125 0.8261781765625 0.3059763 0.8480243484375001 0.32667236875 0.83966259375
2 0.6249738265625 0.201540603125 0.5564684828125 0.1690324671875 0.5204489921875 0.18117784374999998 0.5133817109375001 0.294775615625 0.554145990625 0.3360844265625 0.615084090625 0.3379457140625 0.6401916375 0.286875065625 0.6249738265625 0.201540603125