2 0.7433035718750001 0.8616071421875 0.7098214281249999 0.9174107140625001 0.7098214281249999 0.9709821421875 0.7299107140625 1 0.7991071421875 0.9977678578125 0.8214285718750001 0.9620535718750001 0.8214285718750001 0.8995535718750001 0.7879464281249999 0.8616071421875 0.7433035718750001 0.8616071421875
2 0.8683035718750001 0.7276785718750001 0.8258928578125 0.7790178578125 0.8303571421875 0.8459821421875 0.8638392859374999 0.875 0.8883928578125 0.8727678578125 0.9419642859374999 0.7879464281249999 0.9375 0.7566964281249999 0.8995535718750001 0.7232142859375 0.8683035718750001 0.7276785718750001
2 0.7723214281249999 0.6629464281249999 0.7633928578125 0.7120535718750001 0.7879464281249999 0.7544642859375 0.8258928578125 0.7566964281249999 0.8660714281249999 0.6897321421875 0.8459821421875 0.6428571421875 0.8013392859374999 0.6339285718750001 0.7723214281249999 0.6629464281249999
2 0.6183035718750001 0.8035714281249999 0.5803571421875 0.8370535718750001 0.5803571421875 0.9174107140625001 0.609375 0.9508928578125 0.65625 0.9486607140625001 0.6830357140625 0.9084821421875 0.6785714281249999 0.8370535718750001 0.6495535718750001 0.8035714281249999 0.6183035718750001 0.8035714281249999
2 0.37053571406249997 0.9933035718750001 0.459821428125 0.9977678578125 0.45089285781250005 0.8995535718750001 0.38169642812500004 0.8883928578125 0.3571428578125 0.9263392859374999 0.37053571406249997 0.9933035718750001
2 0.37053571406249997 0.9977678578125 0.328125 0.9464285718750001 0.27455357187499996 0.9553571421875 0.2455357140625 0.9888392859374999 0.37053571406249997 0.9977678578125
2 0.196428571875 0.8191964281249999 0.18303571406250002 0.8549107140625001 0.19196428593749998 0.9129464281249999 0.2321428578125 0.9308035718750001 0.2946428578125 0.8638392859374999 0.28571428593750003 0.8191964281249999 0.24330357187499999 0.7901785718750001 0.196428571875 0.8191964281249999
2 0.133928571875 0.6674107140625 0.116071428125 0.7433035718750001 0.13616071406250002 0.78125 0.1696428578125 0.7879464281249999 0.2053571421875 0.7700892859375 0.21875 0.7120535718750001 0.1584821421875 0.6473214281249999 0.133928571875 0.6674107140625
2 0.20982142812500001 0.5334821421875 0.1741071421875 0.609375 0.21875 0.703125 0.2633928578125 0.7120535718750001 0.33482142812500004 0.6361607140625 0.31696428593750003 0.546875 0.27008928593750003 0.5089285718750001 0.20982142812500001 0.5334821421875
2 0.29017857187499996 0.7075892859375 0.2991071421875 0.7611607140625 0.34375 0.7745535718750001 0.38392857187499996 0.7299107140625 0.37946428593750003 0.6763392859375 0.35491071406249997 0.6383928578125 0.29017857187499996 0.7075892859375
2 0.03125 0.6450892859375 0.03125 0.671875 0.0513392859375 0.7098214281249999 0.09375 0.7209821421875 0.125 0.6897321421875 0.116071428125 0.6272321421875 0.060267857812500006 0.6116071421875 0.03125 0.6450892859375
2 0.5513392859375 0.36607142812500004 0.5267857140625 0.39955357187499996 0.5267857140625 0.444196428125 0.5424107140625 0.47321428593750003 0.5758928578125 0.475446428125 0.5982142859375 0.45758928593750003 0.6116071421875 0.40401785781250005 0.5825892859375 0.36607142812500004 0.5513392859375 0.36607142812500004
2 0.0290178578125 0.5 0 0.5022321421875 0.008928571875000001 0.6316964281249999 0.037946428125 0.625 0.0669642859375 0.5736607140625 0.0580357140625 0.5245535718750001 0.0290178578125 0.5
2 0.6138392859375 0.53125 0.5803571421875 0.5691964281249999 0.5758928578125 0.6227678578125 0.6294642859375 0.6763392859375 0.6607142859375 0.6495535718750001 0.6785714281249999 0.5870535718750001 0.6450892859375 0.5357142859375 0.6138392859375 0.53125
2 0.640625 0.42410714218749995 0.6160714281249999 0.44866071406249997 0.6116071421875 0.48883928593750003 0.6316964281249999 0.5267857140625 0.6696428578125 0.5334821421875 0.6964285718750001 0.49776785781250005 0.6919642859375 0.453125 0.671875 0.428571428125 0.640625 0.42410714218749995
2 0.8370535718750001 0.2633928578125 0.8013392859374999 0.27232142812500004 0.7767857140625 0.3102678578125 0.7901785718750001 0.3772321421875 0.8214285718750001 0.390625 0.8504464281249999 0.37946428593750003 0.875 0.33705357187499996 0.8660714281249999 0.28794642812500004 0.8370535718750001 0.2633928578125
2 0.9040178578125 0.15178571406250002 0.8660714281249999 0.180803571875 0.8616071421875 0.234375 0.8816964281249999 0.2633928578125 0.9196428578125 0.265625 0.9419642859374999 0.2477678578125 0.9553571421875 0.194196428125 0.9397321421875 0.15625 0.9040178578125 0.15178571406250002
2 0.578125 0.0044642859375000005 0.5223214281249999 0.0334821421875 0.5178571421875 0.0915178578125 0.546875 0.147321428125 0.5982142859375 0.1540178578125 0.6294642859375 0.118303571875 0.6294642859375 0.055803571875 0.6160714281249999 0.0200892859375 0.578125 0.0044642859375000005
2 0.1875 0.060267857812500006 0.2209821421875 0 0.09375 0.0022321421875000002 0.11383928593749999 0.040178571875 0.1875 0.060267857812500006
2 0.037946428125 0.0267857140625 0.008928571875000001 0.060267857812500006 0.008928571875000001 0.1272321421875 0.037946428125 0.15178571406250002 0.0758928578125 0.149553571875 0.0982142859375 0.118303571875 0.0982142859375 0.0647321421875 0.0736607140625 0.0267857140625 0.037946428125 0.0267857140625
2 0.428125 0.3984375 0.15 0.1890625
2 0.778125 0.046875 0.12734375 0.09296875
2 0.93515625 0.8828125 0.12890625 0.23359375