2 0.66258720625 0.46879227187500006 0.7109384828125 0.5145803171875001 0.7494966875 0.48061018750000006 0.7568050609375 0.43023690468750003 0.7154508625 0.3498561375 0.664222221875 0.35389731874999997 0.646108353125 0.40784625625000004 0.66258720625 0.46879227187500006
2 0.6866157046875 0.11501262968749999 0.7156107625 0.1496838828125 0.7421968203125 0.146419525 0.7619428671875 0.1057636171875 0.7282840359375 0.05142485 0.7080724625 0.0516576109375 0.687238296875 0.083451503125 0.6866157046875 0.11501262968749999
2 0.61905960625 0.24249948593749998 0.64929985 0.21404848593749998 0.6444033124999999 0.1741694 0.6156410171875 0.15970971875 0.5829132375 0.18621724374999998 0.5861775953125 0.21280329999999997 0.61905960625 0.24249948593749998
2 0.6714520609375 0.3395161703125 0.7118752078125 0.33905064375 0.7327093734375 0.3072567546875 0.728356896875 0.27180867656249996 0.6835812734375 0.23682612656250002 0.646422484375 0.2638777109375 0.6430010625 0.30927592656249997 0.6714520609375 0.3395161703125
2 0.5973700843749999 0.28564292812500003 0.6032790421875001 0.2421881890625 0.5684535578125 0.2149795390625 0.5373579578125 0.2547800921875 0.556402878125 0.28167744687499996 0.5973700843749999 0.28564292812500003
2 0.48659767968749995 0.1710564359375 0.5239106984374999 0.2002085609375 0.563245725 0.1908810171875 0.58742278125 0.149681046875 0.57428681875 0.079328953125 0.539461334375 0.052120303125 0.5026138421875 0.06339132343750001 0.4784367859375 0.1045912921875 0.48659767968749995 0.1710564359375
2 0.43124365468750003 0.4162370765625 0.4779627515625 0.44873209375 0.50486010625 0.4296871734375 0.5293484578125 0.3727066390625 0.517844675 0.31564757499999996 0.483019190625 0.2884389234375 0.437309678125 0.300798065625 0.4191958109375 0.3547470015625 0.43124365468750003 0.4162370765625
2 0.514653178125 0.5094453453125001 0.556941265625 0.5424844203125 0.5874142734375 0.5342449953124999 0.61773305 0.46980185781249995 0.6112043359375 0.41662974375 0.5747466734375 0.3761280640625 0.537355121875 0.382968075 0.49926244375 0.45736135000000006 0.514653178125 0.5094453453125001
2 0.7746019609375 0.64844449375 0.8025089 0.674253728125 0.8202329390624999 0.6720774890625 0.8438659359375 0.6264465109375 0.81743694375 0.5577265953125 0.7933384203125 0.5629344296875 0.7691613640625 0.6041343968749999 0.7746019609375 0.64844449375
2 0.73557539375 0.7701794578125 0.7673692828124999 0.7910136249999999 0.8037512484375 0.7393194578125 0.7728912484375 0.6711436015625 0.739386646875 0.67300854375 0.7168417687499999 0.7275015406249999 0.73557539375 0.7701794578125
2 0.8290164250000001 0.7069815078125 0.8849088374999999 0.722607840625 0.9084633015625 0.7129689984375001 0.9130513765625 0.640440665625 0.8881760312500001 0.621005915625 0.8454981140625 0.639739540625 0.8204657031249999 0.6922890625 0.8290164250000001 0.7069815078125
2 0.6793688484375 0.8985216703125 0.6984137687499999 0.9254190250000001 0.737748796875 0.9160914796874999 0.7663568625 0.8743474515624999 0.757029315625 0.8350124234375 0.72609078125 0.8028287046875 0.6975612484375 0.8085805953125 0.67727114375 0.8448054953125 0.6793688484375 0.8985216703125
2 0.4585048953125 1 0.47095433125 0.99607674375 0.464425615625 0.9429046281250001 0.42960013124999996 0.915695978125 0.4049575484375 0.9164728 0.3841233828125 0.9482666906249999 0.38901991874999997 0.9881457765624999 0.3995798484375 1 0.4585048953125 1
2 0.304053915625 0.9738403265625 0.3361591015625 0.978893928125 0.357537325 0.9515310484375 0.35318484843750003 0.916082971875 0.31781530468749997 0.8844433109375001 0.27987969375 0.8868523140625 0.2695397265625 0.9308511125000001 0.304053915625 0.9738403265625
2 0.3021918078125 0.8121477421875 0.342382190625 0.7914706421875 0.3369415953125 0.747160546875 0.3065471203125 0.7194078359375 0.2741306390625 0.7301347984375 0.2627025515625 0.765271578125 0.3021918078125 0.8121477421875
2 0.226012125 0.7045583265625 0.2570291921875 0.700749909375 0.2745204671875 0.6783620984375001 0.2403175765625 0.619592321875 0.21567499375 0.62036914375 0.1981837171875 0.6427569546874999 0.226012125 0.7045583265625
2 0.3368525078125 1 0.325897665625 0.9869005921875 0.2973681328125 0.9926524828125001 0.294978384375 1 0.3368525078125 1
2 0.2934168296875 0.392679778125 0.3268428984375 0.42680697187499994 0.348997946875 0.424086675 0.37371906250000003 0.387317715625 0.3671903484375 0.3341456 0.3329089234375 0.311367959375 0.3004924390625 0.3220949203125 0.29186318437500003 0.3433946125 0.2934168296875 0.392679778125
2 0.1872296640625 0.333752934375 0.22065573437500002 0.36788012812500004 0.2555597515625 0.35909664218750004 0.2719629078125 0.3278468125 0.24110290625 0.25967095625000003 0.1998244046875 0.2714860359375 0.18342124843750002 0.3027358671875 0.1872296640625 0.333752934375
2 0.39191429843750003 0.1691886578125 0.41982123906249996 0.19499789375 0.45861220625000004 0.18123933750000001 0.470584353125 0.1505335671875 0.4656878171875 0.11065448124999999 0.4391802921875 0.0779267015625 0.401788740625 0.0847667140625 0.382586753125 0.1298536328125 0.39191429843750003 0.1691886578125
2 0.1784218890625 1 0.1354427859375 0.9743030171875 0.1188786734375 1 0.1784218890625 1
2 0.6175788203125 0.4135981484375 0.64338805625 0.385691209375 0.6468094796875 0.34029299375 0.6119839953125 0.31308434375 0.57871215625 0.3351608578125 0.5896718812499999 0.3877889140625 0.6175788203125 0.4135981484375
2 0.0860819234375 0.883660815625 0.13591114843750002 0.8865381796875 0.14461893750000002 0.8292463515625 0.0948682453125 0.7903768515625 0.06439523750000001 0.798616278125 0.0609738140625 0.8440144937499999 0.0860819234375 0.883660815625
2 0.94921875 0.790625 0.1015625 0.18125