2 0.507391978125 0 0.48726261718749997 0.0421307609375 0.48777227187500005 0.0964387484375 0.5198323828125 0.14971669375000002 0.5839633421875 0.17920706718749999 0.6276731453125 0.1443009234375 0.634151159375 0.052495584375 0.604264253125 0 0.507391978125 0
2 0.5100040484374999 0.158249428125 0.48801636562499995 0.20065826250000002 0.497318946875 0.2534158203125 0.536106534375 0.2805751828125 0.5730888625 0.271787621875 0.5878394171875 0.20118938281249998 0.552673078125 0.16885834375 0.5100040484374999 0.158249428125
2 0.45621108125000004 0.1745343109375 0.44199165 0.14530949843750002 0.381221746875 0.1220262140625 0.3548376015625 0.1652102640625 0.358968503125 0.2143465734375 0.37991004375 0.2559855609375 0.4329224296875 0.2738369734375 0.4574959515625 0.2332387625 0.45621108125000004 0.1745343109375
2 0.3874073671875 0.272796196875 0.3574127078125 0.24408640625000003 0.3310339265625 0.248737696875 0.30904624531249997 0.29114653281249997 0.3196444296875 0.32554302343749997 0.34886387343749997 0.3498563515625 0.377053278125 0.3426192203125 0.39515951718750003 0.3167608296875 0.3874073671875 0.272796196875
2 0.45388543593749997 0.1613449203125 0.412772203125 0.12099617031250001 0.3848429953125 0.11685453593749999 0.3597544515625 0.14167751875 0.35974371875 0.2187430359375 0.3806852578125 0.2603820234375 0.4336976453125 0.2782334375 0.4611172 0.2280670828125 0.45388543593749997 0.1613449203125
2 0.6214177578125 0.49445681406249997 0.5738372453125 0.46884788437499997 0.5386655390625 0.4750496046875 0.5107309640625 0.509440728125 0.5179627265625 0.576162890625 0.5619219921874999 0.6069434984375001 0.6120937109375 0.5958302953125 0.6366672328125 0.5552320828124999 0.6214177578125 0.49445681406249997
2 0.702635646875 0.38947281875 0.661002028125 0.3718815984375 0.617032028125 0.41816650937500005 0.6359027515625 0.47377010156250005 0.667453209375 0.47274005781249995 0.6984886453125 0.45593478750000005 0.7116834015625 0.41507638281250003 0.702635646875 0.38947281875
2 0.6824532234375 0.46782857343749995 0.6485717531249999 0.4942019875 0.6527026546875 0.543338296875 0.6819221015625 0.567651625 0.705715040625 0.561189709375 0.7253717109375 0.5441242453124999 0.7256372718749999 0.49421271874999995 0.6824532234375 0.46782857343749995
2 0.8420161328125 0.46009252343749996 0.815902915625 0.4148322875 0.7610799046875 0.3995667140625 0.7230567999999999 0.4538693359375 0.742957565625 0.5410233843750001 0.7853664 0.5630110671875 0.8091593406250001 0.556549153125 0.8409753562500001 0.5056075843750001 0.8420161328125 0.46009252343749996
2 0.5024798921875 0.3341025890625 0.525747078125 0.3889309640625 0.5624692125 0.3915221703125 0.5919595859375 0.3273912125 0.5588640640625 0.2810955703125 0.524467575 0.291693753125 0.5024798921875 0.3341025890625
2 0.9433949796875 0.43088381093750006 0.9154657703125 0.42674217499999995 0.885980765625 0.452340371875 0.8828691718749999 0.5118200390625 0.9470001281249999 0.5413104125 0.9731240796874999 0.509505128125 0.97416485625 0.463990065625 0.9433949796875 0.43088381093750006
2 0.8665735546875 0.5350925921874999 0.8505327656249999 0.5855191375000001 0.8678530578125001 0.6323298015625001 0.9193150140625 0.6413882890625 0.9438885359375 0.600790078125 0.925793028125 0.5495829515625 0.9612249265624999 0.5320024640625001 0.978816146875 0.49036884374999995 0.967442746875 0.45157589062500003 0.9198622343749999 0.425966959375 0.885980765625 0.452340371875 0.8774426656250001 0.481044796875 0.8947629578124999 0.5278554609375 0.8665735546875 0.5350925921874999
2 1 0.7133436390625 0.9976654015624999 0.7001034734375 0.9617238484374999 0.6633759718750001 0.9389663171875 0.6628555828125 0.906635278125 0.6980219234375 0.9042989 0.761898053125 0.9342935593749999 0.7906078437499999 0.9852404937499999 0.7838911015625001 1 0.7589354265625 1 0.7133436390625
2 0.608727290625 0.6281559671875 0.624497153125 0.66617370625 0.6663909671875 0.672386159375 0.68863884375 0.618598559375 0.6563185375 0.576699378125 0.6226972609375 0.591694025 0.608727290625 0.6281559671875
2 0.6110529359375 0.64134535625 0.575886596875 0.6090143171875 0.5407148921875 0.6152160375 0.517176778125 0.648831946875 0.520532465625 0.69357179375 0.5484563078125 0.7362461890625001 0.59138553125 0.7354763421875 0.6188050859375 0.6853099890625 0.6110529359375 0.64134535625
2 0.6503448109375001 0.7613454640625 0.621125365625 0.7370321375 0.5903501234374999 0.74245864375 0.5719836875000001 0.7796958 0.582581871875 0.8140922906249999 0.61180131875 0.8384056187500001 0.6399907203125 0.8311684874999999 0.657321746875 0.8009136343750001 0.6503448109375001 0.7613454640625
2 0.6019729828125 0.84693835 0.571978321875 0.8182285609375001 0.5404278640625 0.819258603125 0.5168897515624999 0.8528745109375 0.518695009375 0.88882143125 0.5463586578124999 0.9428745921875 0.577909115625 0.9418445500000001 0.609725134375 0.8909029828125 0.6019729828125 0.84693835
2 0.38784189062499996 0.8665628218749999 0.3630189078125 0.841474278125 0.330693234375 0.8381078578125001 0.3092259390625 0.8577591609375 0.30611434531250004 0.9172388281250001 0.336884221875 0.9503450828125001 0.37981344375 0.949575234375 0.3979196859375 0.92371684375 0.38784189062499996 0.8665628218749999
2 0.4744970171875 0.71528855 0.43493421562499995 0.683732725 0.3989872953125 0.6855379828125 0.3726031484375 0.7287220328124999 0.3803552984375 0.772686665625 0.44293045937500003 0.8319168703125 0.46232693593749996 0.8262301703125001 0.48224916718750005 0.7592531796875 0.4744970171875 0.71528855
2 0.40461066562500003 1 0.398429340625 0.97802483125 0.36920989375 0.953711503125 0.3376594375 0.954741546875 0.31257089531250004 0.979564528125 0.31539888125000004 1 0.40461066562500003 1
2 0.314030946875 1 0.31024525000000003 0.9663751390625 0.28102580312500003 0.9420618109375001 0.23551074062500002 0.9410210359375 0.20680095 0.9710156953125001 0.20964354687500003 1 0.314030946875 1
2 0.1041909 0.556192359375 0.07780675468750001 0.5993764109375 0.0915057984375 0.651358753125 0.11555356562500001 0.6720508328125 0.1680509296875 0.6741270171875 0.1879731609375 0.607150028125 0.1592741046875 0.56007916875 0.1041909 0.556192359375
2 0 0.5344641921875 0.028914537499999997 0.7077268265625001 0.050896853124999995 0.7038507515625 0.09021019531249999 0.6697198203125 0.06953421562499999 0.578169309375 0.036433328125 0.570406425 0.0255741921875 0.5276529265625001 0.039544921875 0.510926759375 0 0.477223365625 0 0.5344641921875
2 0.11946184062500001 0.462836590625 0.102651203125 0.4703339140625 0.0904864890625 0.5427427765624999 0.1085873625 0.55541714375 0.182291828125 0.5492207921875 0.1967768203125 0.5285340765625001 0.181006959375 0.490516340625 0.11946184062500001 0.462836590625
2 0.169649659375 0.33612510625 0.1199929625 0.3630135390625 0.10395217187500001 0.4134400859375 0.12644414375 0.463872 0.18023174375 0.4861198765625 0.22161590156250002 0.43802434218749997 0.204040784375 0.36405968125 0.169649659375 0.33612510625
2 0.875 0.2640625 0.1828125 0.225
2 0.95390625 0.859375 0.0921875 0.14375