2 0.771875 0.7171875 0.08359375 0.1265625
2 0.753125 0.61484375 0.0953125 0.1171875
2 0.71328125 0.51875 0.07265625 0.08515625
2 0.646875 0.61953125 0.0875 0.08203125
2 0.60390625 0.71640625 0.10859375 0.16796875
2 0.628125 0.51484375 0.103125 0.11328125
2 0.5390625 0.47265625 0.09140625 0.12734375
2 0.63984375 0.396875 0.08671875 0.14609375
2 0.5296875 0.31015625 0.125 0.2046875
2 0.66171875 0.2609375 0.1 0.13671875
2 0.7140625 0.0953125 0.11953125 0.16328125
2 0.9203125 0.0625 0.071875 0.125
2 0.97109375 0.49296875 0.0578125 0.13203125
2 0.0203125 0.9015625 0.040625 0.11484375
2 0.13125 0.96796875 0.11484375 0.0640625
2 0.11796875 0.40859375 0.1328125 0.28046875
2 0.3671875 0.7703125 0.15703125 0.22265625
2 0.72890625 0.890625 0.121875 0.20234375