2 0.83984375 0.91328125 0.09765625 0.134375
2 0.9546875 0.4515625 0.090625 0.134375
2 0.88125 0.37421875 0.12109375 0.16328125
2 0.7640625 0.44375 0.125 0.14140625
2 0.7765625 0.31875 0.078125 0.10546875
2 0.665625 0.3296875 0.14296875 0.1765625
2 0.62265625 0.1921875 0.12421875 0.13359375
2 0.6234375 0.0796875 0.09296875 0.128125
2 0.5484375 0.05546875 0.07265625 0.09453125
2 0.42421875 0.06484375 0.11640625 0.1296875
2 0.3328125 0.0921875 0.11953125 0.1703125
2 0.33359375 0.26640625 0.0953125 0.14296875
2 0.54140625 0.690625 0.08125 0.0984375
2 0.30078125 0.61953125 0.1234375 0.1625
2 0.11015625 0.4375 0.115625 0.15
2 0.1515625 0.31015625 0.134375 0.159375
2 0.05 0.25625 0.065625 0.1046875
2 0.1171875 0.19609375 0.11328125 0.13046875
2 0.92421875 0.7359375 0.1515625 0.184375
2 0.03984375 0.9609375 0.0796875 0.075
2 0.18984375 0.07265625 0.1640625 0.1453125