2 0.21317449375000003 0.755882915625 0.1801816328125 0.7117153625 0.155916040625 0.716078996875 0.1298431015625 0.776617484375 0.14746496250000002 0.8243704953125001 0.18218150625 0.8370178749999999 0.21300716562500002 0.8051922796875 0.21317449375000003 0.755882915625
2 0.27349122187499997 0.72819919375 0.26804398749999997 0.6659370250000001 0.22685104374999998 0.656096925 0.1976654 0.6810570312500001 0.19633080625 0.7170245000000001 0.21926180781250001 0.7486283375 0.2556183671875 0.754410228125 0.27349122187499997 0.72819919375
2 0.490910859375 0.498554528125 0.46914712343750004 0.480292584375 0.43598693437499997 0.48543439375 0.39890663125 0.5738239328125 0.43306675781250004 0.6313333796875 0.46419784062499997 0.6286097625 0.5011944796875001 0.5648749046875 0.490910859375 0.498554528125
2 0.6185479015625 0.5232384406249999 0.5916423562500001 0.471816309375 0.5407766406250001 0.453859790625 0.5075327875 0.48365628125000004 0.5178164078124999 0.5499766593750001 0.549642003125 0.5808023203125 0.5896676828125 0.5773005265625 0.6185479015625 0.5232384406249999
2 0.27226952656250003 0.6117912765625 0.2426403609375 0.5292380578125 0.192163734375 0.5157288375 0.1564180234375 0.5681509046875 0.16631255625000002 0.6300239859375 0.198527240625 0.6652969453125 0.255174846875 0.6468969046875 0.27226952656250003 0.6117912765625
2 0.31682616874999997 0.5832457125 0.3509318609375 0.537689134375 0.3410373296875 0.4758160546875 0.31365902968750003 0.4446013046875 0.2570950890625 0.4383466625 0.23391309374999997 0.480706871875 0.2370258 0.5162852546875001 0.2683786453125 0.5673182984375 0.31682616874999997 0.5832457125
2 0.682337190625 0.6633011046874999 0.713551940625 0.6359228078125 0.712941090625 0.5777188468750001 0.69609740625 0.5388604328125 0.650068075 0.524962121875 0.614322365625 0.577384190625 0.6189914234375 0.6307517640625 0.6463697203125001 0.6619665125 0.682337190625 0.6633011046874999
2 0.684646521875 0.45919815937499997 0.66054825625 0.4142524296875 0.62255168125 0.41533603125 0.595700565625 0.46697992343749994 0.6125442515625 0.5058383390625 0.656544478125 0.5221548421875 0.67925371875 0.5000020171874999 0.684646521875 0.45919815937499997
2 0.7282576578125 0.471067365625 0.755414196875 0.4485254515625 0.7604179109375 0.4032742984375 0.7318723484375 0.3587176578125 0.6983230703125 0.35941216875 0.6691374265625 0.384372275 0.6685810109375 0.429234340625 0.696348396875 0.46489638749999995 0.7282576578125 0.471067365625
2 0.4134198234375 0.22749112343750003 0.38120513749999996 0.192218165625 0.33837217656249996 0.18924355625 0.309964709375 0.22309825781249998 0.3065173484375 0.286138603125 0.356521225 0.3198552078125 0.39701965625 0.29614603125 0.4134198234375 0.22749112343750003
2 0.56126425 0.252647790625 0.583973490625 0.230494965625 0.5837517296875 0.17673830468750001 0.5507588703125 0.1325707515625 0.5309405734375 0.136545296875 0.50253310625 0.1703999984375 0.506813075 0.21932027187499997 0.534191375 0.250535021875 0.56126425 0.252647790625
2 1 0.7734422484375 0.9899496796875 0.773069325 0.957094915625 0.8073131140625 0.9569275859375 0.8566224796874999 0.9846949734375 0.892284525 1 0.8939769015625 1 0.7734422484375
2 0.600809109375 0.9863682578124999 0.7059042390625 0.9838956328125 0.69070056875 0.9381717265624999 0.6442821515625 0.91982611875 0.602532790625 0.9548480843749999 0.600809109375 0.9863682578124999
2 0.5200543375 1 0.5923036015625 0.99159373125 0.569761690625 0.9644371921875001 0.5317651140625 0.9655207921875 0.5149754718749999 1 0.5200543375 1
2 0.1125 0.10625 0.128125 0.1578125
2 0.7203125 0.0296875 0.146875 0.059375
2 0.8765625 0.92890625 0.14375 0.090625