0 0.5859375 0.66875 0.1265625 0.17109375
0 0.6328125 0.80546875 0.10234375 0.11953125
0 0.775 0.94921875 0.07578125 0.0890625
0 0.7359375 0.43671875 0.13125 0.14921875
0 0.87890625 0.23359375 0.05625 0.0828125
0 0.59765625 0.31875 0.06484375 0.07421875
0 0.53125 0.4109375 0.0609375 0.07578125
0 0.2703125 0.43359375 0.11171875 0.1265625
0 0.02890625 0.82109375 0.0578125 0.0890625
0 0.4640625 0.23359375 0.09609375 0.1265625
0 0.43125 0.0859375 0.06796875 0.0984375
0 0.2609375 0.12265625 0.08984375 0.12421875
0 0.73828125 0.04140625 0.12265625 0.0828125