2 0.74536040625 0.21809288593749998 0.7950842625 0.25163205 0.8240564593749999 0.2369047390625 0.8435970046874999 0.18535409687499999 0.8289928296875001 0.133618753125 0.798440115625 0.1168183875 0.749321815625 0.13318778125 0.733311709375 0.1795043328125 0.74536040625 0.21809288593749998
2 0.6737766781250001 0.34115556874999997 0.698181909375 0.36142480625 0.741152725 0.34852428281250003 0.7826045921875 0.2927145109375 0.774938159375 0.253274134375 0.7200417796874999 0.20482295781249998 0.6911311515625 0.20816869374999997 0.6663565140625 0.2561888984375 0.6737766781250001 0.34115556874999997
2 0.7651885515625 0.4370829609375 0.8027405765625 0.4547967203125 0.844859565625 0.4375139328125 0.862573325 0.399961909375 0.855030028125 0.337758384375 0.81498409375 0.295516259375 0.7948379921875001 0.29715834375 0.7392643718749999 0.373904475 0.7651885515625 0.4370829609375
2 0.710158921875 0.575119225 0.7573272984375 0.5955115953125001 0.799446290625 0.578228809375 0.8206904859374999 0.5354426953125 0.7860017781249999 0.4739678625 0.745832709375 0.4544888828125 0.7213043421875 0.45698279375000006 0.695554746875 0.52338388125 0.710158921875 0.575119225
2 1 0.5712442234374999 0.9982286953124999 0.5714243203125 0.9690717953125001 0.62029635 0.9863545828125 0.662415340625 1 0.6700528734375 1 0.5712442234374999
2 0.6578079015625 0.7035391343749999 0.70229766875 0.733547859375 0.7321216921875 0.723202815625 0.7506872765625 0.6900330546875 0.7343794484374999 0.6295331828124999 0.702974909375 0.6083505515625001 0.67844654375 0.6108444609375 0.6492896421875 0.6597164921875 0.6578079015625 0.7035391343749999
2 0.5784447234375001 0.64620029375 0.624761278125 0.6622104015625 0.674977671875 0.604696978125 0.668163065625 0.5696388640625 0.622883040625 0.5238663015625 0.5781470046875 0.53938386875 0.5559278484375 0.600550865625 0.5784447234375001 0.64620029375
2 0.297989934375 0.5369928578125001 0.338097434375 0.567853409375 0.3810682515625 0.5549528859375 0.4049910609375 0.5025504187500001 0.39476915 0.44996324843749996 0.3371941609375 0.41112842499999996 0.30913535468750003 0.4188564265625 0.286916196875 0.480023421875 0.297989934375 0.5369928578125001
2 0.24363754375000002 0.5498318140625 0.269931128125 0.5447208578125 0.2884967140625 0.5115510984375 0.2880142921875 0.43887939375 0.277669246875 0.4090553703125 0.241030615625 0.3843423015625 0.1801613390625 0.46893956875000004 0.195617340625 0.525057178125 0.24363754375000002 0.5498318140625
2 0.1261167859375 0.42487065625 0.16537246249999998 0.45134894531249997 0.20396101406249997 0.4393002484375 0.2270319984375 0.382515515625 0.21242782343750002 0.3307801703125 0.1776159796875 0.29206848281250003 0.115227753125 0.333756503125 0.1018962578125 0.37045669999999997 0.1261167859375 0.42487065625
2 0.29270439375 0.3811197 0.32539173125 0.32701358125 0.3168734734375 0.2831909375 0.2802348421875 0.25847786875 0.23969636875 0.3072883328125 0.25259689218750003 0.3502591484375 0.29270439375 0.3811197
2 0.06276371562500001 0.32121526562499997 0.1030559203125 0.317931096875 0.11456062812500001 0.2952295171875 0.100931415625 0.22511329062500002 0.0423814640625 0.2046593515625 0.0142610921875 0.22376892499999998 0.017422125 0.28682427499999996 0.06276371562500001 0.32121526562499997
2 0.462001828125 0.8075436953124999 0.4971215078125 0.7893475125 0.497367778125 0.7438212203125001 0.46170410781250004 0.70072726875 0.4239673828125 0.7171582296875 0.4243882359375 0.8012115078125 0.462001828125 0.8075436953124999
2 0.1063713015625 0.8380146046875 0.0531785765625 0.7983279578125 0.08402900937499999 0.9219447484375 0.11050729687500001 0.8826890734375 0.1063713015625 0.8380146046875
2 0.38125 0.9890625 0.11875 0.021875
2 0.071875 0.15546875 0.14375 0.1796875