2 0.93046875 0.56328125 0.109375 0.14375
2 0.95625 0.4484375 0.0875 0.13125
2 0.76328125 0.33203125 0.1265625 0.1546875
2 0.63671875 0.36796875 0.1234375 0.16796875
2 0.63984375 0.23515625 0.11875 0.13046875
2 0.6671875 0.13203125 0.11328125 0.13203125
2 0.34296875 0.459375 0.11328125 0.15859375
2 0.31796875 0.628125 0.1078125 0.13515625
2 0.15703125 0.83984375 0.1296875 0.17265625
2 0.071875 0.534375 0.09140625 0.1171875
2 0.10625 0.4375 0.1140625 0.1515625
2 0.1296875 0.2140625 0.14140625 0.1765625
2 0.0359375 0.0703125 0.071875 0.140625
2 0.96875 0.8015625 0.0625 0.1203125
2 0.82890625 0.45703125 0.10625 0.21875
2 0.47265625 0.74765625 0.13359375 0.15078125