2 0.9213009984375 0.1563867265625 0.9676371234375001 0.116265165625 0.9017365093749999 0.09504637187500001 0.8958837765625001 0.1235553890625 0.9213009984375 0.1563867265625
2 0.8176779249999999 0.14525006406250002 0.8520087000000001 0.1550942546875 0.8946842265624999 0.09534625937499999 0.8116182265624999 0.0692053703125 0.8002436218750001 0.100775209375 0.8176779249999999 0.14525006406250002
2 0.7455317703125 0.24298943125 0.769718465625 0.280112115625 0.7997578937500001 0.2887257828125 0.844863496875 0.2528955703125 0.849216790625 0.1891251421875 0.8240994578124999 0.1633460875 0.805403659375 0.15566305625000001 0.76152858125 0.187201921875 0.7455317703125 0.24298943125
2 0.7619425140625 0.3963093421875 0.795311678125 0.4499976375 0.8560212828125 0.4488290609375 0.8839614984375 0.408076753125 0.8956669609375 0.3510587203125 0.8619979093750001 0.290318140625 0.8347194171875 0.2801740625 0.7785700734375001 0.3221259203125 0.7619425140625 0.3963093421875
2 0.847883496875 0.62297495625 0.8754618765625001 0.64017131875 0.9138150828124999 0.611693275 0.93104241875 0.5516144187500001 0.8918514953125 0.4939346640625 0.8501375765624999 0.509838553125 0.8304491953124999 0.578500103125 0.847883496875 0.62297495625
2 0.633461171875 0.7310034234375 0.67664355625 0.7828614203125001 0.7106744421875 0.7856533296875 0.7653243484375001 0.7084400578125 0.7684161453125 0.6814614531250001 0.7365773921875001 0.6305340937499999 0.678928609375 0.637224540625 0.6414750640625 0.6868594296875 0.633461171875 0.7310034234375
2 0.5683363265625 0.8609433781250001 0.593122796875 0.9121706265625 0.637266790625 0.92018451875 0.6903553109375 0.872710790625 0.69347808125 0.813231709375 0.65794775625 0.7751783890625 0.618394996875 0.775447303125 0.5831026140625 0.8094472171874999 0.5683363265625 0.8609433781250001
2 0.6896626140625 0.956107653125 0.716310359375 0.98464764375 0.7776197390624999 0.99758363125 0.8092205515625001 0.9764577578125 0.8147733953125 0.940896459375 0.76516948125 0.8709424374999999 0.7268472453125 0.86692000625 0.700768303125 0.8849850546875 0.6896626140625 0.956107653125
2 0.71124324375 0.83225836875 0.7293082937500001 0.8583373109375 0.7860264390625 0.8629904937499999 0.7959016046875 0.7961592421875 0.77324531875 0.7617974937499999 0.744736303125 0.7559447625 0.713735265625 0.7911751984375 0.71124324375 0.83225836875
2 0.81876485625 0.9350747 0.8607786609374999 0.92622309375 0.8767444984375 0.9029360593750001 0.8657627046874999 0.8440567546875 0.81423556875 0.8617909421875 0.8049911515625 0.9102262828125 0.81876485625 0.9350747
2 0.8948405234375001 0.8965145265625001 0.935716725 0.7944528375 0.8884809359375 0.8134175499999999 0.8786367437499999 0.8477483250000001 0.8948405234375001 0.8965145265625001
2 0.2914458953125 0.5632692125000001 0.30828042187500004 0.5936395 0.3426111953125 0.603483690625 0.39200814687499996 0.568884003125 0.4080049578125 0.51309649375 0.39057065468749996 0.468621640625 0.3645226875 0.45418621562499994 0.31239577500000004 0.4578158390625 0.2902773171875 0.5025596078125 0.2914458953125 0.5632692125000001
2 0.5051234250000001 0.2715815203125 0.5207274281250001 0.30624315625 0.560580071875 0.3130265234375 0.5989332796875 0.28454848125 0.6149300906249999 0.22876097187500002 0.59350433125 0.1901078765625 0.5594734421875 0.18731596718750002 0.522350759375 0.2115026640625 0.5051234250000001 0.2715815203125
2 0.223032134375 0.283577021875 0.23863613749999998 0.3182386578125 0.292593346875 0.32442225156250004 0.3186722890625 0.3063572015625 0.3334385765625 0.2548610390625 0.3107822921875 0.220499290625 0.2681687109375 0.21524633437500001 0.23410685 0.24495490000000003 0.223032134375 0.283577021875
2 0.20391255312499998 0.3988436125 0.2262689515625 0.42615307968750005 0.2805570234375 0.40688847812500006 0.294692559375 0.373788228125 0.286140840625 0.3388267046875 0.24598830781249997 0.324991053125 0.20886562187500002 0.34917775 0.20391255312499998 0.3988436125
2 0.1687961625 0.5698977109375 0.1886915109375 0.605789871875 0.21137876875 0.60765114375 0.24544062968749997 0.5779425781249999 0.253454521875 0.533798584375 0.2381504078125 0.50618923125 0.20535004531249998 0.499105975 0.17557952968749999 0.530045065625 0.1687961625 0.5698977109375
2 0 0.45493020937499995 0.007317340625 0.4608977875 0.039517928125000004 0.45387647812500004 0.06898855468750001 0.4158851046875 0.0757719234375 0.376032459375 0.0524848890625 0.360066621875 0.0212149375 0.35574430156250003 0 0.4297295796875 0 0.45493020937499995
2 0.1171648296875 0.0535197234375 0.07811892499999999 0.16539462968750002 0.1330377453125 0.1277341171875 0.1171648296875 0.0535197234375
2 0.0984375 0.2375 0.1125 0.1359375
2 0.9875 0.2015625 0.025 0.125
2 0.21640625 0.7890625 0.1453125 0.2234375
2 0.5921875 0.52421875 0.1984375 0.2015625
2 0.20390625 0.0546875 0.1765625 0.109375