2 0.55859375 0.0640625 0.1515625 0.128125
2 0.47265625 0.1328125 0.1765625 0.2109375
2 0.27265625 0.3296875 0.153125 0.175
2 0.2671875 0.4609375 0.1765625 0.184375
2 0.20546875 0.7140625 0.171875 0.1984375
2 0.15234375 0.8625 0.1796875 0.1828125
2 0.95546875 0.11328125 0.0890625 0.0796875
2 0.65859375 0.71015625 0.2015625 0.2515625
2 0.58515625 0.82734375 0.153125 0.1921875
2 0.321875 0.93046875 0.1375 0.109375
2 0.7703125 0.76875 0.1796875 0.234375
2 0.8671875 0.66875 0.1328125 0.153125
2 0.82421875 0.8484375 0.125 0.1875
2 0.66171875 0.04765625 0.1359375 0.0734375
2 0.87890625 0.91171875 0.1265625 0.1765625
2 0.8328125 0.98671875 0.15625 0.0265625
2 0.92578125 0.3234375 0.1484375 0.259375
2 0.646875 0.28359375 0.1875 0.2421875
2 0.40234375 0.36640625 0.190625 0.225