2 0.06328125 0.8234375 0.1265625 0.1625
2 0.053125 0.6640625 0.10625 0.215625
2 0.478125 0.20703125 0.184375 0.2015625
2 0.3578125 0.15 0.1328125 0.1453125
2 0.43359375 0.0921875 0.1921875 0.184375
2 0.54921875 0.0859375 0.1359375 0.171875
2 0.77578125 0.9765625 0.1578125 0.046875
2 0.60390625 0.67734375 0.1734375 0.1890625
2 0.6015625 0.80390625 0.1578125 0.153125
2 0.7359375 0.684375 0.2171875 0.275
2 0.84375 0.74765625 0.1640625 0.2109375
2 0.86171875 0.58046875 0.1921875 0.2234375
2 0.6859375 0.47421875 0.175 0.215625
2 0.73046875 0.32109375 0.1734375 0.1828125
2 0.98515625 0.45546875 0.0296875 0.1421875
2 0.26015625 0.72890625 0.1921875 0.203125