2 0.6879265546875 0 0.6768325500000001 0.0199437734375 0.7031750078125001 0.10537177499999999 0.7449481921875 0.13530011875 0.790708240625 0.10439244218749999 0.8000314671875 0.0321125578125 0.7791816171875 0 0.6879265546875 0
2 0.6055319984375 0.0981537796875 0.651500240625 0.12655525 0.6875360875000001 0.1015622890625 0.6569985734375 0.0176611625 0.6079919890625 0.0331227046875 0.5944583 0.054676342187500004 0.6055319984375 0.0981537796875
2 0.5635999734375 0 0.5650774984375 0.0131113484375 0.5980749999999999 0.0319814 0.6625277203125 0.013273321874999999 0.6648845515625 0 0.5635999734375 0
2 0.44782411250000004 0.11517301093750001 0.4787163828125 0.1086799390625 0.48423012343750005 0.052038973437500004 0.42548392812499997 0.0211621109375 0.40489421718749996 0.0429085328125 0.41177285937499997 0.0879128484375 0.44782411250000004 0.11517301093750001
2 0.38944808124999997 0.046155070312500004 0.4136544921875 0.0017137046875 0.30191484687500003 0.047134403125 0.3516925734375 0.0598969515625 0.38944808124999997 0.046155070312500004
2 0.317006225 0.1342820671875 0.3463716203125 0.1235939375 0.346163428125 0.0642847921875 0.296192915625 0.044466221875 0.26396655468749997 0.05382026250000001 0.25806724375 0.09634918125 0.317006225 0.1342820671875
2 0.27183993906250004 0.23861093281249998 0.3132275515625 0.25442723125 0.3422073765625 0.2296270578125 0.35077486874999997 0.18137620625 0.3271159984375 0.14247939375000002 0.28858934999999997 0.1279971859375 0.251026628125 0.1487950890625 0.24818106874999998 0.1997141203125 0.27183993906250004 0.23861093281249998
2 0.45645323125 0.27593465 0.48792385781250003 0.2906096421875 0.5130941953125 0.2814483890625 0.53043736875 0.24425583281250002 0.5063929296875 0.191246975 0.4663394046875 0.1725697109375 0.444030034375 0.18306505312500002 0.4312674859375 0.23284278125000002 0.45645323125 0.27593465
2 0.5287023015625001 0.1807516296875 0.547572353125 0.14775412968749999 0.51399649375 0.1077160125 0.4901602484375 0.1140163 0.48540224218750005 0.1466282296875 0.5287023015625001 0.1807516296875
2 0.5864999765625 0.22860150468749998 0.6294144671875 0.24861285937500002 0.6503897484375 0.24097848125 0.6711568375 0.1740349578125 0.6402491625 0.128274909375 0.6001956390625 0.10959764375 0.571023028125 0.127341796875 0.5620699671875 0.161480603125 0.5864999765625 0.22860150468749998
2 0.55049494375 0.358100709375 0.579281984375 0.32624451250000003 0.5426523750000001 0.27781628281250004 0.51367255 0.30261645625 0.5232193765625001 0.3418988390625 0.55049494375 0.358100709375
2 0.6624119703125 0.2674829109375 0.674626975 0.3010433609375 0.7358485640625 0.31914227031250003 0.773025715625 0.28423232187499997 0.774151615625 0.22206221093749998 0.7405757562499999 0.18202409375 0.7020491078125 0.1675418859375 0.6782128625 0.1738421734375 0.6662060484375 0.19959086718750002 0.6624119703125 0.2674829109375
2 0.7187135828125 0.41564397187499996 0.7438839203125001 0.40648271874999997 0.7555051640625 0.36662198125 0.7375682265625 0.3303933484375 0.700568453125 0.32010619687499997 0.665866696875 0.34223818906250003 0.671218465625 0.3830474484375 0.7187135828125 0.41564397187499996
2 0.84136495625 0.511150934375 0.9025865468750001 0.5292498453125 0.953490171875 0.47984228125 0.9511767484375 0.39517001406249996 0.918742196875 0.3452149078125 0.8462695281249999 0.32883565937500003 0.802421925 0.3780504375 0.7971009687499999 0.44174742343749995 0.84136495625 0.511150934375
2 0.7932452624999999 0.3006269765625 0.8262427656250001 0.3194970265625 0.8556081593749999 0.30880889843750003 0.8657025265625 0.264753103125 0.8332679734375 0.214797996875 0.8077120656250001 0.20984720625 0.78959775 0.21881567500000002 0.7795033828125 0.2628714703125 0.7932452624999999 0.3006269765625
2 0.9320831 0.31660524687499997 0.9662219078125001 0.32555830937499997 0.9309109812499999 0.22201599062500002 0.9059334281250001 0.2382332671875 0.8985072437499999 0.27656713125 0.9320831 0.31660524687499997
2 0.7530913953125 0.588412425 0.7797886078125 0.583446225 0.7971317828125 0.54625366875 0.784916778125 0.5126932171874999 0.7303656390625 0.4802894796875 0.7032982609375 0.5233967546875 0.7128450843749999 0.5626791359375 0.7530913953125 0.588412425
2 0.465868896875 0.5171735 0.5047657078125 0.4935146296875 0.5205820078125 0.452127015625 0.4953962625 0.409035146875 0.4484795015625 0.397606690625 0.41358496093749997 0.41268266249999996 0.40768565 0.45521158125000005 0.465868896875 0.5171735
2 0.34239225625 0.8566645265625 0.3828159453125 0.8372007124999999 0.394051615625 0.7832279296875 0.36886587187500003 0.7401360609375 0.3345342796875 0.7241269781249999 0.29259912187500003 0.7916488562499999 0.3093947546875 0.8377944749999999 0.34239225625 0.8566645265625
2 0.155465540625 0.7346685421875 0.21038684375 0.7289312015625 0.21704188906250002 0.6623732515625 0.1809906359375 0.6351130859375 0.13998859218749998 0.6334088328124999 0.11406251875 0.6665991203125 0.11941428750000001 0.707408378125 0.155465540625 0.7346685421875
2 0.141384309375 0.83956035625 0.1682589015625 0.7893970578125 0.1312437234375 0.726856784375 0.0801473125 0.7692083249999999 0.10419175 0.8222171812499999 0.141384309375 0.83956035625
2 0.5679660703125 1 0.5466621468749999 0.941467953125 0.50394044375 0.9285126203124999 0.47267800937500004 0.9731467703125001 0.48804605 1 0.5679660703125 1
2 0.745726834375 0.8357587765625001 0.7916950765624999 0.86416024375 0.82792370625 0.8462233078124999 0.8380180734374999 0.8021675125 0.8204513015625 0.727797803125 0.7617051046875 0.696920940625 0.7216669890625 0.730496796875 0.7190142140625 0.78847185 0.745726834375 0.8357587765625001
2 0.8464081875 0.7991137609375001 0.9011521109375 0.838573521875 0.9236542671875 0.8351342 0.94405119375 0.8063317546875 0.9341188 0.7529373265625 0.86621135 0.6968901265625 0.8423751015625 0.7031904140624999 0.827700109375 0.734661040625 0.8464081875 0.7991137609375001
2 0.43462187031250005 0.614060771875 0.4597922078125 0.60489951875 0.47294032656249996 0.5692338359375 0.45614469375000005 0.523088215625 0.3989253734375 0.496406409375 0.3615554359375 0.524260334375 0.37835106875 0.5704059546875 0.43462187031250005 0.614060771875
2 0.53671875 0.7359375 0.1453125 0.140625