2 0.4089834859375 0.49043377968749996 0.44624869375 0.45619506249999997 0.4635279625 0.3772114140625 0.44704856406250004 0.3418127875 0.3922506578125 0.32931998125 0.33874608125 0.3685851859375 0.3415593546875 0.42723626406250004 0.35710546249999997 0.47151455000000003 0.4089834859375 0.49043377968749996
2 0.3225469265625 0.629481846875 0.355838946875 0.5903366546875 0.36237197656250003 0.5281790359375 0.34939911874999996 0.5021267140625 0.2901613828125 0.4891672625 0.2705354828125 0.505060003125 0.26750899375000003 0.5765639265625 0.2919347625 0.6217755015625 0.3225469265625 0.629481846875
2 0.22884385468750001 0.6241221328125001 0.25629610937499997 0.5978297859375 0.25978924531250003 0.5218860328125 0.238403371875 0.49046059062499997 0.2093111546875 0.4896473140625 0.1646862375 0.5298458078125 0.1604864328125 0.569804278125 0.1893520296875 0.6154824984375 0.22884385468750001 0.6241221328125001
2 0.33618623593749997 0.4356492796875 0.32706655156250003 0.394290875 0.2924812015625 0.38167805625 0.268415471875 0.3971041515625 0.25837590312500003 0.4499154640625 0.2926146203125 0.487180671875 0.333386365625 0.4622882578125 0.33618623593749997 0.4356492796875
2 0.10286184375 0.413370334375 0.143633590625 0.3884779234375 0.1693258734375 0.31486739375 0.164179371875 0.2784154640625 0.1896450375 0.2496698796875 0.188471721875 0.21812442656250003 0.153886371875 0.20551160781250002 0.0672097859375 0.3041345609375 0.07306295625 0.376571775 0.10286184375 0.413370334375
2 0.2970276390625 0.3170672 0.3090538 0.2667091234375 0.29689421875 0.2115645859375 0.2666286859375 0.17920585312499998 0.23753646874999998 0.17839257656250002 0.1973513828125 0.21905771562499998 0.20413784218750003 0.28261526875 0.22599035937499998 0.30960088125 0.2970276390625 0.3170672
2 0.3941172375 0.3115606609375 0.3997169765625 0.258282703125 0.3541453625 0.2220708 0.32423986718750003 0.2503497390625 0.31957341875 0.2947480375 0.34002600156249996 0.3350531390625 0.357785321875 0.33691971875000004 0.3941172375 0.3115606609375
2 0.2026044890625 0.1904321453125 0.24921599843750003 0.15268688749999998 0.25481573750000003 0.09940892812499999 0.223376890625 0.03550474375 0.1903114890625 0.029784990625 0.1452199265625 0.0744233171875 0.1382202515625 0.14102076562500002 0.159139478125 0.17688603593750002 0.2026044890625 0.1904321453125
2 0.2266952828125 0 0.2227902328125 0.0197320171875 0.2596022015625 0.0752231875 0.2937209046875 0.0922758359375 0.3122935 0.0650502 0.3156880796875 0 0.2266952828125 0
2 0.45942135781250004 0.2668023234375 0.49621991875000004 0.2370034375 0.514899121875 0.1447003 0.4930466046875 0.1177146875 0.442688528125 0.10568852656250001 0.4020367953125 0.1507934953125 0.3987702796875 0.18187230468749999 0.42378270625000003 0.24285660781249999 0.45942135781250004 0.2668023234375
2 0.47345887343750004 0 0.49864634375000005 0.0644367296875 0.524818678125 0.071676428125 0.5468978156250001 0.05379709687499999 0.5500443171875 0.0025057296875 0.51720540625 0 0.47345887343750004 0
2 0.636987740625 0.11488800625 0.6639733515625 0.0930354890625 0.6726129875 0.053543664062499996 0.651693759375 0.01767839375 0.62260154375 0.016865115625 0.59316269375 0.040704225 0.5849897046875 0.0757562203125 0.5979625625 0.10180854218749999 0.636987740625 0.11488800625
2 0.7108382953125 0.181005403125 0.7382905515625 0.15471305468750002 0.746930184375 0.1152212328125 0.7229710625 0.0655698265625 0.70275850625 0.0656898390625 0.6576669421875 0.1103281625 0.654400428125 0.141406971875 0.6757863015625001 0.1728324140625 0.7108382953125 0.181005403125
2 0.6322012796875 0.13907374687500001 0.587109715625 0.183712071875 0.5843098453125 0.2103510515625 0.61550866875 0.23383012343749998 0.656747059375 0.20449787968750002 0.6565070328125 0.1640727671875 0.6322012796875 0.13907374687500001
2 0.80954104375 0.032024371875 0.8016080796875 0.10750148125 0.8309403218750001 0.14873987187499998 0.8575793 0.151539740625 0.90208420625 0.091128690625 0.8978709953124999 0.0457971015625 0.80954104375 0.032024371875
2 0.567363803125 0.1793922546875 0.594816059375 0.1530999078125 0.5990158640625001 0.1131414390625 0.5780966359375 0.0772761671875 0.5499377109375 0.0675832296875 0.5254053359374999 0.08744915625 0.5212055328125 0.1274076234375 0.54119146875 0.17215255625 0.567363803125 0.1793922546875
2 0.594269621875 0.3931973546875 0.6324681171875 0.350078978125 0.6376012109375 0.3012408484375 0.6176152734375 0.2564959171875 0.5721636718750001 0.2404965703125 0.5417915328125 0.273215340625 0.5333919234375 0.35313227812500003 0.5503379671874999 0.384091075 0.594269621875 0.3931973546875
2 0.6501342359375 0.5023131140625 0.6864661515625 0.47695405781250005 0.6937058515625 0.45078172343749995 0.68551945625 0.40054365937499997 0.651400753125 0.3834910109375 0.61798871875 0.40242364531249997 0.60584254375 0.43256916562500003 0.61846876875 0.4832738734375 0.6501342359375 0.5023131140625
2 0.62330885625 0.8002483625 0.6685204328125 0.7758225953125 0.6785600015625 0.72301128125 0.6585740640625 0.6782663515625 0.6255086609375 0.6725465984375 0.5804170984375 0.7171849234375001 0.5766839390625 0.7527035625 0.5971365203125 0.7930086640625 0.62330885625 0.8002483625
2 0.4981803421875 0.8162745203125 0.4737545734375 0.7710629453125 0.43624934218750006 0.7648765484375 0.41125032343749995 0.789182303125 0.39981082031250004 0.8553131078125 0.438022721875 0.8974847875 0.4886074171875 0.8646460062499999 0.4981803421875 0.8162745203125
2 0.5731607546874999 1 0.59377680625 0.97445503125 0.586990346875 0.910897478125 0.5573114718750001 0.8943114734375 0.5082467234375 0.9340433234375001 0.5040469187500001 0.9740017921874999 0.5182776625 1 0.5731607546874999 1
2 0.33343999062499996 0.8034484890625 0.2815753734375 0.86981931875 0.2902284140625 0.9156175531249999 0.3352133703125 0.9360567296875001 0.3626656265625 0.9097643812499999 0.37457177656249996 0.8391937468749999 0.33343999062499996 0.8034484890625
2 0.27397563593749996 0.8353539828125 0.305867721875 0.8095282796875001 0.315907290625 0.756716965625 0.2963879984375 0.7075322046875 0.2588827671875 0.7013458078125 0.21916432343749997 0.7375711171875 0.2144978734375 0.7819694171875 0.23004398125 0.8262477031250001 0.27397563593749996 0.8353539828125
2 0.1232346328125 0.689333053125 0.159099903125 0.668413825 0.178485778125 0.612095971875 0.154060009375 0.5668843953125 0.1081417625 0.555324878125 0.062116910937500006 0.6088428640625 0.0593170421875 0.6354818437499999 0.0846760984375 0.6718137578125 0.1232346328125 0.689333053125
2 0 0.7832288609375 0.028491662499999997 0.7579305 0.039464521875000005 0.6962395265625 0.0119988609375 0.637241815625 0 0.6369063859375 0 0.7832288609375
2 0.845540375 0.8640057234375 0.8725259875000001 0.8421532062500001 0.8986849156250001 0.764102846875 0.8772990437500001 0.73267740625 0.8353539828125 0.7260243640625 0.796448815625 0.7331574578125 0.7666633359375 0.781648953125 0.806048553125 0.8553660890625 0.845540375 0.8640057234375
2 0.9224308265625 0.9439092546875001 0.95969603125 0.9096705375 0.9690289296874999 0.8208739406250001 0.9427365812499999 0.7934216828125 0.9180841953125001 0.7930750515625 0.8837388718750001 0.820887346875 0.8669262484375 0.8954311640625001 0.8834056468749999 0.9308297921875001 0.9224308265625 0.9439092546875001
2 0.9578125 0.69921875 0.0640625 0.1515625
2 0.3859375 0.96171875 0.115625 0.06875
2 0.175 0.01796875 0.115625 0.0359375
2 0.17109375 0.4625 0.128125 0.1484375