2 0.81328125 0.26328125 0.103125 0.1390625
2 0.91796875 0.71640625 0.1203125 0.1578125
2 0.8046875 0.66171875 0.1265625 0.15
2 0.72421875 0.3890625 0.1328125 0.1546875
2 0.715625 0.2734375 0.103125 0.1140625
2 0.60546875 0.40234375 0.140625 0.175
2 0.640625 0.58046875 0.1125 0.14375
2 0.5328125 0.565625 0.1140625 0.1328125
2 0.48984375 0.4640625 0.1109375 0.125
2 0.50625 0.2890625 0.128125 0.1609375
2 0.59453125 0.15234375 0.121875 0.1578125
2 0.45234375 0.12578125 0.140625 0.1859375
2 0.3 0.68359375 0.1296875 0.1484375
2 0.55703125 0.953125 0.1140625 0.09375
2 0.23828125 0.0546875 0.1328125 0.109375
2 0.11953125 0.2609375 0.1109375 0.15625
2 0.09921875 0.9546875 0.109375 0.078125
2 0.27265625 0.3515625 0.1921875 0.2390625
2 0.78515625 0.0640625 0.1875 0.121875
2 0.86171875 0.90703125 0.2328125 0.1859375