0 0.7203125 0.95 0.0875 0.0890625
0 0.76328125 0.55859375 0.134375 0.175
0 0.6171875 0.44765625 0.109375 0.1203125
0 0.92734375 0.378125 0.1453125 0.18125
0 0.8046875 0.18984375 0.253125 0.28125
0 0.62890625 0.17734375 0.121875 0.128125
0 0.54921875 0.05546875 0.1265625 0.1109375
0 0.175 0.2 0.0765625 0.0890625
0 0.19453125 0.25703125 0.071875 0.0796875
0 0.23671875 0.39296875 0.1015625 0.109375
0 0.30234375 0.62578125 0.1296875 0.1453125
0 0.2453125 0.69140625 0.0734375 0.0828125
0 0.3546875 0.846875 0.11875 0.128125
0 0.01015625 0.8375 0.0203125 0.078125
0 0.15625 0.89296875 0.1 0.0765625