2 0.6540178578125 0.8348214281249999 0.6205357140625 0.921875 0.6450892859375 0.9553571421875 0.6785714281249999 0.9575892859374999 0.7053571421875 0.9352678578125 0.71875 0.8861607140625001 0.6941964281249999 0.8392857140625001 0.6540178578125 0.8348214281249999
2 0.5245535718750001 0.7901785718750001 0.5044642859375 0.8370535718750001 0.5223214281249999 0.9084821421875 0.5558035718750001 0.9330357140625001 0.5848214281249999 0.9308035718750001 0.6339285718750001 0.8683035718750001 0.6294642859375 0.796875 0.5959821421875 0.7633928578125 0.5245535718750001 0.7901785718750001
2 0.26116071406249997 0.8705357140625001 0.22767857187499999 0.9129464281249999 0.22767857187499999 0.9709821421875 0.2522321421875 1 0.31696428593750003 0.9977678578125 0.33482142812500004 0.9665178578125 0.3303571421875 0.921875 0.29241071406249997 0.8705357140625001 0.26116071406249997 0.8705357140625001
2 0.5558035718750001 0.625 0.5200892859375 0.6294642859375 0.477678571875 0.6763392859375 0.491071428125 0.7522321421875 0.515625 0.7767857140625 0.5401785718750001 0.7745535718750001 0.5870535718750001 0.7544642859375 0.5982142859375 0.7299107140625 0.59375 0.6584821421875 0.5558035718750001 0.625
2 0.48660714218749995 0.40401785781250005 0.453125 0.39732142812500004 0.41964285781250005 0.42633928593750003 0.415178571875 0.48883928593750003 0.453125 0.5446428578125 0.48660714218749995 0.546875 0.5178571421875 0.5245535718750001 0.5178571421875 0.5022321421875 0.48660714218749995 0.44866071406249997 0.48660714218749995 0.40401785781250005
2 0.5379464281249999 0.33928571406249997 0.491071428125 0.390625 0.491071428125 0.45758928593750003 0.5245535718750001 0.5044642859375 0.5491071421875 0.5111607140625 0.5982142859375 0.47991071406249997 0.6071428578125 0.412946428125 0.5848214281249999 0.359375 0.5379464281249999 0.33928571406249997
2 0.415178571875 0.265625 0.415178571875 0.30580357187499996 0.446428571875 0.36383928593750003 0.48214285781250005 0.3772321421875 0.5223214281249999 0.32366071406249997 0.5223214281249999 0.29241071406249997 0.43973214218749995 0.2321428578125 0.415178571875 0.265625
2 0.48883928593750003 0.1428571421875 0.459821428125 0.16741071406250002 0.45535714218749995 0.22544642812500001 0.5133928578125 0.265625 0.5357142859375 0.24330357187499999 0.5401785718750001 0.1897321421875 0.515625 0.147321428125 0.48883928593750003 0.1428571421875
2 0.38616071406249997 0.2991071421875 0.34821428593750003 0.33705357187499996 0.34821428593750003 0.390625 0.3727678578125 0.42410714218749995 0.40178571406249997 0.42633928593750003 0.43303571406249997 0.39955357187499996 0.4375 0.359375 0.415178571875 0.3102678578125 0.38616071406249997 0.2991071421875
2 0.296875 0.16071428593749998 0.25892857187499996 0.2075892859375 0.2633928578125 0.2790178578125 0.296875 0.3258928578125 0.34375 0.33258928593750003 0.37946428593750003 0.29241071406249997 0.38392857187499996 0.2209821421875 0.3459821421875 0.165178571875 0.296875 0.16071428593749998
2 0.2421875 0.0265625 0.1125 0.053125
2 0.98828125 0.33046875 0.0234375 0.1171875
2 0.98203125 0.50078125 0.0359375 0.13203125
2 0.01796875 0.9640625 0.0359375 0.07109375
2 0.23359375 0.571875 0.18671875 0.14453125