2 0.861254025 0.25119635156250003 0.891018296875 0.26908053125000003 0.9219091515625 0.2176695171875 0.9111090656249999 0.17435274218750002 0.8764789343749999 0.146179375 0.84019968125 0.15752528593749998 0.835310534375 0.1840495328125 0.861254025 0.25119635156250003
2 0.7605337921875 0.2901115875 0.8324999 0.3480841578125 0.8498266078125001 0.343764125 0.8688024406249999 0.29992481249999997 0.8634140406249999 0.2598597078125 0.8006571156250001 0.1926896 0.771961209375 0.197543815625 0.7529970203125 0.2229764109375 0.7605337921875 0.2901115875
2 0.49641791093750004 0.1719249265625 0.547828925 0.2028157796875 0.596569028125 0.1768606453125 0.6101331734375 0.12976966406249998 0.585269690625 0.06695452187499999 0.5484678984375 0.0485245171875 0.50785696875 0.060950435937500005 0.48345780937500005 0.119944796875 0.49641791093750004 0.1719249265625
2 0.79129656875 0.44117447031249996 0.81944665 0.44335777343749994 0.8265307453125 0.370276728125 0.777825571875 0.3410117078125 0.7572471937499999 0.3507434265625 0.7572122625000001 0.40596358125 0.79129656875 0.44117447031249996
2 0.712733978125 0.5412790140625 0.7533216203124999 0.5656665296875001 0.778231675 0.5548548015625 0.7907041687499999 0.5218388609375 0.7744923984375001 0.47527041875 0.740942275 0.45142872812499996 0.71224636875 0.4562829453125 0.6965222062499999 0.4947105703125 0.712733978125 0.5412790140625
2 0.8778020375000001 0.6220481953125 0.8946062078124999 0.5879522484375 0.889217809375 0.5478871421875 0.8383526203124999 0.50995876875 0.8069275828125001 0.5500005859375 0.8188076765625001 0.5976490359375 0.8778020375000001 0.6220481953125
2 0.8946294953124999 0.5511388125 0.929805453125 0.5722746578125 0.9541813250000001 0.5500937328125 0.9563762734375001 0.503536934375 0.9098544046875 0.44612183281249995 0.8854901749999999 0.4498960421875 0.8697660125000001 0.48832366875 0.8946294953124999 0.5511388125
2 0.5681860765625 0.5428117 0.6006794796875 0.5255082765625 0.6120719625000001 0.488160659375 0.5969402015624999 0.44592389375 0.5568983843749999 0.4144988578125 0.5211533125 0.437213965625 0.5157066968749999 0.48918245000000005 0.5681860765625 0.5428117
2 0.43295215000000004 0.36948638906250003 0.46219388281249996 0.35759465156250003 0.47141470625000004 0.329990396875 0.4562829453125 0.28775363125000003 0.4292245140625 0.27149528749999996 0.4048602859375 0.2752694953125 0.394547809375 0.31694879062500003 0.43295215000000004 0.36948638906250003
2 0.3014342125 0.3125588953125 0.3495935578125 0.3488614359375 0.3869644625 0.3234404859375 0.39349108906249997 0.2758036765625 0.3751076578125 0.2389785984375 0.338305865625 0.22054859218749998 0.3020266125 0.2318945046875 0.290634128125 0.26924212187499996 0.3014342125 0.3125588953125
2 0.23490307812500003 0.22102455937499998 0.28037986875 0.21888782812500002 0.29610403125 0.1804602015625 0.28530394531250003 0.137143428125 0.24201045937500001 0.111130078125 0.20573120625 0.1224759875 0.19649873906249998 0.16848696093749999 0.23490307812500003 0.22102455937499998
2 0.1367606109375 0.4640395234375 0.1849316015625 0.481935346875 0.20497579687499998 0.4608344296875 0.20717074375000002 0.4142776296875 0.19745066718749998 0.3752925359375 0.16931223125 0.35470251406250003 0.1287013 0.36712843125 0.117297171875 0.42288276874999997 0.1367606109375 0.4640395234375
2 0.3245321375 0.5989604953125001 0.364074703125 0.5637961828125 0.3467829234375 0.5128960625000001 0.31972449531249997 0.4966377171875 0.28777691875 0.50690361875 0.27854445 0.55291459375 0.3245321375 0.5989604953125001
2 0.3704848921875 0.700226553125 0.39375746875 0.7105273859375 0.429502540625 0.687812278125 0.440895025 0.6504646593750001 0.42577490625000003 0.5898211765625 0.3976364703125 0.5692311546875 0.36568889375 0.5794970578124999 0.340209725 0.6341597421875 0.3704848921875 0.700226553125
2 0.4282828109375 0.9043612140624999 0.47701126875 0.8968128 0.4916437796875 0.8724602125 0.48300371093749994 0.8378067937499999 0.43213852187499996 0.7998784203125 0.3931417828125 0.8280052124999999 0.3941985046875 0.8691503265625 0.4282828109375 0.9043612140624999
2 0.5070787125 1 0.5218956593749999 0.9753404609375 0.5089355578125 0.9233603328125 0.47646544375 0.90385031875 0.430442828125 0.9130245703125001 0.414718665625 0.9514521953124999 0.431211315625 1 0.5070787125 1
2 0.65090569375 0.717727915625 0.680669965625 0.73561209375 0.7109917078125 0.728052034375 0.7277958765625 0.6939560859375 0.715915784375 0.646307634375 0.6866973390625 0.621385934375 0.6504180859375001 0.632731846875 0.6336139140625 0.6668277953125 0.65090569375 0.717727915625
2 0.7141735140625001 0.8330806562499999 0.7547960890625001 0.80224801875 0.7439960046875 0.758931246875 0.7158575671875 0.7383412234375 0.6714491421875 0.7632163484375 0.6822492265625 0.8065331234374999 0.7141735140625001 0.8330806562499999
2 0.81171875 0.07265625 0.2109375 0.1453125
2 0.9015625 0.1265625 0.071875 0.14375
2 0.16640625 0.9671875 0.1359375 0.065625