2 0.8140625 0.86015625 0.13515625 0.1703125
2 0.5609375 0.78359375 0.1109375 0.12578125
2 0.46171875 0.88203125 0.11484375 0.17890625
2 0.4890625 0.54375 0.08515625 0.11953125
2 0.521875 0.2140625 0.12109375 0.15
2 0.46875 0.12890625 0.08984375 0.11484375
2 0.5578125 0.0765625 0.115625 0.153125
2 0.80625 0.0703125 0.13125 0.140625
2 0.24609375 0.240625 0.125 0.15390625
2 0.171875 0.3265625 0.16015625 0.16796875
2 0.0921875 0.23828125 0.12109375 0.15
2 0.959375 0.69921875 0.08125 0.1421875
2 0.5921875 0.35703125 0.11953125 0.16171875
2 0.046875 0.0515625 0.09375 0.10234375
2 0.65 0.92578125 0.18125 0.1484375
2 0.14921875 0.91953125 0.16484375 0.1609375
2 0.3140625 0.6140625 0.12890625 0.19296875
2 0.7 0.334375 0.1296875 0.21328125