2 0.584375 0.93671875 0.14375 0.1265625
2 0.64296875 0.83984375 0.1296875 0.153125
2 0.60625 0.7140625 0.1125 0.125
2 0.4640625 0.6078125 0.1109375 0.1359375
2 0.38828125 0.46875 0.13125 0.1515625
2 0.29296875 0.428125 0.0953125 0.1046875
2 0.28203125 0.32578125 0.1078125 0.115625
2 0.39609375 0.30546875 0.1203125 0.1421875
2 0.45390625 0.2234375 0.1265625 0.153125
2 0.60078125 0.390625 0.13125 0.1546875
2 0.6765625 0.44765625 0.109375 0.125
2 0.70703125 0.5984375 0.1140625 0.1453125
2 0.8109375 0.74765625 0.140625 0.165625
2 0.8109375 0.628125 0.121875 0.1453125
2 0.90390625 0.678125 0.134375 0.1515625
2 0.94296875 0.79453125 0.1140625 0.1828125
2 0.91171875 0.546875 0.1625 0.1859375
2 0.95 0.38359375 0.1 0.1359375
2 0.8546875 0.16015625 0.1078125 0.134375
2 0.04609375 0.12734375 0.0921875 0.0671875
2 0.13515625 0.8703125 0.140625 0.18125
2 0.4859375 0.8703125 0.18125 0.2546875
2 0.621875 0.20859375 0.259375 0.290625
2 0.0703125 0.46875 0.140625 0.225