2 0.746875 0.696875 0.10546875 0.13359375
2 0.771875 0.52421875 0.115625 0.1546875
2 0.540625 0.4984375 0.11640625 0.14296875
2 0.49765625 0.603125 0.09296875 0.11171875
2 0.36328125 0.525 0.1046875 0.14765625
2 0.5859375 0.90234375 0.13515625 0.1640625
2 0.05234375 0.86640625 0.1046875 0.178125
2 0.0265625 0.7671875 0.053125 0.11015625
2 0.22109375 0.378125 0.09296875 0.10390625
2 0.2640625 0.24296875 0.1328125 0.17265625
2 0.16796875 0.16484375 0.1203125 0.16796875
2 0.553125 0.278125 0.13203125 0.16640625
2 0.4390625 0.11953125 0.13125 0.1671875
2 0.05390625 0.353125 0.1078125 0.19296875