2 0.5959821421875 0.7991071421875 0.5491071421875 0.8459821421875 0.5446428578125 0.9040178578125 0.5825892859375 0.9642857140625001 0.6116071421875 0.9665178578125 0.6607142859375 0.9308035718750001 0.6741071421875 0.8638392859374999 0.6450892859375 0.8125 0.5959821421875 0.7991071421875
2 0.5669642859375 0.7611607140625 0.5825892859375 0.7857142859375 0.6383928578125 0.7834821421875 0.6607142859375 0.7120535718750001 0.609375 0.6607142859375 0.5669642859375 0.703125 0.5669642859375 0.7611607140625
2 0.42633928593750003 0.6696428578125 0.40178571406249997 0.6986607140625 0.40178571406249997 0.7700892859375 0.42633928593750003 0.7946428578125 0.45089285781250005 0.7924107140625 0.48660714218749995 0.7566964281249999 0.48660714218749995 0.7120535718750001 0.462053571875 0.6741071421875 0.42633928593750003 0.6696428578125
2 0.32366071406249997 0.6517857140625 0.28571428593750003 0.6941964281249999 0.28571428593750003 0.7522321421875 0.3102678578125 0.7901785718750001 0.34821428593750003 0.7924107140625 0.3883928578125 0.7477678578125 0.3883928578125 0.6941964281249999 0.35491071406249997 0.65625 0.32366071406249997 0.6517857140625
2 0.446428571875 0.828125 0.446428571875 0.8727678578125 0.475446428125 0.9107142859374999 0.5044642859375 0.9129464281249999 0.53125 0.890625 0.5446428578125 0.8147321421875 0.493303571875 0.7767857140625 0.446428571875 0.828125
2 0.36830357187499996 0.8705357140625001 0.33482142812500004 0.8950892859374999 0.3258928578125 0.9352678578125 0.35044642812500004 0.9910714281249999 0.3928571421875 0.9933035718750001 0.41964285781250005 0.9665178578125 0.42410714218749995 0.921875 0.40401785781250005 0.8839285718750001 0.36830357187499996 0.8705357140625001
2 0.7790178578125 0.27232142812500004 0.7455357140625 0.30580357187499996 0.7410714281249999 0.38169642812500004 0.7700892859375 0.415178571875 0.8080357140625001 0.412946428125 0.8392857140625001 0.3772321421875 0.84375 0.3147321421875 0.8058035718750001 0.27232142812500004 0.7790178578125 0.27232142812500004
2 0.7633928578125 0.47098214218749995 0.7633928578125 0.5290178578125 0.7879464281249999 0.5625 0.8258928578125 0.5647321421875 0.8526785718750001 0.5290178578125 0.8526785718750001 0.47991071406249997 0.8058035718750001 0.43303571406249997 0.7633928578125 0.47098214218749995
2 0.6495535718750001 0.5625 0.6160714281249999 0.5959821421875 0.6160714281249999 0.6361607140625 0.640625 0.6696428578125 0.6696428578125 0.671875 0.6964285718750001 0.6361607140625 0.6964285718750001 0.6049107140625 0.671875 0.5669642859375 0.6495535718750001 0.5625
2 0.515625 0.31696428593750003 0.48660714218749995 0.3459821421875 0.48660714218749995 0.390625 0.5446428578125 0.43526785781250005 0.5714285718750001 0.412946428125 0.5758928578125 0.35491071406249997 0.5558035718750001 0.3258928578125 0.515625 0.31696428593750003
2 0.45758928593750003 0.3883928578125 0.415178571875 0.43526785781250005 0.41964285781250005 0.48883928593750003 0.44866071406249997 0.5357142859375 0.48660714218749995 0.5379464281249999 0.5178571421875 0.5111607140625 0.5267857140625 0.444196428125 0.493303571875 0.40178571406249997 0.45758928593750003 0.3883928578125
2 0 0.19866071406250002 0.0491071421875 0.203125 0.0758928578125 0.1852678578125 0.10714285781249999 0.078125 0.078125 0.0357142859375 0.024553571875 0.0178571421875 0 0.0334821421875 0 0.19866071406250002
2 0.102678571875 0.118303571875 0.0803571421875 0.17633928593749998 0.084821428125 0.2075892859375 0.125 0.22544642812500001 0.16071428593749998 0.180803571875 0.15625 0.131696428125 0.131696428125 0.10714285781249999 0.102678571875 0.118303571875
2 0.0022321421875000002 0.2008928578125 0 0.3147321421875 0.0178571421875 0.3147321421875 0.053571428125 0.28794642812500004 0.0580357140625 0.2388392859375 0.037946428125 0.20982142812500001 0.0022321421875000002 0.2008928578125
2 0.462053571875 0 0.41964285781250005 0.0424107140625 0.415178571875 0.10491071406250001 0.43973214218749995 0.1383928578125 0.477678571875 0.14508928593749998 0.5089285718750001 0.12276785781249999 0.5223214281249999 0.060267857812500006 0.5089285718750001 0.0200892859375 0.462053571875 0
2 0.36383928593750003 0.19196428593749998 0.3303571421875 0.22544642812500001 0.3258928578125 0.27008928593750003 0.359375 0.3258928578125 0.3928571421875 0.32366071406249997 0.41964285781250005 0.29241071406249997 0.42410714218749995 0.22544642812500001 0.40401785781250005 0.196428571875 0.36383928593750003 0.19196428593749998
2 0.01640625 0.9359375 0.0328125 0.128125
2 0.3578125 0.54140625 0.13359375 0.18046875
2 0.13828125 0.91953125 0.16953125 0.1609375