2 0.8415178578125 0.33928571406249997 0.8125 0.36383928593750003 0.8080357140625001 0.41741071406249997 0.8370535718750001 0.46428571406249997 0.8705357140625001 0.46651785781250005 0.8973214281249999 0.43973214218749995 0.90625 0.390625 0.8727678578125 0.33928571406249997 0.8415178578125 0.33928571406249997
2 0.7522321421875 0.38392857187499996 0.7276785718750001 0.46651785781250005 0.7477678578125 0.5 0.7767857140625 0.5022321421875 0.8125 0.462053571875 0.8080357140625001 0.41741071406249997 0.7834821421875 0.38392857187499996 0.7522321421875 0.38392857187499996
2 0.671875 0.375 0.6428571421875 0.40401785781250005 0.6383928578125 0.44866071406249997 0.6629464281249999 0.491071428125 0.6875 0.493303571875 0.71875 0.47991071406249997 0.7276785718750001 0.41741071406249997 0.7075892859375 0.38392857187499996 0.671875 0.375
2 0.8102678578125 0.6071428578125 0.78125 0.6316964281249999 0.7723214281249999 0.671875 0.8013392859374999 0.7232142859375 0.8348214281249999 0.7299107140625 0.8660714281249999 0.6897321421875 0.8705357140625001 0.6495535718750001 0.8504464281249999 0.6205357140625 0.8102678578125 0.6071428578125
2 0.5825892859375 0.6830357140625 0.5580357140625 0.7165178578125 0.5625 0.7790178578125 0.578125 0.7946428578125 0.6160714281249999 0.7924107140625 0.6428571421875 0.7700892859375 0.6473214281249999 0.7209821421875 0.6183035718750001 0.6875 0.5825892859375 0.6830357140625
2 0.493303571875 0.7053571421875 0.4375 0.7924107140625 0.45535714218749995 0.8459821421875 0.47991071406249997 0.8660714281249999 0.5089285718750001 0.8638392859374999 0.5535714281249999 0.8147321421875 0.5491071421875 0.7433035718750001 0.5245535718750001 0.7053571421875 0.493303571875 0.7053571421875
2 0.421875 0.84375 0.39732142812500004 0.8683035718750001 0.39732142812500004 0.9040178578125 0.41741071406249997 0.9419642859374999 0.446428571875 0.9441964281249999 0.46875 0.9174107140625001 0.46875 0.8861607140625001 0.43973214218749995 0.84375 0.421875 0.84375
2 0.0022321421875000002 0.6607142859375 0 0.7924107140625 0.0133928578125 0.7924107140625 0.040178571875 0.765625 0.0491071421875 0.7165178578125 0.040178571875 0.6852678578125 0.0022321421875000002 0.6607142859375
2 0.25669642812500004 0.6964285718750001 0.21875 0.7299107140625 0.2142857140625 0.7834821421875 0.2522321421875 0.8392857140625001 0.2946428578125 0.8415178578125 0.3258928578125 0.7924107140625 0.3258928578125 0.7433035718750001 0.30133928593750003 0.7053571421875 0.25669642812500004 0.6964285718750001
2 0.8169642859374999 0.9129464281249999 0.8415178578125 0.9464285718750001 0.8616071421875 0.9441964281249999 0.8794642859374999 0.9040178578125 0.8549107140625001 0.8660714281249999 0.8370535718750001 0.8660714281249999 0.8169642859374999 0.9129464281249999
2 0.8370535718750001 0.9553571421875 0.8035714281249999 0.9977678578125 0.9419642859374999 0.9977678578125 0.9308035718750001 0.9776785718750001 0.8727678578125 0.9732142859374999 0.8638392859374999 0.9508928578125 0.8370535718750001 0.9553571421875
2 0.9352678578125 0.2232142859375 0.90625 0.25669642812500004 0.90625 0.29241071406249997 0.9352678578125 0.34375 0.9642857140625001 0.3415178578125 0.9955357140625001 0.30580357187499996 0.9955357140625001 0.27008928593750003 0.9709821421875 0.2232142859375 0.9352678578125 0.2232142859375
2 0.9977678578125 0.178571428125 0.9821428578125 0.2388392859375 1 0.25669642812500004 0.9977678578125 0.178571428125
2 0.9330357140625001 0.14508928593749998 0.9575892859374999 0.178571428125 0.9910714281249999 0.180803571875 1 0.078125 0.9620535718750001 0.0758928578125 0.9375 0.10491071406250001 0.9330357140625001 0.14508928593749998
2 1 0.060267857812500006 0.9977678578125 0 0.9375 0.0022321421875000002 0.9486607140625001 0.0580357140625 1 0.060267857812500006
2 0.5290178578125 0.0133928578125 0.48214285781250005 0.055803571875 0.477678571875 0.12276785781249999 0.5066964281249999 0.1696428578125 0.5446428578125 0.17633928593749998 0.5848214281249999 0.16741071406250002 0.5982142859375 0.069196428125 0.5691964281249999 0.022321428125 0.5290178578125 0.0133928578125
2 0.109375 0.1741071421875 0.0892857140625 0.21205357187499999 0.102678571875 0.265625 0.1383928578125 0.27455357187499996 0.178571428125 0.2388392859375 0.178571428125 0.194196428125 0.14508928593749998 0.16071428593749998 0.109375 0.1741071421875
2 0.45078125 0.70390625 0.13828125 0.165625
2 0.071875 0.13671875 0.14296875 0.13515625