2 0.2350504859375 0.7789725984375 0.203596540625 0.8081986156250001 0.198748128125 0.841850125 0.238486446875 0.8866634984375 0.2734067203125 0.8703739859375 0.2838360640625 0.8144291140625001 0.2350504859375 0.7789725984375
2 0.16616910625 0.7720095812500001 0.1372526875 0.758959753125 0.1136905578125 0.77451674375 0.106108340625 0.8065898875 0.11850860468749999 0.835619628125 0.1501588296875 0.8502478203124999 0.1658291421875 0.8483598562499999 0.180880253125 0.8096636593750001 0.16616910625 0.7720095812500001
2 0.4714903078125 1 0.459728415625 0.9706567203124999 0.430811996875 0.9576068921875001 0.40609442656250005 0.9688517140625 0.3930445984375 0.9977681328125 0.39364262499999997 1 0.4714903078125 1
2 0.5415766671875 0.8793990171875 0.49972374375 0.8698155171874999 0.4878293578125 0.9030441031249999 0.49822833749999995 0.9418536234375001 0.5532140453125 0.9918250078125 0.57793161875 0.9805801859375001 0.5703797640625 0.9178989375000001 0.5415766671875 0.8793990171875
2 0.4440358765625 0.7137315953125001 0.40722764062500005 0.71435079375 0.39102108593749996 0.7487348234375 0.40026462343749997 0.783232175 0.445160953125 0.8127981562500001 0.471879809375 0.79177355625 0.46548339843750003 0.7334044765625001 0.4440358765625 0.7137315953125001
2 0.6406735953125 0.783519546875 0.6160693453125 0.7693142765625 0.5945085015625 0.7750914875 0.57545481875 0.8333472453124999 0.6128822546875 0.8695362796874999 0.6446457999999999 0.8587143796875001 0.657695628125 0.8297979609375 0.6406735953125 0.783519546875
2 0.8600275999999999 0.85184245625 0.8298424171875001 0.85993055 0.8315037375 0.9265010484375 0.8946079078125001 0.9119032203125 0.8846318500000001 0.8660477265625 0.8600275999999999 0.85184245625
2 0.6859624828124999 0.9007939484374999 0.6386419453125 0.8880537203125 0.6192786640625 0.927905359375 0.6288318015625001 0.9808068296875 0.7613535953125 0.940675953125 0.71118593125 0.951807453125 0.6859624828124999 0.9007939484374999
2 1 0.7769680875 0.9755273593749999 0.7654331640625001 0.9464976203125 0.777833428125 0.9334477921875 0.806749846875 0.950779425 0.8714323796875 0.9781174796875 0.8872160140625001 1 0.8784446750000001 1 0.7769680875
2 1 0.60952841875 0.9737830828125 0.6295583671875 0.9669333859375 0.6729896546874999 0.9925797578125 0.7169571859375 1 0.7202082375 1 0.60952841875
2 0.9255944749999999 0.372096996875 0.897720178125 0.38880943125 0.8826690656249999 0.42750562968750005 0.88960171875 0.4533786421875 0.9224073859375 0.47231900312499997 0.9498587609375001 0.46265254375 0.9625989890625 0.41533200781249996 0.9255944749999999 0.372096996875
2 0.85091365625 0.084760046875 0.8142187421875 0.0599291546875 0.7819189546875001 0.103247121875 0.7934733765625 0.1463688109375 0.831746653125 0.168465896875 0.847416965625 0.166577934375 0.8613126359375001 0.1235695671875 0.85091365625 0.084760046875
2 0.5741193703125 0.0780459 0.547090915625 0.0806663859375 0.52572635 0.13029780625 0.5772457328125 0.1673326828125 0.6196349015625 0.14442011875 0.6174373375 0.1103456890625 0.5741193703125 0.0780459
2 0.6313552359375 0.3261504109375 0.60863895 0.3276154515625 0.613456996875 0.3887183375 0.6387937671875 0.41428175156249997 0.6686693499999999 0.3877895390625 0.6594258125 0.3532921875 0.6313552359375 0.3261504109375
2 0.684309296875 0.4806559703125 0.647614384375 0.4558250765625 0.6260535390624999 0.4616022875 0.611002428125 0.5002984859375 0.6225568484374999 0.5434201734374999 0.6510503453125 0.5635159765625 0.6828138906250001 0.5526940765624999 0.6923973921875 0.5108411515625 0.684309296875 0.4806559703125
2 0.5582142796875 0.48440153124999996 0.5270699328124999 0.5320316671875001 0.5363134703125 0.5665290171875 0.5679636953125 0.5811572078125 0.5955283921875 0.5460406578125 0.5839739703125 0.5029189703125 0.5582142796875 0.48440153124999996
2 0.45680646718749995 0.5716566640625 0.4245066796875 0.6149746328125001 0.4337502171875 0.6494719812499999 0.4633991578125 0.6738799531249999 0.48338163749999996 0.6708365484375001 0.49843275 0.63214035 0.45680646718749995 0.5716566640625
2 0.19160510625 0.15974233124999998 0.16184284375 0.1607844515625 0.1424795640625 0.20063609218749998 0.180835796875 0.29203748125 0.2147969046875 0.3152900109375 0.25645355312499996 0.28101929999999997 0.250057140625 0.222650221875 0.19160510625 0.15974233124999998
2 0.125963409375 0.216616003125 0.09913123125 0.26309069687500003 0.14002499375 0.31221623906249996 0.17421274375 0.284568584375 0.1615028796875 0.23713472656249998 0.125963409375 0.216616003125
2 0.23737764218750002 0.08046197031249999 0.2017248484375 0.08539333906249999 0.1777398 0.107996303125 0.1869833375 0.1424936546875 0.2451257734375 0.186997428125 0.2686879015625 0.1714404390625 0.26544821875 0.10760374843750001 0.23737764218750002 0.08046197031249999
2 0.4410532 0.5042403265625001 0.40004611562500003 0.48056487499999995 0.378485271875 0.4863420859375 0.3697476125 0.5141030625 0.3801465921875 0.5529125828125 0.4109509734375 0.5816327234374999 0.4309334546875 0.5785893171875001 0.4514521796875 0.543049846875 0.4410532 0.5042403265625001
2 0.88203125 0.7046875 0.2 0.259375