2 0.5901139 0.08319741875 0.5670429140625 0.026412685937500003 0.5328366265625 0.015215815625 0.48128598437500003 0.0347563609375 0.4562136296875 0.0935525828125 0.480259575 0.168718196875 0.51708290625 0.17814985 0.55640015 0.16305313593749998 0.5901139 0.08319741875
2 0.336087734375 0 0.33496761406250003 0.0154106359375 0.394738796875 0.058863873437500006 0.43831516875 0.0218558390625 0.44256351406250005 0 0.336087734375 0
2 0.27099887031250003 0.00525029375 0.2325950203125 0.027346317187500004 0.219694496875 0.0703171328125 0.23740825625 0.10786915625 0.2742315890625 0.1173008078125 0.3133025640625 0.0566778 0.2964406296875 0.0147435125 0.27099887031250003 0.00525029375
2 0.21665659843750001 0.15613563125000002 0.2041769296875 0.1150531671875 0.17167429218750002 0.09509176875 0.13327044375 0.1171877921875 0.1161107921875 0.1820699296875 0.1267636734375 0.20915377343750002 0.171499709375 0.224671340625 0.20290425 0.2034887109375 0.21665659843750001 0.15613563125000002
2 0.076239440625 0.09473248125 0.047944485937499996 0.20520248125 0.06985580625 0.209461609375 0.09955669375000001 0.19704350937499998 0.11769130781249999 0.150542253125 0.1016812 0.1042257015625 0.076239440625 0.09473248125
2 0.0754593015625 0.2742206125 0.048857878125 0.2122017890625 0.025920148437500002 0.34190449843750004 0.0754593015625 0.2742206125
2 0.041991821875 0.39960262343749997 0.02159945 0.3524342453125 0.0012171984375 0.468990159375 0.0334735640625 0.4434252640625 0.041991821875 0.39960262343749997
2 0.3412171375 0.6851582515625 0.31559067500000004 0.6415203109375 0.289297090625 0.63640935625 0.2544236796875 0.6637394703124999 0.24420176875 0.716326640625 0.265445965625 0.7591127531249999 0.2987388609375 0.763310315625 0.33708114375 0.72983271875 0.3412171375 0.6851582515625
2 0.4624530359375 0.5995759046875 0.45180015312500005 0.5724920609375 0.40882933593750004 0.5595915390624999 0.3731040984375 0.5913039171875 0.3620303625 0.6482733515625 0.380595946875 0.6814431109375 0.408654753125 0.6891711109374999 0.4452933828125 0.6644580421875 0.4624530359375 0.5995759046875
2 0.4905632890625 0.45496118750000003 0.4755281421875 0.42702551718750004 0.437791415625 0.41059455468749995 0.386363909375 0.4528982484375 0.3786974765625 0.4923386265625 0.39032531875 0.5378033531249999 0.43944361875000004 0.5541727453124999 0.4777859015625 0.52069515 0.4905632890625 0.45496118750000003
2 0.6978740718750001 0.581667325 0.6783335265625 0.5301166828125 0.6397449749999999 0.5180679859375 0.5925765968750001 0.5384603578125 0.5649487640624999 0.610403371875 0.5924020125 0.6680399296874999 0.6521116265625 0.70011159375 0.6730479859375 0.6859898421875 0.6978740718750001 0.581667325
2 0.6438396375 0.7894605296874999 0.626125878125 0.75190850625 0.5883891515624999 0.7354775453125 0.5447512125 0.7611040078125 0.5344061671875 0.79092803125 0.5504778421875 0.8486261562499999 0.5873627421875 0.86943938125 0.634469553125 0.8376654374999999 0.6438396375 0.7894605296874999
2 0.5171689265625 1 0.5284535046875 0.9853281718750001 0.529059059375 0.9354196140625 0.5096416500000001 0.9066321187499999 0.4693494453125 0.90334795 0.43277238125000006 0.9394425921874999 0.4269327359375 0.9928815890625 0.463553784375 1 0.5171689265625 1
2 0.4313875453125 0.1978750984375 0.403934296875 0.14023854062500002 0.3319912828125 0.1126107078125 0.29456239375000004 0.1530876125 0.28458675312500004 0.251201078125 0.3068059109375 0.312368075 0.351541946875 0.3278856421875 0.3969451046875 0.304876225 0.4313875453125 0.1978750984375
2 0.8 0.88671875 0.16875 0.2265625
2 0.15 0.54296875 0.196875 0.2625
2 0.89296875 0.11484375 0.1765625 0.1234375