0 0.6984375 0.21796875 0.2234375 0.240625
0 0.87421875 0.28515625 0.121875 0.1296875
0 0.9640625 0.45546875 0.071875 0.1328125
0 0.54140625 0.03515625 0.1203125 0.0703125
0 0.3765625 0.56484375 0.153125 0.178125
0 0.44921875 0.6828125 0.153125 0.184375
0 0.34765625 0.7453125 0.159375 0.20625
0 0.41015625 0.85078125 0.1328125 0.15
0 0.49921875 0.96640625 0.1390625 0.0671875
0 0.71953125 0.925 0.1328125 0.15
0 0.85625 0.93671875 0.13125 0.1265625
0 0.91953125 0.446875 0.1484375 0.1921875
0 0.99296875 0.38515625 0.0140625 0.0953125
0 0.1328125 0.01796875 0.071875 0.0359375
0 0.2484375 0.01484375 0.13125 0.0296875