0 0.1140625 0.5625 0.11875 0.1484375
0 0.103125 0.83359375 0.0796875 0.0890625
0 0.38359375 0.83828125 0.121875 0.134375
0 0.61328125 0.94921875 0.0953125 0.1015625
0 0.56875 0.6140625 0.115625 0.1390625
0 0.41328125 0.621875 0.0578125 0.0734375
0 0.2578125 0.553125 0.078125 0.0859375
0 0.27109375 0.30390625 0.146875 0.175
0 0.2890625 0.19765625 0.06875 0.078125
0 0.36484375 0.26640625 0.0765625 0.0921875
0 0.521875 0.25703125 0.09375 0.1109375
0 0.63359375 0.33046875 0.08125 0.0953125
0 0.77109375 0.375 0.1234375 0.15
0 0.86484375 0.5796875 0.1453125 0.18125
0 0.9 0.73515625 0.1703125 0.2046875
0 0.8 0.6890625 0.0890625 0.1015625
0 0.70859375 0.69140625 0.078125 0.0953125
0 0.665625 0.6203125 0.090625 0.1046875
0 0.61015625 0.059375 0.0953125 0.1078125
0 0.059375 0.178125 0.05625 0.0953125
0 0.10703125 0.24296875 0.0546875 0.0671875
0 0.38046875 0.01796875 0.1234375 0.0359375
0 0.95 0.85234375 0.0296875 0.08125