2 0.06875 0.18671875 0.11640625 0.14140625
2 0.10078125 0.36015625 0.13125 0.17890625
2 0.16015625 0.5609375 0.0875 0.121875
2 0.09609375 0.696875 0.0984375 0.12578125
2 0.16328125 0.76171875 0.0828125 0.11484375
2 0.1296875 0.90546875 0.09609375 0.1375
2 0.04921875 0.46953125 0.09765625 0.14765625
2 0.03359375 0.27421875 0.0671875 0.13828125
2 0.40625 0.0953125 0.1171875 0.15703125
2 0.52421875 0.3453125 0.13046875 0.15859375
2 0.56171875 0.228125 0.128125 0.13828125
2 0.59296875 0.08046875 0.1046875 0.1203125
2 0.503125 0.10234375 0.09609375 0.115625
2 0.42890625 0.69453125 0.1234375 0.17890625
2 0.4375 0.928125 0.115625 0.14296875
2 0.65234375 0.4640625 0.0984375 0.1234375
2 0.71796875 0.06484375 0.07890625 0.09296875
2 0.803125 0.10703125 0.115625 0.12890625
2 0.7390625 0.86015625 0.1296875 0.16953125
2 0.62109375 0.9109375 0.1328125 0.1125
2 0.70859375 0.9609375 0.096875 0.078125
2 0.6234375 0.9765625 0.10625 0.046875
2 0.94375 0.0421875 0.1125 0.084375
2 0.959375 0.73359375 0.08125 0.1296875
2 0.20546875 0.01953125 0.09375 0.03828125
2 0.94375 0.2390625 0.1125 0.221875