2 0.5102874296875 0.5571602609374999 0.45979426874999996 0.5507321359375 0.43688956250000005 0.6283358015625 0.456365165625 0.670680271875 0.49863795624999996 0.6827718546875 0.5346976625 0.650655040625 0.5348410218749999 0.5875206703125 0.5102874296875 0.5571602609374999
2 0.629948846875 0.68685810625 0.6481818328125 0.7203608984375001 0.685412475 0.7286529484375001 0.7088309703125 0.7028209000000001 0.7019965765625 0.6541916640625 0.6559600953125 0.6313586375 0.629948846875 0.68685810625
2 0.89041998125 0.808036834375 0.8664876984375001 0.7820972640625 0.8298783640625 0.778226053125 0.8127804734374999 0.8009157203124999 0.8196148671874999 0.8495449546874999 0.8447897671875 0.8843262031249999 0.8738358796875 0.8824981187500001 0.8960117578125001 0.847824390625 0.89041998125 0.808036834375
2 1 0.7232340609375 0.9809515796875001 0.698388034375 0.9544265421875 0.702115884375 0.9341504296875 0.7342685375 0.940984821875 0.782897775 0.960496265625 0.8094586515625 0.9945845265625 0.8114300968749999 1 0.8072377640624999 1 0.7232340609375
2 1 0.5745348578125 0.995122128125 0.5746762046875 0.9558483593749999 0.6320395984375 0.9904504062499999 0.6857826625000001 1 0.6885142 1 0.5745348578125
2 1 0.465036596875 0.994202071875 0.423782190625 0.9374599859374999 0.3889292625 0.9115204171875 0.41286154374999995 0.9151765875000001 0.47095376875 0.9447364874999999 0.5208973015625 0.9819671296875001 0.5291893515625 1 0.516765534375 1 0.465036596875
2 0.928367425 0.5006570296875 0.8975290703125 0.45765540937500004 0.8710040328125 0.4613832609375 0.8437501656249999 0.50804105 0.849341940625 0.54782860625 0.8720316078125 0.5649264953124999 0.918761078125 0.560613178125 0.9377587328124999 0.5354024359375 0.928367425 0.5006570296875
2 0.8616485640624999 0.41085425937500003 0.8213472203125001 0.3646744171875 0.7809383546875 0.3658453546875 0.7492636484374999 0.4131244515625 0.7472563625 0.46299630625 0.7869363984375 0.5047553078125 0.8342871765625001 0.504862828125 0.863440809375 0.45568396250000004 0.8616485640624999 0.41085425937500003
2 0.8145248515624999 0.5887870984375 0.835386434375 0.576838878125 0.838015028125 0.531387865625 0.788179015625 0.5135969859375 0.7760515953125 0.5716533687500001 0.8145248515624999 0.5887870984375
2 0.6961777328125 0.436363746875 0.665853165625 0.445133746875 0.6499978921875 0.4766650921875 0.66505265625 0.5196308703125 0.6984837671874999 0.5329650703125 0.729501325 0.49704872499999997 0.7239095484375 0.45726116875 0.6961777328125 0.436363746875
2 0.49179153593749997 0.3614007015625 0.4759362625 0.392932046875 0.48277065625000004 0.44156128125 0.50608163125 0.4630800125 0.53512774375 0.4612519265625 0.55861791875 0.40385269218750003 0.5227374124999999 0.357051540625 0.49179153593749997 0.3614007015625
2 0.5564194046875001 0.2599005921875 0.560075575 0.3179928140625 0.6035909828125 0.338926075 0.6225886375 0.3137153359375 0.620175084375 0.264464790625 0.577938134375 0.23658961562499997 0.5564194046875001 0.2599005921875
2 0.585716396875 0.14758735625 0.6009862015625 0.095851578125 0.57705391875 0.069912009375 0.5549497203125 0.0730185515625 0.54344360625 0.135495775 0.585716396875 0.14758735625
2 0.8001152093749999 0.26171665 0.82989015 0.21695862500000002 0.7687272265625 0.18272700625 0.7521789640625001 0.2414046984375 0.776111246875 0.267344265625 0.8001152093749999 0.26171665
2 0.7650352140625001 0.140418375 0.7776047453125 0.16570079531249998 0.8104145484374999 0.1746141546875 0.8300335109375 0.1538242546875 0.8288625749999999 0.1134153890625 0.791667771875 0.089339746875 0.7650352140625001 0.140418375
2 0.949874128125 0.20460413593750001 0.9427530140625 0.2822436421875 0.9774267421875 0.304419521875 0.9381051078124999 0.1048245921875 0.8989030203124999 0.13062079843750002 0.894960128125 0.19879731875 0.949874128125 0.20460413593750001
2 0.720958459375 0 0.7198709234375 0.011521037500000001 0.7374826 0.040602990625 0.7879757625 0.047031115624999995 0.815856190625 0 0.720958459375 0
2 0.3442070765625 0.01698148125 0.3605402984375 0.053005345312499993 0.39335010000000004 0.06191870625 0.3997782265625 0.01142554375 0.3442070765625 0.01698148125
2 0.338555646875 0.281503028125 0.3594889078125 0.23798762031249998 0.3305861578125 0.176681334375 0.3008470578125 0.20565576718749998 0.313966215625 0.2669262125 0.338555646875 0.281503028125
2 0.1193059125 0.3573981578125 0.12324880468749999 0.28922163749999996 0.07596970625 0.25754693125 0.05755751875 0.3029621046875 0.0669488265625 0.33770751250000003 0.1193059125 0.3573981578125
2 0 0.388391921875 0.004949553125000001 0.39375661093750003 0.052921640625 0.3982849703125 0.044295001562500005 0.3048260296875 0 0.2828567375 0 0.388391921875
2 0.2187628984375 0.48768147031250003 0.184125009375 0.44972200000000007 0.1443374546875 0.45531377656250005 0.1291034890625 0.49126596093749997 0.1416013390625 0.54811556875 0.1800387578125 0.581032890625 0.2128844 0.57416265625 0.22815420625 0.5224268796875 0.2187628984375 0.48768147031250003
2 0.106820090625 0.5732904671875 0.073281459375 0.607307046875 0.073209778125 0.6388742328125 0.1122685078125 0.6762123953125 0.1457354578125 0.6737630015625 0.16349049531249998 0.6397105828125 0.158520028125 0.604343865625 0.106820090625 0.5732904671875
2 0.0848712796875 0.78600455625 0.11260309375 0.8069019781250001 0.14102789843750002 0.800653053125 0.155126765625 0.708508409375 0.09962729687500001 0.6824971609375 0.0761729609375 0.7241128015625 0.0848712796875 0.78600455625
2 0.2478568765625 0.742811709375 0.2074480125 0.7439826468749999 0.18772152656250002 0.8121233265625 0.2154175015625 0.848804340625 0.24318515624999998 0.8539181671874999 0.27358140625 0.8135809843749999 0.2667470125 0.7649517484375 0.2478568765625 0.742811709375
2 0.30602077968749997 0.707588353125 0.285123359375 0.7353201687500001 0.2862942953125 0.7757290328125 0.3108478875 0.8060894421875 0.3436935296875 0.799219209375 0.36214155625 0.73802044375 0.33316712656249997 0.7082813421874999 0.30602077968749997 0.707588353125
2 0.36638319531249997 0.8163170984375 0.32093218437500004 0.8136885046875 0.3012773796875 0.850261996875 0.30555485781249997 0.9127750593749999 0.358533253125 0.93688654375 0.3907934265625 0.909811878125 0.3909367875 0.8466775078125 0.36638319531249997 0.8163170984375
2 0.15549719374999998 0.8234143984375001 0.1352210796875 0.8555670531249999 0.1363920171875 0.8959759187499999 0.160945609375 0.9263363265625 0.20263292968750002 0.9182234765624999 0.217281428125 0.8620668578125 0.177601390625 0.82030785625 0.15549719374999998 0.8234143984375001
2 0.09198857187500001 1 0.09956764375 0.9868062640625 0.095218484375 0.9558603874999999 0.06686536093749999 0.930542125 0.0719488734375 1 0.09198857187500001 1
2 0.4330662171875 0.921903459375 0.46204064999999994 0.9516425609375 0.49046545156250004 0.945393634375 0.5057352578125001 0.8936578578125 0.457213540625 0.8531414734375 0.43189528125 0.8814945953125 0.4330662171875 0.921903459375
2 0.523369240625 1 0.5471716984375 0.9960301578124999 0.5195115640625 0.94356555 0.49298652656249997 0.9472934015625001 0.45626967343749997 0.99077296875 0.4586285078125 1 0.523369240625 1
2 0.7151636031249999 0.9724204359374999 0.686882159375 0.9155349890625001 0.667956184375 0.9091785421875 0.6287540968750001 0.9349747515625 0.6292678859375 0.9867463703125001 0.7151636031249999 0.9724204359374999
2 0.3442070765625 0.01698148125 0.3605402984375 0.053005345312499993 0.39335010000000004 0.06191870625 0.3997782265625 0.01142554375 0.3442070765625 0.01698148125
2 0.9249024828125 0.6363887578125 0.86187563125 0.5888946203125001 0.7999838765625 0.5975929390625 0.779707765625 0.6297455921874999 0.7776287984375 0.71118463125 0.8280144390625 0.764963534375 0.89429119375 0.7714274999999999 0.9354647265624999 0.71154303125 0.9249024828125 0.6363887578125
2 0.23125 0.08359375 0.1203125 0.109375