2 0.2897035421875 0.72138700625 0.28518059687499997 0.680113834375 0.2245765015625 0.6734760640624999 0.1894603171875 0.725370509375 0.197630525 0.7558621484375 0.2255108421875 0.7745363125 0.2673821140625 0.7600488546874999 0.2897035421875 0.72138700625
2 0.47053855 0.7742430140625001 0.45768513437499997 0.7384700703125 0.430840759375 0.7358587453125 0.372527465625 0.7743603343750001 0.353474121875 0.8252188374999999 0.36164433125 0.8557104750000001 0.4092347515625 0.862567165625 0.453717346875 0.821235334375 0.47053855 0.7742430140625001
2 0.5149782046875 0.8669141328125001 0.5049550328125 0.8173104890625 0.46204781875 0.81573510625 0.4258956921875 0.8515667125 0.405646146875 0.922354240625 0.418061721875 0.9320998328125001 0.4926567765625 0.9055759796875 0.5149782046875 0.8669141328125001
2 0.5409017781250001 1 0.5321356453125 0.9309465734375 0.503438309375 0.9092232453125 0.4914605734375 0.9255050062500001 0.42884325468749995 0.935747096875 0.407828090625 1 0.5409017781250001 1
2 0.3743374859375 0.9274752859375001 0.33687184062500003 0.8852248328125001 0.3016969953125 0.8881137359375 0.258848440625 0.9355438953125 0.35632008437499996 0.9943966312500001 0.36829781875 0.9781148703125 0.3743374859375 0.9274752859375001
2 0.3262777921875 0.5285742640625 0.2908840265625 0.518449490625 0.2567451234375 0.537401234375 0.2366558375 0.572196896875 0.2531565171875 0.597188309375 0.306845265625 0.6024109578125 0.3358631234375 0.5521505531249999 0.3262777921875 0.5285742640625
2 0.210890346875 0.45164546562499996 0.191180240625 0.46346294062500004 0.1770290234375 0.5326164265625 0.2435125265625 0.524606478125 0.2501502953125 0.46400238125 0.210890346875 0.45164546562499996
2 0.32327156874999996 0.3953883375 0.30388198593750004 0.3352220796875 0.2609747703125 0.333646696875 0.23375121718749997 0.3540135625 0.21306383125 0.3987737390625 0.22063593906249998 0.43922989062499995 0.25461458124999997 0.4562700109375 0.2964858546875 0.4417825546875 0.32327156874999996 0.3953883375
2 0.45526129375 0.41231113906249994 0.4149654046875 0.3838913828125 0.3714600890625 0.3922805125 0.337977946875 0.45027328437499997 0.3327553 0.503962034375 0.35698835 0.5334177296875 0.4090430546875 0.53254205 0.4614182828125 0.4596826390625 0.45526129375 0.41231113906249994
2 0.12980206562500002 0.319773059375 0.1058465953125 0.35233657812499997 0.1166867890625 0.40498938593749995 0.169937696875 0.38418467968750003 0.1649769109375 0.31688415625 0.12980206562500002 0.319773059375
2 0.0482916625 0.3448817890625 0.07997950468750001 0.3167825546875 0.0872153734375 0.2462139453125 0.07256765468750001 0.24033453749999997 0.016764084375 0.3369891578125 0.0482916625 0.3448817890625
2 0.41516860624999996 0.21389656875 0.3683952078125 0.2100890421875 0.33670736875 0.23818827812499999 0.3325206625 0.307939865625 0.3972098625 0.32982345468749996 0.42295963593749997 0.267366396875 0.41516860624999996 0.21389656875
2 0.5294185078125 0.359759934375 0.5232615218750001 0.31238843437499997 0.48400157187500004 0.3000315171875 0.447630525 0.322849446875 0.4269431390625 0.367609621875 0.4450778625 0.39869936093749997 0.4790565046875 0.41573948281249995 0.5109632656249999 0.400653925 0.5294185078125 0.359759934375
2 0.7945941624999999 0.37367651562500004 0.7762405203125 0.3295730984375 0.7089399953125 0.334533884375 0.6681633234375 0.414089725 0.6828697 0.468974671875 0.7129821578125 0.483782653125 0.7698803296875 0.45219641250000003 0.7945941624999999 0.37367651562500004
2 0.7060353734375 0.11635054843749999 0.691547915625 0.0744792765625 0.646787740625 0.053791890625000005 0.6081845515625 0.080476003125 0.5769345515625 0.13460259218749998 0.6022035421874999 0.180121128125 0.632316 0.1949291078125 0.68311584375 0.1649769109375 0.7060353734375 0.11635054843749999
2 0.9934036296875 0.49361412812500005 0.980550215625 0.45784118281249997 0.9348127578125001 0.470096496875 0.921259640625 0.529285471875 0.9475059124999999 0.5418613078125001 0.9816448156250001 0.522909565625 0.9934036296875 0.49361412812500005
2 1 0.555994303125 0.9918282484375001 0.5365213421874999 0.894911765625 0.6017070421875 0.8719922359375 0.650333403125 0.8866986140625001 0.705218353125 0.9475216312500001 0.7248697984375 1 0.633974596875 1 0.555994303125
2 0.069405384375 0.8261688953125 0.14672908125 0.870811753125 0.1251073546875 0.81451168125 0.069405384375 0.8261688953125
2 0.60859375 0.340625 0.23125 0.2421875
2 0.8625 0.5 0.1921875 0.2296875
2 0.8375 0.3609375 0.209375 0.21875
2 0.5125 0.5890625 0.2015625 0.2125
2 0.709375 0.8890625 0.2375 0.221875
2 0.49453125 0.103125 0.2421875 0.20625