2 0.5758928578125 0.48883928593750003 0.5714285718750001 0.546875 0.5959821421875 0.5803571421875 0.6428571421875 0.5825892859375 0.6741071421875 0.5513392859375 0.6830357140625 0.47991071406249997 0.609375 0.45089285781250005 0.5758928578125 0.48883928593750003
2 0.6875 0.5111607140625 0.6785714281249999 0.5736607140625 0.7165178578125 0.6205357140625 0.7589285718750001 0.6227678578125 0.8035714281249999 0.546875 0.7857142859375 0.48883928593750003 0.7433035718750001 0.46875 0.6875 0.5111607140625
2 0.9151785718750001 0.49776785781250005 0.90625 0.546875 0.9397321421875 0.59375 0.9642857140625001 0.5915178578125 0.9955357140625001 0.5379464281249999 0.9866071421875 0.5022321421875 0.9441964281249999 0.47321428593750003 0.9151785718750001 0.49776785781250005
2 0.40401785781250005 0.39732142812500004 0.3616071421875 0.43973214218749995 0.3571428578125 0.5066964281249999 0.39508928593750003 0.5580357140625 0.446428571875 0.5647321421875 0.48214285781250005 0.515625 0.48660714218749995 0.44866071406249997 0.44866071406249997 0.40178571406249997 0.40401785781250005 0.39732142812500004
2 0.3415178578125 0.5535714281249999 0.31696428593750003 0.5825892859375 0.3125 0.6495535718750001 0.33705357187499996 0.6785714281249999 0.37053571406249997 0.6763392859375 0.40178571406249997 0.6361607140625 0.40178571406249997 0.5915178578125 0.3772321421875 0.5535714281249999 0.3415178578125 0.5535714281249999
2 0.328125 0.71875 0.30357142812500004 0.7433035718750001 0.2991071421875 0.796875 0.33705357187499996 0.84375 0.36607142812500004 0.8415178578125 0.3883928578125 0.8236607140625001 0.40178571406249997 0.7745535718750001 0.36830357187499996 0.7276785718750001 0.328125 0.71875
2 0.25 0.859375 0.24107142812500001 0.9040178578125 0.27008928593750003 0.9508928578125 0.30357142812500004 0.9575892859374999 0.33928571406249997 0.921875 0.34375 0.8683035718750001 0.28794642812500004 0.8303571421875 0.25 0.859375
2 0.22544642812500001 0.6696428578125 0.16071428593749998 0.7075892859375 0.147321428125 0.7611607140625 0.178571428125 0.8370535718750001 0.2366071421875 0.8504464281249999 0.29017857187499996 0.8102678578125 0.29017857187499996 0.7433035718750001 0.2678571421875 0.6986607140625 0.22544642812500001 0.6696428578125
2 0.0825892859375 0.8883928578125 0.0580357140625 0.9263392859374999 0.0669642859375 0.9977678578125 0.165178571875 0.9977678578125 0.1741071421875 0.9665178578125 0.147321428125 0.9040178578125 0.109375 0.8794642859374999 0.0825892859375 0.8883928578125
2 0.055803571875 0.9464285718750001 0.0200892859375 0.9151785718750001 0 0.9263392859374999 0.0022321421875000002 1 0.165178571875 0.9977678578125 0.1696428578125 0.9441964281249999 0.12276785781249999 0.8839285718750001 0.0825892859375 0.8883928578125 0.055803571875 0.9464285718750001
2 0.1852678578125 0.5446428578125 0.15625 0.5647321421875 0.147321428125 0.6183035718750001 0.171875 0.6473214281249999 0.20982142812500001 0.6540178578125 0.2321428578125 0.6361607140625 0.2366071421875 0.5915178578125 0.21205357187499999 0.5535714281249999 0.1852678578125 0.5446428578125
2 0.006696428124999999 0.34821428593750003 0 0.49776785781250005 0.0357142859375 0.49776785781250005 0.084821428125 0.44866071406249997 0.084821428125 0.412946428125 0.0513392859375 0.3571428578125 0.006696428124999999 0.34821428593750003
2 0.0424107140625 0.18303571406250002 0.0133928578125 0.2165178578125 0.008928571875000001 0.25669642812500004 0.037946428125 0.30357142812500004 0.0625 0.30580357187499996 0.102678571875 0.27455357187499996 0.10714285781249999 0.2209821421875 0.078125 0.1875 0.0424107140625 0.18303571406250002
2 0.0669642859375 0.0825892859375 0.102678571875 0.087053571875 0.15625 0.0424107140625 0.16741071406250002 0 0.0580357140625 0.0022321421875000002 0.0669642859375 0.0825892859375
2 0.27232142812500004 0.0290178578125 0.3258928578125 0.060267857812500006 0.36607142812500004 0.037946428125 0.375 0.0022321421875000002 0.27008928593750003 0 0.27232142812500004 0.0290178578125
2 0.49776785781250005 0.1741071421875 0.5267857140625 0.17633928593749998 0.5535714281249999 0.131696428125 0.515625 0.0892857140625 0.48214285781250005 0.13616071406250002 0.49776785781250005 0.1741071421875
2 0.5803571421875 0.118303571875 0.5714285718750001 0.171875 0.5848214281249999 0.21205357187499999 0.6294642859375 0.2299107140625 0.65625 0.21205357187499999 0.6651785718750001 0.13616071406250002 0.6227678578125 0.0982142859375 0.5803571421875 0.118303571875
2 0.48660714218749995 0.3415178578125 0.5267857140625 0.359375 0.5714285718750001 0.30580357187499996 0.5111607140625 0.2678571421875 0.48660714218749995 0.296875 0.48660714218749995 0.3415178578125
2 0.8875 0.0734375 0.14375 0.146875
2 0.75390625 0.75234375 0.1265625 0.2453125
2 0.6484375 0.3640625 0.1390625 0.18359375
2 0.959375 0.9109375 0.08125 0.178125
2 0.18046875 0.2203125 0.20234375 0.25