2 0.05859375 0.178125 0.11171875 0.15390625
2 0.0578125 0.3140625 0.10625 0.14765625
2 0.05859375 0.45234375 0.10078125 0.12421875
2 0.02421875 0.60859375 0.0484375 0.1109375
2 0.26796875 0.7875 0.1125 0.1421875
2 0.32578125 0.56953125 0.09375 0.1234375
2 0.39140625 0.47421875 0.1171875 0.15234375
2 0.56015625 0.60234375 0.125 0.1484375
2 0.50703125 0.709375 0.10390625 0.12265625
2 0.55625 0.79140625 0.10078125 0.121875
2 0.63046875 0.91875 0.10703125 0.12734375
2 0.77890625 0.57109375 0.12109375 0.14296875
2 0.7703125 0.81171875 0.115625 0.153125
2 0.796875 0.0796875 0.09921875 0.11875
2 0.8515625 0.16875 0.08671875 0.10078125
2 0.875 0.27578125 0.10546875 0.1453125
2 0.95859375 0.0296875 0.08203125 0.059375
2 0.9375 0.95703125 0.125 0.0859375
2 0.0390625 0.98203125 0.07265625 0.0359375
2 0.93046875 0.58125 0.1390625 0.14609375
2 0.4234375 0.2359375 0.16015625 0.23515625