1 0.18203125 0.2546875 0.1125 0.171875
1 0.0953125 0.41796875 0.1109375 0.140625
1 0.09453125 0.06171875 0.1015625 0.1234375
1 0.05 0.8109375 0.1 0.153125
1 0.36953125 0.8296875 0.13125 0.1734375
1 0.3953125 0.70390625 0.1171875 0.1171875
1 0.62421875 0.53125 0.1296875 0.1484375
1 0.478125 0.3296875 0.1 0.1359375
1 0.703125 0.41796875 0.1078125 0.1359375
1 0.81484375 0.48359375 0.121875 0.1515625
1 0.9296875 0.8640625 0.1109375 0.14375
1 0.6375 0.0328125 0.109375 0.059375
1 0.94609375 0.0546875 0.1 0.08125