2 0.3211752109375 0.1059093390625 0.28331813281249996 0.072326203125 0.26365062031250003 0.07698997656249999 0.24911240625 0.141744409375 0.2731323953125 0.1725287125 0.295831503125 0.174239425 0.3216407375 0.146332484375 0.3211752109375 0.1059093390625
2 0.1651503140625 0.4286690796875 0.1948464984375 0.39578706874999997 0.197179803125 0.3415268359375 0.1692728625 0.31571760000000004 0.1219311734375 0.3147837109375 0.0980654140625 0.3402031171875 0.10016311874999999 0.39391929062500003 0.1429952671875 0.4313893765625 0.1651503140625 0.4286690796875
2 0.14820309843749999 0.4554878984375 0.1048268921875 0.41358680468750003 0.08461531875 0.41381956875 0.05569595625 0.47134415937499996 0.0857791359375 0.5148774328125 0.12231533125 0.5193869765625 0.144781675 0.500886115625 0.14820309843749999 0.4554878984375
2 0.1920476671875 0.40962415781250006 0.17750945468749998 0.47437859062500004 0.196010315625 0.496844934375 0.2270273828125 0.49303651718749997 0.24459719062500002 0.4346565703125 0.2211212609375 0.408303275 0.1920476671875 0.40962415781250006
2 0.3510199546875 0.38560700468750003 0.3325190921875 0.363140659375 0.2990144921875 0.3650056015625 0.2662867125 0.3915131265625 0.26784035781250004 0.440798290625 0.320078584375 0.48161126562499995 0.35366171875 0.44375418906249997 0.3510199546875 0.38560700468750003
2 0.42105508125 0.64462756875 0.4413451859375 0.6084026687499999 0.44033559999999994 0.5635485140625 0.4216019765625 0.5208705953125 0.3800907109375 0.5124741046875 0.3539701796875 0.55616160625 0.3604988953125 0.6093337234375 0.375656865625 0.6412061453125 0.42105508125 0.64462756875
2 0.4592291265625 0.40605417499999996 0.48558242187499995 0.3825782453125 0.4900919640625 0.3460420484375 0.4702702203125 0.29450211249999997 0.4287589546875 0.2861056203125 0.39377640468749997 0.3308812421875 0.3997610609375 0.3796223484375 0.43264306875 0.4093185328125 0.4592291265625 0.40605417499999996
2 0.56510783125 0.35257360000000004 0.590917065625 0.3246666609375 0.5971373203125 0.2654313578125 0.56262313125 0.22244214375000002 0.5235994015625 0.21598912499999998 0.4886168515625 0.2607647484375 0.49125861718749997 0.31891193125 0.5147345453125001 0.34526522656249997 0.56510783125 0.35257360000000004
2 0.5896690453125 0.5159768953125 0.6066162609375 0.489158075 0.6017197249999999 0.44927898906249997 0.57824379375 0.42292569375 0.5585762812499999 0.4275894671875 0.538597471875 0.44803380312499996 0.5346319875 0.489001009375 0.5630829875 0.5192412531249999 0.5896690453125 0.5159768953125
2 0.564158403125 0 0.5333981453125001 0.039371334375 0.53549585 0.0930875078125 0.579960178125 0.143850621875 0.602115225 0.141130325 0.6406734296875001 0.10716019531250001 0.64355079375 0.057330971875000004 0.62481716875 0.014653053125000001 0.6060621171875 0 0.564158403125 0
2 0.695671715625 0 0.715302303125 0.0372764640625 0.7682416562500001 0.010536176562500001 0.7684494984375 0 0.695671715625 0
2 0.7498136546875 0.20845365937500002 0.805007778125 0.163445275 0.8089732625 0.12247806875 0.7930384671875 0.0659630625 0.7543260328125 0.0437294828125 0.7213654921875 0.050025432812500006 0.6943896031250001 0.10506249062499999 0.7125006359375 0.1793015359375 0.7498136546875 0.20845365937500002
2 0.8543714765624999 0.12589949218750002 0.8388236765625001 0.14579976875 0.8453523921875 0.198971884375 0.8943262609374999 0.213198803125 0.9008578109375 0.138182934375 0.882901009375 0.1201476015625 0.8543714765624999 0.12589949218750002
2 0.9139937734375 0.2085350296875 0.9629676437500001 0.222761946875 0.9568287578125 0.11781713281249999 0.929698640625 0.1166504796875 0.907465059375 0.1553629140625 0.9139937734375 0.2085350296875
2 0.91608864375 0.3904391859375 0.9418978765625001 0.36253224687499996 0.9453193015625001 0.31713403125 0.9376239343749999 0.2910920328125 0.8905935406250001 0.2743775796875 0.8612086515625 0.2914790265625 0.8588753468749999 0.34573926093749996 0.8814959218749999 0.383442109375 0.91608864375 0.3904391859375
2 0.86571819375 0.25494283125 0.8256848781249999 0.20363565625 0.7971553453125 0.20938754999999998 0.7649716265625 0.240326084375 0.770412221875 0.2846361796875 0.8231945078124999 0.3298801640625 0.8534347515625 0.30142916406250003 0.86571819375 0.25494283125
2 0.8153392374999999 0.504010421875 0.8010366234375 0.4607884453125 0.7451442109374999 0.4451621109375 0.71630338125 0.4666945671875 0.7162248484375 0.502686703125 0.7606891734375 0.5534498171875 0.7961372515625 0.549097340625 0.8153392374999999 0.504010421875
2 0.6461812140625 0.6282300843749999 0.6868371234375 0.64797613125 0.7300591015625 0.6336735171875 0.75423615625 0.5924735484375 0.7427323718750001 0.53541448125 0.7098503640625 0.505718296875 0.68520778125 0.5064951203125 0.644706103125 0.5429527843749999 0.635221490625 0.5756020296875 0.6461812140625 0.6282300843749999
2 0.797385271875 0.35778710468749997 0.758440075 0.31534195 0.7343415515625 0.3205497828125 0.71094131875 0.386392334375 0.7365934875 0.4304696671875 0.7725856249999999 0.43054819999999994 0.8017377484375 0.39323518125 0.797385271875 0.35778710468749997
2 0.7858758171875 0.5571040046875 0.755868334375 0.6057665765625 0.7698596546875 0.6647691171875 0.8313497296874999 0.6527212734375001 0.847752884375 0.6214714421875 0.8273870828125001 0.565500496875 0.7858758171875 0.5571040046875
2 0.8348440140625 0.8277068859375 0.8822642374999999 0.7926486390624999 0.878534353125 0.725639434375 0.8498505906249999 0.6751876171875 0.807795265625 0.6623601140625001 0.7623185171875 0.6949308281250001 0.7671365203125 0.7708020515625 0.7903011546875 0.8129359078125 0.8348440140625 0.8277068859375
2 0.9523078703125 0.66710525625 0.9321748296875001 0.6313458828125 0.8848331406250001 0.6304119953125 0.8642317374999999 0.6824174578125 0.8945476796875 0.7461623046875 0.92416533125 0.74927243125 0.9522293375 0.7030973921875 0.9523078703125 0.66710525625
2 0.8511658000000001 0.9606371734374999 0.9220619546875 0.9519322203125 0.916467128125 0.851418415625 0.8841291796874999 0.826153240625 0.8555996468749999 0.8319051328124999 0.8206170953124999 0.8766807546875001 0.8332089984375 0.9426018390625 0.8511658000000001 0.9606371734374999
2 0.2170687359375 0.8698265640624999 0.183098609375 0.8312683609375 0.15402501562499998 0.8325892421875001 0.125728246875 0.8585527078125 0.1283700109375 0.9166998921875 0.1568210109375 0.9469401359375 0.1939012671875 0.9558806890625 0.2170687359375 0.8698265640624999
2 0.15859375 0.65625 0.1765625 0.1984375
2 0.540625 0.9375 0.165625 0.125