2 0.640625 1 0.71875 0.9977678578125 0.7098214281249999 0.953125 0.6852678578125 0.9330357140625001 0.6339285718750001 0.9665178578125 0.640625 1
2 0.6183035718750001 0.8482142859374999 0.59375 0.8772321421875 0.59375 0.9352678578125 0.6294642859375 0.9575892859374999 0.6651785718750001 0.921875 0.6651785718750001 0.890625 0.6361607140625 0.8482142859374999 0.6183035718750001 0.8482142859374999
2 0.6383928578125 0.8370535718750001 0.6763392859375 0.8883928578125 0.6964285718750001 0.8861607140625001 0.7142857140625 0.8147321421875 0.6674107140625 0.7723214281249999 0.6428571421875 0.7834821421875 0.6383928578125 0.8370535718750001
2 0.5245535718750001 0.78125 0.48660714218749995 0.8102678578125 0.48214285781250005 0.8861607140625001 0.5200892859375 0.9419642859374999 0.5535714281249999 0.9441964281249999 0.5803571421875 0.9308035718750001 0.59375 0.8236607140625001 0.5558035718750001 0.78125 0.5245535718750001 0.78125
2 0.41071428593750003 0.9441964281249999 0.41964285781250005 0.9933035718750001 0.5 0.9977678578125 0.5133928578125 0.953125 0.48660714218749995 0.8995535718750001 0.453125 0.8883928578125 0.41071428593750003 0.9441964281249999
2 0.39508928593750003 0.75 0.37053571406249997 0.7745535718750001 0.36607142812500004 0.8370535718750001 0.39955357187499996 0.8839285718750001 0.43303571406249997 0.8861607140625001 0.46875 0.8549107140625001 0.46875 0.796875 0.42633928593750003 0.75 0.39508928593750003 0.75
2 0.7232142859375 0.6763392859375 0.7455357140625 0.7433035718750001 0.7857142859375 0.7477678578125 0.8080357140625001 0.7120535718750001 0.8058035718750001 0.625 0.7477678578125 0.6339285718750001 0.7232142859375 0.6763392859375
2 0.9754464281249999 0.78125 1 0.7790178578125 0.9933035718750001 0.6651785718750001 0.9598214281249999 0.6852678578125 0.9508928578125 0.7388392859375 0.9754464281249999 0.78125
2 1 0.5066964281249999 0.9754464281249999 0.5 0.9285714281249999 0.5245535718750001 0.9196428578125 0.5959821421875 0.953125 0.6517857140625 1 0.6540178578125 1 0.5066964281249999
2 0.7767857140625 0.484375 0.7767857140625 0.5424107140625 0.8058035718750001 0.5803571421875 0.8348214281249999 0.5825892859375 0.8571428578125 0.5022321421875 0.8325892859374999 0.46428571406249997 0.8013392859374999 0.45535714218749995 0.7767857140625 0.484375
2 0.6897321421875 0.41964285781250005 0.6607142859375 0.45758928593750003 0.6607142859375 0.5111607140625 0.6852678578125 0.5446428578125 0.7142857140625 0.546875 0.75 0.5066964281249999 0.7544642859375 0.45758928593750003 0.734375 0.428571428125 0.6897321421875 0.41964285781250005
2 0.75 0.35044642812500004 0.7455357140625 0.38616071406249997 0.765625 0.41964285781250005 0.7857142859375 0.421875 0.8080357140625001 0.40401785781250005 0.8125 0.36383928593750003 0.7790178578125 0.3303571421875 0.75 0.35044642812500004
2 0.8995535718750001 0.2455357140625 0.8683035718750001 0.25446428593750003 0.8348214281249999 0.296875 0.8482142859374999 0.3415178578125 0.8839285718750001 0.36383928593750003 0.9107142859374999 0.35044642812500004 0.9285714281249999 0.3102678578125 0.9241071421875 0.27008928593750003 0.8995535718750001 0.2455357140625
2 0.921875 0.09375 0.8928571421875 0.1272321421875 0.8973214281249999 0.234375 0.9419642859374999 0.25669642812500004 0.9866071421875 0.2209821421875 0.9866071421875 0.162946428125 0.9732142859374999 0.109375 0.921875 0.09375
2 0.7946428578125 0.1852678578125 0.8035714281249999 0.2388392859375 0.84375 0.26116071406249997 0.8839285718750001 0.2299107140625 0.8727678578125 0.12946428593749998 0.8325892859374999 0.12946428593749998 0.7946428578125 0.1852678578125
2 0.7678571421875 0.131696428125 0.8080357140625001 0.149553571875 0.84375 0.100446428125 0.8191964281249999 0.040178571875 0.7633928578125 0.069196428125 0.7678571421875 0.131696428125
2 0.6049107140625 0.46875 0.5714285718750001 0.47991071406249997 0.5446428578125 0.5424107140625 0.5625 0.5959821421875 0.59375 0.6138392859375 0.6383928578125 0.5870535718750001 0.6473214281249999 0.5558035718750001 0.6473214281249999 0.5111607140625 0.6049107140625 0.46875
2 0.475446428125 0.5669642859375 0.45089285781250005 0.609375 0.45535714218749995 0.6540178578125 0.47991071406249997 0.6830357140625 0.5223214281249999 0.6808035718750001 0.5580357140625 0.6361607140625 0.5491071421875 0.5870535718750001 0.5290178578125 0.5669642859375 0.475446428125 0.5669642859375
2 0.4375 0.430803571875 0.43303571406249997 0.47991071406249997 0.462053571875 0.5446428578125 0.5178571421875 0.5513392859375 0.5446428578125 0.484375 0.5401785718750001 0.430803571875 0.493303571875 0.38392857187499996 0.4375 0.430803571875
2 0.3727678578125 0.5446428578125 0.33928571406249997 0.5825892859375 0.33482142812500004 0.6227678578125 0.35491071406249997 0.6607142859375 0.3928571421875 0.6674107140625 0.41964285781250005 0.6361607140625 0.42410714218749995 0.5959821421875 0.415178571875 0.5647321421875 0.3727678578125 0.5446428578125
2 0.234375 0.5491071421875 0.20982142812500001 0.5736607140625 0.2053571421875 0.609375 0.22544642812500001 0.6428571421875 0.25892857187499996 0.6495535718750001 0.28571428593750003 0.6227678578125 0.28571428593750003 0.5825892859375 0.265625 0.5535714281249999 0.234375 0.5491071421875
2 0.10714285781249999 0.5959821421875 0.102678571875 0.640625 0.1272321421875 0.6696428578125 0.15178571406250002 0.671875 0.178571428125 0.6540178578125 0.178571428125 0.6049107140625 0.13616071406250002 0.5669642859375 0.10714285781249999 0.5959821421875
2 0 0.5870535718750001 0.053571428125 0.6138392859375 0.0892857140625 0.5245535718750001 0.060267857812500006 0.477678571875 0.0290178578125 0.47321428593750003 0 0.493303571875 0 0.5870535718750001
2 0.087053571875 0.37053571406249997 0.040178571875 0.444196428125 0.078125 0.48660714218749995 0.12053571406250001 0.48883928593750003 0.147321428125 0.462053571875 0.147321428125 0.40848214218749995 0.118303571875 0.375 0.087053571875 0.37053571406249997
2 0.046875 0.2142857140625 0.0267857140625 0.2388392859375 0.03125 0.296875 0.0580357140625 0.3147321421875 0.09375 0.2834821421875 0.09375 0.24330357187499999 0.0736607140625 0.2142857140625 0.046875 0.2142857140625
2 0.24107142812500001 0.037946428125 0.28125 0.0022321421875000002 0.18303571406250002 0.0022321421875000002 0.2075892859375 0.0357142859375 0.24107142812500001 0.037946428125
2 0.022321428125 0.265625 0.0022321421875000002 0.24107142812500001 0.008928571875000001 0.3459821421875 0.022321428125 0.265625
2 0 0.234375 0.0133928578125 0.234375 0.03125 0.2165178578125 0.03125 0.162946428125 0.0022321421875000002 0.147321428125 0 0.234375
2 0.7232142859375 0.9977678578125 0.8169642859374999 0.9977678578125 0.8125 0.9575892859374999 0.7879464281249999 0.9285714281249999 0.7589285718750001 0.9352678578125 0.7232142859375 0.9977678578125
2 0.546875 0.9642857140625001 0.5044642859375 0.9977678578125 0.5714285718750001 0.9977678578125 0.546875 0.9642857140625001