2 0.8638392859374999 0.6607142859375 0.8392857140625001 0.7254464281249999 0.8549107140625001 0.7544642859375 0.8794642859374999 0.7611607140625 0.90625 0.7388392859375 0.9107142859374999 0.6941964281249999 0.8950892859374999 0.6651785718750001 0.8638392859374999 0.6607142859375
2 1 0.5290178578125 0.9665178578125 0.5267857140625 0.9375 0.5558035718750001 0.9330357140625001 0.6138392859375 0.9575892859374999 0.6473214281249999 1 0.6495535718750001 1 0.5290178578125
2 0.84375 0.296875 0.84375 0.35044642812500004 0.8727678578125 0.38392857187499996 0.9017857140625001 0.38169642812500004 0.9553571421875 0.35044642812500004 0.9151785718750001 0.2790178578125 0.8727678578125 0.2633928578125 0.84375 0.296875
2 0.7678571421875 0.19866071406250002 0.7678571421875 0.25669642812500004 0.8214285718750001 0.29241071406249997 0.8660714281249999 0.2477678578125 0.8616071421875 0.194196428125 0.8147321421875 0.15625 0.7678571421875 0.19866071406250002
2 0.6294642859375 0.3102678578125 0.6160714281249999 0.3459821421875 0.625 0.40401785781250005 0.6651785718750001 0.41741071406249997 0.7053571421875 0.359375 0.6964285718750001 0.30580357187499996 0.6674107140625 0.28571428593750003 0.6294642859375 0.3102678578125
2 0.5513392859375 0.40625 0.5803571421875 0.40848214218749995 0.59375 0.35491071406249997 0.5558035718750001 0.3303571421875 0.5357142859375 0.38169642812500004 0.5513392859375 0.40625
2 0.45089285781250005 0.265625 0.459821428125 0.3102678578125 0.48660714218749995 0.32366071406249997 0.5178571421875 0.2834821421875 0.49776785781250005 0.22767857187499999 0.47098214218749995 0.2321428578125 0.45089285781250005 0.265625
2 0.39955357187499996 0.12053571406250001 0.375 0.1584821421875 0.38392857187499996 0.21205357187499999 0.41964285781250005 0.2299107140625 0.459821428125 0.1897321421875 0.459821428125 0.14508928593749998 0.430803571875 0.11160714218750001 0.39955357187499996 0.12053571406250001
2 0.29017857187499996 0.2299107140625 0.27232142812500004 0.27008928593750003 0.27678571406249997 0.3147321421875 0.296875 0.33482142812500004 0.3258928578125 0.33258928593750003 0.37053571406249997 0.27455357187499996 0.3571428578125 0.22544642812500001 0.328125 0.20982142812500001 0.29017857187499996 0.2299107140625
2 0.1584821421875 0.29017857187499996 0.2008928578125 0.29241071406249997 0.21875 0.21205357187499999 0.17633928593749998 0.18303571406250002 0.1383928578125 0.25669642812500004 0.1584821421875 0.29017857187499996
2 0.2299107140625 0.428571428125 0.2008928578125 0.444196428125 0.18303571406250002 0.484375 0.22767857187499999 0.546875 0.2633928578125 0.5245535718750001 0.27232142812500004 0.49776785781250005 0.2678571421875 0.45758928593750003 0.2299107140625 0.428571428125
2 0.149553571875 0.49553571406249997 0.116071428125 0.5200892859375 0.10714285781249999 0.5736607140625 0.1272321421875 0.6026785718750001 0.16071428593749998 0.6049107140625 0.19196428593749998 0.5736607140625 0.19196428593749998 0.5379464281249999 0.178571428125 0.5066964281249999 0.149553571875 0.49553571406249997
2 0.2678571421875 0.6808035718750001 0.30133928593750003 0.7232142859375 0.35267857187499996 0.7209821421875 0.37053571406249997 0.6897321421875 0.36607142812500004 0.6450892859375 0.3147321421875 0.6071428578125 0.2678571421875 0.6808035718750001
2 0.30133928593750003 0.7276785718750001 0.27232142812500004 0.765625 0.27232142812500004 0.8058035718750001 0.30580357187499996 0.8526785718750001 0.33928571406249997 0.8549107140625001 0.375 0.8058035718750001 0.37053571406249997 0.7522321421875 0.35491071406249997 0.7321428578125 0.30133928593750003 0.7276785718750001
2 0.25669642812500004 0.8392857140625001 0.2366071421875 0.9174107140625001 0.27678571406249997 0.9352678578125 0.2946428578125 0.921875 0.2991071421875 0.859375 0.28794642812500004 0.8392857140625001 0.25669642812500004 0.8392857140625001
2 0.3883928578125 0.828125 0.37946428593750003 0.8861607140625001 0.42410714218749995 0.9129464281249999 0.45089285781250005 0.8950892859374999 0.45535714218749995 0.8415178578125 0.412946428125 0.8080357140625001 0.3883928578125 0.828125
2 0.47321428593750003 0.8950892859374999 0.45535714218749995 0.9486607140625001 0.47991071406249997 0.9866071421875 0.5535714281249999 0.9977678578125 0.5848214281249999 0.9575892859374999 0.5848214281249999 0.9084821421875 0.5290178578125 0.8526785718750001 0.47321428593750003 0.8950892859374999
2 0.43303571406249997 0.9977678578125 0.40401785781250005 0.96875 0.36830357187499996 0.96875 0.34375 0.9977678578125 0.43303571406249997 0.9977678578125
2 0.3303571421875 0.9977678578125 0.296875 0.9419642859374999 0.2388392859375 0.9598214281249999 0.2232142859375 0.9977678578125 0.3303571421875 0.9977678578125
2 0.046875 1 0.1383928578125 0.9977678578125 0.118303571875 0.9285714281249999 0.0736607140625 0.9285714281249999 0.0446428578125 0.9575892859374999 0.046875 1
2 0.46953125 0.659375 0.134375 0.1921875
2 0.38125 0.04765625 0.12265625 0.0953125
2 0.95625 0.0234375 0.0875 0.046875