0 0.2453125 0.4125 0.1625 0.159375
0 0.2046875 0.52578125 0.1109375 0.128125
0 0.31796875 0.53359375 0.1875 0.2
0 0.3578125 0.6125 0.10625 0.11875
0 0.41796875 0.6984375 0.1890625 0.2296875
0 0.11015625 0.82421875 0.1609375 0.153125
0 0.03515625 0.76015625 0.0703125 0.1796875
0 0.05078125 0.6296875 0.1015625 0.253125
0 0.60234375 0.92890625 0.1984375 0.1421875
0 0.590625 0.39765625 0.1953125 0.21875
0 0.68046875 0.37890625 0.1578125 0.1890625
0 0.89296875 0.31171875 0.1515625 0.1671875
0 0.73046875 0.10078125 0.1234375 0.11875