2 0.31953125 0.21953125 0.15 0.16875
2 0.1359375 0.40546875 0.1515625 0.153125
2 0.10625 0.640625 0.171875 0.2046875
2 0.06953125 0.775 0.1390625 0.171875
2 0.234375 0.4171875 0.14375 0.1609375
2 0.325 0.4640625 0.1390625 0.15
2 0.45859375 0.275 0.140625 0.146875
2 0.571875 0.27578125 0.1640625 0.1984375
2 0.65 0.34765625 0.1484375 0.1703125
2 0.746875 0.29140625 0.14375 0.1453125
2 0.975 0.39609375 0.05 0.1921875
2 0.4984375 0.684375 0.1375 0.16875
2 0.159375 0.853125 0.125 0.1359375
2 0.2390625 0.8078125 0.11875 0.1390625
2 0.3203125 0.85078125 0.1125 0.140625
2 0.60859375 0.6921875 0.128125 0.153125
2 0.5875 0.825 0.1390625 0.1484375
2 0.6828125 0.8265625 0.13125 0.146875
2 0.76484375 0.884375 0.153125 0.178125
2 0.66484375 0.04921875 0.1125 0.0734375
2 0.23828125 0.91875 0.0984375 0.065625
2 0.0578125 0.57578125 0.115625 0.2265625
2 0.13515625 0.18046875 0.1640625 0.2296875