2 0.35078125 0.0296875 0.1421875 0.059375
2 0.2265625 0.0625 0.14375 0.125
2 0.29375 0.25078125 0.125 0.134375
2 0.159375 0.34375 0.153125 0.16875
2 0.06484375 0.45546875 0.1296875 0.1671875
2 0.20625 0.54140625 0.140625 0.15
2 0.05078125 0.56953125 0.1015625 0.1765625
2 0.29140625 0.578125 0.15625 0.1765625
2 0.39375 0.5125 0.1671875 0.18125
2 0.528125 0.37578125 0.128125 0.14375
2 0.5 0.2359375 0.20625 0.2203125
2 0.49375 0.0765625 0.140625 0.1515625
2 0.61015625 0.14375 0.1796875 0.178125
2 0.7640625 0.29296875 0.1703125 0.1765625
2 0.92265625 0.228125 0.1546875 0.165625
2 0.83359375 0.5203125 0.171875 0.1921875
2 0.73046875 0.7203125 0.1671875 0.1703125
2 0.553125 0.56875 0.159375 0.16875
2 0.496875 0.69296875 0.1625 0.1765625
2 0.396875 0.8125 0.1390625 0.1546875
2 0.4921875 0.83359375 0.209375 0.234375
2 0.83984375 0.7984375 0.159375 0.175
2 0.8015625 0.1171875 0.0859375 0.0703125
2 0.90703125 0.76640625 0.0828125 0.1203125
2 0.75859375 0.934375 0.1765625 0.13125
2 0.10625 0.63125 0.2125 0.2375