2 0.531589721875 0.839731228125 0.4889724703125 0.8083638343749999 0.44082278906249994 0.831848003125 0.42941931718750004 0.874662146875 0.456915959375 0.9208548125 0.5027148453125 0.9332860140625 0.5337869015625001 0.9206146453124999 0.5450919296875 0.8877824656250001 0.531589721875 0.839731228125
2 0.6342956296875 0.851725371875 0.556200065625 0.8749142046875 0.5428395796875 0.9137158734374999 0.5642682890625 0.9678350421875 0.6160366609375 0.982321703125 0.6551336671875 0.96573630625 0.6705496125 0.92096515 0.6342956296875 0.851725371875
2 0.607051046875 0.6787519578125 0.5463284421875 0.6611821078125 0.5102161828125 0.678795234375 0.48471983124999996 0.73344990625 0.498025146875 0.8014650640625 0.5734745796875 0.8441374843749999 0.6193719109375 0.8465867250000001 0.6464314953125 0.8358723687499999 0.6516685890625 0.8109666890625 0.607051046875 0.6787519578125
2 0.7423922453125 0.72201505 0.6678720953124999 0.6863398468749999 0.6466835546875 0.7090916203125001 0.6596935359375 0.8070526609374999 0.70529553125 0.8394477859375 0.7363675875 0.8267764171875 0.767931871875 0.7641952437499999 0.7423922453125 0.72201505
2 0.6724752421875 0.6244910671875 0.663225675 0.6513537609375 0.6788817875000001 0.6834535500000001 0.7365212015625 0.7099776296875 0.7627499484375 0.6822840984375 0.7472907265625001 0.6302203875 0.6724752421875 0.6244910671875
2 0.6957744124999999 0.4889529796875 0.6595637062499999 0.516548065625 0.65393283125 0.5813815890625 0.68152791875 0.6175922968750001 0.7314377234375 0.618084521875 0.7638328453125001 0.572482528125 0.7581586953125 0.5404811859375 0.6957744124999999 0.4889529796875
2 0.6369103765624999 0.4853775640625 0.5704151765625001 0.44578833281249997 0.5303888875 0.4553765125 0.5189854140625 0.498190653125 0.54824218125 0.568359715625 0.585819228125 0.6046688671875 0.6297595453125 0.6031056343750001 0.6529051015625 0.5843663328125001 0.6583390859375 0.5394967312500001 0.6369103765624999 0.4853775640625
2 0.6323191234375 0.3435746515625 0.5714980734374999 0.33598676250000004 0.5734983640625 0.4368341 0.6410212953125 0.4734385875 0.6753734328125 0.4318490671875 0.661969671875 0.37381587031249996 0.6323191234375 0.3435746515625
2 0.46496469218750003 0.5096374031249999 0.41608261718749995 0.50616043125 0.39479562968750004 0.5388941671875 0.40399002656249994 0.6188483 0.43549914375 0.663083953125 0.4793410140625 0.67150268125 0.5217180984375 0.6259991328125001 0.5045971984375 0.539977065625 0.46496469218750003 0.5096374031249999
2 0.44929668749999996 0.6811893062500001 0.41049501718750003 0.6678288203125 0.3803522453125 0.6874974046875 0.374622925 0.762312890625 0.40221801093750004 0.7985235953125 0.44009039687499996 0.8048868656250001 0.46714998124999996 0.794172509375 0.48070735625000005 0.7354069203125 0.44929668749999996 0.6811893062500001
2 0.33773499375 0.6561300125 0.3050012578125 0.634843025 0.2391400046875 0.63219689375 0.24133718593750003 0.7130803109375 0.31277414531250003 0.7577097453125 0.347858675 0.7430813625 0.35710824375 0.7162186687500001 0.33773499375 0.6561300125
2 0.3809980859375 0.520788815625 0.35217837812499997 0.5075267734375 0.2959053046875 0.5449069328125 0.28254481875000004 0.5837086 0.302114959375 0.623833334375 0.3678777671875 0.636461425 0.3990482703125 0.6138080968749999 0.40232835 0.58488994375 0.3809980859375 0.520788815625
2 0.18820247031249998 0.6346894109375001 0.13344935468750002 0.6191750203125 0.111331528125 0.6349295781250001 0.09982961093750001 0.68772568125 0.1352527546875 0.73998628125 0.165100190625 0.750263578125 0.1961722484375 0.7375922078125 0.20972962499999998 0.6788266171874999 0.18820247031249998 0.6346894109375001
2 0.3529226640625 0.33083622031250004 0.3081515078125 0.3154202765625 0.2767841140625 0.358037528125 0.278347346875 0.40197784375 0.31181347812500004 0.450225971875 0.3616248359375 0.460700159375 0.394019959375 0.4150981625 0.3904012671875 0.377127334375 0.3529226640625 0.33083622031250004
2 0.19921875 0.3890625 0.2109375 0.24375
2 0.7578125 0.0578125 0.171875 0.115625