2 0.586777175 0.599164515625 0.5772036671875 0.5634777890625 0.5399611421875 0.5433114640625 0.4996231265625 0.5792637515625 0.47997718906250003 0.6392638046875 0.5079117640625 0.6736549296875001 0.53247991875 0.6757203796875 0.5671312375 0.6591645703125 0.586777175 0.599164515625
2 0.4647223484375 0.661506315625 0.4422250109375 0.67340546875 0.42490471718749995 0.7202161328125001 0.46137739218749996 0.7833116812500001 0.4903420109375 0.786152346875 0.5255029828125 0.71528855 0.4991188375 0.6721045 0.4647223484375 0.661506315625
2 0.454395090625 0.7843470906250001 0.4368038703125 0.7427134703125 0.40680384375 0.7328905015625 0.36361979375 0.7592746484374999 0.3543172125 0.8120322062499999 0.37345886250000004 0.8448728984375 0.4104411921875 0.8536604593750001 0.4474181546875 0.8239152593749999 0.454395090625 0.7843470906250001
2 0.498115628125 0.8963187546875 0.47405712656250004 0.8399453140625001 0.4476783484375 0.8352940249999999 0.414062440625 0.8588321375 0.400363396875 0.9108144796875 0.41872983125 0.9480516359375001 0.45131569687499995 0.9560639828124999 0.48751744375 0.9307152453124999 0.498115628125 0.8963187546875
2 0.6533777171875 1 0.6576839062500001 0.9425875640625 0.6369918265625001 0.9185397984374999 0.6142342953125 0.9190601859375 0.579843171875 0.9469947624999999 0.566810028125 1 0.6533777171875 1
2 0.4530511875 0.41919118437499997 0.42667240937499995 0.41453989375000005 0.3863343921875 0.45049218125 0.3778070265625 0.498853278125 0.42643368125 0.5572921671875 0.47245839843750004 0.5019434031250001 0.48098576406250004 0.45358230937500005 0.4530511875 0.41919118437499997
2 0.3723697875 0.45256299999999994 0.3511573203125 0.4057577015625 0.32115729375 0.39593473281249997 0.27797324218749997 0.42231887968750004 0.26272376875000003 0.4830941484375 0.279539771875 0.52912423125 0.32014335 0.54308346875 0.3638424203125 0.5009240953125 0.3723697875 0.45256299999999994
2 0.42741542499999996 0.178946875 0.3906932890625 0.1815380796875 0.3643198765625 0.21541954843750002 0.36588103906249997 0.2836921421875 0.38838374375 0.3103257484375 0.45121909843749997 0.2624743078125 0.456125215625 0.208941534375 0.42741542499999996 0.178946875
2 0.3971444703125 0.0806796203125 0.369985109375 0.041892034375 0.321624015625 0.0333646671875 0.2784399640625 0.059748812500000005 0.2683621671875 0.116902834375 0.29164545468749997 0.1776727375 0.32785256875 0.190856759375 0.3787941359375 0.15904074375 0.3971444703125 0.0806796203125
2 0.270178159375 0.1580214328125 0.2693922109375 0.0853523765625 0.24430366874999998 0.06052939375000001 0.18870544375 0.08019143125 0.1581957625 0.1246764515625 0.16208256875 0.1797596546875 0.2021711265625 0.209494121875 0.2404436921875 0.198109990625 0.270178159375 0.1580214328125
2 0.275375828125 0 0.2753283703125 0.000269146875 0.2996416984375 0.029488592187500003 0.3286063171875 0.0323292578125 0.3888611984375 0.0248212015625 0.3966546359375 0 0.275375828125 0
2 1 0.1557779921875 0.9958333125 0.1431796484375 0.9585907875 0.123013321875 0.917732384375 0.136208078125 0.8944651968749999 0.1910364546875 0.9177484843749999 0.2518063578125 0.9503343484375 0.259818703125 0.9968794546874999 0.22722747031249999 1 0.2095299765625 1 0.1557779921875
2 0.8985853671875 0.064834625 0.9102296937500001 0.11448595624999999 0.9472120234375 0.12327351718749999 0.9803075437500001 0.0769778734375 0.8985853671875 0.064834625
2 0.06923645625 0.14072260625 0.10569303125 0.0882198765625 0.10310182500000001 0.051497740624999996 0.078788496875 0.022278295312499998 0.056047065625 0.1383969609375 0.06923645625 0.14072260625
2 0.7578125 0.9296875 0.215625 0.140625
2 0.2114951734375 0.310867603125 0.15770220625 0.2945827203125 0.12074134375000001 0.439926196875 0.13186528125000002 0.4668199984375 0.1644511484375 0.4748323421875 0.20504935937500002 0.4502588203125 0.2283165453125 0.3954304453125 0.2114951734375 0.310867603125
2 0.61875 0.37265625 0.1640625 0.2109375
2 0.58125 0.828125 0.1625 0.178125
2 0.9421875 0.71796875 0.0796875 0.165625
2 0.53984375 0.0546875 0.1328125 0.109375
2 0.92578125 0.31953125 0.1484375 0.1703125