2 0.330713965625 0 0.33035207187500004 0.008479028125 0.35917676875 0.0376887671875 0.405444821875 0.0258045390625 0.42141076406250005 0 0.330713965625 0
2 0.42386242812499997 0.0966700484375 0.4173290484375 0.072072590625 0.38563640625 0.0610447734375 0.34826679375 0.10338019218750001 0.35367656406250003 0.14205017656250002 0.3701141515625 0.14902751875 0.41576147656250007 0.1271801609375 0.42386242812499997 0.0966700484375
2 0.412803096875 0.288393478125 0.4556413984375 0.301727434375 0.50652173125 0.2675518890625 0.5349339796875 0.1777658875 0.496707959375 0.1421406125 0.459782309375 0.143440984375 0.420609440625 0.1728864078125 0.394444409375 0.234527359375 0.412803096875 0.288393478125
2 0.6959705328125 0.12972609531249998 0.6823419703125 0.0875674390625 0.6565030593750001 0.0741745609375 0.6015722515624999 0.1236051640625 0.60231081875 0.167567075 0.6246610593749999 0.189178746875 0.6691847765625 0.181403915625 0.6959705328125 0.12972609531249998
2 0.7931189171875 0.0836663203125 0.800893746875 0.1281900375 0.8272944624999999 0.134546653125 0.857124928125 0.1156850828125 0.7931189171875 0.0836663203125
2 0.9491266328125001 0.27598306875 0.9454611999999999 0.2332036875 0.9172572265625 0.2139570765625 0.8803904984375001 0.232256840625 0.8688008765624999 0.270985746875 0.8800643796875001 0.3072906703125 0.9006113625 0.316012346875 0.9491266328125001 0.27598306875
2 1 0.1731383125 0.9739323703125 0.160417078125 0.98992599375 0.208429465625 1 0.2066329546875 1 0.1731383125
2 0.75686880625 0.44899017656250007 0.84349225625 0.41058739062500005 0.8492281453125001 0.3742235484375 0.8121257343750001 0.324525746875 0.7676609390625 0.3492999671875 0.75686880625 0.44899017656250007
2 0.831014709375 0.5313863890625 0.8454722765625 0.4744755609375 0.8119763765625001 0.4505577484375 0.7645257953125 0.4595151109375 0.73998725625 0.48304788125 0.7301419703125 0.5176673890625 0.7431498078125001 0.5498629171875 0.831014709375 0.5313863890625
2 0.6992194109375001 0.39057069843750003 0.7279262671875 0.38578165468750003 0.7594421453125 0.345811296875 0.7604479125 0.2977399890625 0.730440684375 0.2656033828125 0.6935739562500001 0.2839031484375 0.67264193125 0.333215909375 0.6804167624999999 0.37773962499999997 0.6992194109375001 0.39057069843750003
2 0.723337284375 0.9221641125 0.721416184375 0.8752753359375 0.695577275 0.86188245625 0.645258746875 0.8890217406250001 0.62781539375 0.93011570625 0.6654796109375 0.9727772453125001 0.70352886875 0.9574043484375 0.723337284375 0.9221641125
2 0.705273203125 0.9532949515625001 0.7262052296875 0.903982190625 0.699686671875 0.8636267921874999 0.6400257421875 0.9013499296875 0.6301804546875001 0.9359694390625 0.6490420234375 0.965799903125 0.6754427390625 0.97215651875 0.705273203125 0.9532949515625001
2 0.5874010734375 0.9396348734375 0.6271946671874999 0.920152578125 0.6481266921875 0.8708398171875 0.6379868 0.82046236875 0.6015640343750001 0.7977270890625 0.57752838125 0.7972242046875 0.5453917765625 0.8272314328125001 0.5298106 0.8982147859375 0.5874010734375 0.9396348734375
2 0.512194590625 0.551249615625 0.5003103624999999 0.5049815640624999 0.47447145312499994 0.4915886859375 0.437604725 0.5098884499999999 0.41430763906249995 0.553347478125 0.442629453125 0.606592871875 0.4847881078125 0.592964309375 0.512194590625 0.551249615625
2 0.29737824687500003 0.8116776640625 0.338916175 0.788085971875 0.361592534375 0.734663815625 0.3596714359375 0.6877750375 0.319139275 0.6632954203125 0.2723094171875 0.6822159109375 0.2444000515625 0.7479662578124999 0.25155415625 0.7825268453125 0.29737824687500003 0.8116776640625
2 0.24588129687500002 0.49882911874999997 0.279821159375 0.481711884375 0.30075318281249996 0.432399125 0.2929783515625 0.387875409375 0.26240931875 0.36277506718749997 0.2272869265625 0.376965434375 0.1946474375 0.4310083171875 0.205910940625 0.4673132390625 0.24588129687500002 0.49882911874999997
2 0.214605209375 0.2697360796875 0.2074511046875 0.235175490625 0.163430271875 0.21891466875 0.1184625921875 0.2677245453125 0.1238723625 0.306394528125 0.1550032 0.32445860937500004 0.2006505265625 0.302611253125 0.214605209375 0.2697360796875
2 0.1945021890625 0.21997935625 0.226697715625 0.2069715203125 0.24937407500000003 0.1535493640625 0.23985490937499998 0.11313504218749999 0.21227166249999999 0.1038515609375 0.175404934375 0.12215132656250001 0.1503635125 0.16971975 0.16573641249999999 0.2077690078125 0.1945021890625 0.21997935625
2 0.1697612765625 0 0.1272747046875 0.1041461671875 0.1600909578125 0.10110145781249999 0.19920490468750002 0.05465664375 0.21474846250000001 0 0.1697612765625 0
2 0.09182619375 0.1933703625 0.0604870765625 0.28433889375 0.0985363359375 0.2689659953125 0.11423535468749998 0.23198142656249998 0.09182619375 0.1933703625
2 0.1328845375 0.7079054640625 0.167445125 0.700751359375 0.1924865453125 0.653182934375 0.16011425625 0.6151925984375 0.11041645625 0.6522950109375001 0.1328845375 0.7079054640625
2 0.18104628125 0.5658798390625 0.169162053125 0.5196117859375 0.1262648296875 0.4892784375 0.07893209062499999 0.53223458125 0.08203571875 0.5820502249999999 0.10973680781249999 0.6253324890624999 0.1484067921875 0.619922721875 0.18104628125 0.5658798390625
2 0 0.6397235046875 0.030475740624999997 0.5892632515625 0.023824518750000002 0.530667009375 0 0.5190404328125 0 0.6397235046875
2 0.50546875 0.409375 0.128125 0.14375
2 0.3875 0.32421875 0.1328125 0.140625
2 0.96796875 0.5703125 0.0640625 0.15625
2 0.08046875 0.83828125 0.0953125 0.078125
2 0.87265625 0.67578125 0.1734375 0.171875