2 0.734375 0.8348214281249999 0.6986607140625 0.84375 0.6651785718750001 0.8861607140625001 0.6741071421875 0.9486607140625001 0.7098214281249999 0.9665178578125 0.7477678578125 0.9508928578125 0.7678571421875 0.9174107140625001 0.7633928578125 0.8683035718750001 0.734375 0.8348214281249999
2 0.5758928578125 0.9933035718750001 0.6651785718750001 0.9977678578125 0.6607142859375 0.9352678578125 0.640625 0.9151785718750001 0.609375 0.9151785718750001 0.5758928578125 0.9933035718750001
2 0.546875 0.7946428578125 0.5 0.8325892859374999 0.49553571406249997 0.921875 0.5334821421875 0.9598214281249999 0.5758928578125 0.9620535718750001 0.6026785718750001 0.9174107140625001 0.6026785718750001 0.8370535718750001 0.5825892859375 0.7991071421875 0.546875 0.7946428578125
2 0.2834821421875 1 0.39732142812500004 0.9977678578125 0.39732142812500004 0.9754464281249999 0.359375 0.9375 0.28125 0.9799107140625001 0.2834821421875 1
2 0.29241071406249997 0.7857142859375 0.25 0.8147321421875 0.2366071421875 0.8861607140625001 0.25892857187499996 0.9397321421875 0.30803571406249997 0.9575892859374999 0.36607142812500004 0.8995535718750001 0.36607142812500004 0.8370535718750001 0.3415178578125 0.8035714281249999 0.29241071406249997 0.7857142859375
2 0.5200892859375 0.59375 0.48214285781250005 0.6138392859375 0.47321428593750003 0.6852678578125 0.49776785781250005 0.7232142859375 0.53125 0.7254464281249999 0.5625 0.6941964281249999 0.5714285718750001 0.6495535718750001 0.5580357140625 0.6138392859375 0.5200892859375 0.59375
2 0.39732142812500004 0.6227678578125 0.40625 0.671875 0.43303571406249997 0.6852678578125 0.46875 0.6450892859375 0.44866071406249997 0.5848214281249999 0.421875 0.5848214281249999 0.39732142812500004 0.6227678578125
2 0.6763392859375 0.6964285718750001 0.6517857140625 0.7611607140625 0.671875 0.7991071421875 0.7008928578125 0.8058035718750001 0.7276785718750001 0.7834821421875 0.7321428578125 0.7299107140625 0.703125 0.6964285718750001 0.6763392859375 0.6964285718750001
2 0.5959821421875 0.5133928578125 0.5625 0.5379464281249999 0.5580357140625 0.6049107140625 0.5736607140625 0.6339285718750001 0.6071428578125 0.6361607140625 0.6339285718750001 0.609375 0.6383928578125 0.5513392859375 0.6183035718750001 0.5178571421875 0.5959821421875 0.5133928578125
2 0.6607142859375 0.546875 0.6428571421875 0.6138392859375 0.6674107140625 0.6517857140625 0.7098214281249999 0.6540178578125 0.7366071421875 0.6138392859375 0.7366071421875 0.5647321421875 0.6897321421875 0.5267857140625 0.6607142859375 0.546875
2 0.75 0.5111607140625 0.7410714281249999 0.578125 0.765625 0.6160714281249999 0.8080357140625001 0.6183035718750001 0.8303571421875 0.5424107140625 0.8125 0.5022321421875 0.7790178578125 0.491071428125 0.75 0.5111607140625
2 0.8638392859374999 0.5491071421875 0.8303571421875 0.6183035718750001 0.8504464281249999 0.6607142859375 0.8839285718750001 0.6629464281249999 0.9196428578125 0.6272321421875 0.9196428578125 0.578125 0.9040178578125 0.5535714281249999 0.8638392859374999 0.5491071421875
2 0.7924107140625 0.32142857187499996 0.7433035718750001 0.33928571406249997 0.7232142859375 0.36830357187499996 0.7232142859375 0.444196428125 0.7633928578125 0.484375 0.8013392859374999 0.48214285781250005 0.8303571421875 0.444196428125 0.8303571421875 0.3727678578125 0.7924107140625 0.32142857187499996
2 0.6450892859375 0.2991071421875 0.6339285718750001 0.3772321421875 0.6741071421875 0.390625 0.6964285718750001 0.36830357187499996 0.6964285718750001 0.32366071406249997 0.6763392859375 0.2991071421875 0.6450892859375 0.2991071421875
2 0.5580357140625 0.296875 0.5491071421875 0.359375 0.5691964281249999 0.3883928578125 0.5982142859375 0.390625 0.625 0.36383928593750003 0.6294642859375 0.30133928593750003 0.5915178578125 0.27678571406249997 0.5580357140625 0.296875
2 0.5089285718750001 0.19866071406250002 0.5 0.2388392859375 0.5133928578125 0.28794642812500004 0.5491071421875 0.296875 0.59375 0.26116071406249997 0.5892857140625 0.2075892859375 0.5558035718750001 0.1741071421875 0.5089285718750001 0.19866071406250002
2 0.6495535718750001 0.116071428125 0.6160714281249999 0.149553571875 0.6116071421875 0.21205357187499999 0.6607142859375 0.2388392859375 0.6919642859375 0.2209821421875 0.6964285718750001 0.162946428125 0.6785714281249999 0.1272321421875 0.6495535718750001 0.116071428125
2 0.7209821421875 0.19196428593749998 0.6830357140625 0.2388392859375 0.6830357140625 0.27008928593750003 0.7120535718750001 0.31696428593750003 0.7410714281249999 0.3147321421875 0.7767857140625 0.28794642812500004 0.78125 0.2477678578125 0.7433035718750001 0.19196428593749998 0.7209821421875 0.19196428593749998
2 0.8013392859374999 0.09375 0.7633928578125 0.12276785781249999 0.7589285718750001 0.1584821421875 0.7879464281249999 0.20982142812500001 0.8169642859374999 0.21205357187499999 0.84375 0.1852678578125 0.8482142859374999 0.131696428125 0.828125 0.0982142859375 0.8013392859374999 0.09375
2 0.7700892859375 0 0.7723214281249999 0.069196428125 0.8214285718750001 0.087053571875 0.8571428578125 0.0647321421875 0.8616071421875 0.0334821421875 0.8370535718750001 0 0.7700892859375 0
2 0.43526785781250005 0.34375 0.3928571421875 0.3772321421875 0.3928571421875 0.43526785781250005 0.42633928593750003 0.477678571875 0.45089285781250005 0.47991071406249997 0.48660714218749995 0.45758928593750003 0.491071428125 0.41741071406249997 0.46875 0.35491071406249997 0.43526785781250005 0.34375
2 0.116071428125 0.390625 0.15178571406250002 0.39955357187499996 0.178571428125 0.36830357187499996 0.1540178578125 0.2946428578125 0.10714285781249999 0.33705357187499996 0.116071428125 0.390625
2 0.2946428578125 0.100446428125 0.2946428578125 0.1540178578125 0.31919642812500004 0.178571428125 0.3571428578125 0.180803571875 0.37946428593750003 0.10491071406250001 0.35044642812500004 0.071428571875 0.32366071406249997 0.071428571875 0.2946428578125 0.100446428125
2 0.084821428125 0.11383928593749999 0.0892857140625 0.1540178578125 0.125 0.16741071406250002 0.1741071421875 0.12276785781249999 0.1696428578125 0.087053571875 0.131696428125 0.0580357140625 0.084821428125 0.11383928593749999
2 0 0.171875 0.0446428578125 0.19866071406250002 0.0803571421875 0.1584821421875 0.0803571421875 0.10491071406250001 0.0513392859375 0.071428571875 0.0200892859375 0.071428571875 0 0.0959821421875 0 0.171875
2 0.0580357140625 0.060267857812500006 0.09375 0.078125 0.12053571406250001 0.037946428125 0.087053571875 0.0044642859375000005 0.0625 0.0200892859375 0.0580357140625 0.060267857812500006
2 1 0.33705357187499996 0.9977678578125 0.196428571875 0.9553571421875 0.234375 0.9508928578125 0.296875 1 0.33705357187499996
2 0.9084821421875 0.415178571875 0.8794642859374999 0.44866071406249997 0.8883928578125 0.5245535718750001 0.9129464281249999 0.5535714281249999 0.9375 0.5558035718750001 0.9776785718750001 0.5290178578125 0.9910714281249999 0.48883928593750003 0.953125 0.40625 0.9084821421875 0.415178571875
2 0.03125 0.9308035718750001 0.040178571875 0.9754464281249999 0.071428571875 0.984375 0.10714285781249999 0.9665178578125 0.11160714218750001 0.9352678578125 0.078125 0.8839285718750001 0.03125 0.9308035718750001
2 1 0.9977678578125 0.9933035718750001 0.8928571421875 0.9598214281249999 0.9352678578125 0.9598214281249999 0.9888392859374999 1 0.9977678578125
2 0.9977678578125 0.7857142859375 0.9732142859374999 0.8549107140625001 1 0.8861607140625001 0.9977678578125 0.7857142859375
2 1 0.7209821421875 0.9977678578125 0.6071428578125 0.96875 0.6450892859375 0.96875 0.6763392859375 1 0.7209821421875
2 0.9799107140625001 0.125 1 0.1272321421875 0.9977678578125 0.0267857140625 0.9642857140625001 0.055803571875 0.9642857140625001 0.0959821421875 0.9799107140625001 0.125
2 0 0.5959821421875 0.0267857140625 0.6004464281249999 0.0446428578125 0.5424107140625 0.0290178578125 0.5223214281249999 0.0022321421875000002 0.5223214281249999 0 0.5959821421875
2 0.09375 0.240625 0.12578125 0.14765625
2 0.896875 0.76328125 0.12890625 0.14921875