2 0.7611607140625 0.5044642859375 0.7254464281249999 0.5044642859375 0.7008928578125 0.5334821421875 0.6919642859375 0.6361607140625 0.7232142859375 0.6450892859375 0.7611607140625 0.6339285718750001 0.7946428578125 0.5870535718750001 0.7901785718750001 0.5379464281249999 0.7611607140625 0.5044642859375
2 0.640625 0.47321428593750003 0.6160714281249999 0.493303571875 0.5892857140625 0.5691964281249999 0.6071428578125 0.6227678578125 0.65625 0.640625 0.6875 0.609375 0.6964285718750001 0.5200892859375 0.671875 0.477678571875 0.640625 0.47321428593750003
2 0.703125 0.34375 0.6696428578125 0.390625 0.6696428578125 0.43526785781250005 0.6986607140625 0.48214285781250005 0.7366071421875 0.48883928593750003 0.7723214281249999 0.453125 0.7767857140625 0.39955357187499996 0.7611607140625 0.37053571406249997 0.703125 0.34375
2 0.5647321421875 0.42410714218749995 0.5133928578125 0.493303571875 0.5513392859375 0.5446428578125 0.5803571421875 0.546875 0.6160714281249999 0.493303571875 0.6160714281249999 0.462053571875 0.5870535718750001 0.42410714218749995 0.5647321421875 0.42410714218749995
2 0.6026785718750001 0.3772321421875 0.6071428578125 0.41741071406249997 0.6339285718750001 0.43973214218749995 0.6696428578125 0.3772321421875 0.6607142859375 0.33258928593750003 0.6361607140625 0.3125 0.6026785718750001 0.3772321421875
2 0.5133928578125 0.35491071406249997 0.5758928578125 0.39508928593750003 0.6071428578125 0.35491071406249997 0.6071428578125 0.30580357187499996 0.5602678578125 0.27678571406249997 0.5133928578125 0.35491071406249997
2 0.48883928593750003 0.37946428593750003 0.46428571406249997 0.421875 0.46428571406249997 0.453125 0.5 0.484375 0.5401785718750001 0.43526785781250005 0.5401785718750001 0.40401785781250005 0.5111607140625 0.37946428593750003 0.48883928593750003 0.37946428593750003
2 0.6316964281249999 0.15625 0.59375 0.1852678578125 0.5892857140625 0.2477678578125 0.6138392859375 0.28125 0.6428571421875 0.2834821421875 0.6741071421875 0.2477678578125 0.6830357140625 0.19866071406250002 0.6584821421875 0.16071428593749998 0.6316964281249999 0.15625
2 0.7700892859375 0.22767857187499999 0.7455357140625 0.2477678578125 0.7321428578125 0.30133928593750003 0.75 0.35044642812500004 0.7857142859375 0.36830357187499996 0.8169642859374999 0.3459821421875 0.8303571421875 0.2834821421875 0.8058035718750001 0.2366071421875 0.7700892859375 0.22767857187499999
2 1 0.1272321421875 0.984375 0.12053571406250001 0.9508928578125 0.1540178578125 0.9508928578125 0.1897321421875 0.9709821421875 0.21875 1 0.2165178578125 1 0.1272321421875
2 0.9151785718750001 0.037946428125 0.9107142859374999 0.0915178578125 0.9553571421875 0.12276785781249999 0.9866071421875 0.0825892859375 0.9821428578125 0.037946428125 0.9352678578125 0.0178571421875 0.9151785718750001 0.037946428125
2 0.49776785781250005 0.5267857140625 0.459821428125 0.5602678578125 0.446428571875 0.6361607140625 0.5022321421875 0.6875 0.5223214281249999 0.6852678578125 0.5580357140625 0.6361607140625 0.5580357140625 0.578125 0.515625 0.5267857140625 0.49776785781250005 0.5267857140625
2 0.44866071406249997 0.6651785718750001 0.41964285781250005 0.6986607140625 0.41964285781250005 0.765625 0.46875 0.796875 0.5 0.7611607140625 0.5044642859375 0.703125 0.47098214218749995 0.6651785718750001 0.44866071406249997 0.6651785718750001
2 0.3459821421875 0.6428571421875 0.31696428593750003 0.6629464281249999 0.30357142812500004 0.7299107140625 0.35044642812500004 0.7991071421875 0.37946428593750003 0.796875 0.40625 0.7566964281249999 0.40625 0.6852678578125 0.38169642812500004 0.6473214281249999 0.3459821421875 0.6428571421875
2 0.35267857187499996 0.5379464281249999 0.3772321421875 0.5714285718750001 0.39732142812500004 0.5691964281249999 0.415178571875 0.5066964281249999 0.38169642812500004 0.477678571875 0.35267857187499996 0.5111607140625 0.35267857187499996 0.5379464281249999
2 0.578125 0.8571428578125 0.5446428578125 0.8861607140625001 0.5401785718750001 0.9397321421875 0.5602678578125 0.9776785718750001 0.5982142859375 0.984375 0.6205357140625 0.9620535718750001 0.6294642859375 0.9084821421875 0.6160714281249999 0.8727678578125 0.578125 0.8571428578125
2 0.40848214218749995 0.8883928578125 0.3883928578125 0.9174107140625001 0.3883928578125 0.9799107140625001 0.40848214218749995 1 0.45535714218749995 0.9977678578125 0.47321428593750003 0.9709821421875 0.47321428593750003 0.9174107140625001 0.44866071406249997 0.8883928578125 0.40848214218749995 0.8883928578125
2 0.7633928578125 0.8325892859374999 0.78125 0.7879464281249999 0.7433035718750001 0.7633928578125 0.7232142859375 0.8102678578125 0.7633928578125 0.8325892859374999
2 1 0.859375 0.9933035718750001 0.7098214281249999 0.9464285718750001 0.7522321421875 0.9285714281249999 0.8102678578125 1 0.859375
2 0.27678571406249997 0.33705357187499996 0.2678571421875 0.3727678578125 0.28794642812500004 0.40625 0.31696428593750003 0.412946428125 0.33928571406249997 0.39508928593750003 0.34821428593750003 0.35044642812500004 0.3102678578125 0.31696428593750003 0.27678571406249997 0.33705357187499996
2 0.19866071406250002 0.30803571406249997 0.16071428593749998 0.3459821421875 0.16071428593749998 0.390625 0.1897321421875 0.42410714218749995 0.2232142859375 0.42633928593750003 0.25 0.39508928593750003 0.25 0.3459821421875 0.2209821421875 0.30803571406249997 0.19866071406250002 0.30803571406249997
2 0.078125 0.5133928578125 0.0491071421875 0.5424107140625 0.0446428578125 0.6004464281249999 0.069196428125 0.6294642859375 0.0982142859375 0.6316964281249999 0.125 0.6004464281249999 0.12946428593749998 0.5558035718750001 0.109375 0.5223214281249999 0.078125 0.5133928578125
2 0 0.3727678578125 0.040178571875 0.38616071406249997 0.071428571875 0.36830357187499996 0.084821428125 0.30580357187499996 0.055803571875 0.2678571421875 0.0200892859375 0.2633928578125 0 0.2790178578125 0 0.3727678578125
2 0.194196428125 0.12946428593749998 0.1696428578125 0.171875 0.18303571406250002 0.234375 0.2232142859375 0.2522321421875 0.25892857187499996 0.19866071406250002 0.25892857187499996 0.1540178578125 0.22544642812500001 0.116071428125 0.194196428125 0.12946428593749998
2 0.0982142859375 0.0915178578125 0.09375 0.131696428125 0.11160714218750001 0.16741071406250002 0.147321428125 0.1852678578125 0.18303571406250002 0.13616071406250002 0.18303571406250002 0.109375 0.12276785781249999 0.0669642859375 0.0982142859375 0.0915178578125
2 0.133928571875 0.055803571875 0.16741071406250002 0.0803571421875 0.2008928578125 0.078125 0.22767857187499999 0.046875 0.22767857187499999 0.006696428124999999 0.1272321421875 0 0.133928571875 0.055803571875
2 0.30803571406249997 0.0290178578125 0.29017857187499996 0.0915178578125 0.30357142812500004 0.131696428125 0.35267857187499996 0.1540178578125 0.3883928578125 0.12276785781249999 0.39732142812500004 0.055803571875 0.3459821421875 0.008928571875000001 0.30803571406249997 0.0290178578125
2 0.0044642859375000005 0.8370535718750001 0.0357142859375 0.7834821421875 0.03125 0.734375 0.006696428124999999 0.6964285718750001 0.0044642859375000005 0.8370535718750001
2 0.8484375 0.9640625 0.0984375 0.07109375
2 0.94296875 0.940625 0.11171875 0.11875
2 0.98828125 0.4390625 0.0234375 0.0984375
2 0.44609375 0.19765625 0.128125 0.26328125