2 0.76015625 0.1875 0.165625 0.190625
2 0.86328125 0.4765625 0.140625 0.175
2 0.58671875 0.4515625 0.1984375 0.1984375
2 0.515625 0.328125 0.1015625 0.1234375
2 0.49453125 0.13203125 0.128125 0.14375
2 0.3203125 0.25234375 0.1265625 0.140625
2 0.3828125 0.353125 0.1359375 0.1484375
2 0.46015625 0.46328125 0.146875 0.190625
2 0.25078125 0.54765625 0.103125 0.1203125
2 0.13984375 0.478125 0.1578125 0.1890625
2 0.16953125 0.25859375 0.146875 0.1609375
2 0.0703125 0.21171875 0.1359375 0.165625
2 0.034375 0.5640625 0.06875 0.225
2 0.15546875 0.74921875 0.15 0.184375
2 0.5078125 0.928125 0.146875 0.14375
2 0.49375 0.696875 0.2203125 0.2328125
2 0.24765625 0.9046875 0.1796875 0.190625