2 0.475091090625 1 0.50665355 0.9721397156249999 0.525049409375 0.9266083640625 0.5235437140625 0.8826660390625 0.48848538750000003 0.8323899015625 0.4117016171875 0.8615533359375 0.382477140625 0.9219691890625 0.40168979531250004 0.9995474703125 0.402953009375 1 0.475091090625 1
2 0.31578851874999997 0.7890977171875 0.3038931234375 0.7529948984375 0.272451765625 0.735476878125 0.237143459375 0.7573230515625 0.2204199515625 0.7987151875 0.22157005624999998 0.8256617390625 0.2658679734375 0.8411518171875001 0.30073736093750003 0.8263506390625001 0.31578851874999997 0.7890977171875
2 0.207752328125 0.86582044375 0.18935646875 0.9113517953124999 0.2680015296875 0.9431264625000001 0.2905366015625 0.8992674609375 0.285686203125 0.8636035625 0.23892142187499998 0.842301921875 0.207752328125 0.86582044375
2 0.156242759375 0.8979729875 0.16389332968749998 0.843285371875 0.1445140203125 0.813788628125 0.0997771828125 0.8053435484374999 0.04862320625 0.8544918656249999 0.156242759375 0.8979729875
2 0 0.6189001703125 0.01653170625 0.6657826734375 0.044272768750000004 0.674583346875 0.067519028125 0.6647158953125001 0.0950711546875 0.6084392546874999 0.0865204609375 0.564058009375 0.0509398890625 0.5448676375 0.0197707953125 0.5683861625 0 0.6173205953124999 0 0.6189001703125
2 0 0.45675136875 0.0376221234375 0.440781725 0.0594460140625 0.36293117656249996 0.04755061875 0.326828359375 0.030554845312500002 0.3271839515625 0 0.40280984531249997 0 0.45675136875
2 0.2705459078125 0.4482210703125 0.26912353906250003 0.380237975 0.2422603140625 0.35734730937500003 0.180444375 0.3732985890625 0.148753034375 0.427902878125 0.1539590265625 0.48056255156249994 0.19737910625 0.510142621875 0.23638770625 0.49701379531249995 0.2705459078125 0.4482210703125
2 0.20373520156249997 0.589748846875 0.2156305953125 0.625851665625 0.243371659375 0.6346523375 0.2799967234375 0.591671178125 0.2556836890625 0.5505513078125001 0.22706478593749999 0.5558406265625 0.20373520156249997 0.589748846875
2 0.2889417671875 0.40268972031250005 0.3032206984375 0.468644875 0.3226833359375 0.47410084531249996 0.35508585937500003 0.4534881046875 0.3835158234375 0.3831214734375 0.3492520109375 0.3427961140625 0.2889417671875 0.40268972031250005
2 0.2502664765625 0.3196554671875 0.2522110921875 0.356552796875 0.2890250953125 0.3786489515625 0.3364787765625 0.32078328749999996 0.31304358125 0.26557342500000003 0.271129196875 0.27993568125 0.2502664765625 0.3196554671875
2 0.38844955 0.3947446015625 0.3600195859375 0.465111234375 0.3939278046875 0.48844081875 0.418846415625 0.474434153125 0.4405869765625 0.42062437656249996 0.4129292390625 0.3877829328125 0.38844955 0.3947446015625
2 0.522243428125 0.540283696875 0.5194209734374999 0.5174763578125 0.4921188296875 0.5016306875 0.4584828734375 0.5193376453125 0.4392925015625 0.5549182171875 0.4470486828125 0.5893486859375 0.4706505328125 0.5964770078125 0.50138070625 0.58000348125 0.522243428125 0.540283696875
2 0.5638855453125 0.48488489531249995 0.6120504125 0.461010778125 0.6118614734375 0.39593346406249996 0.5583239625 0.4152294484375 0.5416004531249999 0.45662158281250004 0.5638855453125 0.48488489531249995
2 0.7512169375 0.61112800625 0.7214479296875 0.5894707718750001 0.6853451109375001 0.601366165625 0.6594653359375 0.6535035921875 0.6991017953124999 0.698407084375 0.7439219609375 0.6828113953125 0.7614399796875 0.6513700375 0.7512169375 0.61112800625
2 0.8675538375 0.6509088328125 0.8565362828125 0.6007160234375 0.8358402140625 0.5923542687500001 0.8038766109375001 0.6059220140625 0.7779968359375 0.658059440625 0.785753015625 0.692489909375 0.8142885921874999 0.7112413609375 0.8508303296875 0.6923009703125 0.8675538375 0.6509088328125
2 0.8952338609374999 0.79690913125 0.8816661140625 0.7649455265625 0.8212502609375001 0.73572105 0.7799637359375 0.8081156249999999 0.7790025703125 0.8462463874999999 0.796709528125 0.8798823421874999 0.8203113796875 0.887010665625 0.8759601625 0.856530471875 0.8952338609374999 0.79690913125
2 0.731769559375 1 0.753750653125 0.9564161312499999 0.7588510312500001 0.9199577203124999 0.737004859375 0.8846494125 0.68681205 0.89566696875 0.6642769765625001 0.9395259671874999 0.6624379703125001 0.991746721875 0.6744336390625 1 0.731769559375 1
2 0.8276244828125 1 0.8507915703125001 0.9426594484375 0.8471746031249999 0.9099013296875 0.8240116734375 0.8957280109375001 0.782097290625 0.91009026875 0.76044005625 0.9398592765625 0.75860105 0.9920800296875001 0.770112275 1 0.8276244828125 1
2 0.5579907984375 1 0.5587909765625 0.9980194890625 0.5294608890625 0.9693172593750001 0.49415258125 0.9911634328125001 0.4926784140625 1 0.5579907984375 1
2 0.942309665625 0.6088888406249999 0.9337589718749999 0.5645075937499999 0.9172021171875 0.5578181890625 0.8835661625 0.57552515 0.8701873546875 0.608638859375 0.8779435359375001 0.643069325 0.8998730343749999 0.6543368625 0.9289308593750001 0.6420025484375 0.942309665625 0.6088888406249999
2 0.9661392125000001 0.4307359984375 0.95591616875 0.39049396718749996 0.9310808859374999 0.3804598625 0.89911728125 0.39402760625 0.8724429953125 0.43621425625 0.8673426140625 0.47267266562500004 0.8979061343750001 0.504280678125 0.9385870859375001 0.4870126390625 0.9661392125000001 0.4307359984375
2 0.79383669375 0.15408111093750002 0.7886529890625 0.21458029218750002 0.8076767046875 0.227081259375 0.8550470593749999 0.1932563671875 0.857324984375 0.1339906171875 0.8366289171875 0.1256288625 0.79383669375 0.15408111093750002
2 0.7820469109375 0.207096378125 0.7718238671875 0.1668543453125 0.7403825109375 0.149336325 0.696795775 0.1678377953125 0.6725883515625 0.21583600781249998 0.67453296875 0.2527333375 0.7055354078125 0.27729635625000004 0.7561671359375 0.259233803125 0.7820469109375 0.207096378125
2 0.33757228281249996 0 0.3300781140625 0.014859354687500001 0.34523488125 0.06672451562500001 0.375442809375 0.08133675312500001 0.4136568984375 0.0582571515625 0.43619197187500003 0.0143981515625 0.4347047609375 0 0.33757228281249996 0
2 0.5375 0.0890625 0.178125 0.178125
2 0.57890625 0.83125 0.2109375 0.2359375