2 0.046875 0.0875 0.0890625 0.15859375
2 0.24375 0.0703125 0.13359375 0.140625
2 0.06328125 0.67734375 0.121875 0.1640625
2 0.053125 0.82578125 0.10546875 0.19296875
2 0.53046875 0.58515625 0.12578125 0.1546875
2 0.08203125 0.02109375 0.1140625 0.0421875
2 0.16328125 0.034375 0.0671875 0.06875
2 0.975 0.084375 0.05 0.10625
2 0.59609375 0.69296875 0.14921875 0.1921875
2 0.71328125 0.68046875 0.13046875 0.1609375
2 0.6 0.83984375 0.11640625 0.13203125
2 0.5828125 0.959375 0.1375 0.08125
2 0.97265625 0.35078125 0.05390625 0.1453125
2 0.94609375 0.51328125 0.10703125 0.1609375
2 0.94921875 0.6453125 0.1015625 0.13359375
2 0.95703125 0.76796875 0.0859375 0.1609375
2 0.865625 0.8859375 0.13046875 0.17265625
2 0.9484375 0.909375 0.09453125 0.1453125
2 0.640625 0.51640625 0.1359375 0.20390625