2 0.971533403125 0.92455169375 0.977450246875 0.8399368859375 0.9546692562500001 0.8137303546875 0.9279487906250001 0.811861878125 0.9014308468750001 0.8390962796875 0.8967596546875001 0.9058974421875 0.9527855203125 0.9366662765625 0.971533403125 0.92455169375
2 0.570578346875 1 0.5873880421875 0.978243 0.5908135828125001 0.9292554796875001 0.5600600109375 0.889065890625 0.528886134375 0.8868860015625 0.502368190625 0.9141204015625 0.49800841093750003 0.9764681546875 0.5146633546875 1 0.570578346875 1
2 0.47471348593749996 0.9256121578125001 0.44458273750000005 0.8765157468749999 0.41340886093749996 0.8743358562499999 0.38626809375 0.910477078125 0.3831539640625 0.9550111890625 0.405312128125 0.990124540625 0.4341035921875 0.9943754312499999 0.462381121875 0.9739768515625 0.47471348593749996 0.9256121578125001
2 0.3717558390625 0.9900156515624999 0.346701328125 0.9323238296874999 0.3199808625 0.930455353125 0.288386684375 0.9662851625 0.28921203125 0.98648121875 0.3717558390625 0.9900156515624999
2 0.278234209375 0.98347598125 0.2819711640625 0.9300350484375001 0.2591901734375 0.9038285187499999 0.20595176406250001 0.9291944421875 0.1956904015625 0.9799415484375 0.278234209375 0.98347598125
2 0.5826537375 0.7899540890625001 0.5652603968750001 0.7506987390625001 0.5213491125 0.7386777875 0.4999074046875 0.7573167796875 0.4917170421875 0.8104463000000001 0.5135637921875 0.8500130625000001 0.54680866875 0.8545753640625 0.5750861984375 0.8341767859375 0.5826537375 0.7899540890625001
2 0.7000931171875 0.838442934375 0.678557778125 0.794422759375 0.6343350828125 0.7868552203125 0.6125819625 0.8099476234375 0.608845009375 0.8633885546875 0.631314584375 0.8940484968750001 0.66010605 0.898299384375 0.6880721656250001 0.88235421875 0.7000931171875 0.838442934375
2 0.7145117390625 0.6962451984375 0.678993340625 0.66019760625 0.6475080515625 0.6624711265625 0.6203672828125 0.6986123484375 0.6210837406249999 0.7523646937499999 0.6524601390625 0.7836474609375 0.6904698375 0.7840677656249999 0.709840546875 0.7630463625 0.7145117390625 0.6962451984375
2 0.52332648125 0.678401034375 0.5017911421875 0.6343808609375 0.46202185625 0.6271247343749999 0.431361915625 0.6495943109375 0.41902955156250005 0.6979590046874999 0.43994206562500004 0.7508860015625001 0.48178235 0.7605245390625 0.5100598796875 0.7401259625 0.52332648125 0.678401034375
2 0.3618516671875 0.7476629828125 0.3527423234375 0.7179372796875 0.318049275 0.70208574375 0.28676650625 0.73346214375 0.2848980296875 0.7601826093749999 0.2960783734375 0.7922907234375 0.3221760125 0.8030660218750001 0.355218365625 0.7785254453125 0.3618516671875 0.7476629828125
2 0.2837765296875 0.648224509375 0.26990236093750003 0.6226408046875 0.23458648593750003 0.615696090625 0.2080685421875 0.642930490625 0.2049544140625 0.6874646 0.2143751703125 0.71273689375 0.2562154546875 0.7223754312499999 0.28542722343750004 0.6886166203124999 0.2837765296875 0.648224509375
2 0.3921218234375 0.5707721968749999 0.3705864859375 0.5267520218749999 0.339724021875 0.5201187218750001 0.2995344328125 0.55087229375 0.28595641875 0.6170506328124999 0.30811458125 0.6521639859375 0.35440827812500003 0.6621139359375 0.377920984375 0.6458573578125 0.3921218234375 0.5707721968749999
2 0.2899111546875 0.49649712343749997 0.25470416875 0.455996121875 0.20850410468749997 0.5087053375 0.1984452625 0.588555321875 0.25954736562499997 0.61072874375 0.288136309375 0.58587675625 0.296326671875 0.5327472375 0.2899111546875 0.49649712343749997
2 0.1636280640625 0.702475528125 0.1893206609375 0.6550450734375 0.1781403171875 0.6229369578124999 0.149971678125 0.609779246875 0.12510443124999998 0.6774057578125 0.1636280640625 0.702475528125
2 0.167286646875 0.490159978125 0.08712525 0.484554546875 0.08452505625 0.553738121875 0.11590145624999999 0.5850208890624999 0.1450043328125 0.5848183671875 0.18757633437500001 0.5519937953125 0.18623705156249998 0.5071482734375 0.167286646875 0.490159978125
2 0.0977763984375 0.5882286484375 0.0627719359375 0.576830525 0.02993210625 0.6304739781250001 0.0529156171875 0.6857833875 0.08377808125 0.6924166859375 0.111744196875 0.6764715203125 0.1237651484375 0.6325602359375 0.0977763984375 0.5882286484375
2 0 0.7357854109375 0.0001911421875 0.7357987765625 0.0392439703125 0.6893025578125 0.0213366953125 0.625397740625 0 0.6119088484375 0 0.7357854109375
2 0 0.5299268046875001 0.01896954375 0.5312532859375 0.050672614062499996 0.46186718750000005 0.040737923437500004 0.411945428125 0.0096729359375 0.3762092515625 0 0.49067482343749996 0 0.5299268046875001
2 0.14254355000000002 0.4280147453125 0.1564177171875 0.45359845156249995 0.193804590625 0.46292557656250005 0.2198085984375 0.41104170937499995 0.18014820468749998 0.37022929375 0.14472343906250001 0.39684086875 0.14254355000000002 0.4280147453125
2 0.8239154234375 0.475660909375 0.784566440625 0.4303950828125 0.7256289687499999 0.4732632375 0.7257226 0.5359224031250001 0.76745399375 0.5791172312499999 0.7924148734375 0.5741498843749999 0.8246318796875001 0.529413253125 0.8239154234375 0.475660909375
2 1 0.2534830671875 0.9861372125000001 0.26772039687500004 0.977635434375 0.32530332500000003 1 0.35430916562500003 1 0.2534830671875
2 0.7037038453125 0.274821853125 0.7122056234375 0.21723892500000003 0.682074875 0.1681425125 0.6467590015625 0.1611978 0.597351178125 0.19578195781250002 0.585641640625 0.2352398296875 0.6000297421874999 0.285473003125 0.6314061421875 0.31675576875 0.6560556078124999 0.31624183437500003 0.7037038453125 0.274821853125
2 0.62119055625 0.07885651406250001 0.5941586765625 0.081441446875 0.567329321875 0.11312925781250001 0.5689800171875 0.1535213703125 0.6030502390625 0.1782797265625 0.6500756515624999 0.1457665671875 0.64842495625 0.10537445625 0.62119055625 0.07885651406250001
2 0.859915159375 0.08883698281249999 0.8840506921875001 0.06367358125 0.8865419953125 0.02804629375 0.8043095984375 0.0200584515625 0.811861878125 0.07205120937500001 0.859915159375 0.08883698281249999
2 0.377265565625 0.20724319531250002 0.366708046875 0.1662282578125 0.3302554125 0.1435409 0.289754409375 0.1787478828125 0.282498284375 0.21851716875 0.29989162343750003 0.25777251875 0.328371675 0.2664768203125 0.3706322640625 0.238105659375 0.377265565625 0.20724319531250002
2 0.1380117671875 0.2688287140625 0.106837890625 0.2666488234375 0.075243709375 0.3024786328125 0.080724990625 0.352088978125 0.1147952140625 0.3768473359375 0.1611978 0.3532409984375 0.164934753125 0.29980006718749996 0.1380117671875 0.2688287140625
2 0.092870090625 0.1784059515625 0.0840569 0.24044229218750002 0.1365635921875 0.257539478125 0.1660867734375 0.2193272578125 0.17396572500000002 0.17065115 0.137824503125 0.14351038124999999 0.092870090625 0.1784059515625
2 0.0237954046875 0.1422494703125 0.034975748437499996 0.1743575859375 0.0776413796875 0.2041921796875 0.11379786249999999 0.13511749374999998 0.062334298437500005 0.0711037859375 0.03136294375 0.0980267734375 0.0237954046875 0.1422494703125
2 0.1296507015625 0 0.0945513046875 0.026367154687499998 0.0866723515625 0.0750432609375 0.11649168750000001 0.128593084375 0.1452831515625 0.13284397187500002 0.1691072703125 0.11213398125 0.1776090484375 0.054551053125000006 0.13018854062500002 0 0.1296507015625 0
2 0.0348915171875 0 0.0312693125 0.0353676078125 0.06627377500000001 0.0467657328125 0.0948627171875 0.02191374375 0.0984097828125 0 0.0348915171875 0
2 0.3221609125 0 0.3057300953125 0.014283092187499999 0.2972283171875 0.07186602187499999 0.311102484375 0.097449725 0.36599159062500003 0.11247591406249999 0.3869193625 0.06918745625 0.3636244375 0.018331459375 0.334170590625 0 0.3221609125 0