2 0.6584821421875 0.1875 0.6339285718750001 0.2165178578125 0.6294642859375 0.265625 0.6495535718750001 0.30357142812500004 0.6830357140625 0.3102678578125 0.71875 0.27455357187499996 0.71875 0.2299107140625 0.6941964281249999 0.19196428593749998 0.6584821421875 0.1875
2 0.7142857140625 0.171875 0.7232142859375 0.21205357187499999 0.75 0.2299107140625 0.7901785718750001 0.1852678578125 0.7611607140625 0.133928571875 0.7388392859375 0.133928571875 0.7142857140625 0.171875
2 0.7142857140625 0.046875 0.7142857140625 0.0825892859375 0.734375 0.12053571406250001 0.7767857140625 0.1272321421875 0.7946428578125 0.10491071406250001 0.7901785718750001 0.046875 0.7433035718750001 0.0178571421875 0.7142857140625 0.046875
2 0.2790178578125 0.0491071421875 0.25 0.0736607140625 0.2455357140625 0.140625 0.27008928593750003 0.1875 0.2946428578125 0.1852678578125 0.3303571421875 0.14508928593749998 0.33482142812500004 0.0959821421875 0.3102678578125 0.0580357140625 0.2790178578125 0.0491071421875
2 0.47098214218749995 0.3883928578125 0.41964285781250005 0.42633928593750003 0.41964285781250005 0.484375 0.43973214218749995 0.5267857140625 0.48214285781250005 0.5379464281249999 0.5178571421875 0.49776785781250005 0.5223214281249999 0.44866071406249997 0.49553571406249997 0.39955357187499996 0.47098214218749995 0.3883928578125
2 0.6763392859375 0.5357142859375 0.6517857140625 0.5691964281249999 0.6473214281249999 0.6450892859375 0.6674107140625 0.6741071421875 0.6919642859375 0.6763392859375 0.75 0.6183035718750001 0.75 0.5959821421875 0.7120535718750001 0.5401785718750001 0.6763392859375 0.5357142859375
2 0.5691964281249999 0.46875 0.5401785718750001 0.5066964281249999 0.5357142859375 0.5602678578125 0.5714285718750001 0.6227678578125 0.5982142859375 0.6316964281249999 0.6383928578125 0.6049107140625 0.6517857140625 0.5245535718750001 0.6183035718750001 0.477678571875 0.5691964281249999 0.46875
2 0.5022321421875 0.5848214281249999 0.46875 0.6227678578125 0.46428571406249997 0.6763392859375 0.493303571875 0.7232142859375 0.5267857140625 0.7299107140625 0.5625 0.703125 0.5714285718750001 0.6316964281249999 0.5558035718750001 0.6026785718750001 0.5022321421875 0.5848214281249999
2 0.7075892859375 0.6830357140625 0.6785714281249999 0.703125 0.6607142859375 0.765625 0.6941964281249999 0.8125 0.7276785718750001 0.8147321421875 0.75 0.7924107140625 0.7589285718750001 0.7388392859375 0.7455357140625 0.6941964281249999 0.7075892859375 0.6830357140625
2 0.7633928578125 0.6361607140625 0.75 0.6808035718750001 0.7678571421875 0.7388392859375 0.7991071421875 0.7477678578125 0.8526785718750001 0.6897321421875 0.84375 0.640625 0.8102678578125 0.6160714281249999 0.7633928578125 0.6361607140625
2 0.890625 0.7008928578125 0.8370535718750001 0.7276785718750001 0.8303571421875 0.7522321421875 0.8727678578125 0.8214285718750001 0.9151785718750001 0.8236607140625001 0.9464285718750001 0.7834821421875 0.9508928578125 0.7388392859375 0.921875 0.7008928578125 0.890625 0.7008928578125
2 1 0.8102678578125 0.9799107140625001 0.8080357140625001 0.9441964281249999 0.8214285718750001 0.9330357140625001 0.8504464281249999 0.9553571421875 0.9174107140625001 1 0.9441964281249999 1 0.8102678578125
2 0.5424107140625 0.7276785718750001 0.5178571421875 0.7433035718750001 0.5133928578125 0.8013392859374999 0.5424107140625 0.8482142859374999 0.5669642859375 0.8504464281249999 0.5892857140625 0.828125 0.5982142859375 0.765625 0.578125 0.7366071421875 0.5424107140625 0.7276785718750001
2 0.21875 0.796875 0.21875 0.8504464281249999 0.30357142812500004 0.8995535718750001 0.3303571421875 0.8102678578125 0.3102678578125 0.7723214281249999 0.26116071406249997 0.7544642859375 0.21875 0.796875
2 0.19866071406250002 0.8571428578125 0.165178571875 0.8995535718750001 0.15625 0.9709821421875 0.17633928593749998 1 0.25892857187499996 0.9977678578125 0.28571428593750003 0.9575892859374999 0.28125 0.9129464281249999 0.26116071406249997 0.8839285718750001 0.19866071406250002 0.8571428578125
2 0.12276785781249999 0.7142857140625 0.0892857140625 0.7522321421875 0.084821428125 0.8102678578125 0.1383928578125 0.8459821421875 0.178571428125 0.8013392859374999 0.178571428125 0.7611607140625 0.1540178578125 0.7232142859375 0.12276785781249999 0.7142857140625
2 0.006696428124999999 0.6473214281249999 0 0.8236607140625001 0.040178571875 0.8236607140625001 0.0758928578125 0.7879464281249999 0.084821428125 0.7165178578125 0.055803571875 0.6607142859375 0.006696428124999999 0.6473214281249999
2 0 0.6227678578125 0.022321428125 0.6272321421875 0.0625 0.5915178578125 0.0580357140625 0.5066964281249999 0.0334821421875 0.48660714218749995 0 0.493303571875 0 0.6227678578125
2 0.060267857812500006 0.5223214281249999 0.0424107140625 0.491071428125 0.0022321421875000002 0.491071428125 0 0.6227678578125 0.0334821421875 0.625 0.0625 0.5915178578125 0.0647321421875 0.5580357140625 0.0758928578125 0.5959821421875 0.125 0.6227678578125 0.1741071421875 0.5691964281249999 0.15625 0.47098214218749995 0.10491071406250001 0.45089285781250005 0.060267857812500006 0.5223214281249999
2 0.7477678578125 0.3258928578125 0.6830357140625 0.38169642812500004 0.6875 0.430803571875 0.7321428578125 0.45758928593750003 0.7678571421875 0.43973214218749995 0.78125 0.39955357187499996 0.7767857140625 0.3459821421875 0.7477678578125 0.3258928578125
2 0.875 0.90546875 0.203125 0.1890625
2 0.93046875 0.1671875 0.13828125 0.1828125
2 0.35234375 0.55 0.11171875 0.18203125