2 0.53203125 0.94765625 0.12109375 0.1046875
2 0.45 0.86484375 0.09921875 0.13125
2 0.453125 0.734375 0.0875 0.10625
2 0.5625 0.59453125 0.0828125 0.11796875
2 0.6 0.440625 0.1015625 0.13046875
2 0.68125 0.37734375 0.07578125 0.08828125
2 0.665625 0.275 0.08515625 0.09765625
2 0.55 0.28515625 0.09140625 0.12265625
2 0.47265625 0.22109375 0.09453125 0.13359375
2 0.37421875 0.4203125 0.1 0.13359375
2 0.315625 0.4953125 0.08515625 0.10625
2 0.32578125 0.6484375 0.084375 0.12734375
2 0.2640625 0.81953125 0.10703125 0.1421875
2 0.2328125 0.70390625 0.09296875 0.12578125
2 0.15625 0.7765625 0.10546875 0.128125
2 0.1296875 0.90390625 0.11484375 0.15859375
2 0.1140625 0.6515625 0.12578125 0.159375
2 0.03515625 0.50390625 0.0703125 0.12265625
2 0.06953125 0.26328125 0.0796875 0.11796875
2 0.8515625 0.02109375 0.103125 0.0421875
2 0.04296875 0.02890625 0.0859375 0.0546875
2 0.9484375 0.76328125 0.10234375 0.1609375
2 0.609375 0.85390625 0.1265625 0.2296875
2 0.30703125 0.25 0.20234375 0.246875
2 0.92890625 0.35390625 0.1421875 0.1953125