2 0.4140625 0.396875 0.14140625 0.1765625
2 0.49609375 0.15390625 0.115625 0.15234375
2 0.83359375 0.3421875 0.10390625 0.15625
2 0.66640625 0.5296875 0.1625 0.19765625
2 0.584375 0.63671875 0.125 0.16484375
2 0.3484375 0.73671875 0.10703125 0.14609375
2 0.28125 0.81328125 0.0984375 0.1234375
2 0.18671875 0.878125 0.13359375 0.18515625
2 0.6796875 0.72578125 0.10859375 0.15234375
2 0.29375 0.92578125 0.115625 0.1484375
2 0.9125 0.425 0.11484375 0.146875
2 0.915625 0.54375 0.12109375 0.13671875
2 0.825 0.72265625 0.1234375 0.17109375
2 0.88125 0.884375 0.11796875 0.13671875
2 0.96796875 0.059375 0.0640625 0.11796875
2 0.78125 0.03125 0.125 0.0625
2 0.39921875 0.97109375 0.11171875 0.0578125
2 0.97734375 0.93046875 0.0359375 0.13828125
2 0.26796875 0.1046875 0.19375 0.20078125
2 0.609375 0.03828125 0.15390625 0.0765625
2 0.96875 0.22109375 0.0625 0.13828125