2 0.9140625 0.31875 0.0953125 0.109375
2 0.94765625 0.41875 0.1046875 0.128125
2 0.87265625 0.08359375 0.1140625 0.0765625
2 0.83984375 0.47109375 0.1171875 0.1140625
2 0.76875 0.41640625 0.1265625 0.153125
2 0.76640625 0.29375 0.0953125 0.125
2 0.68046875 0.3984375 0.103125 0.14375
2 0.6890625 0.18359375 0.1203125 0.1609375
2 0.60234375 0.24296875 0.121875 0.1671875
2 0.51171875 0.18984375 0.115625 0.1625
2 0.58359375 0.04375 0.115625 0.0875
2 0.41328125 0.1328125 0.1484375 0.1671875
2 0.146875 0.03046875 0.09375 0.0609375
2 0.0859375 0.1328125 0.090625 0.165625
2 0.23359375 0.40078125 0.0875 0.0953125
2 0.34296875 0.5015625 0.109375 0.1390625
2 0.390625 0.38203125 0.10625 0.159375
2 0.20625 0.50234375 0.128125 0.159375
2 0.10546875 0.57890625 0.1625 0.171875
2 0.021875 0.43515625 0.04375 0.1171875
2 0.0125 0.56484375 0.025 0.1015625
2 0.24609375 0.840625 0.1203125 0.18125
2 0.50546875 0.71015625 0.1 0.1140625
2 0.575 0.71484375 0.078125 0.1625
2 0.6578125 0.69453125 0.128125 0.15625
2 0.73515625 0.58828125 0.10625 0.1296875
2 0.80234375 0.86484375 0.1328125 0.1640625
2 0.4953125 0.80078125 0.1265625 0.1296875
2 0.70625 0.9578125 0.103125 0.084375
2 0.78046875 0.9671875 0.0984375 0.065625
2 0.89609375 0.95390625 0.0859375 0.0921875
2 0.45625 0.915625 0.203125 0.16875
2 0.4609375 0.3640625 0.1421875 0.215625
2 0.97890625 0.1296875 0.0421875 0.121875