2 0.26177636406250004 0 0.25283639999999996 0.050701059375 0.27922054687500003 0.0938851109375 0.323185178125 0.1016372609375 0.365848840625 0.052495584375 0.37510522812499997 0 0.26177636406250004 0
2 0.17682775625 0.21182513281249998 0.22750912968749998 0.16863034999999998 0.23474089375 0.1019081875 0.2068063171875 0.06751706406249999 0.1822381609375 0.0654516109375 0.11475151718750001 0.1396818328125 0.113721475 0.17123228906250001 0.14527729843749998 0.21079509062500001 0.17682775625 0.21182513281249998
2 0.27743138749999996 0.24543030937500002 0.260615384375 0.1994002265625 0.2236330546875 0.1906126671875 0.1724366609375 0.24958267968749998 0.1840809859375 0.2992340109375 0.2264951875 0.3157790859375 0.260111096875 0.292240975 0.27743138749999996 0.24543030937500002
2 0.43620834999999997 0.1804973046875 0.47939240156249996 0.15411315781249998 0.49334627343750004 0.074976821875 0.470583375 0.036964448437500005 0.4240329046875 0.031022921874999998 0.3906771890625 0.0659398015625 0.38267021093750003 0.1370584265625 0.4054331078125 0.1750707984375 0.43620834999999997 0.1804973046875
2 0.6839499874999999 0.1380509015625 0.7147198609375 0.1049446484375 0.7131586984375 0.0366720546875 0.6260046499999999 0.016771290624999997 0.61774284375 0.1150439109375 0.6839499874999999 0.1380509015625
2 0.7139339140625001 0.0322755921875 0.746785340625 0.09019946250000001 0.8010933281250001 0.0907091171875 0.8354844531250001 0.062774540625 0.7139339140625001 0.0322755921875
2 0.8737784843749999 0.2055214484375 0.8750633546875 0.146816996875 0.8385960453125 0.12225420625000001 0.765417334375 0.17734814375000002 0.7664581109374999 0.22286320625 0.8031856124999999 0.25880475937499997 0.8543873734374999 0.2383675078125 0.8737784843749999 0.2055214484375
2 0.9203450562500001 0.327061253125 0.9071503 0.2862028484375 0.8753396468749999 0.273794040625 0.8370670828125 0.285178171875 0.8137998968750001 0.3400065484375 0.86191153125 0.41422066874999997 0.8895805453125 0.3987002671875 0.9203450562500001 0.327061253125
2 0.8399345828125 0.448877353125 0.8122494671875 0.34879947499999997 0.7698352640625 0.33225439687499997 0.6863131984375 0.39459083125 0.6883947484374999 0.4856209546875 0.7279682843749999 0.5311306499999999 0.7915842203125 0.51741550625 0.8399345828125 0.448877353125
2 0.7015519390625 0.2567500421875 0.65423161875 0.2937377375 0.6493255015625 0.3472705109375 0.6669167218750001 0.38890413125 0.7426812703125 0.3319995703125 0.7431909265625001 0.2776915828125 0.7015519390625 0.2567500421875
2 0.9914744140625 0.41213375 0.9782796578124999 0.37127534687499997 0.9384512953125 0.3529196453125 0.9022495484374999 0.37826838125 0.9001894640625 0.44136929687500004 0.952432 0.46644710624999997 0.9868231249999999 0.4385125296875 0.9914744140625 0.41213375
2 0.42618422031250003 0.6229789218749999 0.45617888124999995 0.59426913125 0.46393103281250003 0.5503045 0.45358230937500005 0.5190142359375 0.4209964421875 0.5110018921874999 0.3959132671875 0.52471166875 0.37342129687500003 0.57514358125 0.395408978125 0.6175524171875 0.42618422031250003 0.6229789218749999
2 1 0.45591697656249996 0.9767399625 0.4571337921875 0.9392479765624999 0.5026542203125001 0.9395135390625 0.5525657453124999 0.963826865625 0.581785190625 0.9927914843750001 0.5846258578125 1 0.516666878125 1 0.45591697656249996
2 0.43287949687499994 0.41790095000000005 0.446578540625 0.3659186046875 0.4031235625 0.3038584671875 0.3676970296875 0.324810740625 0.3392581671875 0.38326036406249997 0.3633166671875 0.4396338046875 0.39331669375 0.4494567734375 0.43287949687499994 0.41790095000000005
2 0.348332753125 0.5503205999999999 0.376776984375 0.530403734375 0.3881503828125 0.49161078125 0.3749556265625 0.4507523765625 0.3387485109375 0.437568353125 0.30616801250000003 0.46808876718750003 0.302812325 0.5128286156249999 0.3183327265625 0.5404976312499999 0.348332753125 0.5503205999999999
2 0.12698062968749999 0.6744838093750001 0.163702765625 0.6718926046875 0.1944726421875 0.63878635 0.192911478125 0.5705137578125 0.16446188125 0.5518978625 0.1339468328125 0.5578501218749999 0.1024017421875 0.5953528390625 0.10266730312500001 0.645264365625 0.12698062968749999 0.6744838093750001
2 0 0.7291084375 0.007256815625 0.7621689796875 0.0416533046875 0.7727671640625 0.084062140625 0.75077948125 0.0977611859375 0.6987971374999999 0.083016 0.666731659375 0.04603366875 0.6579441 0.0209504921875 0.6716538765625 0 0.7186294625 0 0.7291084375
2 0.3370130203125 0.97444115 0.397007709375 0.955554328125 0.41148196875 0.8991755203125 0.3925951453125 0.8391808328125 0.343198640625 0.8236711640625 0.306221678125 0.8534163640625 0.2953686671875 0.9149668484375001 0.3023563375 0.9524642 0.3370130203125 0.97444115
2 0.91048350625 1 0.9188804906250001 0.9523783343750001 0.8945671640624999 0.9231588890625 0.8568096187500001 0.9187677921875 0.829400796875 0.945666959375 0.820098215625 0.9984245187499999 0.8207638953125 1 0.91048350625 1
2 0.553125 0.6125 0.18125 0.2125
2 0.14765625 0.89765625 0.1421875 0.1140625
2 0.13828125 0.08671875 0.1671875 0.1734375