2 0.50234375 0.7359375 0.0890625 0.11875
2 0.678125 0.5828125 0.11875 0.14375
2 0.87734375 0.41953125 0.096875 0.125
2 0.95546875 0.6953125 0.0765625 0.1125
2 0.83671875 0.2609375 0.09375 0.1015625
2 0.71484375 0.3921875 0.0890625 0.1140625
2 0.5859375 0.53125 0.1296875 0.16875
2 0.5046875 0.60859375 0.121875 0.14375
2 0.28515625 0.76796875 0.1046875 0.1328125
2 0.36640625 0.96171875 0.103125 0.06875
2 0.5828125 0.3796875 0.11875 0.140625
2 0.65390625 0.25703125 0.1046875 0.1359375
2 0.52890625 0.1890625 0.1 0.125
2 0.60234375 0.1296875 0.0921875 0.134375
2 0.74921875 0.0859375 0.1109375 0.140625
2 0.66171875 0.0578125 0.0984375 0.1046875
2 0.284375 0.48203125 0.1 0.1296875
2 0.3515625 0.35703125 0.1015625 0.1171875
2 0.22890625 0.6140625 0.1078125 0.1375
2 0.08515625 0.653125 0.115625 0.159375
2 0.15234375 0.50546875 0.090625 0.1
2 0.0703125 0.49375 0.0953125 0.11875
2 0.14453125 0.4109375 0.103125 0.1171875
2 0.0375 0.4109375 0.0734375 0.1234375
2 0.0328125 0.57890625 0.065625 0.1140625
2 0.02890625 0.728125 0.0578125 0.121875