2 0.97734375 0.31875 0.0453125 0.140625
2 0.8546875 0.91875 0.0984375 0.15
2 0.89375 0.1734375 0.1703125 0.1640625
2 0.64375 0.653125 0.1515625 0.1578125
2 0.6421875 0.82421875 0.14375 0.1734375
2 0.7328125 0.86875 0.134375 0.15
2 0.8015625 0.98359375 0.10625 0.0328125
2 0.5875 0.75078125 0.1109375 0.1203125
2 0.50390625 0.54609375 0.1421875 0.1671875
2 0.54296875 0.67421875 0.121875 0.1453125
2 0.44140625 0.65234375 0.1328125 0.1484375
2 0.44453125 0.81953125 0.146875 0.1515625
2 0.509375 0.2171875 0.14375 0.1640625
2 0.52265625 0.0234375 0.1109375 0.046875
2 0.32109375 0.32890625 0.1859375 0.1984375
2 0.346875 0.49453125 0.1546875 0.16875
2 0.34375 0.64375 0.115625 0.1203125
2 0.24921875 0.83984375 0.1359375 0.1640625
2 0.2640625 0.6609375 0.1328125 0.1484375
2 0.73203125 0.48359375 0.2234375 0.209375
2 0.71640625 0.121875 0.1703125 0.178125
2 0.17421875 0.77890625 0.171875 0.203125