1 0.74921875 0.53359375 0.08203125 0.13359375
1 0.94609375 0.6453125 0.1078125 0.121875
1 0.96328125 0.3875 0.0734375 0.1796875
1 0.64609375 0.52734375 0.08515625 0.134375
1 0.5609375 0.490625 0.0984375 0.11484375
1 0.18671875 0.56953125 0.1 0.12890625
1 0.10234375 0.8125 0.12265625 0.146875
1 0.8046875 0.96328125 0.11328125 0.0734375
1 0.6984375 0.96875 0.1453125 0.06171875
1 0.37890625 0.1453125 0.0875 0.11640625
1 0.296875 0.18828125 0.12890625 0.15625
1 0.31484375 0.05234375 0.1828125 0.1046875