2 0.3342385046875 0.3988299453125 0.28083115937500003 0.34612475625 0.23813239218749999 0.3506332015625 0.22012083124999998 0.438651221875 0.249233528125 0.495555259375 0.30086623281249997 0.5071400453125 0.3351673046875 0.4540422984375 0.3342385046875 0.3988299453125
2 0.301576525 0.2596851 0.27593015625 0.21571756875 0.22271908593749998 0.20686658906250002 0.19746527187500001 0.25060747656250004 0.2058629671875 0.2991967765625 0.244868765625 0.33265200625 0.276209390625 0.3288760796875 0.301576525 0.2596851
2 0.1114181734375 0.3175705296875 0.13855995000000002 0.289499953125 0.134164825 0.22135109375 0.0951590265625 0.1878958640625 0.061084596874999994 0.1900934265625 0.0401429515625 0.2326788734375 0.0496960890625 0.2855803421875 0.073454496875 0.313877559375 0.1114181734375 0.3175705296875
2 0.12106240312500001 0.086208815625 0.1337722671875 0.133642675 0.17593479375 0.16163029375 0.20180780625 0.154697640625 0.2266386984375 0.11800272812499998 0.21750848281250001 0.0580552828125 0.12106240312500001 0.086208815625
2 0.327283625 0.11414384375 0.3145737609375 0.06670998593750001 0.25589508125 0.054702278125 0.23895600625000002 0.077728165625 0.2387293625 0.12862834843749998 0.2711121078125 0.154614684375 0.30792034375 0.1539954828125 0.327283625 0.11414384375
2 0.516369490625 0.121250546875 0.5314206031250001 0.08255434843750001 0.5221770671875 0.048056996875 0.49295104843750004 0.016603051562500002 0.464344228125 0.0219573421875 0.43793497343750004 0.0613860609375 0.445177225 0.105663190625 0.47209235937500005 0.12849280000000002 0.516369490625 0.121250546875
2 0.5093761078125 0.284886321875 0.529048990625 0.2634387984375 0.5372807703125 0.17341949375000001 0.502587140625 0.13880882187500002 0.44148425625 0.14362686875 0.4260102234375 0.1893690421875 0.43787424531249997 0.2508948484375 0.46163265156250005 0.2791920671875 0.5093761078125 0.284886321875
2 0.6792646078125 0.47045326718749997 0.69115899375 0.4372246796875 0.6741369609375 0.3909462640625 0.6104135921875 0.36873585625 0.5829622140625 0.378402315625 0.573801634375 0.4132092671875 0.591979109375 0.46379985 0.6232064125 0.48547401562500003 0.6792646078125 0.47045326718749997
2 0.86249030625 0.386694825 0.8467066734375001 0.4140328796875 0.85857069375 0.47555868593749995 0.912514284375 0.4957678109375 0.9381910187500001 0.44498094843749997 0.92894748125 0.41048359687499997 0.86249030625 0.386694825
2 0.8675653609375 0.3021431328125 0.859869821875 0.3596663703125 0.9074999578125 0.39081071562499997 0.9333729703125 0.3838780625 0.943802315625 0.3279331875 0.904796515625 0.29447795781249997 0.8675653609375 0.3021431328125
2 0.756618503125 0.9488773687500001 0.8487524140625 0.921879278125 0.814058784375 0.8872686046875 0.7842965234375 0.8883107265625 0.7555763843750001 0.9191151078124999 0.756618503125 0.9488773687500001
2 0.09478056093750001 0.7125680156249999 0.087228709375 0.6498867671874999 0.045066184375 0.6218991484374999 0.0153039234375 0.6229412703125 0.06594710000000001 0.7688224890625001 0.09478056093750001 0.7125680156249999
2 0.28656987031250003 0.8160074765625 0.3027764234375 0.7816234468750001 0.294688328125 0.7514382640624999 0.27208536250000004 0.727453215625 0.2391663765625 0.7339629453125001 0.22338274375 0.7613010015625 0.23262628125 0.795798353125 0.265009025 0.8217846874999999 0.28656987031250003 0.8160074765625
2 0.660415340625 0.21899575312500003 0.596382371875 0.1783812265625 0.559151215625 0.18604640156250002 0.5382925265625 0.2979361484375 0.5737186765625 0.343904965625 0.6339757203125 0.353178865625 0.665120065625 0.3055487296875 0.660415340625 0.21899575312500003