2 0.546875 0.5357142859375 0.5133928578125 0.578125 0.5044642859375 0.640625 0.5379464281249999 0.6696428578125 0.5625 0.6674107140625 0.59375 0.6450892859375 0.6026785718750001 0.5825892859375 0.5870535718750001 0.5491071421875 0.546875 0.5357142859375
2 0.47321428593750003 0.6808035718750001 0.46428571406249997 0.7299107140625 0.5111607140625 0.7857142859375 0.5401785718750001 0.7834821421875 0.5625 0.7075892859375 0.5290178578125 0.6696428578125 0.493303571875 0.6651785718750001 0.47321428593750003 0.6808035718750001
2 0.44866071406249997 0.7455357140625 0.41071428593750003 0.7790178578125 0.41071428593750003 0.8325892859374999 0.43526785781250005 0.8616071421875 0.47321428593750003 0.8638392859374999 0.5044642859375 0.828125 0.5044642859375 0.7879464281249999 0.47991071406249997 0.75 0.44866071406249997 0.7455357140625
2 0.5066964281249999 0.8392857140625001 0.477678571875 0.8683035718750001 0.47321428593750003 0.921875 0.49776785781250005 0.9553571421875 0.53125 0.9575892859374999 0.5625 0.9263392859374999 0.5669642859375 0.890625 0.5334821421875 0.8392857140625001 0.5066964281249999 0.8392857140625001
2 0.65625 0.9263392859374999 0.6517857140625 0.9933035718750001 0.7410714281249999 0.9977678578125 0.7321428578125 0.9084821421875 0.7075892859375 0.8883928578125 0.6852678578125 0.8928571421875 0.65625 0.9263392859374999
2 0.412946428125 0.428571428125 0.37946428593750003 0.47098214218749995 0.37946428593750003 0.5200892859375 0.4375 0.5691964281249999 0.47321428593750003 0.5066964281249999 0.47321428593750003 0.45758928593750003 0.43973214218749995 0.428571428125 0.412946428125 0.428571428125
2 0.30580357187499996 0.428571428125 0.2678571421875 0.462053571875 0.2633928578125 0.5245535718750001 0.28794642812500004 0.5669642859375 0.3303571421875 0.5736607140625 0.36607142812500004 0.5245535718750001 0.36607142812500004 0.475446428125 0.33705357187499996 0.43303571406249997 0.30580357187499996 0.428571428125
2 0.33705357187499996 0.2053571421875 0.31696428593750003 0.24330357187499999 0.3303571421875 0.3102678578125 0.3571428578125 0.33258928593750003 0.41071428593750003 0.27455357187499996 0.40625 0.2209821421875 0.3727678578125 0.196428571875 0.33705357187499996 0.2053571421875
2 0.24330357187499999 0.071428571875 0.2053571421875 0.10491071406250001 0.2053571421875 0.162946428125 0.2388392859375 0.21875 0.27678571406249997 0.22544642812500001 0.32142857187499996 0.1852678578125 0.3258928578125 0.10491071406250001 0.29241071406249997 0.071428571875 0.24330357187499999 0.071428571875
2 0.171875 0.11160714218750001 0.12053571406250001 0.140625 0.0982142859375 0.1897321421875 0.11160714218750001 0.24330357187499999 0.15625 0.265625 0.19196428593749998 0.2477678578125 0.2142857140625 0.203125 0.2008928578125 0.131696428125 0.171875 0.11160714218750001
2 0.19196428593749998 0.046875 0.2209821421875 0.071428571875 0.25 0.069196428125 0.30803571406249997 0.0513392859375 0.3147321421875 0 0.19196428593749998 0.006696428124999999 0.19196428593749998 0.046875
2 0.0044642859375000005 0.078125 0.0580357140625 0.0915178578125 0.0892857140625 0.069196428125 0.10491071406250001 0 0.008928571875000001 0.0022321421875000002 0.0044642859375000005 0.078125
2 0.8861607140625001 0.0491071421875 0.8482142859374999 0.069196428125 0.8348214281249999 0.1272321421875 0.8683035718750001 0.18303571406250002 0.9017857140625001 0.1852678578125 0.9419642859374999 0.14508928593749998 0.9419642859374999 0.0915178578125 0.9263392859374999 0.0625 0.8861607140625001 0.0491071421875
2 0.875 0.0513392859375 0.8995535718750001 0 0.8169642859374999 0.0022321421875000002 0.8370535718750001 0.0491071421875 0.875 0.0513392859375
2 0 0.2209821421875 0.0133928578125 0.2209821421875 0.040178571875 0.162946428125 0.03125 0.1272321421875 0.0022321421875000002 0.102678571875 0 0.2209821421875
2 0.83515625 0.9109375 0.18828125 0.178125
2 0.1272321421875 0.3571428578125 0.116071428125 0.5066964281249999 0.131696428125 0.53125 0.165178571875 0.5334821421875 0.2008928578125 0.5022321421875 0.2142857140625 0.444196428125 0.18303571406250002 0.36383928593750003 0.1272321421875 0.3571428578125
2 0.59453125 0.35390625 0.13359375 0.19140625
2 0.63671875 0.809375 0.13671875 0.15703125
2 0.9734375 0.6375 0.053125 0.159375
2 0.4609375 0.05 0.11796875 0.1
2 0.9125 0.24453125 0.175 0.1421875