2 0.075 0.05078125 0.09375 0.1015625
2 0.21328125 0.5546875 0.11328125 0.1265625
2 0.0453125 0.69609375 0.08984375 0.15703125
2 0.1015625 0.82890625 0.153125 0.1796875
2 0.13515625 0.6671875 0.12734375 0.15859375
2 0.31171875 0.44375 0.09140625 0.11875
2 0.3359375 0.55 0.10234375 0.11171875
2 0.31328125 0.66015625 0.121875 0.14296875
2 0.41953125 0.47265625 0.10390625 0.17421875
2 0.4078125 0.21640625 0.08125 0.103125
2 0.2375 0.1203125 0.07578125 0.10234375
2 0.575 0.32421875 0.10703125 0.13671875
2 0.603125 0.46484375 0.096875 0.125
2 0.68203125 0.759375 0.1046875 0.14296875
2 0.7328125 0.875 0.08125 0.11015625
2 0.765625 0.69453125 0.08984375 0.1171875
2 0.80703125 0.571875 0.12734375 0.15234375
2 0.8484375 0.75390625 0.096875 0.13125
2 0.953125 0.50859375 0.09375 0.14296875
2 0.9 0.6109375 0.103125 0.125
2 0.878125 0.50234375 0.06640625 0.0859375
2 0.95703125 0.11328125 0.0859375 0.1296875
2 0.44765625 0.0375 0.09921875 0.07421875
2 0.16640625 0.40078125 0.20703125 0.18828125
2 0.84609375 0.28828125 0.1296875 0.18203125
2 0.47890625 0.86796875 0.19375 0.18515625