2 0.04921875 0.45546875 0.09765625 0.17265625
2 0.5046875 0.275 0.128125 0.1765625
2 0.52734375 0.14765625 0.09609375 0.1234375
2 0.58984375 0.46640625 0.07890625 0.115625
2 0.61640625 0.22265625 0.128125 0.16484375
2 0.66640625 0.39765625 0.11015625 0.153125
2 0.71640625 0.228125 0.09375 0.11796875
2 0.97890625 0.2125 0.04140625 0.13984375
2 0.7359375 0.346875 0.0875 0.14921875
2 0.40234375 0.746875 0.09296875 0.1328125
2 0.6171875 0.64765625 0.09765625 0.1421875
2 0.640625 0.828125 0.09609375 0.1328125
2 0.696875 0.59453125 0.09765625 0.16484375
2 0.80234375 0.58984375 0.09765625 0.14765625
2 0.81953125 0.6921875 0.1125 0.11875
2 0.96953125 0.53203125 0.0609375 0.1328125
2 0.96796875 0.33203125 0.0640625 0.13515625
2 0.94375 0.89375 0.1125 0.19921875
2 0.334375 0.9515625 0.0953125 0.096875
2 0.4546875 0.95234375 0.10859375 0.09453125
2 0.5484375 0.975 0.10625 0.05
2 0.028125 0.98125 0.05625 0.0375
2 0.27578125 0.21484375 0.15703125 0.20625
2 0.13046875 0.6234375 0.13046875 0.18203125
2 0.95546875 0.06796875 0.08828125 0.1359375