2 0.6674107140625 0.6830357140625 0.625 0.7254464281249999 0.625 0.7879464281249999 0.6495535718750001 0.8214285718750001 0.6919642859375 0.8236607140625001 0.7276785718750001 0.7790178578125 0.7276785718750001 0.7388392859375 0.6986607140625 0.6919642859375 0.6674107140625 0.6830357140625
2 0.47991071406249997 0.6517857140625 0.446428571875 0.6763392859375 0.43303571406249997 0.7611607140625 0.45758928593750003 0.7991071421875 0.48660714218749995 0.8013392859374999 0.5267857140625 0.765625 0.53125 0.6897321421875 0.5111607140625 0.6607142859375 0.47991071406249997 0.6517857140625
2 0.38616071406249997 0.6205357140625 0.34821428593750003 0.6629464281249999 0.34821428593750003 0.703125 0.3772321421875 0.7455357140625 0.40178571406249997 0.7477678578125 0.4375 0.7120535718750001 0.44196428593750003 0.6540178578125 0.41741071406249997 0.625 0.38616071406249997 0.6205357140625
2 0.5379464281249999 0.8303571421875 0.5044642859375 0.859375 0.5 0.8995535718750001 0.5379464281249999 0.9508928578125 0.5580357140625 0.953125 0.5892857140625 0.9129464281249999 0.5892857140625 0.8727678578125 0.5558035718750001 0.8303571421875 0.5379464281249999 0.8303571421875
2 0.2232142859375 0.9263392859374999 0.21875 0.9977678578125 0.3125 0.9977678578125 0.31696428593750003 0.8995535718750001 0.296875 0.875 0.265625 0.875 0.2232142859375 0.9263392859374999
2 0.116071428125 0.8861607140625001 0.125 0.9486607140625001 0.18303571406250002 0.9665178578125 0.2053571421875 0.9308035718750001 0.194196428125 0.8392857140625001 0.14508928593749998 0.8482142859374999 0.116071428125 0.8861607140625001
2 0.30580357187499996 0.32142857187499996 0.27232142812500004 0.359375 0.2678571421875 0.40848214218749995 0.30580357187499996 0.46875 0.33928571406249997 0.47098214218749995 0.37053571406249997 0.43526785781250005 0.375 0.3727678578125 0.3459821421875 0.3303571421875 0.30580357187499996 0.32142857187499996
2 0.8504464281249999 0.22767857187499999 0.8169642859374999 0.25669642812500004 0.8169642859374999 0.328125 0.859375 0.37946428593750003 0.8883928578125 0.38169642812500004 0.9151785718750001 0.36383928593750003 0.9285714281249999 0.29241071406249997 0.8950892859374999 0.24107142812500001 0.8504464281249999 0.22767857187499999
2 1 0.0022321421875000002 0.9040178578125 0 0.9017857140625001 0.069196428125 0.9397321421875 0.09375 0.9776785718750001 0.0915178578125 1 0.0647321421875 1 0.0022321421875000002
2 0.78046875 0.884375 0.16015625 0.1890625
2 0.13515625 0.51171875 0.16875 0.20703125
2 0.709375 0.04296875 0.0984375 0.08515625