2 0.5641925296875 0.8808925515625001 0.5628882187500001 0.8469185921875001 0.5388293015625 0.8161647015625 0.48466864843749996 0.8264567078124999 0.44816748593750005 0.8841736828125001 0.4632590625 0.9258310265624999 0.502052946875 0.9431135515625 0.5392266203125 0.9334737015625001 0.5641925296875 0.8808925515625001
2 0.55638701875 0.7081389421875001 0.5313804 0.6985398 0.49069111249999997 0.723566775 0.47086102968750004 0.787683178125 0.4811326796875 0.810753684375 0.554848225 0.8055771500000001 0.5746783093750001 0.741460746875 0.55638701875 0.7081389421875001
2 0.673481890625 0.8702439359374999 0.664157940625 0.8260186796875001 0.638183265625 0.8064841421875 0.599093834375 0.8273433453125 0.581495409375 0.8731888124999999 0.5940190734375 0.9090785296874999 0.6260772734375 0.9189935703125001 0.6606830359375 0.9035860937500001 0.673481890625 0.8702439359374999
2 0.8019695328124999 0.8095820843749999 0.8070646515625001 0.7589370453125001 0.787173503125 0.7297830109375 0.7307608390625 0.7272558078125 0.6936075203125001 0.7679858046875 0.6811449203125 0.825366525 0.7173912453125 0.86797156875 0.7702679421874999 0.8547957500000001 0.8019695328124999 0.8095820843749999
2 0.67940258125 0.611903275 0.65182805 0.59653650625 0.6169063890625 0.618995565625 0.6009078203125 0.6606732640625 0.6397220578125 0.7090459359375 0.6727279625 0.6978062296875 0.6880947296875 0.670231696875 0.67940258125 0.611903275
2 0.7783999359375 0.54709400625 0.7742118125 0.5144040046875 0.7440693671874999 0.493269609375 0.701780225 0.5224643515625 0.681613884375 0.5625421937499999 0.6909378359375 0.6067674484375 0.72716380625 0.6182823484375 0.7560019390625 0.6054427828125 0.7783999359375 0.54709400625
2 0.8602776015625 0.769799790625 0.873769321875 0.815624903125 0.9000598953125 0.8281078562499999 0.9483918593749999 0.7271133265625 0.9143975453125 0.6973274921875 0.8721083999999999 0.726522234375 0.8602776015625 0.769799790625
2 0.9780555671875 0.5065781390625 0.8944046265625 0.5127227296875 0.8604510218750001 0.5451171859375 0.8540923015624999 0.62396855625 0.886802659375 0.6508705781249999 0.9460787828124999 0.6210236796874999 0.9880113171874999 0.536700228125 0.9780555671875 0.5065781390625
2 1 0.5583024109375 0.9332799265625 0.6543658375 0.9547912859375 0.710442246875 1 0.5633223125 1 0.5583024109375
2 0.8901554375 0.3867622890625 0.8494457953125 0.3806991171875 0.8055567953124999 0.4140616296875 0.793725996875 0.457339184375 0.8347718921875 0.4874409203125 0.8982157875000001 0.45919387812499995 0.9074786734375 0.410148696875 0.8901554375 0.3867622890625
2 0.643054484375 0.41384750156249994 0.648842465625 0.44236973281249997 0.6834685796875 0.45805240312500006 0.712602259375 0.4070711109375 0.688543340625 0.37631721875 0.6584212515625001 0.38627297031249996 0.643054484375 0.41384750156249994
2 0.8106112031249999 0.3012363 0.800655453125 0.27111420937499997 0.7689131515625001 0.25414758437499996 0.7330234359375 0.2666712484375 0.70708946875 0.309317003125 0.7148135625 0.35771002812499997 0.7494396765625 0.373392696875 0.7914129203125 0.35124953593749997 0.8106112031249999 0.3012363
2 1 0.19125077031249998 0.9833037484375 0.20016035156249998 0.9647372656250001 0.2360704234375 0.9766291296875 0.28606330625 0.9971520765624999 0.3011141734375 1 0.2993945 1 0.19125077031249998
2 0.48118397343749997 0.39953020625 0.4937076359375 0.43541992343749997 0.5174302984375 0.44213525000000004 0.556499375 0.3901859015625 0.5330722578125 0.34532884531249997 0.5045500265625 0.3511168265625 0.48118397343749997 0.39953020625
2 0.4439590078125 0.8203935343750001 0.43977088281250004 0.7877035328125 0.41219635156249995 0.7723367640625 0.36220346875 0.7842286265625 0.3468367015625 0.8118031578125 0.3644961890625 0.8592281281249999 0.393354678125 0.8774787093749999 0.4279604375 0.8620712328125 0.4439590078125 0.8203935343750001
2 0.44588462812499996 1 0.44178841249999995 0.9319349078125001 0.4225494203125 0.9197678546875 0.39242733125 0.929723603125 0.3729131484375 0.986788425 0.41050603125 1 0.44588462812499996 1
2 0.3628963328125 0.8633958984375001 0.3311540328125 0.8464292734375001 0.2776658890625 0.9047984031249999 0.2818540140625 0.93748840625 0.30654473125 0.95413913125 0.3462863171875 0.9502669062500001 0.375419996875 0.8992856140625 0.3628963328125 0.8633958984375001
2 0.2545139640625 0.790709471875 0.2394834515625 0.8423225656250001 0.26899409531249996 0.877560128125 0.32153453593750003 0.8403457453125001 0.3202098703125 0.775281640625 0.289435625 0.7682504125 0.2545139640625 0.790709471875
2 0.328066675 0.536811771875 0.318742725 0.49258651562500005 0.28443250937500003 0.4698522625 0.239575453125 0.4932793796875 0.2194091140625 0.5333572203125 0.231300978125 0.583350103125 0.26752694843749997 0.5948650015625 0.29893299375 0.587793065625 0.328066675 0.536811771875
2 0.1988658109375 0.48721620625 0.1991613578125 0.44907447968750003 0.17253452656249998 0.41255296093749994 0.12414150156249999 0.4202770546875 0.0918081078125 0.4795938859375 0.10369997187499999 0.5295867703125 0.1325584578125 0.54783735 0.1729318453125 0.5298619609374999 0.1988658109375 0.48721620625
2 0.308552490625 0.5938765921875 0.2543918375 0.6041685984375 0.21629081874999997 0.6660533421875 0.22818268125 0.716046225 0.268576421875 0.72916098125 0.3137493796875 0.69868228125 0.3361473765625 0.6403335046875 0.308552490625 0.5938765921875
2 0 0.8313347625 0.051302010937499996 0.784432171875 0.046145831250000005 0.741806771875 0.02017115625 0.722272234375 0 0.7277729749999999 0 0.8313347625
2 0.084939715625 0.759089296875 0.11120993593749999 0.74048210625 0.109589725 0.7135597312499999 0.0903507328125 0.701392675 0.0579969859375 0.7296193640624999 0.084939715625 0.759089296875
2 0.2887737 0.2467695171875 0.2455164984375 0.26602886406250004 0.23271764374999998 0.2993710203125 0.24684116406249998 0.33109296875 0.2705638265625 0.33780829687499997 0.3272720375 0.3021937703125 0.31891614375 0.2679039125 0.2887737 0.2467695171875
2 0.1993570515625 0 0.151135525 0.0385235109375 0.138672925 0.0959042296875 0.1781189640625 0.13017373593749998 0.2915353859375 0.0589446859375 0.2736547296875 0 0.1993570515625 0