2 0.04609375 0.15546875 0.0921875 0.1359375
2 0.0453125 0.278125 0.090625 0.125
2 0.02890625 0.4578125 0.0578125 0.11875
2 0.09609375 0.6390625 0.1109375 0.1296875
2 0.096875 0.87265625 0.1 0.115625
2 0.23984375 0.95625 0.1078125 0.0875
2 0.06484375 0.9625 0.0578125 0.075
2 0.121875 0.22265625 0.0890625 0.1109375
2 0.2234375 0.43671875 0.1078125 0.1375
2 0.3765625 0.4984375 0.0984375 0.1328125
2 0.3984375 0.64609375 0.125 0.153125
2 0.490625 0.6140625 0.1109375 0.14375
2 0.2703125 0.2375 0.0875 0.1078125
2 0.58671875 0.08203125 0.1203125 0.14375
2 0.65 0.478125 0.125 0.1546875
2 0.73828125 0.66171875 0.109375 0.1296875
2 0.75234375 0.55390625 0.1140625 0.1296875
2 0.79375 0.46796875 0.084375 0.115625
2 0.44375 0.07734375 0.1015625 0.1140625
2 0.33125 0.9703125 0.10625 0.059375
2 0.5703125 0.91953125 0.0890625 0.1171875
2 0.8890625 0.48359375 0.1390625 0.159375
2 0.91328125 0.60546875 0.1140625 0.134375
2 0.80703125 0.78203125 0.09375 0.115625
2 0.98125 0.70703125 0.0375 0.1546875
2 0.90234375 0.02578125 0.0921875 0.0515625
2 0.76015625 0.02578125 0.0796875 0.0515625
2 0.65078125 0.27109375 0.09375 0.109375
2 0.91015625 0.93203125 0.115625 0.0765625
2 0.97890625 0.91328125 0.0421875 0.0953125
2 0.0078125 0.07578125 0.015625 0.0609375