0 0.165625 0.28515625 0.13125 0.1625
0 0.03984375 0.27890625 0.0796875 0.1015625
0 0.221875 0.47734375 0.0609375 0.0765625
0 0.075 0.5515625 0.0734375 0.071875
0 0.04375 0.67265625 0.0796875 0.10625
0 0.07578125 0.74296875 0.0828125 0.1046875
0 0.090625 0.9046875 0.0640625 0.0796875
0 0.4390625 0.7796875 0.071875 0.071875
0 0.4328125 0.228125 0.078125 0.0828125
0 0.3921875 0.03125 0.06875 0.0578125
0 0.6828125 0.115625 0.05 0.0640625
0 0.78046875 0.1484375 0.05625 0.0671875
0 0.675 0.5390625 0.1078125 0.1265625
0 0.82890625 0.628125 0.0609375 0.0734375
0 0.740625 0.80859375 0.084375 0.1109375
0 0.965625 0.2953125 0.0578125 0.084375
0 0.96875 0.196875 0.0453125 0.109375
0 0.0328125 0.9109375 0.040625 0.0734375