2 0.6138392859375 0.7901785718750001 0.5714285718750001 0.8415178578125 0.5625 0.8950892859374999 0.5915178578125 0.9508928578125 0.65625 0.9665178578125 0.6919642859375 0.921875 0.6964285718750001 0.8504464281249999 0.6629464281249999 0.7991071421875 0.6138392859375 0.7901785718750001
2 0.8683035718750001 0.7901785718750001 0.84375 0.8236607140625001 0.84375 0.8727678578125 0.8928571421875 0.9040178578125 0.9330357140625001 0.8683035718750001 0.9375 0.828125 0.8995535718750001 0.7901785718750001 0.8683035718750001 0.7901785718750001
2 0.8928571421875 0.7433035718750001 0.9129464281249999 0.7857142859375 0.9464285718750001 0.7924107140625 0.96875 0.765625 0.9732142859374999 0.7209821421875 0.9308035718750001 0.6875 0.8928571421875 0.7433035718750001
2 0.7053571421875 0.6450892859375 0.7053571421875 0.6808035718750001 0.7254464281249999 0.7142857140625 0.75 0.7165178578125 0.78125 0.6986607140625 0.8035714281249999 0.6450892859375 0.7388392859375 0.6116071421875 0.7053571421875 0.6450892859375
2 0.44866071406249997 0.7901785718750001 0.41964285781250005 0.8325892859374999 0.43303571406249997 0.890625 0.46428571406249997 0.8995535718750001 0.5089285718750001 0.8638392859374999 0.5089285718750001 0.8191964281249999 0.484375 0.7857142859375 0.44866071406249997 0.7901785718750001
2 0.6540178578125 0.5089285718750001 0.6294642859375 0.5334821421875 0.6205357140625 0.5870535718750001 0.6495535718750001 0.625 0.6696428578125 0.6227678578125 0.7098214281249999 0.578125 0.7098214281249999 0.5379464281249999 0.6808035718750001 0.5089285718750001 0.6540178578125 0.5089285718750001
2 0.7455357140625 0.35491071406249997 0.7321428578125 0.42633928593750003 0.7522321421875 0.45535714218749995 0.7901785718750001 0.45758928593750003 0.8169642859374999 0.42633928593750003 0.8214285718750001 0.3727678578125 0.7834821421875 0.3303571421875 0.7455357140625 0.35491071406249997
2 0.9151785718750001 0.515625 0.9397321421875 0.5491071421875 0.9821428578125 0.5513392859375 1 0.5379464281249999 0.9933035718750001 0.428571428125 0.9285714281249999 0.46651785781250005 0.9151785718750001 0.515625
2 0.875 0.3727678578125 0.875 0.421875 0.9151785718750001 0.453125 0.9732142859374999 0.40848214218749995 0.9441964281249999 0.3303571421875 0.8995535718750001 0.33482142812500004 0.875 0.3727678578125
2 0.9888392859374999 0.2678571421875 0.9642857140625001 0.33705357187499996 1 0.40848214218749995 0.9888392859374999 0.2678571421875
2 0.8861607140625001 0.147321428125 0.8482142859374999 0.180803571875 0.8392857140625001 0.24330357187499999 0.8638392859374999 0.30357142812500004 0.9107142859374999 0.30580357187499996 0.9330357140625001 0.29241071406249997 0.9598214281249999 0.2075892859375 0.921875 0.15178571406250002 0.8861607140625001 0.147321428125
2 0.7165178578125 0.09375 0.7008928578125 0.11383928593749999 0.7098214281249999 0.180803571875 0.7544642859375 0.2075892859375 0.7946428578125 0.17633928593749998 0.7946428578125 0.12276785781249999 0.7566964281249999 0.0892857140625 0.7165178578125 0.09375
2 0.39508928593750003 0.1383928578125 0.36607142812500004 0.162946428125 0.35267857187499996 0.21205357187499999 0.37946428593750003 0.3102678578125 0.4375 0.31919642812500004 0.45535714218749995 0.30580357187499996 0.45089285781250005 0.171875 0.430803571875 0.1428571421875 0.39508928593750003 0.1383928578125
2 0.3772321421875 0.3303571421875 0.34821428593750003 0.3772321421875 0.35267857187499996 0.42633928593750003 0.40178571406249997 0.453125 0.446428571875 0.40401785781250005 0.446428571875 0.359375 0.42633928593750003 0.3303571421875 0.3772321421875 0.3303571421875
2 0.2834821421875 0.4375 0.25446428593750003 0.462053571875 0.25446428593750003 0.515625 0.27455357187499996 0.5446428578125 0.3125 0.546875 0.33928571406249997 0.5245535718750001 0.34375 0.484375 0.31919642812500004 0.44196428593750003 0.2834821421875 0.4375
2 0.2477678578125 0.2946428578125 0.2053571421875 0.3459821421875 0.20982142812500001 0.39955357187499996 0.24330357187499999 0.43303571406249997 0.29017857187499996 0.430803571875 0.31696428593750003 0.39955357187499996 0.31696428593750003 0.35044642812500004 0.27455357187499996 0.2946428578125 0.2477678578125 0.2946428578125
2 0.28571428593750003 0.24330357187499999 0.28571428593750003 0.28794642812500004 0.32366071406249997 0.33928571406249997 0.34375 0.33705357187499996 0.37053571406249997 0.29241071406249997 0.35267857187499996 0.2299107140625 0.31919642812500004 0.2142857140625 0.28571428593750003 0.24330357187499999
2 0.2455357140625 0.131696428125 0.25 0.180803571875 0.28571428593750003 0.1897321421875 0.31696428593750003 0.140625 0.29241071406249997 0.09375 0.26116071406249997 0.102678571875 0.2455357140625 0.131696428125
2 0.15178571406250002 0.2522321421875 0.147321428125 0.296875 0.17633928593749998 0.33482142812500004 0.2008928578125 0.33258928593750003 0.2366071421875 0.2834821421875 0.2366071421875 0.2477678578125 0.194196428125 0.2142857140625 0.15178571406250002 0.2522321421875
2 0.10491071406250001 0.0982142859375 0.0758928578125 0.1584821421875 0.0892857140625 0.203125 0.1428571421875 0.2477678578125 0.2008928578125 0.16741071406250002 0.1875 0.109375 0.162946428125 0.084821428125 0.10491071406250001 0.0982142859375
2 0.0334821421875 0.2008928578125 0.0044642859375000005 0.234375 0.0044642859375000005 0.2834821421875 0.0334821421875 0.3258928578125 0.0669642859375 0.32366071406249997 0.0892857140625 0.30580357187499996 0.102678571875 0.2522321421875 0.0647321421875 0.2053571421875 0.0334821421875 0.2008928578125
2 0 0.5200892859375 0.0200892859375 0.5401785718750001 0.053571428125 0.5379464281249999 0.0892857140625 0.5111607140625 0.0982142859375 0.44866071406249997 0.0736607140625 0.41964285781250005 0.0200892859375 0.41071428593750003 0 0.42633928593750003 0 0.5200892859375
2 0.0758928578125 0.0647321421875 0.116071428125 0.0334821421875 0.118303571875 0 0.0446428578125 0.0022321421875000002 0.0758928578125 0.0647321421875
2 0.8390625 0.07109375 0.13828125 0.1421875