2 0.1223671140625 0.2924793015625 0.1585281890625 0.27282189218749997 0.183314659375 0.2215946453125 0.1482911890625 0.14804197187499998 0.09064240625 0.14135152499999998 0.059403428125000005 0.1781743203125 0.055143054687500005 0.2119053203125 0.06621777031250001 0.25052744374999997 0.1223671140625 0.2924793015625
2 0.329644234375 0.302706453125 0.3464787609375 0.2723361625 0.33969539375 0.23248351718750002 0.31667727343749996 0.208896596875 0.2826463859375 0.21168850468749997 0.2642814484375 0.24481972968750002 0.2741256390625 0.27915050468749997 0.3081875015625 0.308859071875 0.329644234375 0.302706453125
2 0.4106940953125 0.091375925 0.3723408890625 0.0628978828125 0.34383187187500003 0.0687506140625 0.331019778125 0.13744313749999998 0.3482161390625 0.1650215171875 0.3902299453125 0.17387312500000002 0.41381686718750005 0.15085500624999998 0.4106940953125 0.091375925
2 0.527408025 0.304051021875 0.473719728125 0.27068185625 0.44521071250000005 0.2765345890625 0.429906596875 0.30414394218749996 0.44713393124999995 0.3642227984375 0.5026525265624999 0.3877787453125 0.5335916187499999 0.3580082328125 0.527408025 0.304051021875
2 0.777981575 0.0603650390625 0.739628365625 0.0318869953125 0.7025366562500001 0.040200775 0.6805111203124999 0.092958434375 0.69650793125 0.14874594531250002 0.7575483968750001 0.17536271406249998 0.7890872625 0.13148763593749999 0.777981575 0.0603650390625
2 0.8742623265624999 0.3880378109375 0.891696628125 0.3435629578125 0.8818524375000001 0.3092321828125 0.83980765625 0.2678800984375 0.8112986390625 0.27373283125 0.7941642265625 0.311155403125 0.8058696890625001 0.3681734359375 0.8387010265624999 0.3935906546875 0.8742623265624999 0.3880378109375
2 0.9186442578125 0.3079706859375 0.9735630796875 0.345631196875 0.9381777734375 0.21412985468749998 0.92530373125 0.21782142656249998 0.9093998421875 0.2595353453125 0.9186442578125 0.3079706859375
2 0.7551281703125 0.5313375375 0.7210663109375 0.5016289703125001 0.682744075 0.505651403125 0.6656096625 0.543073975 0.6816064734375 0.598861484375 0.7426469390625 0.6254782546875 0.759481465625 0.5951079640625 0.7551281703125 0.5313375375
2 0.460617596875 0.6784837031250001 0.48600384218750003 0.613151890625 0.4724680796875 0.565947075 0.43042330156249997 0.5245949921874999 0.3976229359375 0.531678246875 0.3633231359375 0.5740229140625 0.37013747812500003 0.6463760359374999 0.41647360468750005 0.6864975953125 0.460617596875 0.6784837031250001
2 0.1123258046875 0.6947592765625 0.1322211546875 0.6588671171875 0.1254377875 0.6190144703125 0.0858540546875 0.58624508125 0.05182316875 0.589036990625 0.038980100000000004 0.6252290390625 0.0488242921875 0.6595598140625001 0.070312 0.6859076703125 0.1123258046875 0.6947592765625
2 0.186902034375 0.7685808625 0.15160964999999998 0.7345809484375 0.1145179390625 0.742894728125 0.11338033750000001 0.836104809375 0.1296460609375 0.8523395593749999 0.17625110156249998 0.8529083609375 0.1930856265625 0.8225380718749999 0.186902034375 0.7685808625
2 0.04213384375 0.7172085953125 0.0916237140625 0.8493097109375001 0.1084272671875 0.7864389453125 0.0911999328125 0.7263600890624999 0.04213384375 0.7172085953125
2 0.3979326734375 0.8566830046874999 0.382628559375 0.884292359375 0.3937032734375 0.9229144796875 0.4351173046875 0.945870653125 0.45438190624999997 0.89158258125 0.43718554374999996 0.8640042015624999 0.3979326734375 0.8566830046874999
2 0.5843218609374999 0.8264577359375 0.5744776703125 0.7921269609375 0.5235812828124999 0.7927886828124999 0.497864175 0.8326723015624999 0.5113999390624999 0.87987711875 0.5307264859374999 0.8905899984375001 0.5638267375 0.8764544593749999 0.5843218609374999 0.8264577359375
2 0.5702704171875 1 0.6142162703125 0.9873987296875001 0.5954585234375 0.9300808078125 0.5433316125000001 0.9264511843750001 0.52373615 0.9552910625000001 0.534810865625 0.993913184375 0.5457917734375 1 0.5702704171875 1
2 0.7082330921875 0.8698780578124999 0.6631274890625 0.8340478453125 0.6346184734375 0.8399005781250001 0.6212066046875 0.9226976640625001 0.66631220625 0.9585278781250001 0.70187350625 0.9529750328125 0.71993855625 0.9268960906249999 0.7082330921875 0.8698780578124999
2 0.95078125 0.4640625 0.0984375 0.21875
2 0.56171875 0.2375 0.2265625 0.2140625
2 0.22421875 0.62734375 0.203125 0.196875