1 0.14375 0.8640625 0.11875 0.140625
1 0.28046875 0.7546875 0.1359375 0.1734375
1 0.1671875 0.728125 0.1265625 0.1546875
1 0.1921875 0.61171875 0.109375 0.125
1 0.30234375 0.63125 0.109375 0.1421875
1 0.06953125 0.62265625 0.1171875 0.1625
1 0.23984375 0.459375 0.1015625 0.15
1 0.17734375 0.26171875 0.090625 0.1421875
1 0.30625 0.2515625 0.1375 0.159375
1 0.21796875 0.08203125 0.1375 0.115625
1 0.49296875 0.2828125 0.1171875 0.1453125
1 0.896875 0.678125 0.128125 0.1453125
1 0.7859375 0.1484375 0.1296875 0.1484375
1 0.9515625 0.2671875 0.065625 0.15625