2 0.875 0.9575892859374999 0.8772321421875 1 0.96875 0.9977678578125 0.9598214281249999 0.953125 0.9308035718750001 0.9285714281249999 0.8950892859374999 0.9330357140625001 0.875 0.9575892859374999
2 0.9308035718750001 0.78125 0.90625 0.8102678578125 0.8973214281249999 0.8683035718750001 0.9263392859374999 0.9151785718750001 0.9598214281249999 0.9174107140625001 0.9910714281249999 0.8772321421875 0.9955357140625001 0.8236607140625001 0.9620535718750001 0.7857142859375 0.9308035718750001 0.78125
2 1 0.7790178578125 0.9977678578125 0.6294642859375 0.9642857140625001 0.6808035718750001 0.9598214281249999 0.7254464281249999 1 0.7790178578125
2 0.8683035718750001 0.5714285718750001 0.8348214281249999 0.6004464281249999 0.8258928578125 0.6629464281249999 0.859375 0.71875 0.90625 0.7165178578125 0.9375 0.6674107140625 0.9330357140625001 0.6138392859375 0.9040178578125 0.5714285718750001 0.8683035718750001 0.5714285718750001
2 0.6450892859375 0.6517857140625 0.6071428578125 0.6986607140625 0.6071428578125 0.7254464281249999 0.625 0.7700892859375 0.6741071421875 0.7924107140625 0.7098214281249999 0.7700892859375 0.71875 0.703125 0.6941964281249999 0.6607142859375 0.6450892859375 0.6517857140625
2 0.5513392859375 0.7142857140625 0.5 0.7522321421875 0.491071428125 0.8013392859374999 0.5245535718750001 0.8616071421875 0.5803571421875 0.8683035718750001 0.6205357140625 0.8191964281249999 0.625 0.7790178578125 0.5870535718750001 0.71875 0.5513392859375 0.7142857140625
2 0.6383928578125 0.8861607140625001 0.6339285718750001 0.9263392859374999 0.6584821421875 0.9642857140625001 0.6830357140625 0.9665178578125 0.71875 0.8995535718750001 0.6897321421875 0.8616071421875 0.6629464281249999 0.8616071421875 0.6383928578125 0.8861607140625001
2 0.42633928593750003 0.78125 0.37946428593750003 0.8147321421875 0.3616071421875 0.8816964281249999 0.390625 0.9419642859374999 0.4375 0.953125 0.48214285781250005 0.9174107140625001 0.5 0.8459821421875 0.45758928593750003 0.7901785718750001 0.42633928593750003 0.78125
2 0.30133928593750003 0.8392857140625001 0.2678571421875 0.8772321421875 0.2633928578125 0.9308035718750001 0.28794642812500004 0.9553571421875 0.32142857187499996 0.953125 0.34821428593750003 0.921875 0.34821428593750003 0.8727678578125 0.33258928593750003 0.84375 0.30133928593750003 0.8392857140625001
2 0.22544642812500001 0.7589285718750001 0.2053571421875 0.7879464281249999 0.21875 0.8683035718750001 0.25892857187499996 0.8816964281249999 0.30357142812500004 0.8191964281249999 0.2946428578125 0.7745535718750001 0.265625 0.7455357140625 0.22544642812500001 0.7589285718750001
2 0.45089285781250005 0.5825892859375 0.4375 0.6183035718750001 0.44196428593750003 0.6763392859375 0.48214285781250005 0.6986607140625 0.5446428578125 0.6316964281249999 0.5357142859375 0.5825892859375 0.48883928593750003 0.5580357140625 0.45089285781250005 0.5825892859375
2 0.3883928578125 0.43526785781250005 0.37053571406249997 0.5111607140625 0.39508928593750003 0.5535714281249999 0.42410714218749995 0.5558035718750001 0.46428571406249997 0.5290178578125 0.47321428593750003 0.475446428125 0.412946428125 0.415178571875 0.3883928578125 0.43526785781250005
2 0.5334821421875 0.27678571406249997 0.47098214218749995 0.2946428578125 0.43303571406249997 0.3459821421875 0.44196428593750003 0.430803571875 0.484375 0.48214285781250005 0.5089285718750001 0.484375 0.5424107140625 0.46875 0.5892857140625 0.40401785781250005 0.5758928578125 0.31919642812500004 0.5334821421875 0.27678571406249997
2 0.5446428578125 0.47098214218749995 0.5491071421875 0.5245535718750001 0.59375 0.5424107140625 0.6383928578125 0.493303571875 0.6339285718750001 0.43973214218749995 0.609375 0.40625 0.5446428578125 0.47098214218749995
2 0.8392857140625001 0.328125 0.8303571421875 0.38616071406249997 0.8727678578125 0.44196428593750003 0.8973214281249999 0.43973214218749995 0.9330357140625001 0.3459821421875 0.8995535718750001 0.30357142812500004 0.8638392859374999 0.2991071421875 0.8392857140625001 0.328125
2 0.8995535718750001 0.1875 0.8660714281249999 0.2522321421875 0.890625 0.2946428578125 0.9241071421875 0.30133928593750003 0.9508928578125 0.27008928593750003 0.9508928578125 0.2299107140625 0.9263392859374999 0.19196428593749998 0.8995535718750001 0.1875
2 0.8102678578125 0.12946428593749998 0.7857142859375 0.1584821421875 0.78125 0.203125 0.8013392859374999 0.24107142812500001 0.8303571421875 0.24330357187499999 0.8616071421875 0.2075892859375 0.8660714281249999 0.162946428125 0.8370535718750001 0.12946428593749998 0.8102678578125 0.12946428593749998
2 0.703125 0.071428571875 0.6584821421875 0.0758928578125 0.6160714281249999 0.14508928593749998 0.6160714281249999 0.234375 0.6383928578125 0.25669642812500004 0.6383928578125 0.30580357187499996 0.6741071421875 0.328125 0.7321428578125 0.2834821421875 0.7589285718750001 0.2075892859375 0.7455357140625 0.1272321421875 0.703125 0.071428571875
2 0.27455357187499996 0.2633928578125 0.22544642812500001 0.28125 0.2053571421875 0.3102678578125 0.21875 0.38169642812500004 0.2678571421875 0.39955357187499996 0.3125 0.3727678578125 0.32142857187499996 0.3415178578125 0.3125 0.28794642812500004 0.27455357187499996 0.2633928578125
2 0.14508928593749998 0.36607142812500004 0.116071428125 0.390625 0.10714285781249999 0.43973214218749995 0.13616071406250002 0.48660714218749995 0.165178571875 0.48883928593750003 0.196428571875 0.46651785781250005 0.2053571421875 0.40848214218749995 0.180803571875 0.37053571406249997 0.14508928593749998 0.36607142812500004
2 0.28571428593750003 0.444196428125 0.30580357187499996 0.477678571875 0.34375 0.48883928593750003 0.37946428593750003 0.462053571875 0.37053571406249997 0.39508928593750003 0.3147321421875 0.37946428593750003 0.28571428593750003 0.444196428125
2 0.0703125 0.2109375 0.13984375 0.17890625