2 0.66796875 0.9734375 0.0921875 0.053125
2 0.5625 0.9515625 0.146875 0.096875
2 0.52734375 0.8234375 0.10625 0.13125
2 0.52109375 0.7234375 0.1296875 0.171875
2 0.5234375 0.5734375 0.1671875 0.1875
2 0.634375 0.53046875 0.1546875 0.1859375
2 0.728125 0.46875 0.11875 0.115625
2 0.64609375 0.3953125 0.1484375 0.1625
2 0.61171875 0.2984375 0.1203125 0.1421875
2 0.60625 0.1796875 0.1015625 0.1359375
2 0.90390625 0.32890625 0.14375 0.1671875
2 0.95 0.56796875 0.1 0.1390625
2 0.97421875 0.43515625 0.0515625 0.1640625
2 0.32421875 0.64140625 0.1234375 0.15
2 0.4140625 0.8578125 0.1125 0.1328125
2 0.3640625 0.93828125 0.1109375 0.103125
2 0.271875 0.903125 0.121875 0.125
2 0.28125 0.50546875 0.1265625 0.1578125
2 0.175 0.459375 0.1875 0.221875
2 0.1984375 0.28515625 0.1453125 0.165625
2 0.03359375 0.6890625 0.0671875 0.23125
2 0.9671875 0.271875 0.065625 0.265625