0 0.86171875 0.85234375 0.14296875 0.15390625
0 0.64609375 0.96796875 0.065625 0.0640625
0 0.92265625 0.49453125 0.1109375 0.13671875
0 0.45390625 0.7125 0.08046875 0.12421875
0 0.52421875 0.5203125 0.05390625 0.06875
0 0.4578125 0.4 0.12109375 0.1625
0 0.5984375 0.32734375 0.084375 0.1140625
0 0.68125 0.38515625 0.09921875 0.11796875
0 0.72578125 0.28046875 0.06015625 0.07578125
0 0.3125 0.12109375 0.0984375 0.11640625
0 0.8703125 0.04921875 0.10703125 0.0984375
0 0.52578125 0.14765625 0.053125 0.0640625