2 0.5281504890625001 1 0.5256945015625 0.9747935953125 0.48011959062500004 0.943773778125 0.45383383437499997 0.9505901812499999 0.43957407968749995 0.9789294937499999 0.44523069531250004 1 0.5281504890625001 1
2 0.5954152578125 0.8460165328125001 0.524001340625 0.8118406765625 0.4975066015625 0.845627353125 0.49753538593749996 0.889595459375 0.52929729375 0.9389821453125 0.5764502265625 0.9570824609375 0.6102081203124999 0.93960909375 0.6153889328125 0.8908781421875 0.5954152578125 0.8460165328125001
2 0.46663819531249995 0.7762957796875 0.41609145312500007 0.7670366390625001 0.37893975156250004 0.79335118125 0.3714964 0.84797625 0.41052146250000005 0.9136762484375 0.45585860624999996 0.9276982359374999 0.495272846875 0.8954895765625001 0.49658431406250003 0.8216041374999999 0.46663819531249995 0.7762957796875
2 0.3944821890625 0.6471583234375 0.3543546421875 0.6283734890625 0.32128126875 0.6528722421875 0.30839055000000004 0.695262328125 0.341521496875 0.7586997859375 0.3768861953125 0.772275021875 0.42061653281250005 0.75524840625 0.43124471093750005 0.7187524375 0.3944821890625 0.6471583234375
2 0.42365743125 0.553536978125 0.3991874640625 0.564431709375 0.39129736249999997 0.629029221875 0.426244096875 0.6965450093750001 0.4675029125 0.712382784375 0.4949199375 0.7026193234375 0.5182010640625 0.6067354375 0.42365743125 0.553536978125
2 0.5871146734375 0.6298075828125 0.5469871281249999 0.6110227484374999 0.5148072546875 0.6155766125000001 0.497391459375 0.66975493125 0.51510259375 0.7205106546875 0.5445731765625 0.7318233515625 0.5864877265625 0.7107184078125 0.60119423125 0.67240665 0.5871146734375 0.6298075828125
2 0.6619224 0.655142265625 0.6236106421875001 0.6404357593750001 0.60164098125 0.6624342046875 0.5885412828125001 0.7317945671875 0.6048833796875 0.7684995171875 0.6402480796875001 0.7820747531250001 0.6799000890625 0.7668639265625 0.6837406484375 0.74805030625 0.6619224 0.655142265625
2 0.669545946875 0.5295788156250001 0.6235242859375 0.5085314421875 0.6008701078125 0.5235045015625001 0.591164215625 0.5840236890625 0.61521621875 0.62706950625 0.648318378125 0.6465388578125 0.6884171390625 0.6213555875 0.6931512 0.5825970796875 0.669545946875 0.5295788156250001
2 0.7539369406249999 0.65326890625 0.703390196875 0.644009765625 0.677342209375 0.667824 0.680555821875 0.72992120625 0.691003803125 0.76436361875 0.7436041015625 0.7946989171875 0.7796245328125 0.7713314328124999 0.805196984375 0.7135215374999999 0.7539369406249999 0.65326890625
2 0.71512834375 0.22585161875 0.66865993125 0.21477668906249997 0.639664884375 0.2374596546875 0.634037321875 0.2961630515625 0.66806176875 0.33965562031249996 0.717477240625 0.35186181875 0.7390001484375001 0.33983581875 0.7509685796875 0.273422515625 0.71512834375 0.22585161875
2 0.833428640625 0.217161853125 0.81098344375 0.20516463906250001 0.7661218359374999 0.22513831406249998 0.7554936578125 0.2616342828125 0.787255565625 0.31102096874999996 0.814910359375 0.3182553375 0.8423273859375 0.30849187499999997 0.8570338921875 0.27018011875000003 0.833428640625 0.217161853125
2 0.49918594687500006 0.2951181375 0.45703362812500004 0.2992252515625 0.44461844843750004 0.3756109984375 0.46096054531249997 0.41231595 0.5298741546875 0.43538809375 0.573813475 0.39139120312500003 0.5524707624999999 0.3324788234375 0.49918594687500006 0.2951181375
2 0.464592121875 0.4204726046875 0.4398843859375 0.41436950625 0.3963918171875 0.44839395312499997 0.38802617968750003 0.47899580625000004 0.41118467968749994 0.5419865125000001 0.472388384375 0.5587177890625 0.50206795 0.5430602125 0.5095113015625 0.48843514218750006 0.464592121875 0.4204726046875
2 0.518359959375 0.1570819359375 0.46373489062499995 0.149638584375 0.445159040625 0.16279585624999998 0.4268497421875 0.2369190625 0.4586116484375 0.2863057484375 0.5102896593749999 0.2926178296875 0.5522042093749999 0.2715128859375 0.5564627343749999 0.1987587171875 0.518359959375 0.1570819359375
2 0.2630033203125 0.2585571140625 0.22448258124999998 0.2708208828125 0.2115918625 0.31321096875 0.24472280781250003 0.37664842656249997 0.29640081875 0.38296050937500004 0.325842615625 0.35030510000000004 0.30857823125 0.28957693125 0.2630033203125 0.2585571140625
2 0.26770859687500004 0.1758305 0.20989870000000002 0.15025804843749999 0.17500953749999998 0.1706784734375 0.164381359375 0.2071744421875 0.176645128125 0.24569518281249997 0.2115630765625 0.26924286249999996 0.2675283984375 0.2467688796875 0.28178815468749996 0.21842956875000002 0.26770859687500004 0.1758305
2 0.56171875 0.978125 0.0984375 0.04375
2 0.775 0.4921875 0.2984375 0.328125
2 0.40390625 0.07109375 0.1671875 0.1421875
2 0.06328125 0.26484375 0.1265625 0.2171875