2 0.425 0.48046875 0.10234375 0.12578125
2 0.275 0.65078125 0.10078125 0.13359375
2 0.165625 0.215625 0.10234375 0.1296875
2 0.0765625 0.34609375 0.09140625 0.11171875
2 0.0453125 0.0734375 0.08203125 0.12578125
2 0.0484375 0.46796875 0.09609375 0.15546875
2 0.128125 0.46484375 0.09609375 0.1375
2 0.19453125 0.35546875 0.07578125 0.11015625
2 0.2515625 0.27421875 0.1046875 0.13359375
2 0.18671875 0.0859375 0.0921875 0.14609375
2 0.26484375 0.15234375 0.09453125 0.1203125
2 0.3265625 0.82109375 0.1078125 0.13984375
2 0.39921875 0.93203125 0.10859375 0.13515625
2 0.709375 0.87265625 0.10859375 0.1296875
2 0.4796875 0.83828125 0.090625 0.13046875
2 0.70625 0.36875 0.08046875 0.12421875
2 0.7578125 0.1421875 0.09375 0.1171875
2 0.8234375 0.0765625 0.11171875 0.115625
2 0.93359375 0.21328125 0.10546875 0.1296875
2 0.9328125 0.09375 0.09453125 0.11328125
2 0.9625 0.61640625 0.07421875 0.10390625
2 0.56171875 0.7890625 0.09609375 0.12265625
2 0.034375 0.5875 0.06875 0.09375
2 0.08359375 0.83828125 0.14609375 0.21015625
2 0.67578125 0.59921875 0.1046875 0.2
2 0.6140625 0.234375 0.11953125 0.1796875