2 0.6244555578125001 1 0.6365351453125 0.9520158562500001 0.6160825625 0.9117107546875 0.5854703984375 0.9040044093749999 0.5584847875000001 0.9258569281250001 0.5462550687500001 1 0.6244555578125001 1
2 0.6825331859375 0.72791775625 0.6590407078125 0.6738265203125 0.6031894999999999 0.6500008171875 0.5649910031250001 0.6931191953125 0.55635136875 0.7326110171875 0.5701509109375 0.8148611812500001 0.6131492734374999 0.83284711875 0.6563742578125 0.8059681140625001 0.6825331859375 0.72791775625
2 0.554951434375 0.7459305078125 0.5453651046875 0.709011934375 0.5101930984374999 0.6806263875 0.4733945359375 0.710425275 0.45260872812499997 0.7800626171875 0.47306130937499996 0.8203677203125 0.52388603125 0.8279540515624999 0.5533248796875 0.804114940625 0.554951434375 0.7459305078125
2 0.41882325 0.653067525 0.39627746875000003 0.6753866875 0.39722416250000003 0.7517970843749999 0.41463685000000006 0.7783160515625 0.4432624234375 0.7835691578125 0.471754575 0.6833196515625 0.449902059375 0.6563340390625 0.41882325 0.653067525
2 0.4225832203125 0.7881290015625 0.3910377671875 0.789302315625 0.35867903437500004 0.8195678484375 0.36195895624999996 0.873779096875 0.40051749062499997 0.8912983921875 0.4343961703125 0.8679259265624999 0.4395292640625 0.819087796875 0.4225832203125 0.7881290015625
2 0.3885711234375 0.7059988515625 0.382957978125 0.673986753125 0.342879496875 0.649574390625 0.29626798593750003 0.6873196484374999 0.2923082078125 0.76770323125 0.3141607234375 0.7946888421875 0.355639140625 0.8057817140625 0.38601127968750004 0.7730629437500001 0.3885711234375 0.7059988515625
2 0.502339928125 0.5204458796875 0.48328727968749996 0.4668212890625 0.4482352859375 0.45864829843750005 0.41938309531250006 0.49826013593749996 0.412850065625 0.5604177546875 0.4337692921875 0.5962830265625 0.471274525 0.602469421875 0.50118001875 0.5741904828125 0.502339928125 0.5204458796875
2 0.5955897625000001 0.61553548125 0.58308355 0.5850433296875 0.5480315546875001 0.576870340625 0.512632928125 0.5933497375 0.5000201093750001 0.6279350859374999 0.5160328609375 0.66777354375 0.5530714484375 0.6783997703125 0.5927898921875 0.642174459375 0.5955897625000001 0.61553548125
2 0.42158290000000004 0.37055837187499996 0.39938375000000004 0.368225146875 0.36375850625 0.4295694890625 0.3842110875 0.46987459062500003 0.403957 0.47419440625 0.4422755078125 0.4512885875 0.4495152078125 0.425116253125 0.42158290000000004 0.37055837187499996
2 0.6023494109375 0.5085129187499999 0.5863366578125 0.46867446093750004 0.552217953125 0.4516218140625 0.5109795625 0.48095405468749997 0.5067797578125 0.520912525 0.517419390625 0.5691639953125 0.5549246218749999 0.5753503921875 0.591843196875 0.5657640625 0.6023494109375 0.5085129187499999
2 0.529885384375 0.34378597499999997 0.5005531421875 0.3025475828125 0.45615484375 0.2978811328125 0.43267577187499995 0.32907995625 0.4333824421875 0.365065240625 0.46482129062500005 0.428969425 0.489473678125 0.4293160578125 0.5238190015625 0.40150376249999997 0.529885384375 0.34378597499999997
2 0.507312790625 0.19552502031250002 0.45719473906249997 0.223923971875 0.4499550390625 0.25009630625 0.4619946078125 0.2850282890625 0.49949984062499997 0.2912146859375 0.5240322140625 0.2713487609375 0.5286986625 0.22695046093750001 0.507312790625 0.19552502031250002
2 0.4535547796875 0.10907505312500002 0.41582292968749995 0.14775359999999998 0.4130230609375 0.1743925796875 0.43394228906250004 0.2102578515625 0.462567859375 0.2155109578125 0.5111659625 0.1802189390625 0.514899121875 0.1447003 0.4535547796875 0.10907505312500002
2 0.086955696875 0.308454378125 0.0461839515625 0.333346790625 0.0370776734375 0.3772784453125 0.061503440625 0.42249002031250005 0.081249353125 0.4268098375 0.1141947421875 0.4123170328125 0.129140784375 0.355532534375 0.086955696875 0.308454378125
2 0.1155678640625 0.228417428125 0.0897421625 0.196525340625 0.058663353125 0.19325882656249999 0.0312110953125 0.21955117343750002 0.027477935937499996 0.2550698140625 0.0434906890625 0.29490826875 0.0760894453125 0.30506785000000003 0.1179144953125 0.29150833593750003 0.1155678640625 0.228417428125
2 0.213110703125 0.13318100156249998 0.1737388921875 0.144753925 0.161126071875 0.1793392734375 0.16931246718749998 0.22957733593750002 0.2162840171875 0.25246975 0.2398831 0.2414834859375 0.2513226046875 0.17535268125 0.213110703125 0.13318100156249998
2 0.24944898750000002 0 0.24592267343750002 0.01318558125 0.2712817296875 0.0495174984375 0.2999073015625 0.0547706046875 0.31999984531250003 0.034438034374999996 0.3174075078125 0 0.24944898750000002 0
2 0.9008176906250001 0.2099507953125 0.8790851859375 0.203177740625 0.8364468593750001 0.24582947187499998 0.83224705625 0.285787940625 0.8857650390625 0.33181279375 0.9254834828125 0.29558748437500004 0.9292166421875001 0.2600688453125 0.9008176906250001 0.2099507953125
2 0.23968329375000003 0.45692854531249993 0.20719114374999997 0.38169146249999997 0.1755256765625 0.3626522203125 0.1118615171875 0.43451618124999997 0.1057951328125 0.4922339703125 0.1271810046875 0.5236594125 0.18641874218750001 0.5366188625 0.23268361875000002 0.5235259937500001 0.23968329375000003 0.45692854531249993
2 1 0.052042415625000005 0.9516155984375001 0.046957009375 0.9863209609375 0.0797823859375 1 0.08016478593750001 1 0.052042415625000005
2 0.1765625 0.95 0.1046875 0.0484375
2 0.16875 0.58671875 0.146875 0.159375
2 0.721875 0.47421875 0.1546875 0.196875
2 0.603125 0.1 0.153125 0.159375