2 0.5213839390625 0.3937625796875 0.5594849609375 0.455647325 0.5969745328125 0.47233875937500003 0.6380204296875001 0.44223702343750004 0.6598476890625 0.39321219687500003 0.6553843734375 0.356670325 0.614715440625 0.30055320625 0.5746579546875 0.2896293984375 0.5483673796875 0.30211235468750003 0.5162888234375 0.3431175421875 0.5213839390625 0.3937625796875
2 0.5332147390624999 0.437040134375 0.5012176015625001 0.35368473906250003 0.4624440703125 0.3398771203125 0.4136944359375 0.387281734375 0.42775689375 0.448830225 0.4732457515625 0.48636050781250006 0.5107556796875 0.4719617953125 0.5332147390624999 0.437040134375
2 0.514373065625 0.3318981890625 0.5519033484375 0.28640933125 0.5394407484375 0.22902860937499997 0.497151603125 0.1998338671875 0.45675786250000006 0.21294862343749998 0.44391829843749997 0.24178675625 0.453181184375 0.2908319375 0.48008320624999995 0.3235422953125 0.514373065625 0.3318981890625
2 0.442889178125 0.344992590625 0.45861255625 0.3174384125 0.4330148453125 0.25075409843749996 0.4038608109375 0.23086294999999998 0.369234696875 0.24654561875 0.3522273640625 0.276983609375 0.36149025 0.3260287890625 0.399611625 0.3568233890625 0.442889178125 0.344992590625
2 0.3492824859375 0.3689700890625 0.349241778125 0.43115038125 0.372944084375 0.45552519843750006 0.411401715625 0.4622812359375 0.42455717968749995 0.44049468437500006 0.399927525 0.3638749734375 0.3492824859375 0.3689700890625
2 0.3809433703125 0.4763640484375 0.3351182578125 0.462872328125 0.30049214218750003 0.4785549953125 0.32289013906249997 0.5369037718749999 0.3834502203125 0.5638668578125 0.414224465625 0.556835628125 0.406245534375 0.5049066343749999 0.3809433703125 0.4763640484375
2 0.5180620984375001 0.5719679156249999 0.4815405828125 0.5453410843750001 0.445314609375 0.5568559828125 0.43824267343749995 0.58826203125 0.46160872656249996 0.6366754109375 0.511601609375 0.648567271875 0.526693184375 0.6069099296875 0.5180620984375001 0.5719679156249999
2 0.372169803125 0.659053053125 0.3888612375 0.6215634796875 0.37543058125 0.5741181546874999 0.33474129375 0.54909118125 0.30428295 0.56317399375 0.2879074171875 0.60771515 0.3039059859375 0.649392846875 0.3272923921875 0.6667160828124999 0.372169803125 0.659053053125
2 0.23351228124999998 0.46601097812500003 0.2059581046875 0.4502876015625 0.1671642203125 0.4675701265625 0.15752436875 0.5047437984375 0.1792905640625 0.5489894109375 0.24178675625 0.5560817015625 0.2511107078125 0.5118564453125 0.23351228124999998 0.46601097812500003
2 0 0.58993506875 0.04649266875 0.707558434375 0.080486984375 0.6777726000000001 0.08566351875 0.6040570546875 0.050089703124999996 0.598584975 0.0949874671875 0.5598318 0.10304781562500001 0.48740020937499995 0.05661125625 0.42871517968750006 0.0027665046875 0.42547475625000003 0 0.43059157656249997 0 0.58993506875
2 0.1382340828125 0.105687375 0.16513610625 0.1383977328125 0.20519359218750002 0.149321540625 0.23116826562499998 0.1297870015625 0.238892359375 0.0813939765625 0.2312089765625 0.06760671093750001 0.1382340828125 0.105687375
2 0.1756422390625 0.2467393921875 0.19810129999999998 0.2118177328125 0.18467064375 0.1643724078125 0.1481491265625 0.137745578125 0.11609092343750001 0.14766061875 0.10131524843749999 0.1963695453125 0.114114103125 0.2297117046875 0.14903576406250002 0.2521707640625 0.1756422390625 0.2467393921875
2 0.30911264374999997 0.0400932421875 0.40107877187499996 0.0741282640625 0.42288567656250003 0.0561935828125 0.43734545156250004 0.00043307500000000005 0.30911264374999997 0.0400932421875
2 0.66548260625 0.10891721406249999 0.617425834375 0.077154559375 0.5853676328125 0.0870696015625 0.56482433125 0.133210615625 0.57985484375 0.18482370937499998 0.6493822640625 0.222690246875 0.6785770062500001 0.1804011015625 0.66548260625 0.10891721406249999
2 0.76734341875 0.20610058437499998 0.8064735578125 0.164779496875 0.800746640625 0.1000312921875 0.7462904421875 0.05159755781249999 0.70429684375 0.060544542187499995 0.6831217406250001 0.092582390625 0.6904485140625 0.1614983640625 0.7231181640625 0.19677663437499998 0.76734341875 0.20610058437499998
2 0.6703125 0.6515625 0.234375 0.2203125