2 0.6607142859375 0.8459821421875 0.65625 0.9084821421875 0.6808035718750001 0.9375 0.7142857140625 0.9397321421875 0.75 0.9040178578125 0.75 0.8549107140625001 0.6986607140625 0.8125 0.6607142859375 0.8459821421875
2 0.6183035718750001 1 0.7008928578125 0.9977678578125 0.6763392859375 0.9375 0.640625 0.9241071421875 0.6205357140625 0.9397321421875 0.6183035718750001 1
2 0.7566964281249999 0.9017857140625001 0.7276785718750001 0.9575892859374999 0.7366071421875 0.9977678578125 0.8169642859374999 0.9977678578125 0.8303571421875 0.953125 0.8169642859374999 0.9174107140625001 0.796875 0.8973214281249999 0.7566964281249999 0.9017857140625001
2 0.9665178578125 0.3125 1 0.3147321421875 0.9933035718750001 0.147321428125 0.9464285718750001 0.203125 0.9419642859374999 0.265625 0.9665178578125 0.3125
2 0.6004464281249999 0.34375 0.5669642859375 0.3772321421875 0.5580357140625 0.453125 0.5870535718750001 0.491071428125 0.6383928578125 0.49776785781250005 0.6741071421875 0.462053571875 0.6830357140625 0.390625 0.6584821421875 0.35267857187499996 0.6004464281249999 0.34375
2 0.32366071406249997 0.29017857187499996 0.28571428593750003 0.32366071406249997 0.27678571406249997 0.39955357187499996 0.30133928593750003 0.428571428125 0.34821428593750003 0.444196428125 0.37946428593750003 0.41741071406249997 0.3928571421875 0.359375 0.37946428593750003 0.31919642812500004 0.32366071406249997 0.29017857187499996
2 0.27455357187499996 0.43303571406249997 0.2455357140625 0.462053571875 0.2455357140625 0.5200892859375 0.27455357187499996 0.5669642859375 0.30803571406249997 0.5691964281249999 0.33482142812500004 0.5424107140625 0.34375 0.475446428125 0.328125 0.45089285781250005 0.27455357187499996 0.43303571406249997
2 0.1852678578125 0.45089285781250005 0.1428571421875 0.48883928593750003 0.133928571875 0.546875 0.171875 0.59375 0.2142857140625 0.5959821421875 0.2366071421875 0.5736607140625 0.24107142812500001 0.49776785781250005 0.2165178578125 0.45535714218749995 0.1852678578125 0.45089285781250005
2 0.0915178578125 0.6517857140625 0.071428571875 0.6674107140625 0.0669642859375 0.7165178578125 0.087053571875 0.75 0.116071428125 0.7566964281249999 0.147321428125 0.7299107140625 0.147321428125 0.6763392859375 0.12276785781249999 0.6517857140625 0.0915178578125 0.6517857140625
2 0.14508928593749998 0.34375 0.116071428125 0.3727678578125 0.11160714218750001 0.43526785781250005 0.1272321421875 0.46428571406249997 0.15625 0.462053571875 0.1875 0.444196428125 0.2008928578125 0.40401785781250005 0.178571428125 0.359375 0.14508928593749998 0.34375
2 0.2075892859375 0.27678571406249997 0.18303571406250002 0.3102678578125 0.18303571406250002 0.35491071406249997 0.2165178578125 0.40178571406249997 0.2366071421875 0.40401785781250005 0.2633928578125 0.38169642812500004 0.28125 0.3147321421875 0.265625 0.28571428593750003 0.2075892859375 0.27678571406249997
2 0.24330357187499999 0.10714285781249999 0.2053571421875 0.16741071406250002 0.20982142812500001 0.25669642812500004 0.234375 0.27678571406249997 0.27232142812500004 0.27455357187499996 0.3303571421875 0.2075892859375 0.31696428593750003 0.131696428125 0.2834821421875 0.0982142859375 0.24330357187499999 0.10714285781249999
2 0.11160714218750001 0.2165178578125 0.133928571875 0.26116071406249997 0.1696428578125 0.27455357187499996 0.19196428593749998 0.25669642812500004 0.196428571875 0.149553571875 0.14508928593749998 0.12946428593749998 0.11160714218750001 0.2165178578125
2 0.5602678578125 0.0357142859375 0.6071428578125 0.037946428125 0.6383928578125 0.0200892859375 0.6361607140625 0 0.5357142859375 0.0022321421875000002 0.5602678578125 0.0357142859375
2 0.9296875 0.928125 0.1375 0.14375
2 0.14375 0.9765625 0.0875 0.046875
2 0.7098214281249999 0.171875 0.7276785718750001 0.22544642812500001 0.7433035718750001 0.24107142812500001 0.84375 0.2477678578125 0.8705357140625001 0.194196428125 0.8526785718750001 0.131696428125 0.7522321421875 0.116071428125 0.7098214281249999 0.171875
2 0.03125 0.024553571875 0.022321428125 0.14508928593749998 0.053571428125 0.2075892859375 0.084821428125 0.2165178578125 0.147321428125 0.109375 0.116071428125 0.0111607140625 0.046875 0 0.03125 0.024553571875
2 0.43203125 0.09453125 0.1578125 0.1890625