0 0.52421875 0.83828125 0.2171875 0.2578125
0 0.65 0.91796875 0.109375 0.1125
0 0.43046875 0.684375 0.1234375 0.140625
0 0.03125 0.61328125 0.0625 0.0890625
0 0.0390625 0.41171875 0.078125 0.0953125
0 0.04453125 0.31484375 0.0890625 0.1203125
0 0.159375 0.3875 0.084375 0.090625
0 0.46640625 0.30859375 0.0921875 0.09375
0 0.5203125 0.37734375 0.128125 0.1375
0 0.615625 0.37265625 0.09375 0.1
0 0.65625 0.25859375 0.20625 0.2234375
0 0.94296875 0.428125 0.1140625 0.1625
0 0.54375 0.05390625 0.103125 0.1078125