1 0.84296875 0.87109375 0.11328125 0.1515625
1 0.95546875 0.690625 0.0890625 0.13984375
1 0.85546875 0.3453125 0.0984375 0.1453125
1 0.690625 0.50546875 0.1171875 0.14375
1 0.590625 0.82421875 0.1 0.16015625
1 0.48046875 0.73046875 0.0984375 0.1515625
1 0.3125 0.93125 0.11796875 0.13671875
1 0.240625 0.8578125 0.09609375 0.125
1 0.1265625 0.64921875 0.1234375 0.159375
1 0.23359375 0.3953125 0.09609375 0.128125
1 0.5984375 0.26484375 0.10625 0.14453125
1 0.046875 0.2109375 0.09375 0.1375
1 0.25546875 0.9734375 0.0921875 0.053125