2 0.430803571875 0.0669642859375 0.40178571406249997 0.087053571875 0.3883928578125 0.171875 0.421875 0.21875 0.46875 0.22544642812500001 0.5044642859375 0.203125 0.5178571421875 0.140625 0.47991071406249997 0.0803571421875 0.430803571875 0.0669642859375
2 0.578125 0.29017857187499996 0.5401785718750001 0.33258928593750003 0.5401785718750001 0.36830357187499996 0.5691964281249999 0.415178571875 0.6205357140625 0.41741071406249997 0.6473214281249999 0.38616071406249997 0.6473214281249999 0.33258928593750003 0.6183035718750001 0.2946428578125 0.578125 0.29017857187499996
2 0.444196428125 0.7053571421875 0.40625 0.7433035718750001 0.40625 0.7834821421875 0.43526785781250005 0.8303571421875 0.47321428593750003 0.8325892859374999 0.5 0.796875 0.5 0.7566964281249999 0.46651785781250005 0.7098214281249999 0.444196428125 0.7053571421875
2 0.265625 0.36607142812500004 0.2232142859375 0.39955357187499996 0.21875 0.462053571875 0.2477678578125 0.5044642859375 0.28125 0.5066964281249999 0.3125 0.47991071406249997 0.32142857187499996 0.430803571875 0.30803571406249997 0.390625 0.265625 0.36607142812500004
2 0.734375 0.5625 0.7008928578125 0.6049107140625 0.6919642859375 0.7165178578125 0.7209821421875 0.7589285718750001 0.7633928578125 0.7611607140625 0.8125 0.7120535718750001 0.8214285718750001 0.6361607140625 0.7834821421875 0.5714285718750001 0.734375 0.5625
2 0.828125 0.7053571421875 0.7767857140625 0.7611607140625 0.7767857140625 0.7924107140625 0.796875 0.8303571421875 0.8392857140625001 0.8325892859374999 0.8616071421875 0.8102678578125 0.8705357140625001 0.7477678578125 0.8571428578125 0.7120535718750001 0.828125 0.7053571421875
2 0.171875 0.8616071421875 0.133928571875 0.8995535718750001 0.12946428593749998 0.9709821421875 0.149553571875 1 0.2008928578125 0.9977678578125 0.2321428578125 0.9620535718750001 0.24107142812500001 0.8995535718750001 0.2165178578125 0.8660714281249999 0.171875 0.8616071421875
2 0.7566964281249999 0.1741071421875 0.7142857140625 0.203125 0.7008928578125 0.27455357187499996 0.7299107140625 0.31696428593750003 0.7633928578125 0.31919642812500004 0.7991071421875 0.30133928593750003 0.8125 0.22544642812500001 0.7790178578125 0.178571428125 0.7566964281249999 0.1741071421875
2 0.9263392859374999 0.0491071421875 0.9017857140625001 0.0736607140625 0.9017857140625001 0.12276785781249999 0.9397321421875 0.16071428593749998 0.9642857140625001 0.1584821421875 0.9910714281249999 0.109375 0.9866071421875 0.078125 0.9575892859374999 0.0491071421875 0.9263392859374999 0.0491071421875
2 0.6785714281249999 0.17633928593749998 0.7142857140625 0.19866071406250002 0.75 0.1584821421875 0.7254464281249999 0.11160714218750001 0.6785714281249999 0.13616071406250002 0.6785714281249999 0.17633928593749998
2 0 0.25669642812500004 0.0491071421875 0.2790178578125 0.084821428125 0.2477678578125 0.09375 0.203125 0.0803571421875 0.1540178578125 0.060267857812500006 0.133928571875 0.0290178578125 0.133928571875 0 0.1540178578125 0 0.25669642812500004
2 0.9598214281249999 0.7254464281249999 1 0.7522321421875 0.9933035718750001 0.5982142859375 0.9553571421875 0.6361607140625 0.9508928578125 0.6986607140625 0.9598214281249999 0.7254464281249999
2 0.015625 0 0 0.015625 0 0.100446428125 0.0290178578125 0.12053571406250001 0.0625 0.118303571875 0.12053571406250001 0.0200892859375 0.10491071406250001 0 0.015625 0
2 0.59375 0.6674107140625 0.5892857140625 0.7120535718750001 0.6049107140625 0.7321428578125 0.6339285718750001 0.7299107140625 0.6517857140625 0.6897321421875 0.6383928578125 0.6540178578125 0.6138392859375 0.6473214281249999 0.59375 0.6674107140625
2 0.93984375 0.9390625 0.0890625 0.115625
2 0.31796875 0.01640625 0.1078125 0.03203125
2 0.9977678578125 0.116071428125 0.9732142859374999 0.17633928593749998 1 0.21205357187499999 0.9977678578125 0.116071428125
2 0.48515625 0.6078125 0.1609375 0.18359375
2 0.26640625 0.171875 0.10546875 0.171875
2 0.90859375 0.37734375 0.1828125 0.21015625