1 0.07890625 0.2875 0.1578125 0.18125
1 0.17734375 0.159375 0.1828125 0.159375
1 0.0453125 0.54453125 0.090625 0.1578125
1 0.28046875 0.340625 0.1921875 0.196875
1 0.2484375 0.546875 0.1484375 0.1625
1 0.371875 0.65546875 0.1734375 0.1875
1 0.40390625 0.45625 0.1484375 0.1578125
1 0.55546875 0.5640625 0.125 0.1375
1 0.59921875 0.4890625 0.159375 0.1703125
1 0.59609375 0.3625 0.16875 0.18125
1 0.6734375 0.21875 0.16875 0.184375
1 0.828125 0.71484375 0.1921875 0.1984375
1 0.9453125 0.6296875 0.109375 0.196875