2 0.8568877578125 1 0.8645145953125001 0.9850548671875 0.8240314671875 0.9321823109375 0.7945838515625 0.9505832249999999 0.7787524453125 1 0.8568877578125 1
2 0.721492025 1 0.7259846375000001 0.989726425 0.6888471296875001 0.9422079812499999 0.643337178125 0.9706457546875 0.6365602171875 1 0.721492025 1
2 0.5904415109375 1 0.5924759109375 0.97264865 0.56972513125 0.9421967890625 0.5382718203125 0.9395169343750001 0.52236409375 1 0.5904415109375 1
2 0.6108908140625 0.8531937671875 0.59783561875 0.9097420296875001 0.64066291875 0.9425380656250001 0.678480184375 0.8779614328124999 0.6654333828125 0.8451681953125 0.64033843125 0.8347928546875 0.6108908140625 0.8531937671875
2 0.6001825890625 0.8598850078125 0.5857986609375 0.8130379265625001 0.5530082203125 0.796304228125 0.5148608703125 0.81269665 0.49611868125 0.8541868203125 0.501467196875 0.9104022015625001 0.5419531234375 0.9334942578125001 0.582777528125 0.9154290250000001 0.6001825890625 0.8598850078125
2 0.78388681875 0.8381524656250001 0.8036332546875 0.7923124265625 0.7929306265625 0.7394426671875001 0.75278038125 0.704973821875 0.6898709625 0.7293946140625 0.6764828859375001 0.7675391640625 0.6731316671875 0.8217460531249999 0.6948782015625 0.85654778125 0.730345696875 0.871608671875 0.78388681875 0.8381524656250001
2 0.9304451453125001 0.8582429765624999 0.9113728703125 0.8515489374999999 0.8692085374999999 0.8853408249999999 0.8548162140625 0.9278352421875 0.8768956296875 0.9810406828125 0.8993135265625 0.9930888343750001 0.9304451453125001 0.8582429765624999
2 0.8548413953124999 0.6598107421875 0.8253937796875 0.6782116546875 0.8207054328125001 0.7183646984375 0.8337522343750001 0.7511579359375 0.8625284890625 0.7555106 0.8953245234375 0.7126833 0.8765907281249999 0.664831971875 0.8548413953124999 0.6598107421875
2 0.677498321875 0.6440672984375 0.67414710625 0.6982741875 0.697233565625 0.7173492609375 0.7648285328125 0.6825559265625001 0.7531244578125 0.604255534375 0.721671146875 0.601575678125 0.677498321875 0.6440672984375
2 0.6212857421875 0.6196353140624999 0.5864840109375 0.6413818484375 0.579787175 0.690234625 0.5971838421875 0.7240321078124999 0.6293057171875 0.733738884375 0.6634388812500001 0.704965428125 0.67013571875 0.656112653125 0.6212857421875 0.6196353140624999
2 0.6487304625 0.550373134375 0.6386880046875001 0.5938717984374999 0.67616119375 0.6300134546875 0.7186612078125 0.584844778125 0.7126413296874999 0.551382975 0.6868778109375 0.5339807125 0.6487304625 0.550373134375
2 0.7032758296875 0.5125670625 0.7190052828125 0.484126490625 0.7159981421875 0.4376150890625 0.6888974953125 0.40615897968750003 0.6477402078125001 0.4058205015625 0.612267115625 0.4503206125 0.604898915625 0.521926965625 0.6146000968750001 0.549366090625 0.6346766171875 0.5517102640625 0.7032758296875 0.5125670625
2 0.8464941312500001 0.46774246093749994 0.832110203125 0.4208953796875 0.7983155171874999 0.40851154687499996 0.7698721453124999 0.42256259375000005 0.74577584375 0.46739838593750005 0.7568141515625 0.50889135625 0.7922816484374999 0.5239522453125 0.8287561875 0.50488276875 0.8464941312500001 0.46774246093749994
2 0.774543703125 0.5610925515625 0.7922732546875 0.6132937453125 0.8287449953125 0.6240047671875 0.8799447421875 0.5808445843750001 0.862886553125 0.5058898109375 0.8240706390625 0.5152553109375 0.774543703125 0.5610925515625
2 0.9532546843749999 0.2633043390625 0.9368622625 0.225156990625 0.8987177109375001 0.2117689109375 0.8629117374999999 0.23786531093750002 0.8485194125 0.2803597296875 0.854203609375 0.3251983203125 0.9007122125 0.351971678125 0.9401994890625 0.3198526015625 0.9532546843749999 0.2633043390625
2 0.8257742296874999 0.1903468671875 0.7929837890625 0.1736131671875 0.7571778140625 0.19970956875 0.74713535625 0.24320823125 0.7792544343750001 0.2826955078125 0.80836636875 0.275671384375 0.835475409375 0.2177859921875 0.8257742296874999 0.1903468671875
2 0.7719086171875 0.1160578609375 0.7789327421875 0.145169796875 0.831464021875 0.17562445625 0.8786467859375 0.14986373749999998 0.8980603390624999 0.08561998750000001 0.797344846875 0.055495412499999994 0.7719086171875 0.1160578609375
2 1 0.1032820609375 0.9669896359375001 0.0946609984375 0.9619656078125001 0.14619083125000001 1 0.167884596875 1 0.1032820609375
2 0.691264053125 0.147838459375 0.6758758765625 0.10534124375000001 0.6387355703125001 0.0876032984375 0.597575484375 0.11704531874999999 0.58652878125 0.16489385 0.597567090625 0.20638681874999998 0.6373844515625 0.222451953125 0.6758674828125 0.19468274218749998 0.691264053125 0.147838459375
2 0.5778290484374999 0.1628853578125 0.567794984375 0.1170425203125 0.5340002984375001 0.1046586890625 0.49819432499999994 0.1307550875 0.48581049218750005 0.1645497734375 0.5001944218750001 0.21139685625000001 0.532316296875 0.22110363125000002 0.5707993265625 0.193334421875 0.5778290484374999 0.1628853578125
2 0.41822392031250005 0.110001609375 0.39245480625 0.1521603453125 0.42323675468750005 0.1775937765625 0.4483373015625 0.1284081171875 0.41822392031250005 0.110001609375
2 0.26427780625 0.36998095000000003 0.25123100468750004 0.3371877125 0.22178618593750002 0.325808125 0.18598021250000002 0.3519045265625 0.1779462453125 0.38670345781250004 0.193334421875 0.42920067343749996 0.2167565640625 0.43689895625 0.24888123593749997 0.4168252328125 0.26427780625 0.36998095000000003
2 0.12171407812499999 0.5707349734375 0.11067576875 0.5292420015625 0.07353546250000001 0.511504059375 0.033379621875 0.5365962125 0.017983051562499998 0.5834404953125001 0.022998684375 0.6212521640625 0.058130499999999995 0.6476898421875 0.100963396875 0.6209248781250001 0.12171407812499999 0.5707349734375
2 0 0.6760920296874999 0.00124375625 0.6757919359375 0.019985946875 0.6343017640624999 0 0.6063613109375 0 0.6760920296874999
2 0.13675538125 0.743730978125 0.161861525 0.63498431875 0.1240526546875 0.6102194515625 0.081216959375 0.6667649156250001 0.10998761875 0.7306785812500001 0.13675538125 0.743730978125
2 0.0467788921875 0.3793296609375 0.031723600000000005 0.35523615625 0.001599025 0.455951646875 0.0410863015625 0.42383257187499995 0.0467788921875 0.3793296609375
2 0.348888990625 0.8568498859375 0.336846434375 0.8197067828125 0.3084058625 0.8039773296874999 0.2809667375 0.8136785109375 0.262224546875 0.8551686828125 0.2766084765625 0.902015765625 0.31308021875000003 0.9127267874999999 0.3378422859375 0.9046984171875 0.348888990625 0.8568498859375
2 0.46953125 0.97734375 0.0953125 0.0453125
2 0.1171875 0.90625 0.1046875 0.0578125
2 0.75078125 0.06328125 0.0796875 0.05
2 0.18046875 0.0828125 0.2140625 0.165625
2 0.496875 0.521875 0.159375 0.190625