2 0.5782114 0.3418910171875 0.6106348671874999 0.3441272375 0.6354958390625 0.3000487015625 0.6289985984375 0.2694815890625 0.5688982609375001 0.22292404375000002 0.53674895 0.24344965156249998 0.5400817921875001 0.3020735 0.5782114 0.3418910171875
2 0.33656474375 0.343050375 0.3733549390625 0.34435841875 0.41038792500000004 0.2931286203125 0.4091855921875 0.266000059375 0.3840190984375 0.21201709531250001 0.32419291562499997 0.1882213796875 0.287022853125 0.2280702640625 0.2965787796875 0.294499396875 0.33656474375 0.343050375
2 0.44976284218749996 0.1455565953125 0.47489796875 0.12423988749999999 0.46627021874999997 0.0621774859375 0.4176878734375 0.026863778124999998 0.38461038593749997 0.04302265625 0.38887140468750003 0.1060132359375 0.44976284218749996 0.1455565953125
2 0.7316893765625 0.5808274875 0.7564446375 0.60066770625 0.79137848125 0.5932422890625 0.809362346875 0.5597535687499999 0.8010087515625001 0.52045299375 0.767382953125 0.4910882140625 0.7429018468749999 0.494009825 0.7249179812500001 0.5274985453125 0.7316893765625 0.5808274875
2 0.47250145468750004 0.7249179812500001 0.5017291562499999 0.6799112671875001 0.46002391718749996 0.63400774375 0.4209975 0.6651231671875 0.435574178125 0.7122290234374999 0.47250145468750004 0.7249179812500001
2 0.47978979375 0.748470909375 0.48443067968750003 0.7703045609375 0.5143437703125 0.7822024203125 0.55010008125 0.8430624874999999 0.5939044625000001 0.8451616328125 0.6206217875 0.8098165546875 0.6129222140625 0.7521208828125 0.5256933187499999 0.7067656703125 0.5038596656250001 0.71140655625 0.49832197031250003 0.7605058453125 0.47978979375 0.748470909375
2 0.330075653125 0.9674184734375 0.3591976453125 0.986330515625 0.402453715625 0.942906 0.409056665625 0.9095543562499999 0.367351428125 0.8636508328125 0.3263315765625 0.8746518796875 0.3136426203125 0.91157915625 0.330075653125 0.9674184734375
2 0.4707312609375 1 0.4666466265625 0.9657735390625 0.4295822734375 0.9417036671875 0.3905558578125 0.9728190906249999 0.3973938703125 1 0.4707312609375 1
2 0.11755159531249999 1 0.1373912046875 0.9627346109375001 0.1203041515625 0.9252903937499999 0.08416797499999999 0.9055872515625 0.0989152578125 1 0.11755159531249999 1
2 0.100643984375 0.7469084687499999 0.09982151875 0.6786229828125 0.0702882921875 0.625568196875 0.028857209374999998 0.6024265015625 0.012318465625 0.610505940625 0.05209300625 0.7868944328125 0.100643984375 0.7469084687499999
2 0.0499741046875 0.4655813734375 0.0896859109375 0.49137052187499997 0.11588629375 0.4858014578125 0.129503428125 0.4532409125 0.11186806093749999 0.3702730359375 0.0800986171875 0.34964171718750003 0.0565456875 0.35693005625 0.0316847171875 0.40100859375000003 0.0499741046875 0.4655813734375
2 0.269924190625 0.480443815625 0.3014194796875 0.4783133046875 0.31503661250000004 0.4457527609375 0.30668301875 0.40645218749999995 0.26776231093749997 0.3736488546875 0.23403080156249997 0.40820283125 0.2380176671875 0.4484315828125 0.269924190625 0.480443815625
2 0.871099465625 0.08794687500000001 0.9094718625 0.0752265515625 0.89726848125 0.007078140625 0.8397098875 0.0261586296875 0.8270209296875001 0.0630859046875 0.871099465625 0.08794687500000001
2 0.476857615625 0 0.46730410625 0.002625459375 0.5157493734374999 0.026558254687499998 0.5307286359375001 0 0.476857615625 0
2 0.203125 0.75625 0.16875 0.221875
2 0.57109375 0.46171875 0.175 0.19375
2 0.0484375 0.17734375 0.096875 0.1921875
2 0.69140625 0.065625 0.2203125 0.13125
2 0.9390625 0.7390625 0.121875 0.146875