2 0.026373946875 0.22474184843749997 0.0740598890625 0.270791628125 0.10522721718750001 0.265782634375 0.133734225 0.2362627640625 0.15903552031249998 0.15098677968750002 0.11565735937499999 0.09593187656249999 0.082063446875 0.0898208125 0.044317579687500004 0.1016420828125 0.020585828125 0.1489384625 0.026373946875 0.22474184843749997
2 0.20907013437500002 0.2036930109375 0.1924623125 0.2754223546875 0.165758590625 0.2803534359375 0.1728046046875 0.30032279375000004 0.1995862390625 0.29985531718749997 0.2268353484375 0.3261694765625 0.2536169828125 0.3257020015625 0.282046078125 0.2917185265625 0.28079947656250004 0.220300834375 0.26020681875 0.19163800312499998 0.24015955 0.1942204109375 0.20907013437500002 0.2036930109375
2 0.40859658593750003 0.2515573703125 0.4548801015625 0.217262246875 0.4674917953125 0.17239245 0.44878033281249996 0.12360443750000001 0.3993690203125 0.10660705156250001 0.3685912546875 0.1339340734375 0.35605747499999996 0.183267475 0.3747689359375 0.2320554875 0.40859658593750003 0.2515573703125
2 0.5010744109374999 0.3057552359375 0.49113433593750006 0.2478841859375 0.45511383906249997 0.2306530625 0.4111010828125 0.267141034375 0.4166554640625 0.32955360312500004 0.4461753328125 0.358060609375 0.47287905468749997 0.353129528125 0.5010744109374999 0.3057552359375
2 0.8355218984375 0.40930909531250004 0.872956115625 0.3796334 0.8810262906249999 0.33037791250000004 0.8511947703124999 0.28401648281249997 0.8132151656250001 0.28244693593750003 0.7825932250000001 0.3187011703125 0.7789087453125 0.363415140625 0.8086623515625 0.40531296406250006 0.8355218984375 0.40930909531250004
2 0.6776482374999999 0.4455520328125 0.6388002984375001 0.52213454375 0.6910277578125 0.5725700171875 0.7284619765625 0.542894321875 0.74099575625 0.493560921875 0.70670063125 0.4472774046875 0.6776482374999999 0.4455520328125
2 0.585081203125 0.5141422828125 0.55931243125 0.5726366328125 0.5843686953125 0.6012215515625 0.6066867234375 0.6008319890625 0.630730125 0.57139003125 0.630106825 0.5356811859375 0.585081203125 0.5141422828125
2 0.42640582499999996 0.7602526046875 0.45757315312499997 0.7552436109375 0.4859243359375 0.71679653125 0.47113109218749993 0.6366853640625 0.4351885078125 0.623917846875 0.401984159375 0.6401248125000001 0.3825601890625 0.6784160671875 0.39696386875 0.7362092046875001 0.42640582499999996 0.7602526046875
2 0.17135699531249998 0.7289847734375 0.22187038124999997 0.6812209171875 0.2207796046875 0.6187304375 0.18640656875 0.5679833140625 0.1573541734375 0.5662579437499999 0.12219071562499999 0.598126484375 0.1098906734375 0.660850703125 0.124060615625 0.705253021875 0.17135699531249998 0.7289847734375
2 0.0642304578125 0.7308546734375 0.0839660765625 0.710417840625 0.08765055625 0.6657038703125 0.0669799859375 0.6325774328125 0.03792759375 0.6308520625 0.015999128125 0.6535596531250001 0.012314646875 0.6982736234375 0.041912428125 0.7312442359375 0.0642304578125 0.7308546734375
2 0.8338518468749999 0.6973285359375 0.8283753796875001 0.6393795734375 0.7835055843750001 0.6267678812499999 0.726257834375 0.6724168015624999 0.731890128125 0.7392929765625 0.7703372078124999 0.76764415625 0.81231294375 0.7423541578124999 0.8338518468749999 0.6973285359375
2 0.769457578125 0.9730479359374999 0.8110437515625 0.9254399062499999 0.8141828453125 0.8494806953125 0.78897075625 0.8119685656250001 0.7374445093750001 0.8017055453124999 0.70658883125 0.8245689609375001 0.6900589203124999 0.9007619109375 0.724665696875 0.9648998499999999 0.769457578125 0.9730479359374999
2 0.6680525421875 0.9190058953125 0.629204603125 0.9955884078125001 0.7296746890625 0.9960671781249999 0.7224728484375 0.9671706078125 0.6680525421875 0.9190058953125
2 0.87658411875 0.9711780359375 0.9137845984374999 0.9281115249999999 0.9173132531249999 0.8744703406250001 0.883096040625 0.8326504312499999 0.849502128125 0.826539365625 0.82326588125 0.8582520812500001 0.8156631828125 0.9342892046875001 0.836255840625 0.9629520359375 0.87658411875 0.9711780359375
2 1 0.9733054171875001 0.9939736765625 0.9177818875 0.95810900625 0.909477975 0.9237246718750001 0.9859825734375001 1 0.9911812890625 1 0.9733054171875001
2 0.5226147125 0 0.46453111874999997 0.0027754296875 0.46797056562500006 0.0719223640625 0.49937163125 0.0803041875 0.5458888843749999 0.059399881249999995 0.5382372296875 0 0.5226147125 0
2 0.73203125 0.12734375 0.178125 0.19375
2 0.16875 0.93828125 0.159375 0.1234375