1 0.84921875 0.76875 0.08203125 0.1484375
1 0.93125 0.59296875 0.1109375 0.1359375
1 0.83359375 0.478125 0.11484375 0.21953125
1 0.6890625 0.4328125 0.11796875 0.16328125
1 0.85234375 0.18203125 0.07890625 0.090625
1 0.66796875 0.15078125 0.11640625 0.14453125
1 0.496875 0.2765625 0.1265625 0.12890625
1 0.54375 0.5390625 0.1140625 0.1578125
1 0.25859375 0.4875 0.11015625 0.1296875
1 0.071875 0.7328125 0.14296875 0.14296875
1 0.2421875 0.94453125 0.09609375 0.1109375
1 0.35625 0.96328125 0.1 0.0734375