2 0.7589285718750001 0.328125 0.7834821421875 0.35267857187499996 0.8125 0.35044642812500004 0.8392857140625001 0.30580357187499996 0.796875 0.2678571421875 0.7633928578125 0.29241071406249997 0.7589285718750001 0.328125
2 0.6629464281249999 0.1741071421875 0.6339285718750001 0.19866071406250002 0.6205357140625 0.25669642812500004 0.6540178578125 0.2991071421875 0.6830357140625 0.30133928593750003 0.71875 0.2790178578125 0.7232142859375 0.2209821421875 0.6986607140625 0.18303571406250002 0.6629464281249999 0.1741071421875
2 0.6741071421875 0.078125 0.6651785718750001 0.131696428125 0.6941964281249999 0.1696428578125 0.7366071421875 0.17633928593749998 0.7678571421875 0.109375 0.7388392859375 0.0625 0.6986607140625 0.053571428125 0.6741071421875 0.078125
2 0.59375 0.060267857812500006 0.6294642859375 0.069196428125 0.6696428578125 0.037946428125 0.6785714281249999 0.0022321421875000002 0.578125 0 0.59375 0.060267857812500006
2 0.45758928593750003 0.0892857140625 0.42410714218749995 0.118303571875 0.41964285781250005 0.171875 0.43973214218749995 0.2008928578125 0.46875 0.203125 0.5044642859375 0.162946428125 0.5044642859375 0.1272321421875 0.493303571875 0.102678571875 0.45758928593750003 0.0892857140625
2 0.5200892859375 0.5133928578125 0.491071428125 0.5424107140625 0.491071428125 0.6049107140625 0.5111607140625 0.6339285718750001 0.5535714281249999 0.6316964281249999 0.5758928578125 0.6183035718750001 0.5848214281249999 0.5558035718750001 0.5558035718750001 0.5133928578125 0.5200892859375 0.5133928578125
2 0.5334821421875 0.30803571406249997 0.48660714218749995 0.359375 0.48660714218749995 0.412946428125 0.515625 0.459821428125 0.5580357140625 0.46651785781250005 0.6026785718750001 0.421875 0.6071428578125 0.36383928593750003 0.5825892859375 0.32142857187499996 0.5334821421875 0.30803571406249997
2 0.6450892859375 0.5669642859375 0.625 0.6272321421875 0.6450892859375 0.65625 0.6785714281249999 0.6584821421875 0.7008928578125 0.6272321421875 0.6964285718750001 0.5915178578125 0.6674107140625 0.5625 0.6450892859375 0.5669642859375
2 0.7299107140625 0.5535714281249999 0.7053571421875 0.6138392859375 0.7299107140625 0.65625 0.7589285718750001 0.6584821421875 0.78125 0.6361607140625 0.78125 0.5825892859375 0.765625 0.5580357140625 0.7299107140625 0.5535714281249999
2 0.8191964281249999 0.5758928578125 0.7946428578125 0.5915178578125 0.7857142859375 0.6361607140625 0.8102678578125 0.6830357140625 0.8392857140625001 0.6808035718750001 0.8660714281249999 0.6495535718750001 0.8660714281249999 0.6183035718750001 0.8415178578125 0.5803571421875 0.8191964281249999 0.5758928578125
2 0.8370535718750001 0.7544642859375 0.8169642859374999 0.8102678578125 0.8571428578125 0.8370535718750001 0.8794642859374999 0.8102678578125 0.8794642859374999 0.7790178578125 0.859375 0.7544642859375 0.8370535718750001 0.7544642859375
2 0.7924107140625 0.8169642859374999 0.7544642859375 0.8504464281249999 0.7455357140625 0.921875 0.7790178578125 0.96875 0.8035714281249999 0.9665178578125 0.84375 0.9308035718750001 0.8526785718750001 0.890625 0.8392857140625001 0.8459821421875 0.7924107140625 0.8169642859374999
2 0.6897321421875 0.78125 0.6428571421875 0.8236607140625001 0.6339285718750001 0.8772321421875 0.6584821421875 0.9285714281249999 0.7098214281249999 0.9352678578125 0.7410714281249999 0.9084821421875 0.7455357140625 0.8504464281249999 0.7276785718750001 0.8013392859374999 0.6897321421875 0.78125
2 0.5 0.8950892859374999 0.49553571406249997 0.9486607140625001 0.529682290625 0.9771545984375001 0.5424107140625 1 0.5892857140625 0.9977678578125 0.5982142859375 0.9040178578125 0.5736607140625 0.875 0.5334821421875 0.8660714281249999 0.5 0.8950892859374999
2 0.53125 0.9977678578125 0.493303571875 0.96875 0.4725489734375 0.964650709375 0.446428571875 0.9977678578125 0.53125 0.9977678578125
2 0.39732142812500004 0.9308035718750001 0.41071428593750003 0.9709821421875 0.446428571875 0.9888392859374999 0.477678571875 0.9575892859374999 0.477678571875 0.9129464281249999 0.421875 0.8883928578125 0.39732142812500004 0.9308035718750001
2 0.234375 0.7946428578125 0.2053571421875 0.828125 0.2053571421875 0.8772321421875 0.234375 0.9151785718750001 0.25892857187499996 0.9174107140625001 0.28125 0.9040178578125 0.2946428578125 0.8549107140625001 0.28125 0.8191964281249999 0.234375 0.7946428578125
2 0.1272321421875 0.8080357140625001 0.09375 0.8325892859374999 0.084821428125 0.890625 0.11383928593749999 0.9241071421875 0.1428571421875 0.9263392859374999 0.1696428578125 0.8995535718750001 0.1741071421875 0.8415178578125 0.149553571875 0.8080357140625001 0.1272321421875 0.8080357140625001
2 0.19196428593749998 0.5111607140625 0.19196428593749998 0.5558035718750001 0.21205357187499999 0.5848214281249999 0.2366071421875 0.5870535718750001 0.28125 0.5424107140625 0.2633928578125 0.5066964281249999 0.2165178578125 0.477678571875 0.19196428593749998 0.5111607140625
2 0.09375 0.6495535718750001 0.084821428125 0.6852678578125 0.109375 0.7276785718750001 0.147321428125 0.7299107140625 0.1696428578125 0.703125 0.1696428578125 0.6629464281249999 0.12276785781249999 0.6294642859375 0.09375 0.6495535718750001
2 0.0959821421875 0.34375 0.071428571875 0.3772321421875 0.0625 0.43526785781250005 0.0825892859375 0.46428571406249997 0.12053571406250001 0.47098214218749995 0.15625 0.43973214218749995 0.15625 0.38616071406249997 0.13616071406250002 0.34821428593750003 0.0959821421875 0.34375
2 0 0.43526785781250005 0.0446428578125 0.43526785781250005 0.0803571421875 0.328125 0.055803571875 0.29017857187499996 0.015625 0.28571428593750003 0 0.296875 0 0.43526785781250005
2 0.0625 0.19866071406250002 0.0625 0.2522321421875 0.087053571875 0.27678571406249997 0.11160714218750001 0.27455357187499996 0.1428571421875 0.2388392859375 0.12946428593749998 0.180803571875 0.0915178578125 0.165178571875 0.0625 0.19866071406250002
2 0.43973214218749995 0.0357142859375 0.46875 0.037946428125 0.49553571406249997 0.024553571875 0.5022321421875 0 0.415178571875 0.0022321421875000002 0.43973214218749995 0.0357142859375
2 0.7723214281249999 0.9977678578125 0.7522321421875 0.9732142859374999 0.7165178578125 0.9732142859374999 0.6875 0.9977678578125 0.7723214281249999 0.9977678578125
2 0.18303571406250002 0.0022321421875000002 0.102678571875 0.0022321421875000002 0.15625 0.015625 0.18303571406250002 0.0022321421875000002
2 0 0.7165178578125 0.022321428125 0.7165178578125 0.040178571875 0.703125 0.0446428578125 0.6584821421875 0.0022321421875000002 0.6160714281249999 0 0.7165178578125