2 0.925 0.83828125 0.14921875 0.15703125
2 0.8 0.90546875 0.08125 0.078125
2 0.85703125 0.73828125 0.128125 0.13203125
2 0.93515625 0.609375 0.1296875 0.17421875
2 0.9046875 0.45859375 0.090625 0.13046875
2 0.75859375 0.63125 0.10703125 0.1421875
2 0.63125 0.64296875 0.096875 0.13359375
2 0.6484375 0.88046875 0.1046875 0.1578125
2 0.75859375 0.378125 0.0921875 0.11640625
2 0.82890625 0.1828125 0.13515625 0.21328125
2 0.65625 0.18203125 0.0890625 0.11796875
2 0.5703125 0.0390625 0.128125 0.078125
2 0.36953125 0.03046875 0.109375 0.0609375
2 0.2234375 0.19296875 0.14140625 0.196875
2 0.08359375 0.1859375 0.12109375 0.15703125
2 0.03359375 0.315625 0.0671875 0.14609375
2 0.315625 0.53203125 0.10546875 0.14375
2 0.25390625 0.64375 0.10078125 0.134375
2 0.28359375 0.80234375 0.08828125 0.103125
2 0.3 0.9375 0.103125 0.12421875
2 0.1390625 0.8140625 0.103125 0.1359375
2 0.04609375 0.803125 0.08828125 0.11953125
2 0.15390625 0.55546875 0.184375 0.2046875
2 0.140625 0.0203125 0.09375 0.040625