2 1 0.249237740625 0.9971517734375 0.248459959375 0.9606943078124999 0.28120747343749997 0.9483856140625001 0.3335364703125 0.9839993765624999 0.3756192640625 1 0.37802133125 1 0.249237740625
2 0.7601914 0.277082490625 0.7788220124999999 0.3136471234375 0.808542528125 0.32330390468750003 0.85349156875 0.29331546875000003 0.8658002625 0.24098647343750002 0.8486027765624999 0.20723450468750002 0.80333223125 0.1948722265625 0.773879634375 0.22050770625 0.7601914 0.277082490625
2 0.7324797921874999 0.1601158046875 0.7566285640625 0.17969728437500002 0.8058233937500001 0.15108839062499999 0.8168597140625 0.1171220859375 0.8010417671875001 0.079124328125 0.7685085875000001 0.07090067343749999 0.7292920421875 0.1121397640625 0.7324797921874999 0.1601158046875
2 0.6912407 0.1208992578125 0.7334306625 0.0994024 0.7514718515625 0.058324059375 0.6651765515625 0.03497904375 0.6685250515625001 0.1041304421875 0.6912407 0.1208992578125
2 0.579323559375 0.2558671890625 0.6021999578125 0.29381136093750004 0.6276746875 0.30208860312499997 0.6613730703125 0.2778326640625 0.6849324218749999 0.219771171875 0.669114475 0.1817734140625 0.6195981421875 0.168031596875 0.5817611359375 0.2050249 0.579323559375 0.2558671890625
2 0.6699718156250001 0.2947086484375 0.689981965625 0.32702749375 0.7490479109375 0.296931890625 0.7485120734375 0.22634736875 0.706107778125 0.2196104203125 0.68090096875 0.246625440625 0.6699718156250001 0.2947086484375
2 0.6811289421875 0.46262479062499995 0.704005340625 0.5005689640625001 0.72948006875 0.5088462046875 0.751927796875 0.49032276093749994 0.7684822796875 0.4393733046875 0.7512847921875 0.40562133593749994 0.724376940625 0.39453143125 0.69492434375 0.42016691093749997 0.6811289421875 0.46262479062499995
2 0.9062628734375 0.5498573234374999 0.9236211140625 0.6047846484375 0.9547211703125 0.6101956421875 0.995424421875 0.5788276671875 0.990642796875 0.5068636046874999 0.949618040625 0.49588086875000004 0.9215449843749999 0.517270559375 0.9062628734375 0.5498573234374999
2 0.7149081859375 0.8209583890625 0.749142409375 0.8672869703125 0.7844882546874999 0.8740775031249999 0.83920124375 0.8284854578124999 0.8485365234375 0.7564142281249999 0.8213607515625 0.7100320625000001 0.784581784375 0.700428865625 0.722863925 0.7531329484375 0.7149081859375 0.8209583890625
2 0.44699487187500003 0.67757974375 0.4628664015625 0.7226359515625 0.48409534218749994 0.7295336531250001 0.5247985953125001 0.698165678125 0.5372144578125 0.6599535859375 0.5227760499999999 0.617710040625 0.48599708281250004 0.60810684375 0.45654448593749997 0.633742321875 0.44699487187500003 0.67757974375
2 0.5891147828125 0.6157946625 0.610504475 0.6438677203125 0.6444707796875 0.6549040421875 0.6669185093750001 0.636380596875 0.6904778578124999 0.5783191046875 0.6717936625 0.53469601875 0.6237640390625 0.5308253171875 0.5943114421875 0.5564607984375 0.5891147828125 0.6157946625
2 0.6816920546875 0.9087403984375 0.7003226671875 0.9453050296875001 0.755142825 0.9138298875 0.74495020625 0.872965884375 0.718042353125 0.861875978125 0.6927283765625 0.8747740937499999 0.6816920546875 0.9087403984375
2 0.5436035968749999 0.9436712093749999 0.566372828125 0.967498478125 0.5918475562500001 0.9757757187499999 0.6227868609375 0.9600113578125 0.63509555625 0.907682359375 0.6136522796875 0.87255085 0.586744428125 0.8614609468750001 0.5460411749999999 0.8928289218750001 0.5436035968749999 0.9436712093749999
2 0.4887834390625 0.9751463515625 0.5310805671875001 0.9677663984375 0.542009721875 0.9196831890625001 0.529058021875 0.8873107609374999 0.48394822968750006 0.8961238390625 0.47291190937499994 0.93009014375 0.4887834390625 0.9751463515625
2 0.3128306984375 0.67153938125 0.34706492031249997 0.7178679640625 0.38941563437500004 0.7175464609375 0.42162731249999996 0.68341940625 0.4326636328125 0.6494531015625 0.398375825 0.59606606875 0.370088434375 0.5892219515625 0.32238031093749997 0.6277019625 0.3128306984375 0.67153938125
2 0.29515095625 0.5742613453125001 0.32635818125 0.5937892406249999 0.36992768125 0.5680465953125 0.3879688703125 0.5269682546875 0.389026909375 0.48037175468750004 0.3577125171875 0.44672695312500005 0.3153618046875 0.44704845468750004 0.279172259375 0.51508823125 0.29515095625 0.5742613453125001
2 0.29794998281249996 0.385062678125 0.322313090625 0.4328779671875 0.3785127875 0.39715703593749996 0.3709720828125 0.3336845515625 0.3384389 0.3254608953125 0.31036584375 0.3468505859375 0.29794998281249996 0.385062678125
2 0.5112974218749999 0.40744318437500004 0.5223337421875 0.37347688125 0.5021628406249999 0.3199826796875 0.43741798125000003 0.345886078125 0.44925805937499996 0.4177965546875 0.5112974218749999 0.40744318437500004
2 0.38869176875 0.2502554984375 0.41740783124999997 0.3135672328125 0.48098748437500005 0.3201434296875 0.520311196875 0.29302124375 0.54514291875 0.216597059375 0.5093684046875 0.153338909375 0.44159654843749996 0.1524416234375 0.40938487031250004 0.186568678125 0.38869176875 0.2502554984375
2 0.44435562968750003 0.143950046875 0.48246055312499997 0.14224900468749999 0.5161589375 0.11799306406250001 0.5243290109375 0.0784014328125 0.505751984375 0.0488952515625 0.4465252875 0.057815496875000004 0.4299708046875 0.1087649546875 0.44435562968750003 0.143950046875
2 0.343265959375 0 0.3375143390625 0.0177016671875 0.35327870156249996 0.0486409703125 0.3886245453125 0.055431503125 0.41807714375 0.029796024999999997 0.41609735781249996 0 0.343265959375 0
2 0.3488322171875 0.20679316406249998 0.37006115624999997 0.213690865625 0.4121439515625 0.1780771015625 0.423180271875 0.14411079843750002 0.4016298296875 0.0948623859375 0.377588225 0.0893978078125 0.329880103125 0.12787781874999998 0.3488322171875 0.20679316406249998
2 0.23170477812499998 0.21332941875000003 0.254581178125 0.251273590625 0.28005590625 0.25955083125 0.327764028125 0.22107082031249997 0.333067853125 0.1758538609375 0.3101378703125 0.130851234375 0.270599821875 0.1297396140625 0.24677255312500002 0.1525088453125 0.23170477812499998 0.21332941875000003
2 0 0.43864874531250003 0.059931571875 0.4602817109375 0.095116665625 0.4458968890625 0.10615298749999999 0.411930584375 0.0957460328125 0.3428327703125 0.0558328984375 0.292311984375 0.043095534375 0.2881733640625 0 0.42080777812500003 0 0.43864874531250003
2 0.1040369125 0.5051235843749999 0.12118081562500001 0.5318171015625001 0.16358511250000002 0.5385540515625 0.2083734015625 0.48739026093750004 0.206672359375 0.44928533593750003 0.180983296875 0.4127742875 0.135873503125 0.42158736562500004 0.11910468593750001 0.4443030125 0.1040369125 0.5051235843749999
2 0.1706971484375 0.5455589203125 0.1765903953125 0.5779849328125 0.20068558281249999 0.5905079609375 0.244255084375 0.564765315625 0.267814434375 0.5067038234375 0.259215690625 0.48982783750000003 0.2266825109375 0.48160418125 0.192984125 0.5058601203124999 0.1706971484375 0.5455589203125
2 0.1136673859375 0.843875703125 0.1504999375 0.860537353125 0.20085997187500002 0.7994488609375 0.1777156546875 0.7262124265625001 0.1297396140625 0.729400178125 0.09779585468749999 0.79881949375 0.1136673859375 0.843875703125
2 0.18588572812499998 0.6866207953125001 0.211628375 0.730190296875 0.2440543875 0.72429705 0.27483294062499997 0.6873573296875 0.26166690625 0.6267510921875 0.2390048421875 0.617040728125 0.1926762609375 0.6512749515625 0.18588572812499998 0.6866207953125001
2 0 0.7821999921875 0.027372085937500002 0.8205306890624999 0.093550065625 0.7974399531249999 0.126873365625 0.7237748500000001 0.12655186406250002 0.6814241375 0.0979965515625 0.6392877593749999 0.027519198437499996 0.6539405015625 0 0.701423621875 0 0.7821999921875
2 0.290625 0.765625 0.1890625 0.215625