2 1 0.5219535390625001 0.9893529234375 0.49402758437500005 0.9522612140625 0.4857138046875 0.92924309375 0.509300725 0.9267510718749999 0.5503838953125 0.944816121875 0.5764628375 0.98989075 0.5731331015625 1 0.5485333703124999 1 0.5219535390625001
2 0.821990396875 0.4460371515625 0.85965090625 0.5009559718750001 0.9169998015624999 0.48721324375 0.9293360156249999 0.4117992984375 0.9122016000000001 0.3743767265625 0.8708185437499999 0.364832421875 0.8300042890625001 0.401893159375 0.821990396875 0.4460371515625
2 0.8337578062500001 0.3240181671875 0.8493618093749999 0.358679803125 0.9247757546875001 0.3710160171875 0.9355196078124999 0.3578420890625 0.9478558203125 0.28242814374999997 0.91478654375 0.2357921296875 0.885047003125 0.23423074531250002 0.8442327468749999 0.27129148125 0.8337578062500001 0.3240181671875
2 1 0.200584721875 0.9749273468749999 0.18801851249999998 0.936243278125 0.2419447484375 0.9647213203125 0.2802979578125 1 0.2858066703125 1 0.200584721875
2 0.918778003125 0.229970371875 0.9706669734375 0.1542875125 0.9228623828125 0.1266471859375 0.900175125 0.12478591406249999 0.87682614375 0.173821028125 0.918778003125 0.229970371875
2 0.760060115625 0.11944003593750001 0.8017430593749999 0.1360366203125 0.830882825 0.1234934421875 0.83889671875 0.0793494484375 0.7472480234375001 0.0507475125 0.739564990625 0.0694433109375 0.760060115625 0.11944003593750001
2 0.6859076703125 0.070312 0.7273217 0.047355826562499995 0.6286207218750001 0.0190537765625 0.6601595875 0.06292885625 0.6859076703125 0.070312
2 0.4474624859375 0 0.4566050125 0.027781490625 0.48295286875 0.0492691984375 0.537240940625 0.030004598437500002 0.5500544734374999 0 0.4474624859375 0
2 0.397301925 0.16171290625 0.42577996718750005 0.20006611406250002 0.47115448437499996 0.20378865937500001 0.502155521875 0.168558221875 0.5138609859375001 0.1115401890625 0.48385253125 0.07042604531249999 0.455343515625 0.0645733140625 0.4034855171875 0.1077556953125 0.397301925 0.16171290625
2 0.5379547625 0.2461643 0.5612417953125 0.26213013749999997 0.597764703125 0.22383887656249998 0.597195903125 0.1772338359375 0.5751393921875 0.156976653125 0.5401778687500001 0.165528371875 0.52604233125 0.1986286234375 0.5379547625 0.2461643
2 0.7754782765625 0.3491045265625 0.7761399984375 0.2982081390625 0.73382630625 0.30000746562499997 0.7346949953124999 0.35366478749999997 0.7754782765625 0.3491045265625
2 0.5288863390625 0.431653825 0.5628243046875 0.5319471609375 0.614651328125 0.5212652546875 0.660687565625 0.4740914125 0.666902134375 0.3876337265625 0.6381242031250001 0.3422282375 0.6022630171875 0.329623109375 0.543652625 0.3801576625 0.5288863390625 0.431653825
2 0.3781823453125 0.2769794953125 0.3950168703125 0.307349784375 0.4219954765625 0.31044158125 0.4548268125 0.2850243625 0.464671003125 0.2506935875 0.45059741249999996 0.2187928859375 0.41779705 0.21170962968749998 0.3849657125 0.23712685156250002 0.3781823453125 0.2769794953125
2 0.38175002187499996 0.394107359375 0.40104559531249995 0.41589495468750004 0.46760793125 0.38621736093750003 0.47745212343750004 0.3518865859375 0.46031770937500005 0.314464015625 0.4121822578125 0.31227188125 0.384872790625 0.33462827812499996 0.38175002187499996 0.394107359375
2 0.42210952031250004 0.51249671875 0.44932606562500005 0.58764175 0.48488736406250005 0.59319459375 0.5355148375 0.5543035578125 0.546589553125 0.5156814359374999 0.5203036437499999 0.4291927765625 0.48198141093749997 0.42517034374999996 0.43810633125000004 0.45670920937500004 0.42210952031250004 0.51249671875
2 0.4550549046875 0.6891346359375 0.47924160000000005 0.7262573203125 0.52065563125 0.703301146875 0.5139651828125 0.645652365625 0.4909780375 0.6367388125 0.46489909531249995 0.6548038609375 0.4550549046875 0.6891346359375
2 0.3035652921875 0.715358596875 0.3222301171875 0.7555421046874999 0.3479781984375 0.7629252484375 0.3765181890625 0.7362775046875 0.3796719328125 0.644297946875 0.3413496984375 0.6402755140624999 0.30911813593750004 0.6797972984375 0.3035652921875 0.715358596875
2 0.22692082500000002 0.7073137328125 0.24315557499999998 0.72357945625 0.27565605 0.7236104296875 0.3054265640625 0.6926713390625 0.31344045625 0.648527346875 0.29507551875 0.615396121875 0.2610446328125 0.6126042125 0.2226914234375 0.64108225625 0.22692082500000002 0.7073137328125
2 0.253775534375 0.8404074328125001 0.273670884375 0.876299590625 0.303410425 0.8778609765625 0.334111575 0.8355782578125 0.3243603046875 0.7724076046875 0.292790465625 0.7610330015625 0.2574980796875 0.795032915625 0.253775534375 0.8404074328125001
2 0.5922541078125 0.8585133046875001 0.6096884109375 0.902988159375 0.6559935625 0.895367075 0.684233665625 0.8616670484375 0.6867256859374999 0.820583878125 0.667130225 0.7917440015625 0.638621209375 0.78589126875 0.5990374765625 0.818660659375 0.5922541078125 0.8585133046875001
2 0.732245221875 0.9938610859375 0.7657073078125001 0.9500479546875 0.745512071875 0.9071035125 0.7228248140625 0.9052422390625001 0.6927234375 0.9616295234375001 0.732245221875 0.9938610859375
2 0.809727296875 1 0.8024991312499999 0.9513094515624999 0.76876813125 0.9555698250000001 0.751539771875 1 0.809727296875 1
2 0.7401760421875 0.7151614796875 0.7845889484375 0.7627281296875 0.8161897625 0.7416022578125 0.833417096875 0.6815234015625 0.8119913359375 0.6428703062500001 0.7706082796875 0.6333260015625 0.7383767171875 0.6728477859375 0.7401760421875 0.7151614796875
2 0.93694725 0.790161490625 0.9480219640625 0.7515393703125001 0.9241661296875 0.688968490625 0.8370776953125001 0.7011498359375 0.8400765703124999 0.771672659375 0.8599719203125 0.8075648203125001 0.8857200015625001 0.8149479625 0.93694725 0.790161490625
2 0 0.5965217890625001 0.031711003125 0.60257418125 0.064542340625 0.577156959375 0.0713257078125 0.5373043156249999 0.0492691984375 0.51704713125 0 0.538783159375 0 0.5965217890625001
2 0.070312 0.3140923296875 0.11472490625000001 0.36165898125 0.1806874671875 0.3178768234375 0.189931884375 0.26944148437500004 0.1685061234375 0.2307883890625 0.13264493593749999 0.21818326093749998 0.0820174640625 0.257074296875 0.070312 0.3140923296875
2 0.1007442359375 0.232256853125 0.159954403125 0.195826865625 0.17039836875 0.1756006546875 0.15143365625 0.128364865625 0.09012427656250001 0.115428878125 0.060891589062499994 0.225473484375 0.1007442359375 0.232256853125
2 0.1892391875 0.352838346875 0.2146564078125 0.385669684375 0.2361131421875 0.3918223046875 0.2756968734375 0.3590529140625 0.2849412890625 0.31061757343749996 0.26657635156250004 0.27748635 0.2350065125 0.266111746875 0.1929617328125 0.30746383125 0.1892391875 0.352838346875
2 0.12322297499999998 0 0.11227370781249998 0.038184634375 0.13279980625 0.0556808828125 0.161008934375 0.054481332812500005 0.20059266562500003 0.02171194375 0.206818465625 0 0.12322297499999998 0
2 0.607247059375 0.24745677187499998 0.6378862625 0.270175003125 0.6817613421875001 0.23863613749999998 0.6971274046875 0.2012445390625 0.6677496984375 0.141734484375 0.6297273515625 0.144764334375 0.598395453125 0.2054429640625 0.607247059375 0.24745677187499998