0 0.0578125 0.54296875 0.115625 0.1390625
0 0.08125 0.4203125 0.1625 0.178125
0 0.19609375 0.60703125 0.19375 0.209375
0 0.21796875 0.47734375 0.2109375 0.2359375
0 0.30078125 0.35390625 0.175 0.190625
0 0.39140625 0.2578125 0.184375 0.20625
0 0.83671875 0.3109375 0.2640625 0.2921875
0 0.90859375 0.4578125 0.1828125 0.234375
0 0.7828125 0.6265625 0.203125 0.2171875
0 0.88359375 0.728125 0.20625 0.2265625
0 0.3625 0.78203125 0.184375 0.2125
0 0.4484375 0.9546875 0.165625 0.090625
0 0.7296875 0.29921875 0.1359375 0.15
0 0.95078125 0.3234375 0.096875 0.1546875