0 0.140625 0.190625 0.0765625 0.1
0 0.059375 0.14765625 0.0546875 0.071875
0 0.26796875 0.19609375 0.0609375 0.0765625
0 0.46171875 0.37578125 0.096875 0.1171875
0 0.75078125 0.26875 0.05 0.0609375
0 0.73828125 0.05390625 0.0890625 0.1078125
0 0.25703125 0.646875 0.0546875 0.08125
0 0.115625 0.69375 0.115625 0.165625
0 0.01484375 0.61796875 0.0296875 0.0640625
0 0.6265625 0.58515625 0.0625 0.0875
0 0.6109375 0.78203125 0.1 0.1140625
0 0.76953125 0.8875 0.1 0.1390625
0 0.971875 0.74453125 0.05625 0.1
0 0.39765625 0.88046875 0.0671875 0.0765625
0 0.25703125 0.94375 0.090625 0.1125