2 0.5336414640625 0.36988591249999997 0.5653254015625 0.40507448906250004 0.59230805 0.40201817812499996 0.619047575 0.3609506203125 0.6171594781249999 0.3116771359375 0.58712051875 0.2877507984375 0.562483775 0.2886948484375 0.531519721875 0.32507059374999997 0.5336414640625 0.36988591249999997
2 0.574661628125 0.1842783734375 0.6063455656250001 0.21946695 0.6375527390625 0.22110244843750002 0.668516790625 0.18472670156249998 0.6708532171875 0.1401450265625 0.641515184375 0.1028441859375 0.6079621078125 0.10332095156250001 0.5814562234375 0.139930340625 0.574661628125 0.1842783734375
2 0.590596721875 0.0934700453125 0.6351783984375 0.095806471875 0.6607497125 0.0770297515625 0.66871251875 0.010390881250000001 0.575091 0.005484384375 0.56829640625 0.04983241875 0.590596721875 0.0934700453125
2 0.43389784374999996 0.2685447078125 0.46064684843750003 0.26994656250000004 0.486919090625 0.2377953421875 0.489021875 0.1976718328125 0.45945020000000003 0.1648291609375 0.413233025 0.1936999078125 0.4151211234375 0.2429733953125 0.43389784374999996 0.2685447078125
2 0.381773253125 0.1115837515625 0.41392447499999996 0.1378559921875 0.462954840625 0.0979566484375 0.4650576234375 0.057833140625 0.43149506718749997 0.015840490625000002 0.40240015625 0.016550896875000002 0.37566062968749997 0.057618453125 0.381773253125 0.1115837515625
2 0.1466775421875 0.16184867812499998 0.17366966875 0.20126177968749998 0.231859490625 0.1998409671875 0.2679826375 0.150324359375 0.2667954671875 0.0876763703125 0.229008384375 0.0409919125 0.186538971875 0.0410013890625 0.1452567296875 0.10365885781249999 0.1466775421875 0.16184867812499998
2 0.081525834375 0.509361584375 0.1300889140625 0.4783785765625 0.132425340625 0.43379690000000004 0.10332095156250001 0.39203789218749996 0.069767871875 0.3925146578125 0.0383365359375 0.43780673906249995 0.081525834375 0.509361584375
2 0 0.57778221875 0.010447753125 0.586103959375 0.0686280953125 0.5422137328125001 0.0580573046875 0.4880147953125 0.0282519875 0.459630290625 0.0015029812499999999 0.45822843593749996 0 0.4869070328125 0 0.57778221875
2 0.21128945625 0.5496902984375 0.233823415625 0.588869759375 0.2830874234375 0.544512246875 0.2816666109375 0.4863224265625 0.26007670156249996 0.47177970937499997 0.2354399578125 0.4727237578125 0.21385952656249999 0.50065045625 0.21128945625 0.5496902984375
2 0.3466794609375 0.5679618203125 0.37812027656249997 0.5651391515624999 0.40861704374999996 0.5376797390625 0.405794375 0.5062389234375 0.3457164546875 0.45838625000000005 0.31896745000000004 0.4569843953125 0.3030228765625 0.505323309375 0.3466794609375 0.5679618203125
2 0.67193944375 0.8018229671875 0.7036233796875 0.8370115453125001 0.73975600625 0.82996435 0.7664955328125 0.78889679375 0.7606165515625001 0.7304733296875 0.739493928125 0.7070142781250001 0.7014826828125 0.7072574 0.6705186296875 0.7436331468749999 0.67193944375 0.8018229671875
2 0.921802034375 0.6830405500000001 0.9710755203125 0.6811524515625 0.99288959375 0.6487675875 0.9917024234375 0.5861195984375 0.96189710625 0.5577350921875001 0.9328021968750001 0.5584455 0.8966790484375 0.6079621078125 0.921802034375 0.6830405500000001
2 1 0.3841670453125 0.9740654828125 0.41084920625 0.9712617703124999 0.46434721718749994 0.9982538968749999 0.50376031875 1 0.47882169531249996 1 0.3841670453125
2 0.9035305156250001 0.818430553125 0.9307562828125 0.8533854859375 0.9621970984375 0.85056281875 0.9790857203125001 0.826860646875 0.98611395625 0.7780544453125 0.96968314375 0.7503708687499999 0.931671896875 0.750613990625 0.9051660140625 0.7872233796875 0.9035305156250001 0.818430553125
2 0.580090115625 1 0.6060488921875 0.992832721875 0.6234047984375 0.960214215625 0.617058534375 0.9107070875 0.5872532171875 0.8823225828125001 0.55393378125 0.8783411796875 0.5229697296875 0.9147169265624999 0.524624184375 0.96844858125 0.5605508515625 1 0.580090115625 1
2 0 0.9558573359375 0.049478875 0.9502528874999999 0.066133853125 0.9310088828125 0.059787587499999996 0.8815017546874999 0.038197678125 0.8669590390625 0.0044109578125 0.87189396875 0 0.878084484375 0 0.9558573359375
2 0.362475696875 0.906305790625 0.39462691875 0.9325780328125 0.42160956718750003 0.9295217203125 0.45304090468749997 0.8842296375 0.44270375624999997 0.8255725328124999 0.416889321875 0.8063380062500001 0.39225257812500003 0.8072820546875 0.35612943124999996 0.8567986624999999 0.362475696875 0.906305790625
2 0.37578125 0.2984375 0.1359375 0.18125
2 0.609375 0.68671875 0.153125 0.1625
2 0.91328125 0.1515625 0.153125 0.2453125