2 0.366407009375 0.5277915890625 0.3253768359375 0.5245416859375001 0.3000585765625 0.5528948078125 0.29929390625 0.6116083406249999 0.3238474984375 0.6419687484375001 0.3623565984375 0.6433188859375 0.396480696875 0.6295067390625 0.4060870453125 0.569550590625 0.366407009375 0.5277915890625
2 0.2670337328125 0.6386830046874999 0.22293285625 0.5975453125 0.17996707812499999 0.6126000765625 0.1552701265625 0.6453740375 0.173981059375 0.746432040625 0.20927609687499998 0.7730287578125 0.2591837890625 0.7592524515625 0.28015289062500004 0.6999534515625 0.2670337328125 0.6386830046874999
2 0.20232215625 0.499008384375 0.155664365625 0.4717545171875 0.12596110625 0.48494535625 0.1069276109375 0.5259396890625 0.14967835000000002 0.6055864828125 0.19516520312500002 0.5924314828125 0.2160626234375 0.5646996703125 0.20232215625 0.499008384375
2 0.11631891718750001 0.560685096875 0.0885871046875 0.5397876765625 0.0620620671875 0.543515528125 0.0430285703125 0.5845098609375 0.07825192656249999 0.6426737640625 0.1028772 0.6414669875000001 0.1269528421875 0.6042721859375 0.11631891718750001 0.560685096875
2 0.1533345203125 0.66367870625 0.1161397171875 0.6396030609375 0.0775947796875 0.6540365171875 0.051583528125 0.7095359859375 0.07796520625 0.7689425062499999 0.11263893437500001 0.791118384375 0.14168504531249998 0.7892902984375 0.16893891249999998 0.742632509375 0.1533345203125 0.66367870625
2 0.14088453750000002 0.8637874249999999 0.11377403125 0.8473108421875001 0.091012684375 0.8617801375 0.0795424109375 0.9084737671875001 0.11600838437500001 0.97547935 0.1400123484375 0.9698517343749999 0.1596671515625 0.9332782406250001 0.14088453750000002 0.8637874249999999
2 0.23061562656249998 0.828635746875 0.17449484843750002 0.798203659375 0.1473126625 0.8132942625 0.1390206109375 0.8505249046875001 0.1780434984375 0.9036466609374999 0.202668771875 0.9024398843749999 0.2343434765625 0.855160784375 0.23061562656249998 0.828635746875
2 0.6722216359375001 0.6989496875000001 0.6287420703125 0.6622328343749999 0.589575821875 0.67224545 0.5585224249999999 0.7239453874999999 0.5735055078125 0.7984783531249999 0.6163996078125 0.8149907734375 0.6568443125 0.7980362453125001 0.6778134125 0.7387372437499999 0.6722216359375001 0.6989496875000001
2 0.9284869718750001 0.7260481671875 0.8931560968750001 0.7152350421875 0.866631059375 0.7189628921875 0.8368202796875 0.7795045093749999 0.8537389671875 0.8357328078125 0.8928335359374999 0.8572873765625 0.9383203890624999 0.8441323796875 0.957353884375 0.8031380468749999 0.9284869718750001 0.7260481671875
2 0.7822288390625001 0.631645359375 0.7512829609375 0.63599451875 0.7220934890625 0.7009569734375 0.73210610625 0.740123221875 0.7756215125 0.7610564828124999 0.8161020578124999 0.7283183609375 0.8212158859375001 0.70055070625 0.7822288390625001 0.631645359375
2 0.8191248921875 0.5092478265625 0.7970206953125001 0.51235436875 0.77674458125 0.5445070234375 0.8075471000000001 0.6032922359375 0.8321723703125 0.6020854578125 0.8550053984374999 0.5560489765625001 0.8191248921875 0.5092478265625
2 0.7444844093749999 0.5715816890625 0.710467828125 0.5380430578125 0.6680875187499999 0.5733022531249999 0.6755432203125 0.6263523296875 0.696954428125 0.6503921328125 0.7342209125 0.6429005906249999 0.7494548765625 0.60694840625 0.7444844093749999 0.5715816890625
2 0.7485348187499999 0.45605439062500003 0.69742035 0.44520542656249995 0.6802507796875 0.49946227812500005 0.69344161875 0.5291655390625001 0.7268727296875 0.5424997375 0.7647963609375 0.5236454421875 0.7674249546875 0.47819442968750003 0.7485348187499999 0.45605439062500003
2 0.4895571828125 0.23323219375 0.447941540625 0.20977785781249997 0.4048682421875 0.27218339999999996 0.4255864625 0.32336955 0.45521804218749995 0.34174589843750003 0.49248452499999995 0.3342543546875 0.510275403125 0.2844183421875 0.4895571828125 0.23323219375
2 0.80190745625 0.306546353125 0.736945 0.27735688281250004 0.7072417390625 0.290547721875 0.677430959375 0.35108933750000004 0.7018770296875 0.42880052500000004 0.7548554249999999 0.452912009375 0.7959214390625 0.44037831875 0.8206900703125 0.3760371703125 0.80190745625 0.306546353125
2 0.6395311421875001 0.081418121875 0.6086211031250001 0.06998368906249999 0.5694548546875 0.07999630468749999 0.551663978125 0.1298323171875 0.5774243453125 0.1848179984375 0.602013778125 0.199394815625 0.6430797921875 0.1868611234375 0.6640488921875 0.127562125 0.6395311421875001 0.081418121875
2 0.4981359546875 0.06973280781249999 0.4496142390625 0.0292164234375 0.41866836249999995 0.0335655828125 0.38885758125000003 0.0941072 0.395691975 0.142736434375 0.43409355468750005 0.1914373515625 0.47578087656249995 0.1833245 0.5106338046875 0.12658241406249998 0.4981359546875 0.06973280781249999
2 0.39064982656249997 0.138936903125 0.3647819375 0.1313020015625 0.342020590625 0.14577129687499998 0.34636975 0.176717175 0.3929200203125 0.2513218203125 0.4264228109375 0.23308883281249998 0.4302940234375 0.1964794984375 0.39064982656249997 0.138936903125
2 0.3734444171875 0.20897734843750002 0.34004914531249997 0.17985955781250001 0.280021315625 0.20182039375 0.2628517453125 0.256077246875 0.272243053125 0.2908226546875 0.3289493 0.3414591765625 0.36497316562500004 0.3251259546875 0.386563575 0.27024779374999996 0.3734444171875 0.20897734843750002
2 0.2778944828125 0.026301107812500002 0.24694860625 0.030650267187500004 0.230472025 0.0577607734375 0.23482118437500002 0.0887066515625 0.26569538125 0.115924678125 0.2858998140625 0.1153392078125 0.30617592656250003 0.0831865546875 0.2778944828125 0.026301107812500002
2 0.3025197546875 0.02509433125 0.32323797656250003 0.07628048125 0.3478274078125 0.09085729687500001 0.39777094062499996 0.061297396875 0.4016779921875 0.0089044703125 0.3025197546875 0.02509433125
2 0 0.23661388906249997 0.0008871140624999999 0.236541990625 0.028140981250000002 0.1898842 0.023863500000000003 0.1273711375 0 0.1038429296875 0 0.23661388906249997
2 0.6375 0.94921875 0.1390625 0.0890625
2 0.7390625 0.95234375 0.1046875 0.0515625
2 0.43992442499999995 0.6820071859375 0.40086569687500007 0.6446690234375 0.3351744109375 0.658409490625 0.30412101406250003 0.710109428125 0.3153045671875 0.7896845406249999 0.3581269859375 0.8377641468749999 0.3953934671875 0.83027260625 0.4422662984375 0.7628249140625 0.43992442499999995 0.6820071859375
2 0.009375 0.44375 0.01875 0.13125
2 0.9296875 0.571875 0.140625 0.1625
2 0.77578125 0.07265625 0.2078125 0.1453125
2 0.1921875 0.23203125 0.171875 0.1921875