2 0.5833038609375001 0.16118300624999998 0.623897025 0.21397113124999997 0.6732858546875 0.2067618140625 0.7085393171875001 0.1566223125 0.706570571875 0.0850814515625 0.6724360546875 0.039219378124999996 0.6071980421875 0.052575740625 0.5762503437500001 0.10733261093749999 0.5833038609375001 0.16118300624999998
2 0.878206296875 0.22285180625 0.9094372609375 0.223942415625 0.948684884375 0.1873434140625 0.9456255296875 0.1470335171875 0.9067178437500001 0.109938775 0.8565500078125 0.13945592499999998 0.8548361921875 0.18853315312500002 0.878206296875 0.22285180625
2 0.9370847937500001 0.3276490484375 0.9806381828124999 0.2956674140625 0.9777346296875 0.25089595 0.95636160625 0.223347546875 0.9226661578125 0.2288713859375 0.9011089968749999 0.270555159375 0.9370847937500001 0.3276490484375
2 0.7102955875 0.362165959375 0.742588825 0.3967962171875 0.80845004375 0.3655935890625 0.7880118296874999 0.31127578749999996 0.7574040703125 0.2923389125 0.73278755625 0.293712790625 0.7115419984375 0.3264734296875 0.7102955875 0.362165959375
2 0.45881907499999997 0.20820648125000002 0.49435580312500005 0.21391445937500003 0.520062928125 0.1813096203125 0.521620940625 0.1366939578125 0.4782516890625 0.0994434140625 0.4467091234375 0.10727593906249999 0.43129900781249997 0.1648088953125 0.45881907499999997 0.20820648125000002
2 0.6305539296875 0.4710564921875 0.6542356375 0.4964520125 0.681005034375 0.4973868203125 0.711017921875 0.46939935000000005 0.7124201343750001 0.42924525312500006 0.6738240531249999 0.3832273796875 0.6538249046875 0.380295490625 0.6235004125 0.4172060953125 0.6305539296875 0.4710564921875
2 0.740322596875 0.653569975 0.7773890015625 0.6794329 0.8167924281250001 0.63837233125 0.814200478125 0.5846777359375 0.788521690625 0.5525119640625 0.7505204765625 0.5534184375 0.7294307203125 0.5817175109375 0.740322596875 0.653569975
2 1 0.47870450625 0.9836408640625001 0.46551853125 0.941178084375 0.466269203125 0.9154709609375 0.4988740421875 0.92714184375 0.5484186734375001 0.99051024375 0.58860110625 1 0.4901098484375 1 0.47870450625
2 0.8935455250000001 0.67902216875 0.9380053859374999 0.6850417484375 0.9697320890625001 0.6079770484375 0.9132897421875 0.56133596875 0.8720450375000001 0.5911647203125 0.870331221875 0.640241946875 0.8935455250000001 0.67902216875
2 0.9965014859375 0.60891185625 0.9583161359375 0.679050503125 0.9804398296875 0.7490616875 0.9965014859375 0.60891185625
2 0.83686236875 0.8311544859375 0.8736171703125001 0.8659405437500001 0.9094655015625 0.8627253890625 0.9493363312499999 0.808280121875 0.9255271593750001 0.72257555625 0.9036867328125 0.70841185 0.8567623859375001 0.7090067203125 0.8301204546875001 0.7683809562499999 0.83686236875 0.8311544859375
2 0.702208040625 0.9135588875 0.7422063343749999 0.9194226656250001 0.7812981578125 0.8872852296874999 0.7831677734375 0.8337464359375 0.7441042859375 0.8011132609375 0.698553815625 0.8263246437499999 0.6872936640625 0.892936534375 0.702208040625 0.9135588875
2 0.3543900140625 0.8321742078125001 0.3825332875 0.8577255296875 0.41838161874999996 0.854510375 0.439471375 0.8262113 0.4486069796875 0.692520115625 0.4312281203125 0.6785122125 0.37291615624999996 0.6854099265625 0.34271913125000003 0.782629575 0.3543900140625 0.8321742078125001
2 0.371386478125 0.6652549796875 0.4204637078125 0.66696879375 0.4415534640625 0.63866971875 0.44311147812499996 0.59405405625 0.4002096296875 0.543418815625 0.35019759375000004 0.5684743984375 0.3440222125 0.6173958265625 0.371386478125 0.6652549796875
2 0.2532895484375 0.5293542390625 0.2814328203125 0.5549055625 0.3172811515625 0.55169040625 0.34329987812499996 0.5101624359375 0.3402405234375 0.4698525375 0.314250134375 0.4466099 0.2762489203125 0.4475163703125 0.2551591640625 0.4758154453125 0.2532895484375 0.5293542390625
2 0.200161484375 0.6436411468750001 0.24075465000000001 0.69642926875 0.26752404687500003 0.6973640765625 0.31185644218749997 0.6430746140625 0.31357025625 0.5939973843749999 0.28789146875 0.5618316140624999 0.241122925 0.5579649171875001 0.20649266718749998 0.590258153125 0.200161484375 0.6436411468750001
2 0.276886246875 0.7490615921875 0.309335284375 0.7792302828125 0.34334233593749997 0.7647833109375 0.36336981874999996 0.7029445890625 0.33815843437500004 0.65739411875 0.3181592875 0.6544622312499999 0.278444259375 0.70444593125 0.276886246875 0.7490615921875
2 0.247439890625 0.8887440203124999 0.2783592515625 0.8987577625000001 0.3045337796875 0.8527682234375 0.27501663125000003 0.8026003875000001 0.2390124984375 0.8102771078125001 0.23283711718750003 0.8591985359375001 0.247439890625 0.8887440203124999
2 0.1433508625 0.7354644203125 0.18441143124999998 0.7748678453125 0.22796481875 0.7428862109375001 0.22921122968750002 0.7071936828125 0.195232515625 0.65687004375 0.1707718015625 0.653782353125 0.140447309375 0.6906929578125001 0.1433508625 0.7354644203125
2 0.091129271875 0.8877525390625 0.14866222812500002 0.9031626562499999 0.17405775 0.8794809484374999 0.1894678671875 0.8219479921874999 0.13427192968749999 0.7396143828125 0.079175121875 0.7823604296875 0.0642324109375 0.8265086890625 0.091129271875 0.8877525390625
2 0 0.7537482765625 0.023327643749999998 0.7826436953125 0.0547144078125 0.779272740625 0.0942736359375 0.73375060625 0.082758553125 0.6797444078125 0.061073926562500006 0.6611191359374999 0.027690081249999998 0.6577198421875 0 0.6953047437500001 0 0.7537482765625
2 0 0.558059196875 0.0172656078125 0.57248268125 0.0711160046875 0.5654291640625 0.096667328125 0.5372858921875 0.0899254140625 0.47451236249999995 0.05516769218749999 0.4464965546875 0.021783846875000002 0.4430972609375 0.0010056921875 0.46247320312499995 0 0.49127245625000004 0 0.558059196875
2 0.10002406875 0.9528347531250001 0.0609605828125 0.9202015781249999 0.0275484015625 0.9815728953124999 0.10108634218749998 0.9863744000000001 0.10002406875 0.9528347531250001
2 0.8234375 0.93359375 0.14375 0.1328125