2 0.2203377921875 0.660524278125 0.22759391875 0.7002935640625 0.2514180375 0.7210035546875 0.2813462625 0.701010021875 0.256479015625 0.633383509375 0.2203377921875 0.660524278125
2 0.3680168109375 0.5964953109375 0.33704545625 0.5695723234375001 0.29727617031250003 0.57682845 0.2715988359375 0.6256134484375 0.284242609375 0.678431553125 0.32650319843750003 0.7068027140625001 0.3564314234375 0.68680918125 0.3711309390625 0.6410294203125 0.3680168109375 0.5964953109375
2 0.337653021875 0.48226369062499996 0.30191684531249996 0.4511987046875 0.2796497890625 0.45275576875 0.253038215625 0.488180534375 0.2570865828125 0.546074878125 0.2764572890625 0.5670962796875 0.3319692203125 0.5609769140624999 0.3461548 0.5398466203125001 0.337653021875 0.48226369062499996
2 0.149473003125 0.5110856734375 0.12918331562500002 0.5729194921875 0.1631599078125 0.6108203015625 0.19754154375 0.5905153546874999 0.1985694140625 0.541216421875 0.149473003125 0.5110856734375
2 0.0240610390625 0.573557578125 0.0054220484375 0.5949992859375001 0.0266612328125 0.642741153125 0.06042004375 0.6135293859375001 0.05109291875000001 0.5761425124999999 0.0240610390625 0.573557578125
2 0.021615515625 0.826576653125 0.055685739062499996 0.8018182968750001 0.017146843749999998 0.7306726125 0.021615515625 0.826576653125
2 0.0825150953125 0.83350610625 0.0246207515625 0.8375544734375 0.027532359375 0.9111914609375 0.063782471875 0.9176069796874999 0.1032403453125 0.9058974421875 0.1039568015625 0.8521450984375001 0.0825150953125 0.83350610625
2 0.2229094578125 1 0.2255686984375 0.9913223390624999 0.2084715109375 0.938815646875 0.173669571875 0.9211108937500001 0.1461237578125 0.9431754265625001 0.1601068171875 0.951148009375 0.1574396953125 1 0.2229094578125 1
2 0.4294761046875 0.8674216609375 0.3938488171875 0.8699129640625 0.3799746484375 0.8954966687500001 0.40535583124999996 0.938473715625 0.4255518875 0.9392990625 0.4477100515625 0.9041857109375 0.4294761046875 0.8674216609375
2 0.66902605625 0.8372451359375 0.6378521796875 0.8394250265625001 0.6150711890625 0.8656315578125 0.61911955625 0.9235258999999999 0.6667677953125 0.9649458796875001 0.7183402484375 0.9344884609375 0.716471771875 0.9077679953125 0.66902605625 0.8372451359375
2 0.8730423515625001 0.746900746875 0.8493271234374999 0.7597470453125 0.8482992546875 0.8090459781250001 0.859385965625 0.8395970296874999 0.89180549375 0.8552307828125001 0.92235654375 0.844144071875 0.9230730015624999 0.7903917265625 0.8730423515625001 0.746900746875
2 0.7600258640625001 0.6026472703125 0.73662205 0.6199469796875 0.7409818296874999 0.6822947328125 0.783242415625 0.71066589375 0.8045752343749999 0.695748596875 0.804668865625 0.63308943125 0.7600258640625001 0.6026472703125
2 0.7534861937499999 0.509125640625 0.712782671875 0.503021534375 0.6998427421875 0.5419654734375 0.730611575 0.5979913375 0.7656160359374999 0.5865932125 0.770785903125 0.53252945625 0.7534861937499999 0.509125640625
2 0.749017525 0.41322159999999997 0.7189804078125 0.3996588453125 0.6882268359375 0.43984843281249997 0.7100888453125 0.49649712343749997 0.743645134375 0.496388234375 0.7613498890625 0.46158629375000004 0.749017525 0.41322159999999997
2 0.8673127718750001 0.5369676078125 0.8266092468749999 0.5308634999999999 0.811707209375 0.6057461390625 0.864431684375 0.6557615296875 0.8940484968750001 0.631314584375 0.894764953125 0.5775622406250001 0.8673127718750001 0.5369676078125
2 0.9774023921874999 0.51136864375 0.9500591015625 0.5043302984375 0.9202397671875 0.5578801203125 0.959915421875 0.613283159375 0.99398564375 0.588524803125 0.9997783390625001 0.5433678671875 0.9774023921874999 0.51136864375
2 0.9318098953125 0.37135079531250004 0.9050894296875001 0.373219271875 0.88511115625 0.43950650312499995 0.92799456875 0.476784484375 0.9540922093749999 0.4660091859375 0.9640269015625 0.4160874265625 0.9318098953125 0.37135079531250004
2 0.9027853890624999 0.21227365312500002 0.8838349843750001 0.22926194843749997 0.8828071156249999 0.2785608828125 0.9170951203125 0.32091510156249997 0.93873935 0.3104512171875 0.9432863906250001 0.2474806375 0.9027853890624999 0.21227365312500002
2 0.8248038828125 0.24905296093749998 0.7882423562499999 0.23818403125 0.7781051437500001 0.31720866718749996 0.8120817359375 0.355109475 0.8509167812499999 0.334493115625 0.8522560640625001 0.28964759375 0.8248038828125 0.24905296093749998
2 0.354782803125 0.0872494 0.3324068578125 0.055250176562499996 0.2974023953125 0.06664830000000001 0.27555564375 0.1062150640625 0.3057016515625 0.15333410625 0.3303511171875 0.153848040625 0.35282069531250004 0.1231881 0.354782803125 0.0872494
2 0 0.1567811484375 0.0028697078125 0.1745101796875 0.0263824125 0.19076675781250002 0.051031879687500004 0.19128069375 0.07287863125 0.15171393125 0.070075915625 0.1116332328125 0.0391045609375 0.08471024375 0.016837506250000002 0.0862673078125 0 0.1167618015625 0 0.1567811484375
2 0.3584413859375 0.29956495156249996 0.3323437453125 0.31034025 0.31463899375 0.34514219062499996 0.3174417078125 0.3852228890625 0.355871709375 0.42281228437499996 0.401745103125 0.374852634375 0.39448897656250004 0.3350833484375 0.3584413859375 0.29956495156249996
2 0.4289947625 0.44455014375 0.398023409375 0.41762715781250004 0.358674425 0.4628929828125 0.38084785 0.523995084375 0.4096393140625 0.519744196875 0.431797478125 0.48463084375000004 0.4289947625 0.44455014375
2 0.4922767546875 0.4535505984375 0.45333281718749996 0.44061066875000005 0.437807953125 0.506586484375 0.47654936875000004 0.5486292921875 0.5067890078125 0.53308916875 0.5132045265625 0.49683905624999997 0.4922767546875 0.4535505984375
2 0.5303800843750001 0.390471128125 0.5028342718750001 0.41253566093750005 0.49641875312500006 0.4487857734375 0.54085923125 0.5083308109375 0.561880634375 0.48896010468749995 0.5654934375 0.4126292921875 0.5303800843750001 0.390471128125
2 0.42549085 0.55443724375 0.3940055609375 0.552163725 0.37536656874999996 0.5736054296875001 0.378792109375 0.6225929515625 0.4121458765625 0.6515869375000001 0.43824351562499997 0.6408116390624999 0.44817820781249995 0.5908898812500001 0.42549085 0.55443724375
2 0.54098338125 0.6381025546875 0.5150882625000001 0.6197749765625 0.47801280156250003 0.6335555125 0.455963528125 0.702225153125 0.48994012031249995 0.7401259625 0.518731584375 0.7358750734374999 0.55269291875 0.677560428125 0.54098338125 0.6381025546875
2 0.4270631734375 0.672919753125 0.40593287968749997 0.6587341734375001 0.3586113140625 0.7179830578125 0.39289931875 0.7603372765625 0.4213793703125 0.7516329765624999 0.4349421265625 0.7215958625 0.4270631734375 0.672919753125
2 0.6204914328125 0.4311593921875 0.5907657296875 0.4220500484375 0.5692303921875 0.4660702234375 0.5720331078124999 0.506150921875 0.6098402843749999 0.5348334953125 0.6317959265625 0.5288230203125 0.6411077921875 0.469994440625 0.6204914328125 0.4311593921875
2 0.596875 0.19375 0.1921875 0.2
2 0.22421875 0.36875 0.165625 0.23125