0 0.578125 0.05078125 0.09375 0.1015625
0 0.85390625 0.0609375 0.1421875 0.121875
0 0.49921875 0.23203125 0.109375 0.13125
0 0.34453125 0.17109375 0.10625 0.1328125
0 0.4015625 0.07578125 0.1546875 0.15
0 0.26640625 0.32734375 0.0796875 0.090625
0 0.25859375 0.39453125 0.0765625 0.0859375
0 0.33046875 0.559375 0.090625 0.1125
0 0.4046875 0.615625 0.1078125 0.1296875
0 0.47734375 0.6140625 0.1125 0.121875
0 0.64140625 0.54375 0.1484375 0.159375
0 0.78046875 0.57734375 0.0875 0.1109375
0 0.71171875 0.61875 0.0734375 0.08125
0 0.75 0.68671875 0.06875 0.1
0 0.690625 0.68515625 0.078125 0.0875
0 0.115625 0.68359375 0.0703125 0.0953125