2 0.8861607140625001 0.5625 0.8571428578125 0.5870535718750001 0.8526785718750001 0.640625 0.8727678578125 0.6875 0.9017857140625001 0.6852678578125 0.9285714281249999 0.6495535718750001 0.9285714281249999 0.6004464281249999 0.9084821421875 0.5669642859375 0.8861607140625001 0.5625
2 0.8102678578125 0.6160714281249999 0.78125 0.6450892859375 0.78125 0.6897321421875 0.8058035718750001 0.7232142859375 0.8303571421875 0.7209821421875 0.8571428578125 0.6941964281249999 0.8571428578125 0.6629464281249999 0.8482142859374999 0.6316964281249999 0.8102678578125 0.6160714281249999
2 0.8794642859374999 0.8370535718750001 0.9375 0.8459821421875 0.9508928578125 0.7700892859375 0.9263392859374999 0.7544642859375 0.8816964281249999 0.7589285718750001 0.8794642859374999 0.8370535718750001
2 0.6964285718750001 0.8549107140625001 0.6919642859375 0.9040178578125 0.7120535718750001 0.9330357140625001 0.7544642859375 0.9397321421875 0.7857142859375 0.8727678578125 0.7566964281249999 0.8258928578125 0.7254464281249999 0.8214285718750001 0.6964285718750001 0.8549107140625001
2 0.5915178578125 0.7544642859375 0.5848214281249999 0.7790178578125 0.59375 0.8325892859374999 0.6227678578125 0.8616071421875 0.6517857140625 0.8638392859374999 0.6919642859375 0.8102678578125 0.6875 0.765625 0.6584821421875 0.7321428578125 0.5915178578125 0.7544642859375
2 0.6696428578125 0.671875 0.6696428578125 0.7254464281249999 0.6897321421875 0.7544642859375 0.7098214281249999 0.7522321421875 0.7410714281249999 0.6986607140625 0.7276785718750001 0.6584821421875 0.6897321421875 0.6473214281249999 0.6696428578125 0.671875
2 0.6183035718750001 0.5892857140625 0.5558035718750001 0.6071428578125 0.5401785718750001 0.6450892859375 0.5580357140625 0.7165178578125 0.6026785718750001 0.7388392859375 0.6495535718750001 0.7232142859375 0.6651785718750001 0.6897321421875 0.6651785718750001 0.6272321421875 0.6183035718750001 0.5892857140625
2 0.5357142859375 0.859375 0.5357142859375 0.9084821421875 0.5803571421875 0.9308035718750001 0.6071428578125 0.8995535718750001 0.6071428578125 0.8638392859374999 0.5558035718750001 0.8348214281249999 0.5357142859375 0.859375
2 0.5446428578125 0.9665178578125 0.546875 1 0.6473214281249999 0.9977678578125 0.6428571421875 0.953125 0.6227678578125 0.9330357140625001 0.578125 0.9375 0.5446428578125 0.9665178578125
2 0.446428571875 0.8549107140625001 0.44196428593750003 0.9174107140625001 0.462053571875 0.9419642859374999 0.49553571406249997 0.9397321421875 0.5178571421875 0.9129464281249999 0.5178571421875 0.8638392859374999 0.475446428125 0.8348214281249999 0.446428571875 0.8549107140625001
2 0.40401785781250005 0.7767857140625 0.34821428593750003 0.8147321421875 0.33928571406249997 0.8459821421875 0.34821428593750003 0.9040178578125 0.3883928578125 0.921875 0.41964285781250005 0.9084821421875 0.44196428593750003 0.8638392859374999 0.4375 0.8058035718750001 0.40401785781250005 0.7767857140625
2 0.328125 0.6651785718750001 0.29017857187499996 0.6852678578125 0.27232142812500004 0.7522321421875 0.30580357187499996 0.8080357140625001 0.33928571406249997 0.8102678578125 0.375 0.7790178578125 0.38392857187499996 0.7299107140625 0.36607142812500004 0.6852678578125 0.328125 0.6651785718750001
2 0.22544642812500001 0.6026785718750001 0.19196428593749998 0.640625 0.19196428593749998 0.6852678578125 0.2075892859375 0.71875 0.25 0.734375 0.27678571406249997 0.6986607140625 0.27678571406249997 0.6629464281249999 0.2633928578125 0.6227678578125 0.22544642812500001 0.6026785718750001
2 0.022321428125 0.6361607140625 0.0178571421875 0.6808035718750001 0.0669642859375 0.7165178578125 0.09375 0.6941964281249999 0.0982142859375 0.6495535718750001 0.055803571875 0.6071428578125 0.022321428125 0.6361607140625
2 0 0.859375 0.0133928578125 0.859375 0.046875 0.8482142859374999 0.071428571875 0.8013392859374999 0.0669642859375 0.7477678578125 0.0290178578125 0.7142857140625 0 0.7165178578125 0 0.859375
2 0.16071428593749998 0.5513392859375 0.180803571875 0.5714285718750001 0.2053571421875 0.5691964281249999 0.2232142859375 0.515625 0.1897321421875 0.491071428125 0.16071428593749998 0.5245535718750001 0.16071428593749998 0.5513392859375
2 0.19866071406250002 0.2232142859375 0.15178571406250002 0.29241071406249997 0.15178571406250002 0.3415178578125 0.165178571875 0.38616071406249997 0.21875 0.40848214218749995 0.2633928578125 0.36830357187499996 0.2678571421875 0.29241071406249997 0.2455357140625 0.24330357187499999 0.19866071406250002 0.2232142859375
2 0.15625 0.149553571875 0.15625 0.1897321421875 0.2008928578125 0.21205357187499999 0.2232142859375 0.1540178578125 0.203125 0.125 0.17633928593749998 0.12053571406250001 0.15625 0.149553571875
2 0.0803571421875 0.046875 0.109375 0.071428571875 0.133928571875 0.069196428125 0.15625 0.060267857812500006 0.18303571406250002 0.0022321421875000002 0.069196428125 0 0.0803571421875 0.046875
2 0.453125 0.053571428125 0.491071428125 0.055803571875 0.5089285718750001 0.0424107140625 0.5111607140625 0 0.428571428125 0.0022321421875000002 0.453125 0.053571428125
2 0.6205357140625 0.39955357187499996 0.6160714281249999 0.43973214218749995 0.640625 0.46428571406249997 0.6696428578125 0.462053571875 0.6919642859375 0.430803571875 0.6919642859375 0.390625 0.6450892859375 0.37053571406249997 0.6205357140625 0.39955357187499996
2 0.5357142859375 0.2477678578125 0.5223214281249999 0.30133928593750003 0.5647321421875 0.34375 0.6071428578125 0.3415178578125 0.6205357140625 0.33258928593750003 0.6205357140625 0.2165178578125 0.6004464281249999 0.2053571421875 0.5357142859375 0.2477678578125
2 0.6629464281249999 0.15178571406250002 0.6294642859375 0.1852678578125 0.6294642859375 0.22544642812500001 0.6428571421875 0.25669642812500004 0.6741071421875 0.27008928593750003 0.7098214281249999 0.2388392859375 0.7142857140625 0.203125 0.7008928578125 0.171875 0.6629464281249999 0.15178571406250002
2 0.7366071421875 0.0647321421875 0.7611607140625 0.09375 0.7857142859375 0.0959821421875 0.8258928578125 0.046875 0.8147321421875 0 0.7455357140625 0.0111607140625 0.7366071421875 0.0647321421875
2 0.9285714281249999 0.9977678578125 0.921875 0.9776785718750001 0.8638392859374999 0.96875 0.84375 0.9933035718750001 0.9285714281249999 0.9977678578125
2 0.90625 0.0290178578125 0.9084821421875 0 0.8348214281249999 0.0022321421875000002 0.8638392859374999 0.03125 0.90625 0.0290178578125
2 0.909375 0.884375 0.1046875 0.07578125
2 0.31484375 0.0421875 0.128125 0.084375