2 0.31875 0.5609375 0.1921875 0.2125
2 0.35859375 0.37578125 0.1828125 0.1875
2 0.278125 0.29375 0.1265625 0.134375
2 0.22421875 0.396875 0.1625 0.171875
2 0.0640625 0.41875 0.1203125 0.13125
2 0.02578125 0.46796875 0.0515625 0.1484375
2 0.1078125 0.29140625 0.175 0.20625
2 0.39609375 0.13046875 0.1703125 0.1953125
2 0.47578125 0.31640625 0.140625 0.1609375
2 0.51484375 0.4109375 0.1421875 0.1578125
2 0.5203125 0.146875 0.165625 0.190625
2 0.675 0.0875 0.165625 0.15
2 0.9703125 0.21953125 0.059375 0.1140625
2 0.971875 0.4421875 0.05625 0.15625
2 0.96484375 0.54375 0.0703125 0.165625
2 0.8390625 0.67421875 0.1421875 0.15625
2 0.2296875 0.86328125 0.1703125 0.1609375
2 0.84296875 0.23515625 0.228125 0.2453125
2 0.909375 0.76015625 0.1015625 0.1625
2 0.40859375 0.63828125 0.2 0.2375