1 0.05 0.26796875 0.1 0.1984375
1 0.234375 0.34296875 0.1609375 0.175
1 0.45625 0.36875 0.1703125 0.1890625
1 0.43359375 0.1171875 0.175 0.2046875
1 0.6890625 0.2515625 0.1578125 0.18125
1 0.72734375 0.05390625 0.1546875 0.1078125
1 0.853125 0.13046875 0.1109375 0.1671875
1 0.9796875 0.4921875 0.040625 0.1375
1 0.65625 0.64296875 0.140625 0.1546875
1 0.5390625 0.63671875 0.14375 0.153125
1 0.3859375 0.678125 0.159375 0.184375
1 0.315625 0.82578125 0.14375 0.1578125
1 0.5703125 0.85625 0.184375 0.19375
1 0.8375 0.83515625 0.140625 0.1421875