0 0.459375 0.6734375 0.1265625 0.1609375
0 0.4046875 0.56875 0.1265625 0.1453125
0 0.3578125 0.459375 0.13125 0.128125
0 0.50390625 0.15703125 0.09375 0.1296875
0 0.58671875 0.184375 0.0796875 0.096875
0 0.7421875 0.653125 0.134375 0.171875
0 0.80859375 0.57265625 0.0921875 0.1
0 0.88828125 0.44609375 0.140625 0.1765625
0 0.9703125 0.4421875 0.059375 0.159375
0 0.953125 0.309375 0.09375 0.14375
0 0.98125 0.16171875 0.0375 0.1671875
0 0.6328125 0.903125 0.09375 0.1109375
0 0.4265625 0.965625 0.103125 0.0671875