2 0.1453125 0.60625 0.1296875 0.1671875
2 0.2703125 0.8984375 0.1390625 0.1765625
2 0.221875 0.68046875 0.1265625 0.1546875
2 0.240625 0.55078125 0.13125 0.15625
2 0.38359375 0.32890625 0.134375 0.16875
2 0.09140625 0.075 0.1234375 0.15
2 0.53515625 0.6171875 0.1734375 0.2109375
2 0.625 0.7671875 0.134375 0.153125
2 0.6609375 0.63984375 0.1390625 0.159375
2 0.62109375 0.5078125 0.125 0.1484375
2 0.875 0.42421875 0.1359375 0.1625
2 0.94453125 0.5 0.1109375 0.184375
2 0.20859375 0.02421875 0.1265625 0.0484375
2 0.95703125 0.0953125 0.0859375 0.121875
2 0.98203125 0.27734375 0.0359375 0.1421875
2 0.4296875 0.97265625 0.096875 0.053125
2 0.1375 0.22578125 0.1796875 0.1578125
2 0.034375 0.73046875 0.06875 0.1734375
2 0.45234375 0.76953125 0.15 0.228125
2 0.55390625 0.22109375 0.1765625 0.190625