1 0.1046875 0.40546875 0.125 0.140625
1 0.06875 0.490625 0.125 0.15
1 0.2328125 0.69140625 0.1484375 0.1875
1 0.2921875 0.8078125 0.0609375 0.078125
1 0.13203125 0.82421875 0.1421875 0.1875
1 0.01796875 0.20390625 0.0359375 0.1265625
1 0.34140625 0.2734375 0.1453125 0.1609375
1 0.390625 0.46484375 0.15625 0.159375
1 0.61953125 0.27734375 0.1609375 0.1796875
1 0.75 0.4625 0.1484375 0.1671875
1 0.94453125 0.46640625 0.1109375 0.1703125
1 0.88359375 0.228125 0.13125 0.15
1 0.8234375 0.0515625 0.11875 0.103125