2 1 0.9665178578125 0.953125 0.9419642859374999 0.9263392859374999 0.9464285718750001 0.9017857140625001 0.9933035718750001 1 0.9977678578125 1 0.9665178578125
2 0.8839285718750001 0.7522321421875 0.8794642859374999 0.796875 0.9241071421875 0.8191964281249999 0.9508928578125 0.765625 0.9308035718750001 0.7321428578125 0.9084821421875 0.7276785718750001 0.8839285718750001 0.7522321421875
2 1 0.6629464281249999 0.9709821421875 0.6517857140625 0.9330357140625001 0.703125 0.9620535718750001 0.7544642859375 0.9866071421875 0.7522321421875 1 0.7388392859375 1 0.6629464281249999
2 0.7098214281249999 0.6808035718750001 0.7098214281249999 0.7120535718750001 0.7254464281249999 0.7366071421875 0.7589285718750001 0.734375 0.7857142859375 0.6763392859375 0.7611607140625 0.6383928578125 0.7433035718750001 0.6383928578125 0.7098214281249999 0.6808035718750001
2 0.6674107140625 0.6964285718750001 0.6383928578125 0.7254464281249999 0.6339285718750001 0.7700892859375 0.6495535718750001 0.7991071421875 0.6875 0.8058035718750001 0.7098214281249999 0.7834821421875 0.7142857140625 0.7388392859375 0.6897321421875 0.6964285718750001 0.6674107140625 0.6964285718750001
2 0.6540178578125 0.8125 0.6339285718750001 0.8772321421875 0.6741071421875 0.9174107140625001 0.7053571421875 0.8950892859374999 0.7098214281249999 0.8504464281249999 0.6897321421875 0.8169642859374999 0.6540178578125 0.8125
2 0.5267857140625 0.8147321421875 0.5357142859375 0.8727678578125 0.5535714281249999 0.8727678578125 0.5915178578125 0.8660714281249999 0.6160714281249999 0.8325892859374999 0.578125 0.7544642859375 0.5267857140625 0.8147321421875
2 0.412946428125 0.8303571421875 0.3883928578125 0.8549107140625001 0.3883928578125 0.8995535718750001 0.43303571406249997 0.921875 0.459821428125 0.8950892859374999 0.459821428125 0.8638392859374999 0.444196428125 0.8348214281249999 0.412946428125 0.8303571421875
2 0.006696428124999999 0.8348214281249999 0 0.921875 0.0446428578125 0.9397321421875 0.0758928578125 0.9129464281249999 0.0758928578125 0.8683035718750001 0.0513392859375 0.8392857140625001 0.006696428124999999 0.8348214281249999
2 0.2790178578125 0.59375 0.25 0.6227678578125 0.2455357140625 0.6629464281249999 0.265625 0.6964285718750001 0.2946428578125 0.703125 0.3258928578125 0.6763392859375 0.3258928578125 0.6272321421875 0.30133928593750003 0.59375 0.2790178578125 0.59375
2 0.37053571406249997 0.6450892859375 0.38392857187499996 0.703125 0.40625 0.7120535718750001 0.446428571875 0.6674107140625 0.446428571875 0.640625 0.41741071406249997 0.6071428578125 0.37053571406249997 0.6450892859375
2 0.31696428593750003 0.5424107140625 0.3125 0.5959821421875 0.33705357187499996 0.6294642859375 0.36607142812500004 0.6316964281249999 0.39732142812500004 0.5647321421875 0.38392857187499996 0.5290178578125 0.3459821421875 0.5133928578125 0.31696428593750003 0.5424107140625
2 0.3772321421875 0.3571428578125 0.34375 0.39508928593750003 0.33928571406249997 0.43973214218749995 0.36383928593750003 0.48214285781250005 0.39732142812500004 0.484375 0.4375 0.43526785781250005 0.4375 0.39955357187499996 0.412946428125 0.3616071421875 0.3772321421875 0.3571428578125
2 0.5334821421875 0.37053571406249997 0.49553571406249997 0.40848214218749995 0.49553571406249997 0.462053571875 0.5245535718750001 0.5 0.5580357140625 0.5066964281249999 0.5848214281249999 0.493303571875 0.6026785718750001 0.42633928593750003 0.5736607140625 0.37946428593750003 0.5334821421875 0.37053571406249997
2 0.6272321421875 0.48214285781250005 0.5848214281249999 0.5424107140625 0.5848214281249999 0.5691964281249999 0.5982142859375 0.609375 0.6428571421875 0.6361607140625 0.6830357140625 0.6049107140625 0.6919642859375 0.5513392859375 0.6741071421875 0.5111607140625 0.6272321421875 0.48214285781250005
2 0.9375 0.46651785781250005 0.8950892859374999 0.428571428125 0.84375 0.475446428125 0.8526785718750001 0.5513392859375 0.8883928578125 0.578125 0.8839285718750001 0.5647321421875 0.9040178578125 0.5669642859375 0.9419642859374999 0.5111607140625 0.9375 0.46651785781250005
2 0.8816964281249999 0.2455357140625 0.8526785718750001 0.2834821421875 0.8482142859374999 0.32366071406249997 0.8772321421875 0.375 0.9017857140625001 0.3727678578125 0.9375 0.328125 0.9375 0.2834821421875 0.9174107140625001 0.25 0.8816964281249999 0.2455357140625
2 0.8772321421875 0.0982142859375 0.84375 0.1272321421875 0.8392857140625001 0.1852678578125 0.8727678578125 0.2321428578125 0.9017857140625001 0.2299107140625 0.9285714281249999 0.203125 0.9330357140625001 0.149553571875 0.9040178578125 0.102678571875 0.8772321421875 0.0982142859375
2 0.1584821421875 0.03125 0.11383928593749999 0.040178571875 0.0892857140625 0.0736607140625 0.09375 0.131696428125 0.12946428593749998 0.1584821421875 0.171875 0.1428571421875 0.1875 0.11383928593749999 0.19196428593749998 0.060267857812500006 0.1584821421875 0.03125
2 0 0.13616071406250002 0.015625 0.15625 0.040178571875 0.1540178578125 0.0669642859375 0.118303571875 0.0669642859375 0.087053571875 0.0334821421875 0.0491071421875 0 0.069196428125 0 0.13616071406250002
2 0.27008928593750003 0.28125 0.2366071421875 0.30133928593750003 0.2232142859375 0.35044642812500004 0.2477678578125 0.40178571406249997 0.28571428593750003 0.40848214218749995 0.31696428593750003 0.38616071406249997 0.3258928578125 0.33705357187499996 0.3125 0.30580357187499996 0.27008928593750003 0.28125
2 0.8390625 0.02265625 0.0984375 0.04453125
2 0.98828125 0.8484375 0.0234375 0.12109375