1 0.16015625 0.24296875 0.146875 0.1734375
1 0.3625 0.05 0.16875 0.1
1 0.60703125 0.05078125 0.1484375 0.1015625
1 0.75625 0.08125 0.1265625 0.0828125
1 0.63984375 0.2109375 0.165625 0.1765625
1 0.63359375 0.34609375 0.115625 0.140625
1 0.51953125 0.55390625 0.1375 0.165625
1 0.33671875 0.49765625 0.140625 0.15625
1 0.3578125 0.3953125 0.1453125 0.121875
1 0.42578125 0.34765625 0.084375 0.0921875
1 0.3390625 0.2921875 0.115625 0.109375
1 0.809375 0.6890625 0.11875 0.1453125
1 0.9296875 0.54375 0.1 0.1203125
1 0.959375 0.64765625 0.075 0.15
1 0.81640625 0.87890625 0.1296875 0.15
1 0.01328125 0.81796875 0.0265625 0.1171875