2 0.88046875 0.8375 0.153125 0.1890625
2 0.9828125 0.76796875 0.034375 0.1359375
2 0.7296875 0.30234375 0.15 0.178125
2 0.70625 0.125 0.1125 0.1375
2 0.61015625 0.01875 0.0890625 0.0375
2 0.49921875 0.6625 0.1546875 0.175
2 0.21953125 0.80625 0.175 0.2
2 0.115625 0.7390625 0.1515625 0.2046875
2 0.30625 0.58359375 0.1125 0.1359375
2 0.428125 0.44375 0.1375 0.1703125
2 0.5296875 0.4078125 0.1328125 0.153125
2 0.51875 0.28203125 0.1296875 0.1296875
2 0.4015625 0.29453125 0.1375 0.1453125
2 0.371875 0.15234375 0.1265625 0.1515625
2 0.4640625 0.08125 0.140625 0.1625
2 0.24453125 0.41171875 0.1703125 0.2453125
2 0.79375 0.5375 0.2109375 0.3015625
2 0.6296875 0.8625 0.184375 0.2609375
2 0.203125 0.0828125 0.1796875 0.096875