2 0.2563053078125 0.379427690625 0.2893096046875 0.34854848125000004 0.291457978125 0.32147840625 0.275733815625 0.28305078125 0.24811791875 0.2738648875 0.2275511828125 0.282539884375 0.2102594046875 0.3334400046875 0.222731896875 0.3664559453125 0.2563053078125 0.379427690625
2 0.3179938671875 0.334995978125 0.3748282125 0.3192601734375 0.40510338125 0.2531933609375 0.37961256875 0.180123959375 0.34874499999999997 0.1655263796875 0.3032798546875 0.1817963671875 0.2730046859375 0.2478631796875 0.2860346484375 0.306323359375 0.3179938671875 0.334995978125
2 0.555086253125 0.2882878140625 0.5902622109375 0.267151965625 0.6097140078125001 0.207588490625 0.5961498625 0.160497509375 0.5642022859375 0.150231609375 0.52740049375 0.1686616140625 0.501457003125 0.235808434375 0.50959781875 0.267744365625 0.555086253125 0.2882878140625
2 0.5989721390625 0.34293885468749996 0.586499646875 0.3099229140625 0.5632154265625 0.301817028125 0.5307453093750001 0.321327040625 0.5199452250000001 0.364643815625 0.5551561140625 0.398728121875 0.5849203859375 0.3808439421875 0.5989721390625 0.34293885468749996
2 0.611549425 0.5416152578125 0.651057059375 0.5215594171875 0.6715888640625 0.45766426562499996 0.6612763875 0.41598497031250004 0.6174137875000001 0.39814736562499997 0.5730402921875 0.4284923921875 0.5590001828125 0.48480419843749994 0.5855593609375 0.53513520625 0.611549425 0.5416152578125
2 0.478916546875 0.5476542734375001 0.4464697203125 0.603977721875 0.4806006 0.6423937046875 0.51144488125 0.6201778484375 0.5254966343749999 0.5822727609375 0.5119441328125001 0.553588496875 0.478916546875 0.5476542734375001
2 0.5542856890625 0.7343807203125 0.6002850171875 0.706741534375 0.6164967890625 0.6601730921875 0.6083559734375 0.628237159375 0.5753167453125 0.6038962171875 0.5374349453125 0.6266579 0.5223031828125 0.6688946640625 0.532081475 0.7219431578125 0.5542856890625 0.7343807203125
2 0.401655190625 0.7929456906250001 0.4324994703125 0.770729834375 0.4443795640625 0.7230813828125 0.4286554015625 0.6846537578125 0.39995949531249997 0.679799540625 0.37182105781249997 0.7003895609375 0.3599409640625 0.7480380140625 0.3756651265625 0.7864656390625 0.401655190625 0.7929456906250001
2 0.3404542390625 0.7523813328125 0.32473007656249997 0.7139537078125 0.2884508234375 0.702607796875 0.2559807078125 0.7221178109374999 0.23868892968750002 0.7730179296874999 0.2674081234375 0.81468558125 0.3242424671875 0.7989497765625 0.3404542390625 0.7523813328125
2 0.29781136875 0.9510926656249999 0.348142375 0.9245334890624999 0.3665141625 0.8693016921875 0.34861834062499997 0.8211307031249999 0.31667076562499996 0.8108647984375 0.27120561875 0.8271347890625 0.2517421796875 0.8682915437500001 0.2593488109375 0.911596675 0.29781136875 0.9510926656249999
2 0.667942734375 0.6845023921875 0.7041987 0.659034865625 0.7182388093750001 0.6027230609374999 0.7025146484375 0.564295434375 0.679230428125 0.5561895484375 0.639176965625 0.5692078671874999 0.6153934921875 0.6276913328125 0.6343693234375001 0.671530646875 0.667942734375 0.6845023921875
2 0.7436714046875 0.5837588734375 0.7734356765625 0.5658746953125 0.8004591765625 0.494396196875 0.7771400234375 0.4310701578125 0.7484441171875 0.42621594218750003 0.7138139859375 0.45438930937500005 0.697602215625 0.5009577515625 0.7063005 0.558337921875 0.7436714046875 0.5837588734375
2 0.7460395875 0.0483382203125 0.7276445125000001 0.06675658281249999 0.72767944375 0.1219767359375 0.7758737203125 0.14089434843749998 0.8034663312499999 0.11326680781250001 0.8066830703125 0.06345833906250001 0.7460395875 0.0483382203125
2 1 0.110526965625 0.9539601 0.10017862656250001 0.9399199890625001 0.1564904328125 0.962135846875 0.1873347125 0.98920591875 0.18948308593750002 1 0.18081522187500002 1 0.110526965625
2 1 0.4186928859375 0.955261334375 0.44557458906249997 0.9412212234374999 0.5018863953125 0.9455761890625001 0.5397798390624999 0.9916220921875001 0.585767525 1 0.5539325953125 1 0.4186928859375
2 0.8103073296875 0.657884996875 0.812444059375 0.61240820625 0.7875223609375 0.583189759375 0.74097720625 0.603791425 0.7290971125000001 0.6514398765625 0.7459012828125 0.685535825 0.781634709375 0.689844215625 0.8103073296875 0.657884996875
2 0.8906428125 1 0.9111672828125 0.917680846875 0.86242718125 0.8917257125000001 0.8223853640625001 0.9231507499999999 0.8072652453125 0.9837942328124999 0.824356959375 1 0.8906428125 1
2 0.83828125 0.7390625 0.153125 0.1875
2 0.18046875 0.10078125 0.2015625 0.2015625
2 0.0921875 0.77109375 0.184375 0.2390625