0 0.52109375 0.07578125 0.1703125 0.1515625
0 0.33203125 0.22109375 0.0875 0.1
0 0.81328125 0.403125 0.140625 0.1703125
0 0.70625 0.478125 0.121875 0.1421875
0 0.97421875 0.7328125 0.0515625 0.115625
0 0.84921875 0.8515625 0.140625 0.1703125
0 0.68828125 0.75859375 0.0984375 0.1203125
0 0.69921875 0.89375 0.15 0.1640625
0 0.56796875 0.815625 0.0765625 0.090625
0 0.44609375 0.7515625 0.096875 0.115625
0 0.37421875 0.6859375 0.10625 0.121875
0 0.2984375 0.71171875 0.06875 0.084375
0 0.33671875 0.878125 0.084375 0.0984375
0 0.10703125 0.6296875 0.0890625 0.1140625
0 0.37109375 0.553125 0.075 0.075