2 0.462053571875 0.33928571406249997 0.43303571406249997 0.36830357187499996 0.42410714218749995 0.412946428125 0.453125 0.459821428125 0.48214285781250005 0.462053571875 0.5133928578125 0.43526785781250005 0.5178571421875 0.39955357187499996 0.5 0.359375 0.462053571875 0.33928571406249997
2 0.27455357187499996 0.477678571875 0.25 0.5379464281249999 0.29017857187499996 0.5647321421875 0.31696428593750003 0.5379464281249999 0.31696428593750003 0.5066964281249999 0.296875 0.477678571875 0.27455357187499996 0.477678571875
2 0.140625 0.40178571406249997 0.10714285781249999 0.46651785781250005 0.116071428125 0.5022321421875 0.16071428593749998 0.5290178578125 0.18303571406250002 0.5022321421875 0.1875 0.43526785781250005 0.162946428125 0.40178571406249997 0.140625 0.40178571406249997
2 0.12276785781249999 0.27232142812500004 0.0892857140625 0.3147321421875 0.102678571875 0.3772321421875 0.133928571875 0.390625 0.165178571875 0.36830357187499996 0.1741071421875 0.33705357187499996 0.14508928593749998 0.27232142812500004 0.12276785781249999 0.27232142812500004
2 0.060267857812500006 0.41071428593750003 0.03125 0.430803571875 0.0178571421875 0.48883928593750003 0.071428571875 0.5334821421875 0.10714285781249999 0.49776785781250005 0.10714285781249999 0.45758928593750003 0.0982142859375 0.430803571875 0.060267857812500006 0.41071428593750003
2 0.5535714281249999 0.31919642812500004 0.5625 0.36383928593750003 0.59375 0.3727678578125 0.6205357140625 0.31919642812500004 0.6049107140625 0.29017857187499996 0.5825892859375 0.28571428593750003 0.5535714281249999 0.31919642812500004
2 0.6339285718750001 0.13616071406250002 0.6473214281249999 0.203125 0.6919642859375 0.2165178578125 0.7366071421875 0.162946428125 0.7366071421875 0.11383928593749999 0.6941964281249999 0.084821428125 0.6339285718750001 0.13616071406250002
2 0.069196428125 0.11160714218750001 0.037946428125 0.116071428125 0 0.1540178578125 0.008928571875000001 0.19866071406250002 0.0446428578125 0.21205357187499999 0.0825892859375 0.2053571421875 0.102678571875 0.180803571875 0.0982142859375 0.13616071406250002 0.069196428125 0.11160714218750001
2 0.8995535718750001 0.03125 0.875 0.055803571875 0.8705357140625001 0.11383928593749999 0.890625 0.1428571421875 0.9241071421875 0.149553571875 0.9642857140625001 0.11383928593749999 0.9598214281249999 0.069196428125 0.9352678578125 0.0357142859375 0.8995535718750001 0.03125
2 0.6361607140625 0.34821428593750003 0.65625 0.3459821421875 0.6785714281249999 0.30133928593750003 0.6361607140625 0.2633928578125 0.6205357140625 0.3147321421875 0.6361607140625 0.34821428593750003
2 0.7388392859375 0 0.7276785718750001 0.015625 0.7276785718750001 0.055803571875 0.7589285718750001 0.078125 0.7991071421875 0.037946428125 0.7924107140625 0 0.7388392859375 0
2 0.6450892859375 0.0446428578125 0.6919642859375 0.0513392859375 0.7232142859375 0.024553571875 0.7254464281249999 0 0.6205357140625 0.006696428124999999 0.6450892859375 0.0446428578125
2 1 0.462053571875 0.953125 0.446428571875 0.9107142859374999 0.5022321421875 0.9107142859374999 0.5736607140625 0.9575892859374999 0.6205357140625 1 0.6227678578125 1 0.462053571875
2 0.6763392859375 0.5 0.6428571421875 0.5334821421875 0.625 0.6004464281249999 0.7008928578125 0.6316964281249999 0.7276785718750001 0.609375 0.75 0.546875 0.7075892859375 0.5044642859375 0.6763392859375 0.5
2 0.5558035718750001 0.53125 0.5223214281249999 0.578125 0.53125 0.6316964281249999 0.5803571421875 0.6450892859375 0.6160714281249999 0.6049107140625 0.6116071421875 0.546875 0.5870535718750001 0.5223214281249999 0.5558035718750001 0.53125
2 0.2165178578125 0.5982142859375 0.178571428125 0.6450892859375 0.1696428578125 0.7120535718750001 0.203125 0.7589285718750001 0.2321428578125 0.7700892859375 0.27678571406249997 0.7254464281249999 0.2946428578125 0.6584821421875 0.26116071406249997 0.6071428578125 0.2165178578125 0.5982142859375
2 0.118303571875 0.75 0.0892857140625 0.7879464281249999 0.0892857140625 0.8236607140625001 0.10491071406250001 0.8482142859374999 0.16071428593749998 0.859375 0.178571428125 0.8415178578125 0.18303571406250002 0.7924107140625 0.1584821421875 0.7589285718750001 0.118303571875 0.75
2 0.0669642859375 0.8727678578125 0.0625 0.9084821421875 0.087053571875 0.9464285718750001 0.12053571406250001 0.9486607140625001 0.1383928578125 0.9352678578125 0.1428571421875 0.8861607140625001 0.0915178578125 0.8482142859374999 0.0669642859375 0.8727678578125
2 0.15625 0.9977678578125 0.118303571875 0.9598214281249999 0.0736607140625 0.96875 0.053571428125 0.9933035718750001 0.15625 0.9977678578125
2 0.1875 0.9933035718750001 0.25892857187499996 0.9977678578125 0.2633928578125 0.9575892859374999 0.2388392859375 0.9375 0.2008928578125 0.9620535718750001 0.1875 0.9933035718750001
2 0.415178571875 0.9441964281249999 0.446428571875 0.9665178578125 0.47321428593750003 0.921875 0.453125 0.8973214281249999 0.430803571875 0.8973214281249999 0.415178571875 0.9441964281249999
2 0.2388392859375 0.9375 0.2008928578125 0.9620535718750001 0.1875 0.9933035718750001 0.34821428593750003 0.9977678578125 0.328125 0.9598214281249999 0.30580357187499996 0.9508928578125 0.265625 0.9776785718750001 0.2388392859375 0.9375
2 0.31919642812500004 0.6785714281249999 0.25446428593750003 0.765625 0.25892857187499996 0.8415178578125 0.30357142812500004 0.8861607140625001 0.3459821421875 0.875 0.3928571421875 0.8058035718750001 0.375 0.7209821421875 0.31919642812500004 0.6785714281249999
2 0.5825892859375 0.7946428578125 0.5401785718750001 0.8325892859374999 0.5357142859375 0.8816964281249999 0.5647321421875 0.9241071421875 0.6116071421875 0.9263392859374999 0.6383928578125 0.8816964281249999 0.6428571421875 0.8191964281249999 0.6138392859375 0.7946428578125 0.5825892859375 0.7946428578125
2 0.515625 1 0.625 0.9977678578125 0.6138392859375 0.9330357140625001 0.5513392859375 0.9241071421875 0.5178571421875 0.953125 0.515625 1
2 0.6696428578125 0.7611607140625 0.6607142859375 0.8058035718750001 0.6808035718750001 0.8348214281249999 0.7098214281249999 0.8370535718750001 0.7366071421875 0.8058035718750001 0.7366071421875 0.7611607140625 0.6941964281249999 0.7410714281249999 0.6696428578125 0.7611607140625
2 0.415178571875 0.9441964281249999 0.446428571875 0.9665178578125 0.47321428593750003 0.921875 0.453125 0.8973214281249999 0.430803571875 0.8973214281249999 0.415178571875 0.9441964281249999
2 0.28046875 0.27265625 0.134375 0.2