2 0.18146486875 0 0.15533070468750002 0.05604489687500001 0.1909378328125 0.0800374640625 0.22761373125 0.0700478484375 0.24270724062500001 0.037679712500000004 0.23055234375000003 0 0.18146486875 0
2 0.0772130203125 0.3767381078125 0.131414396875 0.350291784375 0.159987365625 0.2995802546875 0.155385175 0.24078758281249998 0.13002940937500002 0.226501096875 0.0744757328125 0.24000234687500002 0.040242696875 0.302851928125 0.044572246875 0.3516658765625 0.0772130203125 0.3767381078125
2 0.2975083640625 0.2159335203125 0.28535941875000004 0.1733249171875 0.2559576375 0.15715174375000002 0.22818079687499998 0.1639023671875 0.2130872875 0.1962705015625 0.2395336109375 0.250471878125 0.28430154375 0.2442556375 0.2975083640625 0.2159335203125
2 0.35631192968750003 0.2482798671875 0.31776023750000004 0.2992640375 0.3420472328125 0.34753270625 0.385451965625 0.2914228546875 0.35631192968750003 0.2482798671875
2 0.2989151390625 0.4136212796875 0.31589533593749997 0.37720712968750003 0.2948473328125 0.3378375171875 0.26895718281250003 0.340542125 0.24604427968749998 0.37911560624999996 0.2479418625 0.412018125 0.2662852578125 0.4254975859375 0.2989151390625 0.4136212796875
2 0.1371725109375 0.67069056875 0.18571381874999998 0.6563822953125 0.2142867875 0.6056707640625001 0.20402453125000003 0.55901614375 0.17057673281250002 0.54095628125 0.1387538765625 0.5458202171875 0.11368164375 0.5784609921875 0.1072254484375 0.63455995 0.1371725109375 0.67069056875
2 0.06086525625 0.7286980015625 0.08944912031249999 0.714935009375 0.10831600625 0.6744748390625 0.09805375 0.6278202187499999 0.0748573140625 0.619466440625 0.049239801562500005 0.6321497703125 0.0265995375 0.6807019734375 0.0365891546875 0.7173778703125 0.06086525625 0.7286980015625
2 0 0.812707565625 0.0053333671875 0.816096325 0.029871214062500002 0.8004466421875 0.0446920828125 0.7580997859374999 0 0.7231892640625001 0 0.812707565625
2 0.31732389843750003 0.6487919640625 0.30733428281249997 0.612116065625 0.28413784531249997 0.6037622875 0.25447431875 0.614558928125 0.23344810312500003 0.6490863921875001 0.25584840937500003 0.701401078125 0.304117078125 0.6771140828125 0.31732389843750003 0.6487919640625
2 0.32680091875 0.7763560265625 0.3508152765625 0.814645975 0.3944926484375 0.76851484375 0.3734446453125 0.729145234375 0.3437811171875 0.739941875 0.32680091875 0.7763560265625
2 0.781085009375 1 0.772669803125 0.9768794109375 0.7413813328125001 0.9647522546875 0.694192328125 0.9920056031250001 0.6904644796875 1 0.781085009375 1
2 0.64385176875 0.392213484375 0.640067496875 0.36335698125000004 0.6044603687500001 0.3393644140625 0.566977446875 0.3563664 0.5481105609375 0.39682656875 0.5686241796875 0.45318727187499996 0.6152787984375 0.44292501562500003 0.64385176875 0.392213484375
2 0.471519775 0.40790674375 0.510082359375 0.3938711109375 0.5348819515625001 0.3512516125 0.5283930734375 0.29650495781249997 0.498991290625 0.28033178593749997 0.45746235156250004 0.2954470828125 0.438595465625 0.3359072515625 0.44292501562500003 0.3847212015625 0.471519775 0.40790674375
2 0.4655434921875 0.2622719234375 0.537815621875 0.2393263375 0.575822034375 0.168384721875 0.5712198453124999 0.1095920515625 0.5291347328125 0.067801365625 0.44230347812500004 0.10612399531250001 0.42154990156250005 0.1506301828125 0.4347894046875 0.233153675 0.4655434921875 0.2622719234375
2 0.4599550625 0 0.43957708125000006 0.006336770312499999 0.41127675156250004 0.06702702499999999 0.4290857625 0.0974975765625 0.51699668125 0.0621413 0.5339768796875 0.025727148437500003 0.5135602312499999 0 0.4599550625 0
2 0.6626315015625 0.05616501875 0.6548012125 0.0254218265625 0.6294454484374999 0.011135340625 0.57039103125 0.042707346875 0.570674565625 0.08963460625 0.60358798125 0.12468556093750001 0.6381045484375 0.1087632390625 0.6626315015625 0.05616501875
2 0.725262915625 0.2651620171875 0.7756909125 0.246807728125 0.7945577984375001 0.20634755781249997 0.78429554375 0.15969293906249998 0.7508477453125 0.141633075 0.7171381984375 0.150543028125 0.69045191875 0.19720854375000002 0.696940796875 0.251955196875 0.725262915625 0.2651620171875
2 0.8506676515624999 0.2497522921875 0.9010956484375001 0.23139800156249998 0.9334419953124999 0.1725944375 0.9277710359375 0.14778395 0.8641144296875 0.120563284375 0.8309501625 0.14943068125 0.818288621875 0.1977102453125 0.8242322218749999 0.23249945468750002 0.8506676515624999 0.2497522921875
2 0.7595831046875 0.4979007328125 0.8000323796875 0.47981908281249996 0.8267186593750001 0.4331535671875 0.816456403125 0.3864989484375 0.793259965625 0.37814516875000004 0.7614371109375 0.38300910312499997 0.7366375171875 0.42562860156250004 0.7358413875 0.469589509375 0.7595831046875 0.4979007328125
2 0.8733732812499999 0.4228913109375 0.92164195 0.398604315625 0.9577616734375001 0.3317087171875 0.9520907125000001 0.30689823125000004 0.9065048640625 0.2831783015625 0.8471778078125001 0.3047715859375 0.8285835593750001 0.35521047656250004 0.8469378515624999 0.40563847343750004 0.8733732812499999 0.4228913109375
2 0.47771927812500004 1 0.448225003125 0.9807508359374999 0.4099686671875 1 0.47771927812500004 1
2 0.3538252046875 0.961360459375 0.331174046875 0.9729641250000001 0.38269260312500003 0.994524725 0.3538252046875 0.961360459375