0 0.6078125 0.8484375 0.1734375 0.18125
0 0.59921875 0.62890625 0.23125 0.2453125
0 0.4953125 0.75546875 0.1875 0.1875
0 0.446875 0.9 0.2125 0.2
0 0.3453125 0.67734375 0.16875 0.18125
0 0.27421875 0.8625 0.2390625 0.21875
0 0.08046875 0.7671875 0.0890625 0.0984375
0 0.08984375 0.60234375 0.1796875 0.2421875
0 0.2375 0.5609375 0.2328125 0.24375
0 0.33359375 0.45234375 0.2328125 0.26875
0 0.46875 0.48671875 0.190625 0.2484375
0 0.6078125 0.46796875 0.234375 0.259375
0 0.66796875 0.29765625 0.215625 0.228125
0 0.8921875 0.3296875 0.16875 0.1828125
0 0.81015625 0.19453125 0.2421875 0.25
0 0.67109375 0.12265625 0.2109375 0.21875
0 0.39453125 0.0703125 0.2109375 0.140625
0 0.26875 0.18359375 0.178125 0.1828125
0 0.15078125 0.21015625 0.1859375 0.2078125
0 0.76484375 0.7703125 0.1640625 0.1953125
0 0.475 0.634375 0.18125 0.190625
0 0.3828125 0.8109375 0.1796875 0.209375