2 0.26093544375 0.8858082671874999 0.24851446875 0.8194030390625 0.20886772343749999 0.78795274375 0.1652206203125 0.808121840625 0.142686659375 0.8473013 0.1513503953125 0.927314671875 0.19381033125 0.969793565625 0.222905240625 0.9705039703124999 0.2505982953125 0.9444653734375 0.26093544375 0.8858082671874999
2 0.1175921109375 0.794971503125 0.0730199140625 0.754838515625 0.04885045625 0.7628108015625 0.0244378765625 0.8087943328125 0.027942517187499998 0.875666846875 0.0469434 0.8970231140625 0.1020863890625 0.8829571609375 0.124853990625 0.8482358703124999 0.1175921109375 0.794971503125
2 0.015316334374999999 0.6773952109375 0.015521542187500001 0.8092616171874999 0.0612903875 0.744277203125 0.049803984375 0.6957046453125 0.015316334374999999 0.6773952109375
2 0 0.5130929531249999 0.0026711953125 0.5640624015625 0.038794342187500004 0.613579009375 0.0683565390625 0.62320575 0.1345281234375 0.606326609375 0.124696175 0.5040223968750001 0.057833140625 0.4650576234375 0.0266259671875 0.466693121875 0 0.5008779765625 0 0.5130929531249999
2 0.1913445234375 0.4535901765625 0.16459551875 0.4549920328125 0.13361251093749998 0.5035551125 0.142276246875 0.583568484375 0.1884934203125 0.61243923125 0.2319068828125 0.5878119671875 0.24154310156249997 0.5157803578125 0.1913445234375 0.4535901765625
2 0.1613340015625 0.3501082734375 0.12005175625 0.28745080624999997 0.0700678640625 0.31465761875 0.043066259375 0.396540134375 0.0644035703125 0.46247807500000004 0.11461162656249999 0.4821988453125 0.1495760390625 0.4669552 0.16953045 0.4212053125 0.1613340015625 0.3501082734375
2 0.4567033578125 0.5268563484375 0.4409924296875 0.48297559999999995 0.3865693265625 0.4254772296875 0.320631384375 0.44681453906249996 0.281199325 0.5047612390625 0.30886394375 0.6061308796875 0.36892290625 0.6432170328125 0.40670050937499996 0.6390019875 0.4428426140625 0.6035797671875 0.4567033578125 0.5268563484375
2 0.5634846953125 0.43185193125000004 0.5285297609375 0.4046261609375 0.4975562296875 0.41071982812499996 0.4747886296875 0.44544111875 0.4822841515625 0.503163653125 0.5151268234375 0.532735328125 0.539529921875 0.5292212109375 0.5709802171875 0.4895744671875 0.5634846953125 0.43185193125000004
2 0.7572507703125 0.6318064578125 0.7180713109375 0.609272496875 0.6828637765625001 0.6625273875000001 0.68214389375 0.7340917109375 0.6924620828125 0.76037343125 0.7292956375 0.7807951281250001 0.7769336250000001 0.751476053125 0.7868034875000001 0.6839026109375 0.7572507703125 0.6318064578125
2 0.8327680624999999 0.7932540171875 0.7837376968750001 0.753354671875 0.7309311359375 0.8120023 0.7332675625 0.8565839765625001 0.7668111625 0.899530153125 0.8090469328125 0.8950814640625 0.8362727015625 0.8601265296875 0.8327680624999999 0.7932540171875
2 0.944279121875 0.532596471875 0.9233996187500001 0.5180442765625 0.8879679203125 0.5243715859375 0.8616767234375 0.5771591890625001 0.8830140328124999 0.6430971328124999 0.9102303234375 0.6506116125 0.9433161171875 0.642172040625 0.9618591921874999 0.612142559375 0.944279121875 0.532596471875
2 1 0.51519485 0.9970856843749999 0.47394884375 0.9524945296875 0.5187546828125 0.9595227656249999 0.567560884375 0.9879072703125 0.5973662015625 1 0.5967324484375001 1 0.51519485
2 0.834283659375 0.3103700640625 0.785019653125 0.2660125515625 0.7282316875 0.29134074375 0.7108568234375 0.3436610640625 0.7228105140625 0.40114995625 0.7692613296874999 0.43447887031250004 0.802814409375 0.43495563437499996 0.8431810390625 0.39484160468749996 0.834283659375 0.3103700640625
2 0.6649206859375 0.10690141875 0.638405321875 0.11276144218749999 0.6200958890625 0.14724909218749999 0.6247687421875 0.23641244218750002 0.6526859609375 0.257301425 0.7054830421875 0.24112320937499998 0.7043337875 0.1338935453125 0.6649206859375 0.10690141875
2 0.6165722921875 0.1653154046875 0.5898327640625001 0.12424784687499998 0.554401065625 0.13057515625 0.5241189859375 0.1925127375 0.5311472234375 0.2413189390625 0.5548399171875 0.26689973125 0.5750184921875 0.268077421875 0.6149178359375 0.21904705781249997 0.6165722921875 0.1653154046875
2 0.0905464328125 0.023007584375 0.09710738437500001 0.06289745 0.14801636875 0.09599272187499999 0.1916634734375 0.0758236265625 0.19965471562499998 0.01505425625 0.0905464328125 0.023007584375
2 0.6977511484375001 0 0.703885459375 0.040038384375 0.737195415625 0.07852639375 0.766290325 0.0792368 0.80243243125 0.04381458125 0.8049896015625 0 0.6977511484375001 0
2 0.28671875 0.97890625 0.1171875 0.0421875
2 0.95 0.25703125 0.0875 0.2
2 0.29609375 0.29375 0.1375 0.2125
2 0.96796875 0.79921875 0.0640625 0.1546875
2 0.31171875 0.8671875 0.15625 0.20625