2 1 0.6376587703125 0.951481171875 0.635085228125 0.9267065359375 0.68310543125 0.935101659375 0.7496912203125 0.99005960625 0.7867608234375 1 0.784023025 1 0.6376587703125
2 0.7939043625 0.6316062390625 0.7556236468749999 0.58674706875 0.71533144375 0.5900312375000001 0.6791136671875 0.649371446875 0.6866569640625 0.711574971875 0.720555415625 0.75728596875 0.766995103125 0.7505329281249999 0.8022994859375 0.6981920265625 0.7939043625 0.6316062390625
2 0.8121722281249999 0.491620053125 0.7816810796875 0.4634381140625 0.7405370515625 0.46234001874999997 0.7149105890625 0.5059779578125 0.7234288484375 0.5498006015625 0.7696222671874999 0.5885738546875 0.807297425 0.5835244671875001 0.8259245765625 0.5389731328125 0.8121722281249999 0.491620053125
2 0.6485609515624999 0.6325710796874999 0.6083303156250001 0.6244736750000001 0.5841612359374999 0.7224024375 0.6155042078124999 0.7549666421875 0.6548830203125 0.75868178125 0.6795960890625 0.7220431515625 0.67460826875 0.67298641875 0.6485609515624999 0.6325710796874999
2 0.5970718781250001 0.6016489625 0.5440022859375 0.5391991671875 0.51862209375 0.5373108140625 0.48423110312500006 0.5826524046875 0.49360118750000004 0.6308573109375 0.5179448515625 0.6625081203125001 0.562496184375 0.6811352734375 0.5968256078125 0.6471752546875 0.5970718781250001 0.6016489625
2 0.5460753406250001 0.47967425468749997 0.5466808984375 0.5295828124999999 0.6034040625 0.5640353703125001 0.6245866921875 0.53263083125 0.619598871875 0.48357409687499997 0.5671964046875 0.4596512875 0.5460753406250001 0.47967425468749997
2 0.46926764218750006 0.4354822078125 0.45094832812499996 0.423125675 0.39836115625 0.433347584375 0.37456148125 0.46298690468750003 0.383931565625 0.5111918125 0.4326804609375 0.5631118578125001 0.47035561875000004 0.558062471875 0.4934881703125 0.489896165625 0.46926764218750006 0.4354822078125
2 0.4290985734375 0.41600323125000005 0.42861615156250005 0.343331525 0.3832745609375 0.30894053593750004 0.37407905937499997 0.3903152015625 0.40103976875 0.42373122968750004 0.4290985734375 0.41600323125000005
2 0.42044706249999997 0.5586680265624999 0.383931565625 0.5111918125 0.34893501875 0.506624846875 0.32866578281250003 0.5310300781249999 0.324889075 0.5817904609375 0.364021615625 0.6310318953125 0.401696775 0.6259825078125 0.42373122968750004 0.59896023125 0.42044706249999997 0.5586680265624999
2 0.458358371875 0.6718166390625 0.4335837359375 0.7198368421875 0.447336084375 0.767189921875 0.4725931421875 0.7918414234375 0.5146505640625 0.785940209375 0.5279204921875 0.7606215859375001 0.5151431046875 0.694887621875 0.458358371875 0.6718166390625
2 0.4352873875 0.728601371875 0.40917850468749994 0.6995676046875 0.360121771875 0.704555425 0.34751896875 0.7684010359375 0.35956766562500003 0.8069895875 0.3856765484375 0.836023353125 0.41811761875000003 0.8274435265625 0.44550929687499996 0.7811885421875 0.4352873875 0.728601371875
2 0.2872037984375 0.750564140625 0.24392514531249998 0.82037253125 0.2463574875 0.8562824718750001 0.26893593125000004 0.8905503265625001 0.331929715625 0.898770865625 0.3560372265625 0.8122236781250001 0.328286259375 0.7630438093749999 0.2872037984375 0.750564140625
2 0.2587857078125 0.6628572890625 0.224764121875 0.639909440625 0.18532374375 0.6475758734375 0.149105965625 0.7069160828125 0.177462490625 0.806004509375 0.20539816093750002 0.82103965625 0.237839228125 0.812459828125 0.2855617140625 0.730418040625 0.2587857078125 0.6628572890625
2 0.3465541265625 0.6230576265625001 0.312655675 0.5773466296875001 0.272363471875 0.5806307984375 0.25379788593749997 0.61380055625 0.25708205624999997 0.6540927609375 0.28568484843749997 0.7076548921875 0.3250020921875 0.7227516078125 0.35580107656250004 0.6940256781249999 0.3465541265625 0.6230576265625001
2 0.14727917968749998 0.720914703125 0.1141094203125 0.7023491171875 0.06925025 0.7406298328124999 0.0663253671875 0.7957724796875 0.081904503125 0.8291269421875 0.11592608906249999 0.8520747906249999 0.135220365625 0.8460504421874999 0.16516752343750002 0.8129422515625 0.14727917968749998 0.720914703125
2 0.04193025625 0.6117789499999999 0.018130579687500002 0.641418271875 0.030907968749999997 0.7071522359375 0.050079109375 0.723891034375 0.08337200312500001 0.719693471875 0.1106405484375 0.696201634375 0.1030972515625 0.633998109375 0.07260610468749999 0.60581616875 0.04193025625 0.6117789499999999
2 0.11942531406250001 0.367049396875 0.075910509375 0.3186597875 0.049616925 0.3237707421875 0.026545939062500003 0.38055547500000003 0.0340892375 0.442759 0.0541122046875 0.4638800625 0.0917873640625 0.458830675 0.1208826953125 0.42134021875 0.11942531406250001 0.367049396875
2 0.16983652968750002 0.11166696093749999 0.12181632656250001 0.0868923234375 0.09114047656249999 0.0928551046875 0.0663658390625 0.14087530937499998 0.0722054875 0.19431430624999999 0.1123129875 0.2251748578125 0.16483859218750002 0.2263345203125 0.1896747953125 0.1669327421875 0.16983652968750002 0.11166696093749999
2 0.3765625 0.9859375 0.0875 0.028125
2 0.8515625 0.4125 0.209375 0.2203125
2 0.61328125 0.03046875 0.1609375 0.0609375