2 1 0.5161991203125 0.9717972734375 0.522070165625 0.9336407890625 0.5746934515625 0.9320985078125 0.6311416296875 0.956883275 0.654414928125 0.975190375 0.6563273749999999 1 0.5849622796875 1 0.5161991203125
2 1 0.1879374734375 0.9650264749999999 0.2013026234375 0.9497577187499999 0.2432531859375 0.9909371421875001 0.2867460328125 1 0.2787589890625 1 0.1879374734375
2 0.9122104046875 0.1702021609375 0.876544721875 0.1833502796875 0.852885853125 0.2222470921875 0.8603120390625 0.26058095468750003 0.8883433437500001 0.26840811875 0.939084996875 0.22036545937500002 0.9289906296874999 0.1763096625 0.9122104046875 0.1702021609375
2 0.749312721875 0.2914424109375 0.6934274921875 0.320985184375 0.6796856109375 0.3587406921875 0.6970287875000001 0.3959332484375 0.729255146875 0.4052872890625 0.77732861875 0.351522696875 0.7754315796875 0.3175766765625 0.749312721875 0.2914424109375
2 0.6636611203125 0.376662221875 0.6550936296875001 0.3284113703125 0.6272551109375 0.313528184375 0.5900625515625 0.330871359375 0.5660181125 0.38388021562499997 0.5723029937499999 0.412297090625 0.601475603125 0.43004124375 0.635421625 0.428144203125 0.6636611203125 0.376662221875
2 0.6302626421874999 0.46189743906249997 0.589838953125 0.44243362656249996 0.552646396875 0.45977680000000004 0.53546519375 0.520034465625 0.5850347296875 0.5665810625 0.6281420046874999 0.5395136859375 0.640357009375 0.505953234375 0.6302626421874999 0.46189743906249997
2 0.5008250640624999 0.2888899828125 0.4884480875 0.2250002109375 0.45221945625000004 0.20706327343750003 0.405109909375 0.2255477546875 0.3707629109375 0.293809959375 0.38352545937500004 0.3435876859375 0.4268101125 0.361717409375 0.47105869375 0.3445670203125 0.5008250640624999 0.2888899828125
2 0.2715776203125 0.3574761328125 0.3158262015625 0.34032574375 0.3160343921875 0.2810166 0.25633967812499997 0.2949204515625 0.24793415937500002 0.344119821875 0.2715776203125 0.3574761328125
2 0.333586221875 0 0.304474778125 0.0321433703125 0.3160960203125 0.072004109375 0.33154215625 0.0752506453125 0.3586249390625 0.0661047984375 0.3807569328125 0.03140304375 0.3716014984375 0 0.333586221875 0
2 0.22473789375000003 0.107638978125 0.265562559375 0.060737624999999996 0.24821938281249997 0.023545067187499998 0.2083586453125 0.035166309374999996 0.19461676562500002 0.072921815625 0.22473789375000003 0.107638978125
2 0.04310131875 0.3978381953125 0.0900334859375 0.33415661406249997 0.061632018749999996 0.28818837343750003 0.0431321328125 0.29333195 0.0141214953125 0.3730380203125 0.04310131875 0.3978381953125
2 0.11247401718750001 0.546608425 0.100852775 0.5067476859375 0.067292325 0.49453268125000005 0.0213240828125 0.52293415 0.00566975625 0.5789967578125 0.01614969375 0.6089405078125 0.059434346875 0.62707023125 0.09834656562500001 0.5984759765625001 0.11247401718750001 0.546608425
2 0 0.7420084203124999 0.0369013765625 0.7281371531249999 0.057136331250000005 0.6594893765625 0.029876167187500004 0.6234381234375 0 0.6081332515625 0 0.7420084203124999
2 0.27531007343749997 0.6343806640625 0.26368883125 0.5945199265625 0.24004536718749997 0.581163615625 0.20857474374999999 0.595838609375 0.186057178125 0.6446524109375 0.1946246703125 0.6929032625 0.22685103125 0.7022573000000001 0.2600413171875 0.676331228125 0.27531007343749997 0.6343806640625
2 0.3194970265625 0.8262427656250001 0.35382861875 0.8102336812500001 0.3660436234375 0.7766732296875001 0.3334471 0.7291781125 0.2851808421875 0.7899987265624999 0.3194970265625 0.8262427656250001
2 0.23524114375 0.7053110515625 0.2199723875 0.747261615625 0.2470397640625 0.790368890625 0.2783176046875 0.7827499203125 0.30541579531249996 0.7213509499999999 0.2739605765625 0.683772821875 0.23524114375 0.7053110515625
2 0.44234118593750005 0.7236797796875 0.42957863906249993 0.673902053125 0.41013023125 0.6620726171875 0.37446455 0.6752207375 0.3550007375 0.7156444234375 0.3692901609375 0.7612270953125 0.3942677140625 0.7774443703125 0.42287737343750004 0.7641034671875 0.44234118593750005 0.7236797796875
2 0.21346390781250002 0.8304070078124999 0.20451084531250002 0.7962682015625 0.1808673828125 0.782911890625 0.14062107343750002 0.808645178125 0.123825440625 0.8547907984374999 0.131251628125 0.8931246609375 0.153561 0.90362000625 0.1997220265625 0.868162515625 0.21346390781250002 0.8304070078124999
2 0.101917046875 0.7779302859375 0.069305115625 0.7826882921875 0.036870562499999995 0.8326433968750001 0.04162856875 0.8652553296875001 0.0906351546875 0.880716871875 0.1119960078125 0.8742392046875 0.129177209375 0.8139815406249999 0.101917046875 0.7779302859375
2 0 0.8471248499999999 0.0067340281249999995 0.8501793578125 0.031148631249999996 0.835311578125 0.0494711390625 0.784970903125 0.0389912015625 0.7550271515625 0.018015918750000002 0.7473927734375 0 0.76391611875 0 0.8471248499999999
2 0.4701334859375 0.8953223328125001 0.4398195703125 0.8676611921875 0.40987582187499993 0.8781411296874999 0.38430450625 0.9353450437499999 0.41556693906250003 0.97997919375 0.45409358749999995 0.9654969859375001 0.47050364843750003 0.9334634093749999 0.4701334859375 0.8953223328125001
2 0.7180581921875 0.86678970625 0.7176880296875 0.828648628125 0.6862328109375 0.7910705 0.6417914437500001 0.8152769125000001 0.6249958125 0.86142253125 0.6408121125 0.9028101453125 0.663121484375 0.9133054906250001 0.6886773921875 0.9083546984374999 0.7180581921875 0.86678970625
2 0.62558883125 1 0.6394626140625 0.9522023015625001 0.6179243828125001 0.9134828687500001 0.57139319375 0.9107992796875 0.535341940625 0.9380594437499999 0.5211841203125 1 0.62558883125 1
2 0.7533228984375 0.9200067546874999 0.71269101875 0.9598520875000001 0.7370902140625 0.9972374296875 0.7725631109375 0.9911453343750001 0.785919421875 0.9675018718749999 0.776966359375 0.9333630640624999 0.7533228984375 0.9200067546874999
2 0.9690828734375 0.6731075984375 0.95096855625 0.66413913125 0.9179710546875001 0.68300918125 0.9011754218749999 0.7291548015625 0.914323540625 0.764820484375 0.9339647328125 0.7695938953125 0.9690828734375 0.6731075984375
2 0.82265625 0.10625 0.11875 0.0734375