2 0.43046875 0.290625 0.134375 0.1640625
2 0.5375 0.3484375 0.1640625 0.1984375
2 0.0140625 0.56328125 0.028125 0.1359375
2 0.22421875 0.15234375 0.1546875 0.1734375
2 0.4953125 0.67890625 0.1375 0.1609375
2 0.1921875 0.86796875 0.121875 0.1484375
2 0.01875 0.82109375 0.0375 0.1296875
2 0.721875 0.5890625 0.1390625 0.159375
2 0.91171875 0.4765625 0.134375 0.1625
2 0.68046875 0.1 0.153125 0.1609375
2 0.478125 0.8046875 0.1453125 0.1765625
2 0.540625 0.96171875 0.11875 0.0765625
2 0.5640625 0.7421875 0.1296875 0.1484375
2 0.63984375 0.8015625 0.15 0.1796875
2 0.74765625 0.91484375 0.1203125 0.1359375
2 0.9078125 0.61015625 0.1390625 0.16875
2 0.8453125 0.19765625 0.2234375 0.25
2 0.28671875 0.41640625 0.1546875 0.1921875
2 0.38046875 0.80234375 0.1703125 0.1734375