0 0.7859375 0.71484375 0.0890625 0.103125
0 0.96640625 0.521875 0.0671875 0.065625
0 0.98515625 0.58515625 0.0296875 0.1140625
0 0.93125 0.84140625 0.0609375 0.0828125
0 0.49375 0.81640625 0.071875 0.075
0 0.30859375 0.82265625 0.1 0.121875
0 0.5390625 0.5390625 0.13125 0.146875
0 0.265625 0.56796875 0.1 0.1078125
0 0.48359375 0.33671875 0.1203125 0.1453125
0 0.61796875 0.23203125 0.0796875 0.103125
0 0.6515625 0.43203125 0.0734375 0.1046875
0 0.7109375 0.40859375 0.1078125 0.159375
0 0.78203125 0.40625 0.1203125 0.153125
0 0.878125 0.36015625 0.090625 0.1078125
0 0.8359375 0.25859375 0.0703125 0.08125
0 0.81875 0.17109375 0.1125 0.1140625
0 0.73828125 0.22109375 0.0890625 0.096875
0 0.66953125 0.01953125 0.0796875 0.0390625
0 0.3921875 0.10703125 0.0875 0.0984375
0 0.275 0.13203125 0.134375 0.140625
0 0.0921875 0.33359375 0.08125 0.090625