0 0.65 0.80625 0.0875 0.084375
0 0.9828125 0.56328125 0.034375 0.1234375
0 0.225 0.921875 0.103125 0.1171875
0 0.2015625 0.96640625 0.090625 0.0671875
0 0.10546875 0.8453125 0.121875 0.16875
0 0.55390625 0.4734375 0.1078125 0.125
0 0.67578125 0.38203125 0.0875 0.1015625
0 0.72578125 0.4109375 0.05625 0.0640625
0 0.734375 0.46640625 0.0953125 0.0921875
0 0.71171875 0.20546875 0.08125 0.0984375
0 0.91484375 0.16484375 0.08125 0.1375
0 0.38828125 0.25546875 0.1125 0.1359375
0 0.5578125 0.12890625 0.075 0.0859375
0 0.3375 0.0359375 0.0484375 0.034375