2 0.32627440625 0.41218747499999997 0.28136672812499997 0.37047325 0.25808250781250003 0.3785791328125 0.23857249375 0.4110492484375 0.2450409015625 0.45544603125 0.276965190625 0.48199356406250005 0.308366940625 0.4787651828125 0.32627440625 0.41218747499999997
2 0.47680310625000005 0.3700555015625 0.43838712187500006 0.335924621875 0.40210786875000004 0.34727053125 0.3944895921875 0.40898237968749995 0.4291080796875 0.455562465625 0.4664556984375 0.46695495 0.48976320781249993 0.42203562968749997 0.47680310625000005 0.3700555015625
2 0.2564683171875 0.362878259375 0.28302749375 0.312547253125 0.2722274078125 0.269230478125 0.2392231125 0.23835126718750002 0.20186384999999998 0.24536550156249998 0.184525496875 0.26809225312499996 0.18341055781249999 0.3189807296875 0.2050456578125 0.350394121875 0.2564683171875 0.362878259375
2 0.263633915625 0.1609501890625 0.22088625468749998 0.1278993171875 0.19760203437499999 0.1360052015625 0.17268033437500002 0.165223646875 0.17373705625 0.2063687609375 0.196997990625 0.2350763125 0.2468064578125 0.23185957343750002 0.263633915625 0.1609501890625
2 0.3684995265625 0.41546243125000004 0.3392228640625 0.48257432031249997 0.3619263296875 0.536726109375 0.399273946875 0.54811859375 0.43666813906249996 0.48588420625 0.413964675 0.43173241874999996 0.3684995265625 0.41546243125000004
2 0.1111882953125 0.6659559515625 0.1366674625 0.6112932671875 0.12586737812499998 0.56797649375 0.072296346875 0.528422284375 0.049012125000000004 0.5365281703125 0.02083875625 0.5711583015625 0.028387173437500003 0.6198867609375001 0.074374859375 0.6659326640625001 0.1111882953125 0.6659559515625
2 0.1893041515625 1 0.2024897625 0.9675591750000001 0.1467470703125 0.9377483281250001 0.1180511625 0.9426025453125 0.100712809375 0.965329296875 0.10935718593749999 1 0.1893041515625 1
2 0.6893682515624999 0.6782319234374999 0.7061724218750001 0.6441359734375001 0.6802289312500001 0.5769891546875 0.6353096109374999 0.5536816453125 0.603362034375 0.5639475484375 0.5892637078125 0.59966933125 0.6076354953124999 0.654901128125 0.64497146875 0.68470033125 0.6893682515624999 0.6782319234374999
2 0.6803104359375001 0.4481421296875 0.65596949375 0.41510290000000005 0.6131985453125 0.41886546406249997 0.594768540625 0.45566725625000004 0.5968936265625 0.519550765625 0.6526363203125001 0.5493616109375 0.682435521875 0.5120256375000001 0.6803104359375001 0.4481421296875
2 0.6061610265625 0.41831963906249997 0.6272968734375 0.38314368125 0.6154167796875 0.33549523125 0.5834924906250001 0.308947696875 0.5591282625 0.3127219046875 0.5331149109375 0.3560153921875 0.5428349875 0.3950004859375 0.5650159125 0.41937636093749997 0.6061610265625 0.41831963906249997
2 0.686906921875 0.29006501406249996 0.653902625 0.259185803125 0.633870071875 0.26188000312500004 0.6143600593749999 0.2943501171875 0.6219201187500001 0.324671859375 0.6679194468749999 0.35231104375 0.6901353046875001 0.3214667640625 0.686906921875 0.29006501406249996
2 0.5943857234375 0.2050107265625 0.6144415640625 0.16550309218749998 0.600401453125 0.1091912875 0.5728088421875001 0.08156374375 0.534369571875 0.0842463 0.5148595593749999 0.11671641562499999 0.525648 0.17843990625 0.5673156515625 0.2071591015625 0.5943857234375 0.2050107265625
2 0.7238135046874999 0.1428345578125 0.7065217265625 0.0919344390625 0.6534732328125 0.08215614375 0.6177048765625 0.1416846890625 0.623093275 0.1817497921875 0.652845903125 0.218040690625 0.704837675 0.1866738703125 0.7238135046874999 0.1428345578125
2 0.7697546171874999 0.2625073328125 0.7963021515625 0.2305830453125 0.792005403125 0.1764428984375 0.76441279375 0.14881535625 0.7270535296875 0.1558295890625 0.706451865625 0.2023747453125 0.7150919328125 0.2370281640625 0.74268454375 0.26465570625 0.7697546171874999 0.2625073328125
2 0.8487233140624999 0.37624588281250004 0.872019178125 0.3497332796875 0.8698940921875 0.285849771875 0.8347297765624999 0.24630720625000002 0.7919588296875 0.2500697703125 0.7627054531249999 0.280368225 0.77349389375 0.34209171562499996 0.8108298703125 0.37189091875 0.8487233140624999 0.37624588281250004
2 1 0.46251859843750004 0.9824361984375001 0.3866165765625 0.9542511859375 0.4396534265625 0.978034659375 0.4981368921875 1 0.5089624984375 1 0.46251859843750004
2 0.817031325 0 0.84404375 0.0714492078125 0.897626425 0.0925967 0.9122472921875 0.08665083125 0.8864113375 0 0.817031325 0
2 0.06075249687499999 0.805057234375 0.089912725 0.9220125250000001 0.12402031718749999 0.9204099765624999 0.14948784375 0.884154009375 0.1462711046875 0.8343455421874999 0.11922431874999999 0.7996804796875 0.0759191890625 0.7920738468749999 0.06075249687499999 0.805057234375