2 0.7875 0.7484375 0.159375 0.1796875
2 0.71328125 0.82890625 0.115625 0.14375
2 0.77734375 0.5890625 0.1234375 0.140625
2 0.77265625 0.39453125 0.134375 0.1703125
2 0.68203125 0.459375 0.134375 0.159375
2 0.58125 0.21015625 0.1421875 0.1765625
2 0.46328125 0.48359375 0.1359375 0.1625
2 0.42265625 0.6265625 0.096875 0.1140625
2 0.3171875 0.6640625 0.153125 0.159375
2 0.02890625 0.9078125 0.0578125 0.08125
2 0.9421875 0.08671875 0.115625 0.084375
2 0.459375 0.02265625 0.103125 0.0453125
2 0.08671875 0.0265625 0.0703125 0.053125
2 0.91640625 0.98984375 0.0546875 0.0203125
2 0.8125 0.134375 0.1578125 0.2125
2 0.95625 0.68125 0.078125 0.2359375
2 0.290625 0.09921875 0.1875 0.1984375