2 0.52578125 0.1453125 0.128125 0.159375
2 0.18515625 0.31171875 0.1171875 0.1515625
2 0.2453125 0.503125 0.1015625 0.11875
2 0.315625 0.446875 0.1109375 0.1171875
2 0.4234375 0.47109375 0.1 0.115625
2 0.4125 0.5890625 0.1171875 0.140625
2 0.59609375 0.22734375 0.11875 0.1453125
2 0.503125 0.44609375 0.1078125 0.146875
2 0.5859375 0.44453125 0.1109375 0.1484375
2 0.7796875 0.15390625 0.103125 0.1296875
2 0.815625 0.3140625 0.090625 0.1
2 0.93984375 0.1875 0.096875 0.1125
2 0.89375 0.49609375 0.11875 0.14375
2 0.9640625 0.5359375 0.071875 0.13125
2 0.87734375 0.65390625 0.1421875 0.165625
2 0.51015625 0.63671875 0.121875 0.15
2 0.6 0.64453125 0.0953125 0.13125
2 0.17890625 0.725 0.0921875 0.134375
2 0.42734375 0.97265625 0.1109375 0.053125
2 0.5546875 0.95390625 0.1 0.0921875
2 0.97265625 0.315625 0.0546875 0.134375