2 0.9130670453124999 0.7022770203124999 0.9026065078125001 0.62612075625 0.8615281671874999 0.608079565625 0.8305888640625 0.6238439296875 0.7930197765625 0.69612949375 0.8146238015625 0.7524363593750001 0.8457774421875 0.7649058046875 0.8866414484374999 0.7547131859375 0.9130670453124999 0.7022770203124999
2 0.9927725109375001 0.601436146875 0.9658646578125 0.5903462421875 0.9264337765624999 0.603351525 0.9139107484375 0.6274467125000001 0.914553753125 0.7121481375000001 0.9458681453125 0.7457929390625 0.9927725109375001 0.601436146875
2 0.8483085499999999 0.540414878125 0.8614210015625 0.5939626640625 0.8897083921875 0.6008067796875001 0.933009975 0.539771871875 0.89304325625 0.4821926328125 0.8621039515625 0.497956996875 0.8483085499999999 0.540414878125
2 0.9531536015625001 0.2177349890625 0.943014565625 0.1839294359375 0.91605313125 0.165781078125 0.86961738125 0.185898396875 0.8515761921875 0.22697673593749998 0.8674477234375001 0.272032946875 0.894355575 0.2831228515625 0.9323533312500001 0.2673049046875 0.9531536015625001 0.2177349890625
2 0.8352360453125 0.3061600015625 0.8214406437499999 0.34861788125 0.8612466109374999 0.3850217640625 0.8851274640625 0.369310984375 0.9058205671874999 0.30562416406250004 0.8675548890625 0.28614985000000004 0.8352360453125 0.3061600015625
2 0.639139678125 0.324589915625 0.5842123515625001 0.3419481546875 0.5494023453125 0.40574214218750004 0.5652738765625 0.4507983515625 0.6049190921875 0.466026878125 0.6456759296875 0.44171735468750006 0.672101528125 0.389281190625 0.639139678125 0.324589915625
2 0.5359284468750001 0.490550734375 0.520056915625 0.4454945265625 0.47887140937500006 0.41333643125 0.425430790625 0.44056578750000003 0.3991123609375 0.5071188546875 0.40935856406250004 0.5550413109375001 0.468960346875 0.5955302296875 0.5153425125 0.5683544609375 0.5359284468750001 0.490550734375
2 0.45654448593749997 0.633742321875 0.440672953125 0.5886861140625 0.399487446875 0.55652801875 0.375553009375 0.565180346875 0.3645166890625 0.5991466515625 0.38198209375 0.6681908812499999 0.4131357359375 0.6806603265625 0.4511334921875 0.6648423796875 0.45654448593749997 0.633742321875
2 0.3026380796875 0.6306753781250001 0.29022221875 0.6688874703125001 0.3230233171875 0.7124033875 0.3610210734375 0.696585440625 0.37343693437500003 0.658373346875 0.344720871875 0.5950616156249999 0.3026380796875 0.6306753781250001
2 0.395910971875 0.27137727031250003 0.3729274046875 0.21931619375000003 0.3488322171875 0.20679316406249998 0.30526271562499996 0.23253581250000002 0.285949153125 0.2919768453125 0.301820684375 0.337033053125 0.3414659 0.352261578125 0.38073602968750003 0.3180809390625 0.395910971875 0.27137727031250003
2 0.49476924687499996 0.08992000781250001 0.455338365625 0.102925290625 0.43188618281249996 0.1751036875 0.45062396250000003 0.225785225 0.48740292968750004 0.23538842031249999 0.5404684609375 0.1587499015625 0.5302222578125 0.1108274453125 0.49476924687499996 0.08992000781250001
2 0.1849295453125 0 0.1894475953125 0.04000228125 0.22214152812500002 0.0694012953125 0.265550278125 0.0224832921875 0.269869696875 0 0.1849295453125 0
2 0.286016375 0.48680083906249993 0.2522108234375 0.4969398734375 0.217507984375 0.574850765625 0.236460096875 0.6537661124999999 0.2689932765625 0.66198976875 0.33033605 0.5598765218749999 0.3129778109375 0.504949196875 0.286016375 0.48680083906249993
2 0.8976504921874999 0.3452157953125 0.900784659375 0.386133384375 0.9276925109375 0.397223290625 0.9837314578124999 0.34032700312499997 0.945251446875 0.29261888125 0.9143121421875 0.30838324375 0.8976504921874999 0.3452157953125
2 0.0726017140625 0.2695963359375 0.06798084062500001 0.21880763124999997 0.0335459203125 0.332010784375 0.0726017140625 0.2695963359375