2 0.47944252499999995 0.380456703125 0.5153509859375001 0.420337090625 0.546558159375 0.4219725890625 0.5775222125 0.3855968421875 0.5772696125000001 0.3051161828125 0.5437070546875 0.26312353437499997 0.501004 0.2675911796875 0.47426447187500004 0.3086587375 0.47944252499999995 0.380456703125
2 0.6195622546874999 0.5643813515625 0.6498253765625 0.54138010625 0.656619971875 0.497032075 0.6237583421874999 0.44166492343749997 0.5782420968750001 0.457161165625 0.5709802171875 0.5104255328125 0.6195622546874999 0.5643813515625
2 0.44803962343750003 0.553157025 0.47549903593750004 0.583653790625 0.502248040625 0.585055646875 0.5332120921875 0.5486799 0.5348475921875 0.517472728125 0.505743203125 0.4757137203125 0.48134010156249996 0.472199603125 0.44638516875 0.49942537187499997 0.44803962343750003 0.553157025
2 0.4008784 0.557391028125 0.427384284375 0.5207816390625 0.4074298734375 0.47503175000000003 0.365670865625 0.5041361390625 0.3830457296875 0.5564564578125 0.4008784 0.557391028125
2 0.3163879015625 0.463554825 0.35533371874999997 0.4454790328125 0.3499220234375 0.37813923437499997 0.325518921875 0.374625115625 0.294554871875 0.4110008625 0.3163879015625 0.463554825
2 0.198353803125 0.412664796875 0.23378550156250003 0.4189921046875 0.2598241015625 0.3912990515625 0.266385053125 0.35140918593750003 0.2243734453125 0.300032915625 0.18730625 0.3249127796875 0.1805116546875 0.3692608125 0.198353803125 0.412664796875
2 0.10496592812500001 0.4033001328125 0.131481290625 0.40916015625 0.1575198890625 0.381467103125 0.1422572890625 0.3314926875 0.1178541890625 0.3279785703125 0.09204923125 0.3512134578125 0.10496592812500001 0.4033001328125
2 0.2271676796875 0.20406549218749997 0.2539166859375 0.20546734687499998 0.29449800000000004 0.1561843828125 0.28768444843749996 0.11559358906249999 0.2576454890625 0.091667253125 0.2240924109375 0.09214401718750001 0.197119240625 0.1376697421875 0.2271676796875 0.20406549218749997
2 0.09880591250000001 0.1369877703125 0.1220407984375 0.1627927265625 0.157706140625 0.16466186875 0.1893711203125 0.11491161875 0.1870157359375 0.07455446875 0.1576777046875 0.0372536296875 0.1241246265625 0.0377303921875 0.0976187421875 0.07433978125 0.09880591250000001 0.1369877703125
2 0.4207380265625 0.17844678593750002 0.46132881875000004 0.171633234375 0.49276015781250004 0.1263411515625 0.4904047734375 0.0859840015625 0.4469913109375 0.0613567359375 0.40593323281249993 0.0770866234375 0.3953813984375 0.1078265109375 0.4207380265625 0.17844678593750002
2 0.4207770421875 0 0.41765327812499997 0.0240558984375 0.4406545234375 0.054319021875 0.480310746875 0.065338140625 0.51057386875 0.042336896875 0.5215929890625 0.0026806734375 0.4857153078125 0 0.4207770421875 0
2 0.57510995625 0.0904232125 0.601868440625 0.13429448125000001 0.672488715625 0.108937853125 0.659796184375 0.0099235953125 0.5997277421875 0.0045403359375 0.582839121875 0.028242509375000002 0.57510995625 0.0904232125
2 0.7400432 0.0141291640625 0.664020709375 0.014615406249999999 0.7048546234375 0.0458131015625 0.7400432 0.0141291640625
2 0.6820870218749999 0.011091809375000001 0.6642543515625 0.0101572390625 0.682797428125 0.0401867203125 0.6820870218749999 0.011091809375000001
2 0.891620896875 0.0220730140625 0.8200565734374999 0.022792899999999998 0.8782558734375 0.0638415 0.891620896875 0.0220730140625
2 0.893903771875 0.78886835625 0.9520841156250001 0.74497813125 0.9457378484375001 0.695471003125 0.915465246875 0.676002834375 0.8788653359374999 0.6919663625 0.8685471453125 0.7182480828125 0.893903771875 0.78886835625
2 0.5893560015625 0.8421990750000001 0.6168154125 0.872695840625 0.65106941875 0.858844575 0.6707712296875 0.8241138046875 0.668182203125 0.7882148234375 0.6428350546875 0.760063959375 0.6045901671875 0.7647652500000001 0.5874679031250001 0.7929255890625 0.5893560015625 0.8421990750000001
2 0.7089213703125 1 0.7386162281249999 0.9796634281250001 0.753859871875 0.9446990156249999 0.745391865625 0.85037656875 0.7108947390625 0.8262165890625001 0.67241620625 0.8353760453125 0.636526703125 0.8804344859375 0.641003828125 0.9656069546875001 0.6897667843749999 1 0.7089213703125 1
2 0.2972576390625 0.9565328046875001 0.329642503125 0.9783468781250001 0.35685879374999996 0.9708323999999999 0.37867286875 0.938447534375 0.351203978125 0.8654813546875 0.31741725781249996 0.8704162859375 0.28598592031250003 0.9157083687500001 0.2972576390625 0.9565328046875001
2 0.22520707343750002 0.8812301984375001 0.2519655578125 0.9251014671875 0.2768359421875 0.9196992500000001 0.30615501875 0.8720612624999999 0.30356599218749997 0.8361622796875 0.2779852 0.8124695859375001 0.244198478125 0.8174045171875 0.22730985625 0.8411066890625 0.22520707343750002 0.8812301984375001
2 0.0027849375 0.9455705546875001 0.0262534671875 0.9669173437499999 0.0485443046875 0.9680855578124999 0.0842001671875 0.9274852859375 0.07785390156250001 0.8779781578125 0.05649763437500001 0.8589772734375 0.0274027234375 0.85968768125 0.00113048125 0.8918389031249999 0.0027849375 0.9455705546875001
2 0.441870128125 0.24437525 0.4693295421875 0.274872015625 0.5143690234375 0.22582269375 0.489722803125 0.18429733125 0.4653197015625 0.1807832125 0.44397291250000004 0.2042517421875 0.441870128125 0.24437525
2 0.9828125 0.04296875 0.034375 0.0390625