2 0.8816964281249999 0.1875 0.84375 0.2165178578125 0.8258928578125 0.2834821421875 0.84375 0.33705357187499996 0.9017857140625001 0.36383928593750003 0.9553571421875 0.32366071406249997 0.9642857140625001 0.26116071406249997 0.921875 0.196428571875 0.8816964281249999 0.1875
2 0.9441964281249999 0.34821428593750003 0.9196428578125 0.390625 0.9241071421875 0.42633928593750003 0.9441964281249999 0.45089285781250005 0.9732142859374999 0.44866071406249997 0.9955357140625001 0.41741071406249997 0.9955357140625001 0.38169642812500004 0.9709821421875 0.34821428593750003 0.9441964281249999 0.34821428593750003
2 0.8794642859374999 0.5691964281249999 0.875 0.6227678578125 0.8950892859374999 0.6607142859375 0.9553571421875 0.671875 0.9776785718750001 0.5825892859375 0.9575892859374999 0.5446428578125 0.9263392859374999 0.5357142859375 0.8794642859374999 0.5691964281249999
2 0.9040178578125 0.6696428578125 0.8705357140625001 0.6986607140625 0.8660714281249999 0.7388392859375 0.8861607140625001 0.7901785718750001 0.9330357140625001 0.796875 0.9553571421875 0.7700892859375 0.9598214281249999 0.7120535718750001 0.9352678578125 0.6785714281249999 0.9040178578125 0.6696428578125
2 0.796875 0.7857142859375 0.7678571421875 0.8772321421875 0.8348214281249999 0.890625 0.8571428578125 0.8638392859374999 0.8616071421875 0.8191964281249999 0.8370535718750001 0.7857142859375 0.796875 0.7857142859375
2 0.7834821421875 0.6830357140625 0.7544642859375 0.7209821421875 0.7633928578125 0.765625 0.7991071421875 0.7790178578125 0.8191964281249999 0.7767857140625 0.8392857140625001 0.7433035718750001 0.8102678578125 0.6785714281249999 0.7834821421875 0.6830357140625
2 0.6450892859375 0.7455357140625 0.6116071421875 0.828125 0.6674107140625 0.875 0.6964285718750001 0.8727678578125 0.71875 0.8459821421875 0.7142857140625 0.7834821421875 0.6852678578125 0.7455357140625 0.6450892859375 0.7455357140625
2 0.5959821421875 0.8616071421875 0.5625 0.9040178578125 0.5803571421875 0.984375 0.5959821421875 1 0.6651785718750001 0.9977678578125 0.6875 0.9441964281249999 0.6785714281249999 0.890625 0.6361607140625 0.8616071421875 0.5959821421875 0.8616071421875
2 0.6004464281249999 0.6964285718750001 0.5513392859375 0.7053571421875 0.5133928578125 0.7433035718750001 0.5223214281249999 0.8102678578125 0.5803571421875 0.8325892859374999 0.6071428578125 0.8147321421875 0.625 0.7566964281249999 0.625 0.7254464281249999 0.6004464281249999 0.6964285718750001
2 0.484375 0.5714285718750001 0.428571428125 0.6316964281249999 0.41964285781250005 0.671875 0.444196428125 0.7053571421875 0.5044642859375 0.7254464281249999 0.5535714281249999 0.6852678578125 0.5625 0.6316964281249999 0.5379464281249999 0.5803571421875 0.484375 0.5714285718750001
2 0.2790178578125 0.5982142859375 0.22767857187499999 0.6763392859375 0.30803571406249997 0.7209821421875 0.3303571421875 0.7075892859375 0.34375 0.6495535718750001 0.31919642812500004 0.6026785718750001 0.2790178578125 0.5982142859375
2 0.0825892859375 0.49553571406249997 0.040178571875 0.5334821421875 0.040178571875 0.6004464281249999 0.069196428125 0.6428571421875 0.12053571406250001 0.6450892859375 0.147321428125 0.609375 0.15178571406250002 0.5513392859375 0.1272321421875 0.5089285718750001 0.0825892859375 0.49553571406249997
2 0.24330357187499999 0.6964285718750001 0.20982142812500001 0.7120535718750001 0.19196428593749998 0.7522321421875 0.1875 0.8236607140625001 0.2232142859375 0.8504464281249999 0.27455357187499996 0.84375 0.30803571406249997 0.796875 0.30357142812500004 0.7388392859375 0.24330357187499999 0.6964285718750001
2 0.037946428125 0.040178571875 0.008928571875000001 0.10491071406250001 0.037946428125 0.15178571406250002 0.0625 0.1540178578125 0.0892857140625 0.131696428125 0.09375 0.0736607140625 0.069196428125 0.040178571875 0.037946428125 0.040178571875
2 0.3459821421875 0.0669642859375 0.32142857187499996 0.0959821421875 0.32142857187499996 0.1540178578125 0.35044642812500004 0.196428571875 0.37946428593750003 0.19866071406250002 0.40625 0.180803571875 0.42410714218749995 0.11383928593749999 0.39508928593750003 0.071428571875 0.3459821421875 0.0669642859375
2 0.3303571421875 0.046875 0.37053571406249997 0.060267857812500006 0.39732142812500004 0.0424107140625 0.40178571406249997 0.0022321421875000002 0.33258928593750003 0 0.3303571421875 0.046875
2 0.9933035718750001 0.0491071421875 0.9732142859374999 0.0959821421875 1 0.140625 0.9933035718750001 0.0491071421875
2 0.2375 0.38828125 0.165625 0.18359375
2 0.13671875 0.88125 0.1234375 0.21484375
2 0.70390625 0.21875 0.11953125 0.2015625