2 0.7142857140625 0.7790178578125 0.7142857140625 0.8236607140625001 0.7299107140625 0.8482142859374999 0.7767857140625 0.8504464281249999 0.7991071421875 0.8013392859374999 0.78125 0.7477678578125 0.7566964281249999 0.7321428578125 0.7142857140625 0.7790178578125
2 0.6540178578125 0.7991071421875 0.6160714281249999 0.8370535718750001 0.6116071421875 0.8950892859374999 0.640625 0.9419642859374999 0.6696428578125 0.9397321421875 0.7053571421875 0.8995535718750001 0.7142857140625 0.8459821421875 0.6941964281249999 0.8080357140625001 0.6540178578125 0.7991071421875
2 0.7053571421875 0.9263392859374999 0.7254464281249999 0.9732142859374999 0.7589285718750001 0.9754464281249999 0.7857142859375 0.9486607140625001 0.7901785718750001 0.8995535718750001 0.7388392859375 0.8571428578125 0.7053571421875 0.9263392859374999
2 0.7053571421875 0.9977678578125 0.6852678578125 0.9553571421875 0.6361607140625 0.9598214281249999 0.6116071421875 0.9933035718750001 0.7053571421875 0.9977678578125
2 0.8191964281249999 0.6785714281249999 0.78125 0.7388392859375 0.8035714281249999 0.8147321421875 0.8482142859374999 0.828125 0.8794642859374999 0.8058035718750001 0.8883928578125 0.7433035718750001 0.8549107140625001 0.6830357140625 0.8191964281249999 0.6785714281249999
2 0.9174107140625001 0.6116071421875 0.8794642859374999 0.6361607140625 0.8660714281249999 0.6852678578125 0.8995535718750001 0.7366071421875 0.9285714281249999 0.7388392859375 0.9598214281249999 0.7120535718750001 0.9642857140625001 0.6495535718750001 0.9352678578125 0.6116071421875 0.9174107140625001 0.6116071421875
2 0.9174107140625001 0.446428571875 0.8526785718750001 0.49776785781250005 0.8571428578125 0.5736607140625 0.9107142859374999 0.5915178578125 0.9464285718750001 0.5691964281249999 0.9598214281249999 0.5379464281249999 0.9598214281249999 0.5022321421875 0.9174107140625001 0.446428571875
2 0.7924107140625 0.48214285781250005 0.7678571421875 0.49776785781250005 0.7589285718750001 0.546875 0.7879464281249999 0.59375 0.8125 0.5959821421875 0.84375 0.5558035718750001 0.84375 0.5200892859375 0.8191964281249999 0.48660714218749995 0.7924107140625 0.48214285781250005
2 0.6986607140625 0.5178571421875 0.6651785718750001 0.546875 0.65625 0.5959821421875 0.6763392859375 0.6339285718750001 0.71875 0.6361607140625 0.7455357140625 0.5959821421875 0.7455357140625 0.5513392859375 0.7254464281249999 0.5223214281249999 0.6986607140625 0.5178571421875
2 0.6495535718750001 0.3125 0.6160714281249999 0.3727678578125 0.6294642859375 0.43526785781250005 0.6741071421875 0.44866071406249997 0.71875 0.40848214218749995 0.71875 0.33258928593750003 0.6986607140625 0.30803571406249997 0.6495535718750001 0.3125
2 0.7433035718750001 0.29017857187499996 0.71875 0.31919642812500004 0.7276785718750001 0.39955357187499996 0.7388392859375 0.41964285781250005 0.7723214281249999 0.421875 0.7991071421875 0.39508928593750003 0.8080357140625001 0.33258928593750003 0.7790178578125 0.29017857187499996 0.7433035718750001 0.29017857187499996
2 0.8504464281249999 0.2053571421875 0.8258928578125 0.2299107140625 0.8214285718750001 0.29241071406249997 0.8459821421875 0.3303571421875 0.8839285718750001 0.33258928593750003 0.9151785718750001 0.29241071406249997 0.9151785718750001 0.265625 0.8950892859374999 0.21875 0.8504464281249999 0.2053571421875
2 1 0.35044642812500004 0.9665178578125 0.33928571406249997 0.9330357140625001 0.3727678578125 0.9241071421875 0.42633928593750003 0.9575892859374999 0.477678571875 0.9821428578125 0.47991071406249997 1 0.46651785781250005 1 0.35044642812500004
2 0.9352678578125 0.0892857140625 0.8973214281249999 0.1272321421875 0.8973214281249999 0.194196428125 0.9174107140625001 0.21875 0.9508928578125 0.2209821421875 0.9910714281249999 0.1897321421875 1 0.14508928593749998 0.9620535718750001 0.0892857140625 0.9352678578125 0.0892857140625
2 0.430803571875 0.12053571406250001 0.415178571875 0.14508928593749998 0.415178571875 0.1897321421875 0.45535714218749995 0.22544642812500001 0.5 0.19866071406250002 0.5 0.149553571875 0.47098214218749995 0.116071428125 0.430803571875 0.12053571406250001
2 0.046875 0.25 0.022321428125 0.2834821421875 0.022321428125 0.33258928593750003 0.060267857812500006 0.375 0.0982142859375 0.3772321421875 0.12053571406250001 0.3459821421875 0.12053571406250001 0.29241071406249997 0.0915178578125 0.25446428593750003 0.046875 0.25
2 0.1852678578125 0.5267857140625 0.16071428593749998 0.5513392859375 0.15178571406250002 0.609375 0.1897321421875 0.6651785718750001 0.21875 0.671875 0.25446428593750003 0.6495535718750001 0.2678571421875 0.5870535718750001 0.2299107140625 0.5267857140625 0.1852678578125 0.5267857140625
2 0.21205357187499999 0.75 0.1875 0.7879464281249999 0.1875 0.8415178578125 0.234375 0.8839285718750001 0.25446428593750003 0.8816964281249999 0.29017857187499996 0.8236607140625001 0.28125 0.7879464281249999 0.25669642812500004 0.7544642859375 0.21205357187499999 0.75
2 0.125 0.9129464281249999 0.125 0.9754464281249999 0.13616071406250002 1 0.20982142812500001 0.9977678578125 0.22767857187499999 0.9709821421875 0.22767857187499999 0.9084821421875 0.171875 0.8660714281249999 0.125 0.9129464281249999
2 0.12053571406250001 0.9977678578125 0.10714285781249999 0.9174107140625001 0.0513392859375 0.9151785718750001 0.0446428578125 0.9977678578125 0.12053571406250001 0.9977678578125
2 0.40178571406249997 0.515625 0.40178571406249997 0.5558035718750001 0.46651785781250005 0.6428571421875 0.49553571406249997 0.640625 0.5491071421875 0.5602678578125 0.48214285781250005 0.462053571875 0.43526785781250005 0.446428571875 0.40178571406249997 0.515625
2 0.35491071406249997 0.071428571875 0.28794642812500004 0.0982142859375 0.25892857187499996 0.16741071406250002 0.27232142812500004 0.234375 0.33482142812500004 0.27008928593750003 0.37053571406249997 0.2477678578125 0.3928571421875 0.1897321421875 0.3928571421875 0.140625 0.35491071406249997 0.071428571875