0 0.33046875 0.021875 0.1203125 0.04375
0 0.40546875 0.025 0.0765625 0.05
0 0.26171875 0.16875 0.0875 0.090625
0 0.4875 0.18203125 0.090625 0.0953125
0 0.5765625 0.03828125 0.13125 0.0765625
0 0.98515625 0.1609375 0.0296875 0.10625
0 0.8828125 0.45859375 0.084375 0.0953125
0 0.9453125 0.6046875 0.0921875 0.0984375
0 0.31875 0.334375 0.0875 0.0953125
0 0.259375 0.4359375 0.1421875 0.1359375
0 0.57421875 0.64375 0.159375 0.1890625
0 0.71171875 0.90625 0.090625 0.1
0 0.5578125 0.9640625 0.128125 0.071875
0 0.47890625 0.94609375 0.1015625 0.1078125