2 0.9732142859374999 0.921875 0.9486607140625001 0.8705357140625001 0.8995535718750001 0.8616071421875 0.8660714281249999 0.890625 0.8526785718750001 0.9308035718750001 0.8616071421875 0.9977678578125 0.9598214281249999 0.9977678578125 0.9665178578125 0.9776785718750001 0.8705357140625001 0.9709821421875 0.8727678578125 0.9241071421875 0.9732142859374999 0.921875
2 0.7611607140625 0.8303571421875 0.7410714281249999 0.8504464281249999 0.7410714281249999 0.890625 0.7700892859375 0.9285714281249999 0.7946428578125 0.9308035718750001 0.8214285718750001 0.9040178578125 0.8258928578125 0.8638392859374999 0.8013392859374999 0.8303571421875 0.7611607140625 0.8303571421875
2 0.7566964281249999 0.7366071421875 0.7366071421875 0.7879464281249999 0.7566964281249999 0.8214285718750001 0.78125 0.8236607140625001 0.8169642859374999 0.796875 0.8169642859374999 0.7522321421875 0.796875 0.7276785718750001 0.7566964281249999 0.7366071421875
2 0.8772321421875 0.65625 0.8571428578125 0.6763392859375 0.8616071421875 0.7254464281249999 0.9017857140625001 0.7566964281249999 0.9375 0.734375 0.9419642859374999 0.6986607140625 0.9174107140625001 0.6607142859375 0.8772321421875 0.65625
2 0.7991071421875 0.5111607140625 0.8459821421875 0.5714285718750001 0.8660714281249999 0.5691964281249999 0.8883928578125 0.5424107140625 0.8794642859374999 0.493303571875 0.796875 0.46875 0.7991071421875 0.5111607140625
2 0.7589285718750001 0.33258928593750003 0.7924107140625 0.38392857187499996 0.8258928578125 0.39508928593750003 0.8526785718750001 0.30580357187499996 0.8102678578125 0.25 0.7723214281249999 0.265625 0.7589285718750001 0.33258928593750003
2 0.7589285718750001 0.578125 0.7834821421875 0.6026785718750001 0.8080357140625001 0.6004464281249999 0.8214285718750001 0.5870535718750001 0.8169642859374999 0.5424107140625 0.7745535718750001 0.5178571421875 0.7589285718750001 0.578125
2 0.6607142859375 0.2209821421875 0.6852678578125 0.25 0.7098214281249999 0.2477678578125 0.7276785718750001 0.1852678578125 0.703125 0.15178571406250002 0.6808035718750001 0.15178571406250002 0.6607142859375 0.2209821421875
2 0.5066964281249999 0.12053571406250001 0.46875 0.149553571875 0.46875 0.2075892859375 0.5066964281249999 0.2678571421875 0.5491071421875 0.27455357187499996 0.5848214281249999 0.2388392859375 0.5848214281249999 0.171875 0.5558035718750001 0.12946428593749998 0.5066964281249999 0.12053571406250001
2 0.45758928593750003 0.25892857187499996 0.43303571406249997 0.27455357187499996 0.43303571406249997 0.328125 0.462053571875 0.37053571406249997 0.49553571406249997 0.3772321421875 0.53125 0.35491071406249997 0.53125 0.31919642812500004 0.493303571875 0.2633928578125 0.45758928593750003 0.25892857187499996
2 0.45089285781250005 0.43973214218749995 0.446428571875 0.48883928593750003 0.462053571875 0.5089285718750001 0.491071428125 0.5066964281249999 0.5089285718750001 0.484375 0.5089285718750001 0.43973214218749995 0.47991071406249997 0.42410714218749995 0.45089285781250005 0.43973214218749995
2 0.5357142859375 0.5647321421875 0.5803571421875 0.6004464281249999 0.6160714281249999 0.5558035718750001 0.5736607140625 0.5 0.5401785718750001 0.515625 0.5357142859375 0.5647321421875
2 0.6808035718750001 0.59375 0.6450892859375 0.5982142859375 0.6116071421875 0.640625 0.6160714281249999 0.6941964281249999 0.6607142859375 0.7477678578125 0.6897321421875 0.7410714281249999 0.7142857140625 0.6986607140625 0.7142857140625 0.6183035718750001 0.6808035718750001 0.59375
2 0.5915178578125 0.8526785718750001 0.5669642859375 0.8950892859374999 0.5714285718750001 0.921875 0.5982142859375 0.9397321421875 0.6294642859375 0.9129464281249999 0.6294642859375 0.8772321421875 0.609375 0.8526785718750001 0.5915178578125 0.8526785718750001
2 0.475446428125 0.7991071421875 0.45535714218749995 0.8147321421875 0.44196428593750003 0.8816964281249999 0.46651785781250005 0.9196428578125 0.5133928578125 0.921875 0.5401785718750001 0.8950892859374999 0.5401785718750001 0.8415178578125 0.5111607140625 0.7991071421875 0.475446428125 0.7991071421875
2 0.375 0.859375 0.41964285781250005 0.8816964281249999 0.446428571875 0.8102678578125 0.421875 0.7857142859375 0.38616071406249997 0.7857142859375 0.375 0.859375
2 0.32366071406249997 0.8169642859374999 0.30357142812500004 0.8504464281249999 0.3258928578125 0.9174107140625001 0.34375 0.9174107140625001 0.37053571406249997 0.8861607140625001 0.36607142812500004 0.8459821421875 0.35491071406249997 0.8169642859374999 0.32366071406249997 0.8169642859374999
2 0.36383928593750003 0.9553571421875 0.3125 0.9977678578125 0.3928571421875 0.9977678578125 0.36383928593750003 0.9553571421875
2 0.44196428593750003 0.6629464281249999 0.44196428593750003 0.7075892859375 0.462053571875 0.7366071421875 0.49553571406249997 0.7433035718750001 0.5267857140625 0.7165178578125 0.5357142859375 0.6450892859375 0.475446428125 0.625 0.44196428593750003 0.6629464281249999
2 0.44196428593750003 0.055803571875 0.44196428593750003 0.0959821421875 0.462053571875 0.125 0.491071428125 0.12276785781249999 0.5133928578125 0.109375 0.5133928578125 0.069196428125 0.475446428125 0.0267857140625 0.44196428593750003 0.055803571875
2 0.5535714281249999 0.069196428125 0.5803571421875 0.006696428124999999 0.5111607140625 0 0.5133928578125 0.0513392859375 0.5535714281249999 0.069196428125
2 0.32142857187499996 0.078125 0.32142857187499996 0.118303571875 0.3459821421875 0.1383928578125 0.375 0.13616071406250002 0.40178571406249997 0.118303571875 0.40178571406249997 0.0736607140625 0.35491071406249997 0.0357142859375 0.32142857187499996 0.078125
2 0.25446428593750003 0.171875 0.27455357187499996 0.20982142812500001 0.30357142812500004 0.21205357187499999 0.32142857187499996 0.13616071406250002 0.30580357187499996 0.11160714218750001 0.2790178578125 0.10714285781249999 0.25446428593750003 0.171875
2 0.2075892859375 0.2232142859375 0.18303571406250002 0.2477678578125 0.178571428125 0.28794642812500004 0.2075892859375 0.3303571421875 0.2232142859375 0.328125 0.25892857187499996 0.29241071406249997 0.2633928578125 0.26116071406249997 0.234375 0.2232142859375 0.2075892859375 0.2232142859375
2 0.21875 0.0200892859375 0.2232142859375 0.055803571875 0.26116071406249997 0.0803571421875 0.29017857187499996 0.078125 0.30357142812500004 0.0647321421875 0.2991071421875 0.015625 0.234375 0 0.21875 0.0200892859375
2 0.15625 0.087053571875 0.15625 0.149553571875 0.180803571875 0.1741071421875 0.2053571421875 0.171875 0.2366071421875 0.14508928593749998 0.2455357140625 0.0959821421875 0.1852678578125 0.0491071421875 0.15625 0.087053571875
2 0.171875 0.5491071421875 0.15178571406250002 0.5647321421875 0.147321428125 0.6004464281249999 0.16741071406250002 0.6294642859375 0.196428571875 0.6272321421875 0.21875 0.609375 0.21875 0.578125 0.203125 0.5535714281249999 0.171875 0.5491071421875
2 0.0825892859375 0.5848214281249999 0.0803571421875 0.6540178578125 0.1383928578125 0.6674107140625 0.147321428125 0.6183035718750001 0.133928571875 0.5959821421875 0.100446428125 0.5758928578125 0.0825892859375 0.5848214281249999
2 0.1540178578125 0.7946428578125 0.11160714218750001 0.828125 0.10714285781249999 0.859375 0.131696428125 0.9151785718750001 0.1741071421875 0.9174107140625001 0.2053571421875 0.8816964281249999 0.2053571421875 0.8415178578125 0.180803571875 0.7991071421875 0.1540178578125 0.7946428578125
2 0.9598214281249999 0.1584821421875 1 0.180803571875 0.9888392859374999 0.053571428125 0.9508928578125 0.078125 0.9464285718750001 0.12276785781249999 0.9598214281249999 0.1584821421875
2 0.12053571406250001 0.024553571875 0.147321428125 0.0022321421875000002 0.0758928578125 0.0022321421875000002 0.0959821421875 0.0267857140625 0.12053571406250001 0.024553571875
2 0.2234375 0.4796875 0.121875 0.21953125
2 0.93515625 0.27265625 0.1296875 0.2140625