2 0.809375 0.90390625 0.12265625 0.16796875
2 0.95625 0.8625 0.08203125 0.121875
2 0.76328125 0.35 0.121875 0.15703125
2 0.77421875 0.17109375 0.090625 0.12265625
2 0.92421875 0.03984375 0.12109375 0.0796875
2 0.703125 0.03046875 0.07890625 0.0609375
2 0.46796875 0.659375 0.128125 0.15390625
2 0.16640625 0.746875 0.14453125 0.175
2 0.07734375 0.66171875 0.11875 0.18515625
2 0.29375 0.5453125 0.09140625 0.12109375
2 0.43984375 0.43125 0.1109375 0.15234375
2 0.546875 0.41484375 0.10859375 0.13515625
2 0.56015625 0.28984375 0.11015625 0.1109375
2 0.4421875 0.2796875 0.11484375 0.12578125
2 0.440625 0.134375 0.103125 0.134375
2 0.5453125 0.08125 0.115625 0.14453125
2 0.01875 0.9546875 0.0375 0.0875
2 0.26640625 0.36484375 0.13046875 0.225
2 0.78125 0.59296875 0.16171875 0.27578125
2 0.5578125 0.88046875 0.14140625 0.23828125
2 0.28828125 0.03359375 0.1703125 0.065625