2 0.8686316218749999 0.6948429203125001 0.8398368078124999 0.63777736875 0.783210325 0.6151862703125001 0.737688190625 0.654745496875 0.7309462765625 0.7175190265625 0.7574324078125 0.772431696875 0.8228262234375 0.7902496250000001 0.85742814375 0.7577722515625 0.8686316218749999 0.6948429203125001
2 0.755746928125 0.7881250796875 0.73434556875 0.7509028734375 0.7029588046875 0.747531915625 0.6792770984375001 0.7729274375 0.6769967515624999 0.835545165625 0.693624940625 0.8640000406249999 0.7363993234375 0.8736738421875 0.7622339124999999 0.8459696375 0.755746928125 0.7881250796875
2 0.6355679078125 0.7364842359375 0.6087985109375 0.73741904375 0.584961003125 0.7583529999999999 0.5774400828124999 0.7988186984375 0.6379332640625 0.868178340625 0.66807361875 0.83585676875 0.6662040015625 0.782317971875 0.6355679078125 0.7364842359375
2 0.620087 0.8688015453125001 0.575754603125 0.81451208125 0.5488294046875 0.810985321875 0.5209977359375 0.8454597765624999 0.518405784375 0.8991543734375 0.557809209375 0.940214940625 0.5911930562500001 0.936815646875 0.617183446875 0.9135730078125001 0.620087 0.8688015453125001
2 0.3486821328125 0.8358426453125001 0.3263743 0.836621653125 0.2986984328125 0.8755576749999999 0.300412246875 0.9246349015625001 0.3371953859375 0.9546194546875 0.3805646359375 0.9173689125 0.37853921874999996 0.8593685515624999 0.3486821328125 0.8358426453125001
2 0.433239415625 0.698879634375 0.40169685 0.6910471109375 0.3690920109375 0.7167542359375 0.362194296875 0.7750661984375 0.417291103125 0.8178122437500001 0.44789886093750003 0.7988753703125 0.45894654062500007 0.7314844734375 0.433239415625 0.698879634375
2 0.469314340625 0.516706090625 0.43930145156249994 0.48871861875 0.3991473578125 0.49012083124999994 0.375777253125 0.5244394859375 0.3730295 0.5736725140625001 0.412744528125 0.6236562140624999 0.44182260937500006 0.6248742890625001 0.47165136093750004 0.583629584375 0.469314340625 0.516706090625
2 0.582850578125 0.5060408078124999 0.5500899359375 0.527286365625 0.5430364203125 0.5811367625 0.5735167125 0.6225089328125 0.5936716609375 0.624038609375 0.6281177812500001 0.5870996703125 0.62671556875 0.546945575 0.582850578125 0.5060408078124999
2 0.715196221875 0.5862923265625 0.67351245 0.6078494875 0.6663031312500001 0.6572383171875 0.6720111078125 0.692775046875 0.70832684375 0.7093749015624999 0.7459881171875 0.6365876296875 0.7404359406250001 0.6055124671875001 0.715196221875 0.5862923265625
2 0.8682350124999999 0.4916079578125 0.835941775 0.5262382125 0.8338172281249999 0.5933175078125 0.8593685515624999 0.6214607812499999 0.8839850671875 0.62283465625 0.9184311859375001 0.585895715625 0.9208673359375 0.5277395546875 0.8682350124999999 0.4916079578125
2 0.84973720625 0.4096142875 0.84636625 0.4410010515625 0.9013072546875 0.47928553125000006 0.9355975734375 0.43788502500000004 0.9423394875 0.3751114953125 0.890486171875 0.3612877296875 0.84973720625 0.4096142875
2 0.87863115 0.341600184375 0.8762941296875001 0.2746766921875 0.8505870062499999 0.24207185312499999 0.796297540625 0.2864042484375 0.7669361921875 0.3410336515625 0.7777289421875 0.39426084375000003 0.8232794125 0.41947222812499996 0.8580371328125 0.3914564203125 0.87863115 0.341600184375
2 0.7283401109375001 0.38705152656249997 0.697548215625 0.3367562234375 0.6661614499999999 0.333385265625 0.625256684375 0.3772502578125 0.6268146984375 0.42186592031250003 0.6619123578125 0.46754385468750004 0.68206730625 0.46907353125 0.7169808296875 0.44551929062499995 0.7283401109375001 0.38705152656249997
2 0.33138818593749997 0.3406087984375 0.2987833453125 0.3663159234375 0.291574028125 0.415704753125 0.30820221875 0.4441596296875 0.34205346875 0.45414503437500003 0.3760321828125 0.403821396875 0.3657068390625 0.363978903125 0.33138818593749997 0.3406087984375
2 0.7120525765625 0 0.708978290625 0.0884381921875 0.7711569484374999 0.142104453125 0.7956176625 0.1390167625 0.8297521796874999 0.09315468906249999 0.81836415625 0 0.7120525765625 0
2 0.8626997953125001 0 0.8452614234375 0.0256079921875 0.8385195109374999 0.08838152031249999 0.8688440015625 0.1252921265625 0.8888431484374999 0.1223602359375 0.9234450703125001 0.08988286250000001 0.9263486234375 0.0451114 0.9117175124999999 0.009886273437499999 0.888812671875 0 0.8626997953125001 0
2 0.9587977562500001 0.718496290625 0.97508600625 0.6732574234375 0.9361499859375 0.6455815546875 0.9123124765625 0.6665155109375 0.9132472843749999 0.6932849078125 0.9587977562500001 0.718496290625
2 0.2863192390625 0.0093906265625 0.3118705625 0.0375339015625 0.336487078125 0.0389077765625 0.3755505625 0.0062746 0.2863192390625 0.0093906265625
2 0.2255711265625 0.060649075 0.24987603906250003 0.05309981875000001 0.2773961078125 0.0097022296875 0.1613953859375 0.0137530640625 0.1872583125 0.050819470312500004 0.2255711265625 0.060649075
2 0 0.3633486453125 0.008314140624999999 0.363058309375 0.0376754875 0.30842890624999997 0.0359616734375 0.2593516796875 0 0.21878959999999997 0 0.3633486453125
2 0.97421875 0.2265625 0.0375 0.14375