1 0.16484375 0.4546875 0.128125 0.14375
1 0.071875 0.35703125 0.14375 0.1859375
1 0.05625 0.59140625 0.1125 0.1734375
1 0.11484375 0.76484375 0.11875 0.1390625
1 0.4578125 0.97421875 0.1625 0.0515625
1 0.4296875 0.6421875 0.1765625 0.190625
1 0.46875 0.46640625 0.146875 0.1578125
1 0.3703125 0.075 0.140625 0.15
1 0.51328125 0.11328125 0.15625 0.16875
1 0.49140625 0.24609375 0.16875 0.196875
1 0.61015625 0.303125 0.159375 0.203125
1 0.734375 0.3296875 0.1625 0.1859375
1 0.778125 0.5015625 0.2015625 0.2171875
1 0.9515625 0.34375 0.096875 0.140625