0 0.7625 0.81796875 0.1546875 0.2015625
0 0.834375 0.778125 0.0640625 0.071875
0 0.88359375 0.57734375 0.14375 0.159375
0 0.85625 0.4234375 0.084375 0.1125
0 0.73515625 0.2671875 0.13125 0.1703125
0 0.89375 0.1765625 0.1484375 0.1921875
0 0.58984375 0.359375 0.0953125 0.1046875
0 0.528125 0.45078125 0.1171875 0.1328125
0 0.57265625 0.56484375 0.115625 0.159375
0 0.5484375 0.69140625 0.1171875 0.134375
0 0.646875 0.69140625 0.0734375 0.0875
0 0.36875 0.66171875 0.078125 0.0859375
0 0.29921875 0.7140625 0.0609375 0.065625
0 0.38671875 0.4078125 0.13125 0.1390625
0 0.1328125 0.61875 0.065625 0.0734375
0 0.04375 0.66640625 0.0796875 0.0890625
0 0.12578125 0.72421875 0.146875 0.178125
0 0.09921875 0.3734375 0.1375 0.13125
0 0.18515625 0.03984375 0.1109375 0.0796875
0 0.90859375 0.975 0.0640625 0.05
0 0.3859375 0.0171875 0.1 0.034375
0 0.1375 0.315625 0.109375 0.1015625