0 0.36171875 0.7375 0.1359375 0.1625
0 0.38671875 0.8484375 0.0875 0.0984375
0 0.1765625 0.96796875 0.08125 0.0640625
0 0.2203125 0.92890625 0.109375 0.11875
0 0.53515625 0.91484375 0.1984375 0.1703125
0 0.80234375 0.84296875 0.09375 0.1125
0 0.68984375 0.72109375 0.103125 0.109375
0 0.81875 0.67734375 0.1171875 0.146875
0 0.9640625 0.61875 0.071875 0.103125
0 0.98984375 0.5890625 0.0203125 0.096875
0 0.45859375 0.24609375 0.1328125 0.1484375
0 0.61875 0.13125 0.1171875 0.1296875
0 0.31328125 0.04453125 0.078125 0.0453125