2 0.453125 0.5446428578125 0.41964285781250005 0.6183035718750001 0.43303571406249997 0.6629464281249999 0.47321428593750003 0.6808035718750001 0.5133928578125 0.6540178578125 0.5223214281249999 0.5915178578125 0.5022321421875 0.5580357140625 0.453125 0.5446428578125
2 0.6026785718750001 0.703125 0.6160714281249999 0.7388392859375 0.6517857140625 0.7522321421875 0.6785714281249999 0.7299107140625 0.6785714281249999 0.6808035718750001 0.6361607140625 0.6517857140625 0.6026785718750001 0.703125
2 0.7879464281249999 0.8214285718750001 0.7678571421875 0.8415178578125 0.7678571421875 0.890625 0.7879464281249999 0.9285714281249999 0.8169642859374999 0.9308035718750001 0.84375 0.8995535718750001 0.84375 0.859375 0.8236607140625001 0.8303571421875 0.7879464281249999 0.8214285718750001
2 0.921875 0.7633928578125 0.8973214281249999 0.7924107140625 0.8973214281249999 0.8415178578125 0.9129464281249999 0.8705357140625001 0.9464285718750001 0.8772321421875 0.9776785718750001 0.859375 0.9776785718750001 0.8147321421875 0.9486607140625001 0.7633928578125 0.921875 0.7633928578125
2 1 0.6450892859375 0.9799107140625001 0.6428571421875 0.9330357140625001 0.6941964281249999 0.9598214281249999 0.7522321421875 1 0.7700892859375 1 0.6450892859375
2 1 0.493303571875 0.9486607140625001 0.45089285781250005 0.9196428578125 0.47098214218749995 0.9151785718750001 0.5290178578125 0.9375 0.5825892859375 0.9732142859374999 0.5959821421875 1 0.5825892859375 1 0.493303571875
2 0.8727678578125 0.5133928578125 0.8392857140625001 0.5558035718750001 0.8392857140625001 0.5959821421875 0.859375 0.6160714281249999 0.90625 0.6183035718750001 0.9285714281249999 0.5959821421875 0.9241071421875 0.5602678578125 0.8995535718750001 0.5133928578125 0.8727678578125 0.5133928578125
2 0.796875 0.40625 0.7589285718750001 0.44866071406249997 0.75 0.49776785781250005 0.7834821421875 0.5446428578125 0.8303571421875 0.5513392859375 0.8660714281249999 0.5066964281249999 0.8705357140625001 0.462053571875 0.8370535718750001 0.41071428593750003 0.796875 0.40625
2 0.7633928578125 0.609375 0.7991071421875 0.6316964281249999 0.8214285718750001 0.6227678578125 0.8303571421875 0.578125 0.7834821421875 0.5535714281249999 0.7633928578125 0.609375
2 0.671875 0.46875 0.6517857140625 0.49776785781250005 0.6607142859375 0.5424107140625 0.6919642859375 0.5602678578125 0.7276785718750001 0.5290178578125 0.7276785718750001 0.48883928593750003 0.703125 0.46428571406249997 0.671875 0.46875
2 0.491071428125 0.390625 0.491071428125 0.43973214218749995 0.5111607140625 0.46428571406249997 0.5401785718750001 0.46651785781250005 0.5714285718750001 0.412946428125 0.5424107140625 0.3616071421875 0.5111607140625 0.3616071421875 0.491071428125 0.390625
2 0.5892857140625 0.27008928593750003 0.5848214281249999 0.328125 0.625 0.35491071406249997 0.6473214281249999 0.33258928593750003 0.6517857140625 0.2834821421875 0.6138392859375 0.25 0.5892857140625 0.27008928593750003
2 0.59375 0.14508928593749998 0.6339285718750001 0.162946428125 0.65625 0.11383928593749999 0.6361607140625 0.084821428125 0.6138392859375 0.084821428125 0.59375 0.14508928593749998
2 0.8058035718750001 0.30803571406249997 0.8303571421875 0.30580357187499996 0.8660714281249999 0.265625 0.8102678578125 0.2232142859375 0.7857142859375 0.2790178578125 0.8058035718750001 0.30803571406249997
2 0.8125 0.180803571875 0.8214285718750001 0.2075892859375 0.8526785718750001 0.2209821421875 0.875 0.203125 0.8794642859374999 0.162946428125 0.8459821421875 0.133928571875 0.8125 0.180803571875
2 0.9866071421875 0.27008928593750003 0.96875 0.3459821421875 1 0.3727678578125 0.9888392859374999 0.1696428578125 0.9464285718750001 0.1897321421875 0.9330357140625001 0.25669642812500004 0.9866071421875 0.27008928593750003
2 0.7857142859375 0.046875 0.7991071421875 0.078125 0.8482142859374999 0.0915178578125 0.8839285718750001 0.046875 0.8839285718750001 0.006696428124999999 0.796875 0 0.7857142859375 0.046875
2 0.45535714218749995 0.0513392859375 0.46875 0.0022321421875000002 0.412946428125 0 0.42410714218749995 0.037946428125 0.45535714218749995 0.0513392859375
2 0.34821428593750003 0.24330357187499999 0.37053571406249997 0.26116071406249997 0.39732142812500004 0.2209821421875 0.3772321421875 0.15625 0.34375 0.180803571875 0.34821428593750003 0.24330357187499999
2 0.09375 0.2790178578125 0.1428571421875 0.30580357187499996 0.15625 0.2388392859375 0.11383928593749999 0.2008928578125 0.0892857140625 0.24330357187499999 0.09375 0.2790178578125
2 0.0044642859375000005 0.296875 0.024553571875 0.3258928578125 0.071428571875 0.33705357187499996 0.0758928578125 0.24330357187499999 0.0334821421875 0.2142857140625 0.0044642859375000005 0.24330357187499999 0.0044642859375000005 0.296875
2 0.1540178578125 0.40625 0.133928571875 0.43973214218749995 0.1383928578125 0.49776785781250005 0.171875 0.5357142859375 0.2053571421875 0.5334821421875 0.22767857187499999 0.484375 0.2232142859375 0.44866071406249997 0.194196428125 0.40625 0.1540178578125 0.40625
2 0.0625 0.546875 0.0580357140625 0.578125 0.0915178578125 0.6205357140625 0.125 0.6227678578125 0.147321428125 0.5915178578125 0.147321428125 0.5558035718750001 0.100446428125 0.5178571421875 0.0625 0.546875
2 0.0491071421875 0.7254464281249999 0.0736607140625 0.75 0.102678571875 0.7477678578125 0.12946428593749998 0.6584821421875 0.078125 0.625 0.0491071421875 0.6629464281249999 0.0491071421875 0.7254464281249999
2 0.17633928593749998 0.7008928578125 0.147321428125 0.765625 0.1696428578125 0.8058035718750001 0.196428571875 0.8147321421875 0.2321428578125 0.7790178578125 0.2321428578125 0.7299107140625 0.2165178578125 0.7053571421875 0.17633928593749998 0.7008928578125
2 0.25446428593750003 0.703125 0.25 0.7433035718750001 0.27008928593750003 0.7767857140625 0.30357142812500004 0.7745535718750001 0.3303571421875 0.7165178578125 0.30580357187499996 0.6830357140625 0.2790178578125 0.6785714281249999 0.25446428593750003 0.703125
2 0.2790178578125 0.7857142859375 0.25446428593750003 0.8191964281249999 0.25 0.8816964281249999 0.2991071421875 0.9129464281249999 0.33482142812500004 0.890625 0.34375 0.828125 0.32366071406249997 0.7946428578125 0.2790178578125 0.7857142859375
2 0.0892857140625 0.8013392859374999 0.084821428125 0.8415178578125 0.10491071406250001 0.875 0.147321428125 0.8727678578125 0.1696428578125 0.8191964281249999 0.13616071406250002 0.7723214281249999 0.11383928593749999 0.7723214281249999 0.0892857140625 0.8013392859374999
2 0.0044642859375000005 0.9665178578125 0.0357142859375 0.9263392859374999 0.0357142859375 0.8950892859374999 0.0111607140625 0.8660714281249999 0.0044642859375000005 0.9665178578125
2 0.375 0.9084821421875 0.39955357187499996 0.9419642859374999 0.428571428125 0.9397321421875 0.45089285781250005 0.890625 0.40848214218749995 0.84375 0.37946428593750003 0.8683035718750001 0.375 0.9084821421875
2 0.390625 1 0.477678571875 0.9977678578125 0.45758928593750003 0.9419642859374999 0.430803571875 0.9419642859374999 0.3883928578125 0.9799107140625001 0.390625 1
2 0.5602678578125 1 0.6473214281249999 0.9977678578125 0.6272321421875 0.9375 0.609375 0.9285714281249999 0.5669642859375 0.9486607140625001 0.5602678578125 1
2 0.45535714218749995 0.0513392859375 0.46875 0.0022321421875000002 0.412946428125 0 0.42410714218749995 0.037946428125 0.45535714218749995 0.0513392859375
2 0.7834821421875 0.6383928578125 0.7589285718750001 0.6674107140625 0.7455357140625 0.7477678578125 0.7879464281249999 0.8080357140625001 0.8526785718750001 0.8236607140625001 0.9017857140625001 0.7700892859375 0.9017857140625001 0.6941964281249999 0.8459821421875 0.6383928578125 0.7834821421875 0.6383928578125
2 0.2921875 0.05 0.10859375 0.09453125