0 0.90859375 0.1484375 0.1234375 0.115625
0 0.83203125 0.1296875 0.0796875 0.08125
0 0.875 0.33828125 0.090625 0.09375
0 0.67421875 0.23359375 0.09375 0.0984375
0 0.6734375 0.06015625 0.13125 0.090625
0 0.19296875 0.2671875 0.0875 0.096875
0 0.06484375 0.36015625 0.0953125 0.1015625
0 0.740625 0.45078125 0.090625 0.096875
0 0.73984375 0.56875 0.146875 0.140625
0 0.3625 0.584375 0.1671875 0.1921875
0 0.109375 0.7390625 0.09375 0.103125
0 0.20078125 0.8859375 0.13125 0.115625
0 0.284375 0.89765625 0.10625 0.11875