2 0.83125 0.90234375 0.09375 0.115625
2 0.934375 0.6 0.1046875 0.115625
2 0.97109375 0.503125 0.0578125 0.115625
2 0.81796875 0.55234375 0.103125 0.128125
2 0.70546875 0.51171875 0.11875 0.184375
2 0.78359375 0.3875 0.14375 0.175
2 0.69765625 0.25625 0.1390625 0.2
2 0.91484375 0.1078125 0.1375 0.16875
2 0.72578125 0.05390625 0.115625 0.1078125
2 0.396875 0.44453125 0.13125 0.178125
2 0.5140625 0.6296875 0.1125 0.16875
2 0.41796875 0.6875 0.109375 0.140625
2 0.325 0.8203125 0.1171875 0.14375
2 0.3203125 0.640625 0.1125 0.175
2 0.07421875 0.43359375 0.13125 0.175
2 0.4609375 0.97109375 0.109375 0.0578125
2 0.91484375 0.925 0.096875 0.1375
2 0.52109375 0.4234375 0.140625 0.1921875
2 0.16015625 0.53984375 0.15 0.21875
2 0.828125 0.9796875 0.1125 0.040625
2 0.60546875 0.88046875 0.13125 0.1703125
2 0.14921875 0.078125 0.1921875 0.15625