2 0.6183035718750001 0.6160714281249999 0.5848214281249999 0.6540178578125 0.5803571421875 0.6941964281249999 0.6049107140625 0.7321428578125 0.6339285718750001 0.734375 0.6696428578125 0.6986607140625 0.6741071421875 0.6495535718750001 0.640625 0.6160714281249999 0.6183035718750001 0.6160714281249999
2 0.734375 0.6473214281249999 0.7120535718750001 0.6517857140625 0.6741071421875 0.7075892859375 0.6785714281249999 0.7611607140625 0.71875 0.7790178578125 0.7723214281249999 0.7477678578125 0.7857142859375 0.6986607140625 0.7767857140625 0.671875 0.734375 0.6473214281249999
2 0.71875 0.7879464281249999 0.7053571421875 0.8415178578125 0.7299107140625 0.8883928578125 0.7723214281249999 0.8950892859374999 0.7991071421875 0.859375 0.7991071421875 0.7924107140625 0.7566964281249999 0.7678571421875 0.71875 0.7879464281249999
2 0.8035714281249999 0.8147321421875 0.8035714281249999 0.8638392859374999 0.8191964281249999 0.8883928578125 0.8616071421875 0.8950892859374999 0.8839285718750001 0.8236607140625001 0.8638392859374999 0.7901785718750001 0.8370535718750001 0.78125 0.8035714281249999 0.8147321421875
2 0.7879464281249999 1 0.8839285718750001 0.9977678578125 0.8549107140625001 0.9107142859374999 0.8191964281249999 0.9107142859374999 0.7901785718750001 0.9352678578125 0.7879464281249999 1
2 0.9151785718750001 0.8861607140625001 0.9308035718750001 0.9196428578125 0.9910714281249999 0.9352678578125 1 0.8102678578125 0.9575892859374999 0.7991071421875 0.9151785718750001 0.8549107140625001 0.9151785718750001 0.8861607140625001
2 0.31919642812500004 1 0.4375 0.9977678578125 0.42633928593750003 0.9196428578125 0.3772321421875 0.8973214281249999 0.3258928578125 0.9352678578125 0.31919642812500004 1
2 0.40401785781250005 0.428571428125 0.375 0.475446428125 0.375 0.5334821421875 0.40848214218749995 0.5803571421875 0.42410714218749995 0.578125 0.48660714218749995 0.5200892859375 0.47321428593750003 0.444196428125 0.43973214218749995 0.41964285781250005 0.40401785781250005 0.428571428125
2 0.234375 0.41071428593750003 0.19196428593749998 0.444196428125 0.196428571875 0.515625 0.25 0.546875 0.30357142812500004 0.484375 0.2946428578125 0.43526785781250005 0.265625 0.41071428593750003 0.234375 0.41071428593750003
2 0.0982142859375 0.462053571875 0.0982142859375 0.5022321421875 0.12276785781249999 0.5357142859375 0.16071428593749998 0.5379464281249999 0.18303571406250002 0.5111607140625 0.178571428125 0.444196428125 0.131696428125 0.41964285781250005 0.0982142859375 0.462053571875
2 0.1897321421875 0.3125 0.165178571875 0.33258928593750003 0.15625 0.3727678578125 0.180803571875 0.41964285781250005 0.20982142812500001 0.421875 0.2455357140625 0.39955357187499996 0.25 0.359375 0.2165178578125 0.31696428593750003 0.1897321421875 0.3125
2 0.29241071406249997 0.20982142812500001 0.2633928578125 0.2299107140625 0.2455357140625 0.2834821421875 0.27455357187499996 0.33482142812500004 0.31696428593750003 0.3459821421875 0.33928571406249997 0.32366071406249997 0.34821428593750003 0.25669642812500004 0.32366071406249997 0.2142857140625 0.29241071406249997 0.20982142812500001
2 0.7254464281249999 0 0.7053571421875 0.037946428125 0.7098214281249999 0.087053571875 0.7433035718750001 0.12946428593749998 0.78125 0.13616071406250002 0.8214285718750001 0.0915178578125 0.8258928578125 0.0290178578125 0.8058035718750001 0 0.7254464281249999 0
2 0.8392857140625001 0.2299107140625 0.8348214281249999 0.2790178578125 0.859375 0.31696428593750003 0.8973214281249999 0.32366071406249997 0.9241071421875 0.30133928593750003 0.9330357140625001 0.2522321421875 0.8816964281249999 0.196428571875 0.8392857140625001 0.2299107140625
2 0.60234375 0.51953125 0.16953125 0.1578125
2 0.15546875 0.7109375 0.1765625 0.22421875