2 0.10234375 0.753125 0.1296875 0.16875
2 0.55078125 0.89140625 0.1953125 0.2078125
2 0.56796875 0.9671875 0.1296875 0.065625
2 0.65859375 0.95078125 0.1203125 0.0984375
2 0.5140625 0.56796875 0.19375 0.2125
2 0.40859375 0.1484375 0.209375 0.225
2 0.55859375 0.475 0.1875 0.20625
2 0.52578125 0.3625 0.184375 0.1921875
2 0.66875 0.51796875 0.1890625 0.2046875
2 0.7734375 0.596875 0.1640625 0.171875
2 0.53828125 0.02421875 0.1609375 0.0484375
2 0.62265625 0.03359375 0.1921875 0.0671875
2 0.7953125 0.2203125 0.1609375 0.1703125
2 0.95703125 0.3828125 0.0859375 0.165625
2 0.21640625 0.66796875 0.2265625 0.253125
2 0.0859375 0.25234375 0.171875 0.2078125
2 0.5421875 0.0984375 0.234375 0.196875
2 0.85078125 0.45625 0.2390625 0.246875