2 0.206725390625 0.173660640625 0.16997918125 0.15433066875 0.1389071234375 0.16700203593750002 0.124617353125 0.19880648750000002 0.1341070875 0.2488147375 0.1767243390625 0.28018213125 0.2147936125 0.266581478125 0.206725390625 0.173660640625
2 0.3507254828125 0.2499528046875 0.348232965625 0.1990152703125 0.3008708484375 0.142643753125 0.26001371875 0.1352527546875 0.23491114999999999 0.14997958125 0.2181721375 0.2276813640625 0.2534968359375 0.28992392499999997 0.2982679921875 0.30533986875 0.3507254828125 0.2499528046875
2 0.4444959640625 0 0.4439535484375 0.00828700625 0.46753616249999996 0.046454728125 0.5241478484375001 0.075963553125 0.5522351624999999 0.062264454687500005 0.5637370796875001 0.009468351562500001 0.5591190562499999 0 0.4444959640625 0
2 0.34626405937500004 0.3986544890625 0.3950476890625 0.4121134203125 0.4251904625 0.392444834375 0.4427603109375 0.3317222296875 0.39745365312500003 0.26938122343750004 0.364621471875 0.258076196875 0.343531375 0.2708460109375 0.31020696718749996 0.3094507890625 0.3109393609375 0.336411928125 0.34626405937500004 0.3986544890625
2 0.5345430828125 0.5402724015625 0.554113221875 0.5803971359375 0.58714229375 0.5717382421874999 0.604515253125 0.530979559375 0.5811295296875 0.47284791718749997 0.5225608296875001 0.4393266171875 0.4914887734375 0.45199798593749996 0.4731865296875 0.4857594515625 0.48297160000000006 0.5058218203125 0.5345430828125 0.5402724015625
2 0.5363464828125 0.6610836625000001 0.5559717921875 0.5943915703125 0.52661658125 0.5342044687499999 0.47597438125 0.5067511031249999 0.4509702578125 0.5114959703124999 0.42053214843750003 0.5611104390625 0.4418624109375 0.6252115703125 0.4854089484375 0.6635761796875 0.5363464828125 0.6610836625000001
2 0.66136710625 0.6373593265624999 0.607838609375 0.5988962703125 0.5698677796875 0.6025149640625 0.5572396890625 0.6682777703125 0.5709387859375 0.696365084375 0.6715892343750001 0.7143287140625 0.6789802328125 0.6734715875 0.66136710625 0.6373593265624999
2 0.6819098078125 0.78131614375 0.6604810984375 0.727196975 0.5907058171874999 0.716525896875 0.5804285203124999 0.7463733343750001 0.5999002156250001 0.7964800296875 0.640560453125 0.82383495 0.6665923078125 0.8161053390624999 0.6819098078125 0.78131614375
2 0.6903837046875 0.630657446875 0.707855109375 0.5799168015625 0.684370940625 0.531767121875 0.64762473125 0.5124371484375 0.620565146875 0.5231515015625 0.6042199171875 0.5609254406249999 0.6178205703125 0.5989947156250001 0.659410090625 0.633346853125 0.6903837046875 0.630657446875
2 0.8313006078124999 0.715903840625 0.844857984375 0.65713825 0.8095332859375001 0.5948956890625 0.7588910875 0.5674423234375 0.713824596875 0.5819722609375 0.6993379359375 0.633740634375 0.7266376875 0.699897225 0.7852063874999999 0.733418521875 0.8313006078124999 0.715903840625
2 0.93828125 0.8125 0.1234375 0.096875
2 0.13515625 0.86640625 0.071875 0.115625
2 0.06640625 0.7109375 0.090625 0.134375
2 0.7078125 0.31875 0.23125 0.2125