1 0.571875 0.5046875 0.08046875 0.09765625
1 0.72109375 0.55703125 0.10625 0.1
1 0.6203125 0.56484375 0.12890625 0.12421875
1 0.90390625 0.478125 0.1015625 0.11171875
1 0.7875 0.3953125 0.10546875 0.15234375
1 0.8875 0.25 0.0875 0.12890625
1 0.8328125 0.06640625 0.11953125 0.11796875
1 0.471875 0.0640625 0.090625 0.12265625
1 0.46640625 0.3625 0.08359375 0.11171875
1 0.371875 0.5828125 0.09453125 0.128125
1 0.3390625 0.91015625 0.1140625 0.14921875
1 0.2234375 0.93984375 0.09765625 0.11484375
1 0.2578125 0.78671875 0.090625 0.12109375
1 0.2390625 0.6765625 0.0625 0.071875
1 0.15 0.709375 0.0984375 0.12421875
1 0.0671875 0.8328125 0.08515625 0.10625
1 0.20390625 0.5515625 0.13046875 0.1609375
1 0.31328125 0.42890625 0.12578125 0.17421875
1 0.21328125 0.4046875 0.08671875 0.16171875
1 0.1421875 0.36328125 0.0921875 0.1453125
1 0.103125 0.15703125 0.0890625 0.1390625
1 0.2296875 0.121875 0.10078125 0.13125
1 0.2734375 0.02890625 0.090625 0.0578125