2 0.8162949640624999 0.7861505234374999 0.7817705859374999 0.809215628125 0.7649749531250001 0.8553612484374999 0.7838450046875 0.8883587500000001 0.8118763078125 0.8961859140625 0.8671985890625 0.8355580843749999 0.8498554140625 0.798365528125 0.8162949640624999 0.7861505234374999
2 0.8245076984375 0.744007175 0.8151844718750001 0.6717272890625 0.776287659375 0.6480684218749999 0.7291781125 0.6665529 0.703606796875 0.7237568125 0.7228470125 0.79489539375 0.7535464968750001 0.8084444875000001 0.7977950765624999 0.7912940984375 0.8245076984375 0.744007175
2 0.654438240625 0.61084505 0.6713958453125 0.6621496515625 0.7036222046875 0.6715036921875 0.764280846875 0.6223197265625 0.7665942703125 0.5376474578125 0.7362803546875 0.5099863171875 0.654438240625 0.61084505
2 0.6924327531250001 0.460771540625 0.642655025 0.47353408906250005 0.6216643375 0.51815283125 0.6332855796875 0.558013571875 0.6639850640625 0.571562665625 0.6971753515625 0.5456365937500001 0.7124441078125 0.50368603125 0.6924327531250001 0.460771540625
2 0.44121528750000005 0.6615096687500001 0.42959404531249995 0.62164893125 0.3651413234375 0.6029408515625 0.3103974 0.6424006140625 0.30199188125 0.6915999859374999 0.316666875 0.7230706109375 0.354229596875 0.7438685140625 0.42289277968750005 0.7118503453125 0.44121528750000005 0.6615096687500001
2 0.379831725 0.58215835625 0.3912909953125 0.5245688734375 0.367084584375 0.48012750625 0.3319972578125 0.4721075578125 0.28411657031250004 0.518816128125 0.26732093749999997 0.564961746875 0.3001102484375 0.605400840625 0.3495024046875 0.6067503375000001 0.379831725 0.58215835625
2 0.25036333437499997 0.5136571437499999 0.1771349296875 0.5060073593750001 0.150229525 0.5603503062499999 0.17024087968749999 0.6032647953125 0.2036085453125 0.622535825 0.24518894531250002 0.599663503125 0.2623701484375 0.5394058390625001 0.25036333437499997 0.5136571437499999
2 0.218614984375 0.1766723265625 0.21271567343750003 0.1341434078125 0.18373584999999998 0.1093432328125 0.1339581234375 0.12210578125 0.110299253125 0.1610025921875 0.11581299375000001 0.21764355625 0.157570771875 0.2399683359375 0.20067804687500002 0.21290095781249999 0.218614984375 0.1766723265625
2 0.3151166859375 0.15953734375 0.31932715 0.10881109687499999 0.2848181796875 0.07962308125 0.249152496875 0.0927712 0.2266349328125 0.14158500000000002 0.2367293 0.1856407953125 0.254843615625 0.1946092640625 0.2887896375 0.1927122234375 0.3151166859375 0.15953734375
2 0.55390625 0.0296875 0.1234375 0.059375
2 0.48984375 0.3984375 0.2484375 0.25625
2 0.09609375 0.4359375 0.1921875 0.246875