2 0.6966983359375 0 0.6908661875 0.013099218749999999 0.713264184375 0.0714479953125 0.7722244078125 0.0942433109375 0.8049347640625 0.0673412890625 0.8132906578125001 0.0330514296875 0.800603403125 0 0.6966983359375 0
2 0.6526023328125 0.199935640625 0.705794928125 0.2201630421875 0.741705 0.20159655937499998 0.7462293796874999 0.14486799374999998 0.7023607328125 0.08041533749999999 0.669354828125 0.069175628125 0.6279930328125001 0.09222578125 0.6193008828125001 0.1505542046875 0.6526023328125 0.199935640625
2 0.6464373875 0.3146767265625 0.6871470296875 0.3086135546875 0.7032066609375 0.2570208140625 0.6920076625 0.227846425 0.6311316828125 0.1938317578125 0.6000211828124999 0.22490155 0.6083160125 0.283882128125 0.6464373875 0.3146767265625
2 0.4144483640625 0.2148440265625 0.4734085859375 0.237639340625 0.49264757968749995 0.22547228593750002 0.504539440625 0.1754794046875 0.47957353124999996 0.1228982546875 0.44496777187500003 0.107490778125 0.3994382046875 0.1321407859375 0.3926821671875 0.1705984171875 0.4144483640625 0.2148440265625
2 0.117130628125 0.51785855625 0.165207753125 0.5185310640624999 0.2229450828125 0.45093975625000005 0.20694651406250003 0.40926205937500004 0.1553741296875 0.36211228125 0.0649467953125 0.42551546562500003 0.0921443625 0.49636755 0.117130628125 0.51785855625
2 0.44914612500000006 0.579294690625 0.49497123906249996 0.592786409375 0.528313396875 0.5799875531249999 0.543741228125 0.5142916484375 0.5146075484375 0.4633103546875 0.460130996875 0.44596676718749995 0.43127250781250004 0.4642173484375 0.4184125890625 0.5241456265625 0.44914612500000006 0.579294690625
2 0.4804300453125 0.7729075015625 0.5153517046875 0.7953665625 0.5429262359375 0.77999979375 0.55385004375 0.7399423078125 0.5330519046875 0.6857613015624999 0.4910786609375 0.663618140625 0.467355996875 0.67033346875 0.4580320484375 0.7145587250000001 0.4804300453125 0.7729075015625
2 0.409241703125 0.8241436328124999 0.45346696093750005 0.8334675828125 0.47529421875000005 0.7844427546875 0.4448969375 0.7052551296875 0.41605880468749995 0.692415565625 0.37886477812499997 0.7138658609374999 0.37337234218750004 0.7805298234375 0.409241703125 0.8241436328124999
2 0.6760196781250001 0.6595724984375 0.721844790625 0.6730642171875 0.7452515515625 0.6592973046874999 0.7555435593750001 0.605136653125 0.746912471875 0.5701946390625 0.6975717453125 0.5413157953125001 0.6613457734375 0.5528306953125 0.6484858546875001 0.6127589734375001 0.6760196781250001 0.6595724984375
2 0.86996874375 0.604250015625 0.9199616265625 0.616141878125 0.9456204015624999 0.5895557578124999 0.9469247125000001 0.5555817984375 0.9219588015625 0.5030006484375 0.8815854156249999 0.48502525937499996 0.8552948406249999 0.4975082125 0.8382671531250001 0.5590363484374999 0.86996874375 0.604250015625
2 1 0.444980421875 0.9652567109374999 0.460079703125 0.95399665 0.5241757515625001 1 0.58231330625 1 0.444980421875
2 0.2421875 0.903125 0.203125 0.19375
2 0.84609375 0.259375 0.178125 0.1953125
2 0.5234375 0.9859375 0.10625 0.028125