2 0.059375 0.65078125 0.11875 0.1640625
2 0.37734375 0.59375 0.1546875 0.190625
2 0.090625 0.3796875 0.1140625 0.1359375
2 0.31640625 0.90859375 0.1484375 0.153125
2 0.565625 0.69609375 0.1265625 0.1546875
2 0.55390625 0.45234375 0.10625 0.1609375
2 0.50078125 0.83046875 0.1515625 0.1453125
2 0.47109375 0.93203125 0.1421875 0.1359375
2 0.71171875 0.64375 0.10625 0.1421875
2 0.67421875 0.23125 0.1421875 0.1984375
2 0.125 0.765625 0.134375 0.1515625
2 0.87890625 0.6546875 0.1515625 0.175
2 0.90625 0.79921875 0.11875 0.153125
2 0.8171875 0.11328125 0.140625 0.15
2 0.94453125 0.13125 0.1109375 0.14375
2 0.975 0.22421875 0.05 0.1703125
2 0.28125 0.68359375 0.0890625 0.1140625
2 0.771875 0.4421875 0.1046875 0.121875
2 0.96875 0.64765625 0.0453125 0.1234375
2 0.43125 0.43671875 0.1171875 0.1515625
2 0.93359375 0.5234375 0.1328125 0.228125