2 0.1732411109375 0.3944605 0.14646495625 0.318171396875 0.0989493078125 0.31081438906250003 0.0778713390625 0.338589196875 0.082559684375 0.37874223906250004 0.10364325 0.4105284328125 0.1504903328125 0.42491236250000003 0.1732411109375 0.3944605
2 0.1876166484375 0.2582719171875 0.169207340625 0.19837803437499998 0.11633758281249999 0.18767540625 0.0828813765625 0.241216528125 0.0982779453125 0.28806081250000004 0.13742954062499999 0.3088031 0.166874359375 0.2974235140625 0.1876166484375 0.2582719171875
2 0 0.32260900000000003 0.0310242578125 0.32420526562499996 0.05845778593749999 0.274345446875 0.048415328125000004 0.23084678281249998 0.0159549734375 0.1993962703125 0 0.202205890625 0 0.32260900000000003
2 0.269945215625 0.406497459375 0.2997201203125 0.3469336625 0.2906819078125 0.3077848640625 0.26558415625 0.28837970468749996 0.19698774375 0.2790170046875 0.1682142875 0.31315016875 0.1939861984375 0.3850894046875 0.2438460171875 0.412522934375 0.269945215625 0.406497459375
2 0.3338448890625 0.28636561718750003 0.357599915625 0.26026362187499996 0.3552473484375 0.1508455984375 0.3237912390625 0.12374495468749999 0.2679115421875 0.1297732265625 0.2324468453125 0.174614615625 0.24617340156249998 0.25391645625 0.2883377359375 0.2877083421875 0.3338448890625 0.28636561718750003
2 0.37599803125000003 0.2010355046875 0.3786834796875 0.292049815625 0.42218494218749997 0.31178785625 0.45263120937499995 0.27497763750000004 0.44493012656250003 0.22177499531249997 0.4188281296875 0.19801996875 0.37599803125000003 0.2010355046875
2 0.36063223906249997 0.4817767203125 0.379366034375 0.4339253921875 0.36831933125 0.3860768625 0.3465672015625 0.361317590625 0.3114325890625 0.35797476875 0.27797638281250003 0.41151589062499994 0.283668975 0.45601879843750004 0.3204791953125 0.48646506718750004 0.36063223906249997 0.4817767203125
2 0.49546970156250003 0.3613036015625 0.46501783906250005 0.338552821875 0.44159569843749996 0.3462511078125 0.42654320312499994 0.4001251109375 0.45900355625 0.4315756234375 0.481757134375 0.4309042609375 0.50350366875 0.39610253281249996 0.49546970156250003 0.3613036015625
2 0.5948564578125 0.43457437031249996 0.5580462374999999 0.40412810468749993 0.5152161390625001 0.4071436390625 0.48175993124999994 0.46068476093750005 0.4928066359375 0.508533290625 0.5664242796875001 0.5396453234374999 0.600216165625 0.49748099218749997 0.5948564578125 0.43457437031249996
2 0.54066915625 0.6463890875 0.56676555625 0.6105831140625 0.5537103609375 0.5540348500000001 0.5082004078125 0.5255970750000001 0.47072442031249995 0.53195823125 0.45165494375000004 0.5684327703125 0.4637058921875 0.6206311671875 0.485458021875 0.6453904390625 0.54066915625 0.6463890875
2 0.3910841 0.5045275 0.38138571875 0.561747125 0.432249784375 0.593530521875 0.45065069687500003 0.5640829046875 0.4459623515625 0.5239298609375 0.41450624375 0.49682921562500004 0.3910841 0.5045275
2 0.6815376890625 0.6115761671875 0.6460618 0.5372955546875 0.6049045125 0.5376340359375 0.578810909375 0.603220509375 0.5878491203125 0.64236930625 0.62265085 0.664115840625 0.6684908875 0.644369403125 0.6815376890625 0.6115761671875
2 0.715318384375 0.45028983437500003 0.7504474 0.39407165625 0.7397335796875 0.327819415625 0.6848525328124999 0.2786365546875 0.657080525 0.287339084375 0.6239572015625 0.3224764953125 0.6236299140625 0.40044120781250003 0.6698112296875001 0.45163255781249995 0.715318384375 0.45028983437500003
2 0.581466275 0 0.6175736609375 0.0467565078125 0.6567224578124999 0.0377182953125 0.6761276171875 0.0126205453125 0.6745570187500001 0 0.581466275 0
2 0.5070820859375 0 0.517862415625 0.08123095 0.5657137453125001 0.099964746875 0.59181014375 0.0641587703125 0.5827719328125001 0.025009975 0.555748765625 0 0.5070820859375 0
2 0.7044348453125 0 0.7082522906250001 0.0326942703125 0.7480752484375001 0.076190134375 0.7935824031250001 0.07484740937499999 0.807912765625 0 0.7044348453125 0
2 0.8391175390625 0.37130968593749997 0.8608640734374999 0.33650795625 0.8501502515625001 0.27025571406250004 0.8133400312499999 0.23980944843750002 0.771514178125 0.24717485 0.7424078390625 0.299711725 0.7514460515625 0.3388605234375 0.7946146281249999 0.37700227656249996 0.8391175390625 0.37130968593749997
2 0.846491334375 0.5024770375000001 0.8725877343749999 0.46667106406250003 0.8541784265624999 0.40677718125 0.8280764296875001 0.3830221546875 0.7895961984375 0.3850334453125 0.7517901265625 0.4395788125 0.7501201140625 0.47203636875 0.8063382906250001 0.507165384375 0.846491334375 0.5024770375000001
2 1 0.5882776078124999 0.9753229093750001 0.564368221875 0.9334970546875001 0.571733621875 0.9164360703125001 0.6169078953125 0.93384113125 0.6724519109375 0.9642929921875 0.6952026921875001 0.995746303125 0.6925228359375 1 0.686686484375 1 0.5882776078124999
2 0.7856211859375 0.8143414796874999 0.803017853125 0.780543996875 0.79197115 0.732695465625 0.7541566828125 0.6978993328125 0.7103223390625 0.696565003125 0.6668292703125 0.766168459375 0.6738589921875 0.796617525 0.7033066078125 0.8150184390625 0.7856211859375 0.8143414796874999
2 0.3231870296875 0.8157233765624999 0.34627069375 0.7668678015625 0.3405781015625 0.72236489375 0.318490290625 0.6862288328124999 0.27097464375 0.6788718265625 0.2455468078125 0.707650878125 0.2452195203125 0.7856155890625 0.2883880984375 0.8237573421875 0.3231870296875 0.8157233765624999
2 0.34495315 0.9893851484375 0.36335406406250004 0.9599375312499999 0.3536444875 0.89803515625 0.33289660312499997 0.8776257515625 0.2964248625 0.8883367734375 0.27534689375 0.9161115796875 0.2810394859375 0.960614490625 0.3188539515625 0.9954106218750001 0.34495315 0.9893851484375
2 0.09296860312500001 0.7612031906250001 0.08225478124999999 0.69495095 0.049458746875 0.6521236499999999 0.0203468109375 0.645099525 0.06553507187499999 0.8110630109375 0.09296860312500001 0.7612031906250001
2 0.52421875 0.2765625 0.1546875 0.2078125
2 0.1625 0.940625 0.1625 0.11875
2 0.7 0.87734375 0.1609375 0.1609375
2 0.6078125 0.93203125 0.146875 0.134375
2 0.07890625 0.5671875 0.1578125 0.265625