2 0.5914156937499999 0.859975865625 0.5403370640625 0.8866084234375 0.5297031390625 0.9301955109375 0.55129355 0.985073671875 0.5879387234375 0.9969860531249999 0.6188129203125 0.9697680265624999 0.6313107703124999 0.9129184203125 0.5914156937499999 0.859975865625
2 0.6107837765624999 0.770280615625 0.588572059375 0.7198232953125 0.527922921875 0.7022832984375 0.49452765000000004 0.7314010890625 0.4832724171875 0.7794090171875 0.496678296875 0.8444073140624999 0.5422009890624999 0.8733459046875 0.59766461875 0.8315510625 0.6107837765624999 0.770280615625
2 0.6034117828125 0.5821559609375 0.5579966093750001 0.6005681484375 0.5410779203125 0.6567964453124999 0.560111415625 0.697790778125 0.5973778984375 0.7052823203125 0.6332942421875 0.6742647640625 0.63888601875 0.6344772062499999 0.6034117828125 0.5821559609375
2 0.43377099374999994 0.6665103125 0.396576190625 0.6905859578125 0.38090011874999996 0.737972575 0.39233455156249997 0.7688826125 0.43277925625 0.7858371421875 0.46807429375 0.759240425 0.47490868593749996 0.7106111890625 0.43377099374999994 0.6665103125
2 0.400781990625 0.5965057093749999 0.393111246875 0.5548542265624999 0.34188925625 0.5183524140625 0.29398884999999997 0.554447959375 0.2808696921875 0.6157184046874999 0.3030814109375 0.6661757265625 0.3536104125 0.6755311921875 0.3895267578125 0.6445136359375 0.400781990625 0.5965057093749999
2 0.30516037812499996 0.7476147640625 0.248418290625 0.7824676921875 0.235920440625 0.8393173 0.25557524531250003 0.8758907921875 0.30610424531249997 0.8852462593749999 0.3413992828125 0.858649540625 0.350718909375 0.7923369484375 0.30516037812499996 0.7476147640625
2 0.293678075 0.9736630515625 0.29795555625 0.9111499890625 0.252468703125 0.8979949906250001 0.223494271875 0.927734090625 0.218523803125 0.9631008078125 0.293678075 0.9736630515625
2 0.2150588609375 0.8273690765625 0.2042098953125 0.77625460625 0.16818602968750002 0.7599213859375 0.13983290625 0.785239646875 0.137419353125 0.834490190625 0.148232478125 0.86982106875 0.1760359734375 0.8804908328125001 0.1949619484375 0.8741343859375 0.2150588609375 0.8273690765625
2 0.117071559375 0.7707703515625 0.09116783125 0.7626216609375 0.0471386359375 0.8353265406249999 0.06617213125 0.8763208734375001 0.09017609374999999 0.881948490625 0.114765528125 0.8673716734375001 0.13230552499999998 0.8067225359375 0.117071559375 0.7707703515625
2 0 0.8454901874999999 0.0181283640625 0.8492820468750001 0.043339104687500005 0.8302843921875 0.07158470624999999 0.7576153515625 0.055729434375 0.7260840078124999 0.0165631859375 0.7160713921874999 0 0.72700261875 0 0.8454901874999999
2 0.1433457171875 0.6640130531249999 0.1236909125 0.6274395593750001 0.0933663453125 0.618669559375 0.0555502328125 0.64716604375 0.055693593750000006 0.7103004140625 0.080390546875 0.7430743765625001 0.11385749687499999 0.7455237703125001 0.1396895453125 0.7221052765625 0.1433457171875 0.6640130531249999
2 0 0.7082181125 0.01024258125 0.712929009375 0.045537618749999995 0.6863322921874999 0.051750703125 0.6421238953125 0.040937578125 0.60679301875 0.010613009375 0.5980230203125 0 0.60194905 0 0.7082181125
2 0.1765259484375 0.540193703125 0.1544217484375 0.5370871609375001 0.1280759125 0.6122772734375 0.1439311859375 0.6438086203125 0.17297729687500002 0.6456367046875 0.20005196249999999 0.6133765312499999 0.1999802828125 0.581809346875 0.1765259484375 0.540193703125
2 0.0987430796875 0.48418044687500006 0.0621695875 0.5038352500000001 0.0458722046875 0.555642709375 0.0642843921875 0.6010578828125 0.1021721828125 0.6041285828125 0.1292468484375 0.5718684109375001 0.13670255 0.5188183343749999 0.0987430796875 0.48418044687500006
2 0.24420070468750002 0.3152805140625 0.218954125 0.3184945765625 0.1900155328125 0.36401726874999996 0.1882232875 0.4088469734375 0.2204834625 0.4359216390625 0.264620178125 0.41056753749999997 0.2688976578125 0.348054475 0.24420070468750002 0.3152805140625
2 0.10781182656249999 0.307382703125 0.1288167671875 0.382465296875 0.164219325 0.40321935781249996 0.1862518421875 0.3747587140625 0.205321178125 0.4315366390625 0.234367290625 0.433364725 0.264620178125 0.41056753749999997 0.265719434375 0.33859148906250003 0.24420070468750002 0.3152805140625 0.2094911375 0.32167279843749996 0.2283454328125 0.2837491671875 0.20993324531250002 0.23833399531250002 0.1758091453125 0.22452184687500001 0.1429993421875 0.2334352078125 0.113403603125 0.267595146875 0.10781182656249999 0.307382703125
2 0.243573946875 0 0.22459376875 0.02174869375 0.2196233 0.0571154109375 0.23865679687500002 0.0981097453125 0.274059353125 0.11886380625 0.3093543890625 0.0922670890625 0.321852240625 0.03541748125 0.304285990625 0 0.243573946875 0
2 0.11043822031249999 0 0.1015749296875 0.06306558906250001 0.118051509375 0.09017609374999999 0.15151846093750002 0.0926254890625 0.18301396718750002 0.0609866234375 0.19046966875 0.0079365484375 0.18448905 0 0.11043822031249999 0
2 0.45048906093749996 0 0.42912332500000006 0.0099200203125 0.4122046375 0.06614831875 0.439458503125 0.1128061078125 0.47292545468749997 0.11525550312499999 0.5055918968750001 0.0432077703125 0.49729984531250004 0.005977128125 0.48653345000000003 0 0.45048906093749996 0
2 0.6636308390625001 0.4102928453125 0.640941171875 0.427390734375 0.6296859390625 0.47539866093749994 0.6449199046875 0.511350846875 0.6821863859375 0.5188423890625 0.7167884328125 0.465099325 0.6939554078125 0.4190628421875 0.6636308390625001 0.4102928453125
2 0.8935265234375 0.16985896875 0.867515275 0.11435949999999999 0.8409902359375 0.1106316484375 0.798131978125 0.1429276625 0.79191889375 0.187136059375 0.8097097718749999 0.236972071875 0.8469762546874999 0.2444636125 0.8766078343749999 0.226087265625 0.8935265234375 0.16985896875
2 0.994202071875 0.576217809375 0.9449156875 0.5580206624999999 0.9020574296874999 0.5903166765625001 0.8927378015625 0.656629271875 0.9136352234375 0.6843610859375 0.976805434375 0.7000013187499999 0.994202071875 0.576217809375
2 0.9749415078125001 0.7132638375 0.9597792249999999 0.7088788375 0.9219631140625 0.737375321875 0.9107078812499999 0.7853832484375001 0.9259418453125001 0.821335434375 0.9581661796875001 0.8326265062499999 0.9749415078125001 0.7132638375
2 0.0665314671875 0 0.05550260781250001 0.070115021875 0.0687651265625 0.0719789484375 0.088312409375 0.06120166406250001 0.1029382375 0 0.0665314671875 0
2 0.0392290390625 0.410447990625 0.0170173203125 0.3599906703125 0.003384375 0.473032734375 0.0392290390625 0.410447990625
2 0.55 0.19921875 0.184375 0.21875