0 0.79453125 0.8796875 0.06328125 0.084375
0 0.84375 0.95078125 0.059375 0.0828125
0 0.6546875 0.8484375 0.07265625 0.075
0 0.4625 0.834375 0.06171875 0.0734375
0 0.2609375 0.96328125 0.06796875 0.07265625
0 0.58828125 0.940625 0.1390625 0.11875
0 0.64921875 0.5640625 0.06171875 0.08671875
0 0.828125 0.3328125 0.08046875 0.11640625
0 0.59140625 0.56953125 0.06171875 0.07109375
0 0.48359375 0.40859375 0.11015625 0.13828125
0 0.390625 0.37734375 0.06484375 0.0875
0 0.49921875 0.26875 0.1109375 0.13125
0 0.584375 0.234375 0.06484375 0.08046875
0 0.59765625 0.06015625 0.05625 0.0734375