2 0.8818800375 0.14238409375 0.8368687156249999 0.050097204687499994 0.8030088046875001 0.041776921875 0.7698812875 0.060417778125 0.7642504125 0.1252513015625 0.8037844749999999 0.1655729265625 0.8465986171875001 0.176976396875 0.8818800375 0.14238409375
2 0.7638014625 0.2719959703125 0.8178221859375 0.26054922187499996 0.81953903125 0.187690753125 0.77207846875 0.14130119531250002 0.7261811375 0.1388519546875 0.6999523921875 0.16654548593750002 0.71120225 0.24053013281250002 0.7638014625 0.2719959703125
2 0.59914833125 0.2653806421875 0.657815475 0.2889199796875 0.6899152625 0.2732638671875 0.697207815625 0.2423887 0.6756806625 0.19825149375 0.6259677484374999 0.17779534531250002 0.6029206375 0.18655268593750002 0.587406246875 0.241305803125 0.59914833125 0.2653806421875
2 0.5067748875 0.116722234375 0.54361954375 0.1260702484375 0.5697498421875 0.108358675 0.575183828125 0.06348907499999999 0.56344174375 0.039414234375 0.517741303125 0.017001071875000003 0.488626259375 0.0336849140625 0.4812352609375 0.0745420421875 0.5067748875 0.116722234375
2 0.45979465937499997 0.2240745640625 0.4946823 0.229410103125 0.514012271875 0.19266389374999998 0.490429659375 0.15449617499999999 0.4586252078125 0.140206403125 0.4395905703125 0.14700673125 0.432199571875 0.18786385781249998 0.45979465937499997 0.2240745640625
2 0.291270775 0.3062691546875 0.3320294578125 0.3236421125 0.37132335312500003 0.2870927953125 0.36388907812500004 0.2311150578125 0.336293990625 0.194904353125 0.2884396453125 0.1884426375 0.26211245625 0.22611813125000002 0.2716021890625 0.27612638125 0.291270775 0.3062691546875
2 0.1683488859375 0.4208588671875 0.21096613749999998 0.45222626093749996 0.268999334375 0.4388225 0.282261375 0.410002790625 0.2649435859375 0.343944646875 0.23128056562500002 0.31566044375 0.170065734375 0.3480003984375 0.1567052484375 0.3868020671875 0.1683488859375 0.4208588671875
2 0.270070340625 0.5326726203125001 0.2934127875 0.49396939843750004 0.27589810625 0.44787517499999996 0.2539771703125 0.44366581250000003 0.21889263906249998 0.45829419375 0.21365554531250003 0.48319987343750004 0.270070340625 0.5326726203125001
2 0.1352765375 0.332682896875 0.1681087203125 0.343987925 0.21028891249999998 0.318448296875 0.2196369265625 0.2816036421875 0.20799328749999998 0.24754684062500001 0.15446479062500001 0.20908378437500003 0.1232942875 0.23173711406250003 0.11580484375 0.282576203125 0.1352765375 0.332682896875
2 0.3190508609375 0.5261676296875 0.3718469640625 0.537669546875 0.39714642499999997 0.5029787984375 0.39352773281250003 0.4650079671875 0.3679881046875 0.422827775 0.3202322046875 0.4063841 0.2899909859375 0.43603464531249997 0.29351123281249997 0.4839874359375 0.3190508609375 0.5261676296875
2 0.18047286093749998 0.6086575562500001 0.2232870015625 0.6200610281250001 0.25342977499999997 0.6003924421875 0.262974678125 0.5435838671875 0.2175695734375 0.49122482187500005 0.18175265000000002 0.47889206562500003 0.14749895625 0.510499625 0.1509207578125 0.5684343765625 0.18047286093749998 0.6086575562500001
2 0 0.5034122562500001 0.0115670875 0.5271283 0.0523257703125 0.5445012578124999 0.08173615 0.4978715328125 0.06412302343750001 0.4617592734375 0.032318571875 0.44746950312499995 0.00114806875 0.47012283281249995 0 0.480244546875 0 0.5034122562500001
2 0.477919503125 0.71441526875 0.5060068171875 0.7007161703125 0.5175087359375 0.6479200671875 0.487956634375 0.6076968875000001 0.458109196875 0.597419590625 0.40966417968749996 0.650849640625 0.4351053625 0.703011796875 0.477919503125 0.71441526875
2 0.299862609375 0.64976674375 0.32672530312500003 0.6590163109375 0.35006775 0.6203130875 0.31444771718750003 0.588016409375 0.2914006046875 0.59677375 0.2861635109375 0.6216794296875 0.299862609375 0.64976674375
2 0.5176071796875 0.63793810625 0.5784282296875001 0.645525996875 0.5838622140624999 0.60065639375 0.5642920734375 0.5605316593749999 0.51066513125 0.5320505640625 0.49163049374999995 0.5388508921875 0.4904058734375 0.56179955625 0.5176071796875 0.63793810625
2 0.6155130515625 0.7317449515625001 0.6717911140624999 0.747857896875 0.6873437921875001 0.73644654375 0.7166557265625 0.699798778125 0.7150924937500001 0.6558584609375 0.6855403921875001 0.6156352828125 0.63974150625 0.60320408125 0.6106264625 0.619887921875 0.5888472484375 0.7025314625 0.6155130515625 0.7317449515625001
2 0.66722625625 0.8530484390625 0.715911440625 0.8764893296875 0.7500666859375 0.8548637296875 0.7555006703125 0.8099941296875001 0.7261454609375 0.749807028125 0.694341009375 0.7355172578125 0.6511330859375 0.7640416296875 0.6456991015625 0.80891123125 0.66722625625 0.8530484390625
2 1 0.6929679421875 0.9845069921875 0.6684984468749999 0.9426221359375001 0.6640921921875 0.9215320374999999 0.6768620046875 0.9181535125 0.7157621187500001 0.94760716875 0.765967259375 0.9824948078125001 0.7713027984374999 1 0.74528315625 1 0.6929679421875
2 1 0.44801779843749995 0.9688627734375 0.4327469671875 0.9334829062500001 0.4773212328125 0.930005934375 0.5262033078125 0.9614166046875001 0.5804209218749999 1 0.5888265234375 1 0.44801779843749995
2 0.8952719078125 0.40406898125 0.9281040890625001 0.4153740078125 0.9475325078125 0.3686458375 0.9357904234375001 0.3445709984375 0.898016484375 0.32822576875 0.8789818468749999 0.33502609375 0.8736463078125001 0.36991373437499997 0.8952719078125 0.40406898125
2 0.6154340953124999 1 0.6329173953125 0.991472825 0.6381544890625 0.9665671453125 0.6166273343750001 0.9224299374999999 0.5650558515624999 0.8879793546875 0.5299713203125 0.9026077375 0.5146538203125 0.9373969328125 0.5261990140624999 0.9814356953125 0.55126383125 1 0.6154340953124999 1
2 0.477076771875 0.90108778125 0.5139214265625001 0.9104357937499999 0.5320267796875 0.89663825 0.5354053046875 0.8577381374999999 0.5098656765625 0.8155579421875 0.481975253125 0.8092931203125 0.452860209375 0.8259769609375001 0.4514387 0.8688895499999999 0.477076771875 0.90108778125
2 0.8816907468749999 0.8701379546875 0.9669804187500001 0.826055915625 0.9454532640625001 0.7819187078125001 0.9057223109375 0.7615610046875 0.87660726875 0.7782448468750001 0.865302240625 0.8110770265625 0.8816907468749999 0.8701379546875
2 0.44375 0.9546875 0.18125 0.090625
2 0.7484375 0.45859375 0.15 0.1703125