1 0.55234375 0.30390625 0.134375 0.134375
1 0.86875 0.4046875 0.115625 0.1546875
1 0.89765625 0.6 0.15625 0.1921875
1 0.85078125 0.92421875 0.0921875 0.1
1 0.75859375 0.9265625 0.103125 0.1125
1 0.64609375 0.95390625 0.1453125 0.08125
1 0.378125 0.7703125 0.10625 0.11875
1 0.1796875 0.8953125 0.13125 0.1734375
1 0.22421875 0.65234375 0.140625 0.1515625
1 0.19296875 0.4671875 0.1234375 0.1546875
1 0.053125 0.61796875 0.0984375 0.1515625
1 0.0421875 0.775 0.0515625 0.121875
1 0.0890625 0.31171875 0.1203125 0.134375
1 0.05 0.09296875 0.1 0.1171875
1 0.35546875 0.053125 0.11875 0.09375