2 0.075 0.4453125 0.1390625 0.165625
2 0.1921875 0.41171875 0.1390625 0.1640625
2 0.03125 0.55234375 0.0609375 0.159375
2 0.1015625 0.58125 0.1 0.1265625
2 0.20546875 0.85234375 0.159375 0.175
2 0.04765625 0.97578125 0.0640625 0.0484375
2 0.1140625 0.9421875 0.115625 0.115625
2 0.35390625 0.47265625 0.1046875 0.153125
2 0.2734375 0.17421875 0.140625 0.165625
2 0.2296875 0.10078125 0.1125 0.128125
2 0.38828125 0.1421875 0.121875 0.196875
2 0.21953125 0.034375 0.1015625 0.053125
2 0.34296875 0.0546875 0.1375 0.096875
2 0.49140625 0.66484375 0.1328125 0.2421875
2 0.509375 0.9203125 0.146875 0.159375
2 0.6484375 0.565625 0.1453125 0.1875
2 0.96328125 0.56796875 0.0734375 0.1453125
2 0.9515625 0.7296875 0.096875 0.21875
2 0.73203125 0.31171875 0.109375 0.1421875
2 0.8125 0.19765625 0.0953125 0.11875
2 0.3390625 0.05703125 0.1328125 0.10625
2 0.784375 0.80703125 0.2046875 0.184375
2 0.9625 0.93359375 0.075 0.1015625
2 0.84453125 0.9703125 0.0859375 0.0390625
2 0.06015625 0.2625 0.1203125 0.25