2 0.4375 0.08125 0.10703125 0.16171875
2 0.153125 0.03984375 0.1234375 0.07890625
2 0.55390625 0.30859375 0.0921875 0.11640625
2 0.5515625 0.515625 0.103125 0.1375
2 0.22421875 0.68203125 0.10234375 0.1421875
2 0.31171875 0.67734375 0.0828125 0.115625
2 0.44296875 0.78359375 0.11484375 0.1375
2 0.34609375 0.84296875 0.090625 0.13046875
2 0.5296875 0.8828125 0.153125 0.19765625
2 0.29921875 0.9484375 0.11640625 0.10234375
2 0.58671875 0.66484375 0.0765625 0.09453125
2 0.61484375 0.7578125 0.0921875 0.11015625
2 0.684375 0.66328125 0.0984375 0.12890625
2 0.92109375 0.803125 0.11328125 0.15234375
2 0.8046875 0.83515625 0.1078125 0.146875
2 0.6390625 0.8734375 0.10859375 0.134375
2 0.66484375 0.96171875 0.08671875 0.0765625
2 0.20859375 0.9046875 0.0921875 0.10390625
2 0.95859375 0.4125 0.08203125 0.10546875
2 0.1796875 0.97265625 0.09921875 0.05390625
2 0.34296875 0.4734375 0.15703125 0.15390625
2 0.05546875 0.809375 0.10546875 0.21796875
2 0.821875 0.14765625 0.153125 0.2375