1 0.20078125 0.728125 0.109375 0.1265625
1 0.18359375 0.85703125 0.1203125 0.1234375
1 0.28125 0.67421875 0.084375 0.1203125
1 0.39609375 0.74296875 0.1046875 0.1234375
1 0.328125 0.45703125 0.109375 0.1203125
1 0.23046875 0.43828125 0.0828125 0.125
1 0.7671875 0.14375 0.1265625 0.1390625
1 0.69453125 0.7546875 0.10625 0.1546875
1 0.65234375 0.9421875 0.1046875 0.115625
1 0.78515625 0.89296875 0.09375 0.1234375
1 0.8875 0.83671875 0.0828125 0.1015625
1 0.91484375 0.95078125 0.1421875 0.0984375
1 0.965625 0.83046875 0.0515625 0.1578125