2 0.8549107140625001 0.7098214281249999 0.8169642859374999 0.7477678578125 0.8169642859374999 0.7924107140625 0.8370535718750001 0.8348214281249999 0.8794642859374999 0.8459821421875 0.9107142859374999 0.8191964281249999 0.9196428578125 0.765625 0.8950892859374999 0.7276785718750001 0.8549107140625001 0.7098214281249999
2 0.7879464281249999 0.53125 0.7544642859375 0.5602678578125 0.75 0.6049107140625 0.7790178578125 0.6473214281249999 0.8125 0.6495535718750001 0.84375 0.6138392859375 0.84375 0.5691964281249999 0.8191964281249999 0.5357142859375 0.7879464281249999 0.53125
2 0.7120535718750001 0.34821428593750003 0.6785714281249999 0.3727678578125 0.6696428578125 0.430803571875 0.6941964281249999 0.46875 0.7366071421875 0.47098214218749995 0.7633928578125 0.44866071406249997 0.7723214281249999 0.39955357187499996 0.7433035718750001 0.3571428578125 0.7120535718750001 0.34821428593750003
2 0.7611607140625 0.2455357140625 0.7276785718750001 0.265625 0.7232142859375 0.328125 0.7857142859375 0.359375 0.8080357140625001 0.33258928593750003 0.8080357140625001 0.29241071406249997 0.7901785718750001 0.2522321421875 0.7611607140625 0.2455357140625
2 0.6540178578125 0.2232142859375 0.625 0.2522321421875 0.6205357140625 0.30580357187499996 0.6540178578125 0.35267857187499996 0.6875 0.35491071406249997 0.71875 0.32366071406249997 0.7142857140625 0.26116071406249997 0.6852678578125 0.2232142859375 0.6540178578125 0.2232142859375
2 0.7075892859375 0.116071428125 0.6785714281249999 0.140625 0.6741071421875 0.1897321421875 0.7053571421875 0.2388392859375 0.7321428578125 0.2477678578125 0.7633928578125 0.22544642812500001 0.7723214281249999 0.17633928593749998 0.7388392859375 0.116071428125 0.7075892859375 0.116071428125
2 0.9642857140625001 0.28794642812500004 1 0.31919642812500004 0.9933035718750001 0.18303571406250002 0.96875 0.203125 0.9553571421875 0.2522321421875 0.9642857140625001 0.28794642812500004
2 0.9174107140625001 0.0267857140625 0.8973214281249999 0.046875 0.8928571421875 0.100446428125 0.921875 0.1428571421875 0.9553571421875 0.14508928593749998 0.9821428578125 0.11383928593749999 0.9776785718750001 0.0513392859375 0.9575892859374999 0.0267857140625 0.9174107140625001 0.0267857140625
2 0.6205357140625 0.0736607140625 0.6741071421875 0.0915178578125 0.6964285718750001 0.060267857812500006 0.6964285718750001 0.006696428124999999 0.6183035718750001 0 0.6205357140625 0.0736607140625
2 0.41741071406249997 0.27232142812500004 0.37946428593750003 0.328125 0.3883928578125 0.3727678578125 0.428571428125 0.38616071406249997 0.477678571875 0.33705357187499996 0.46875 0.29241071406249997 0.43973214218749995 0.2678571421875 0.41741071406249997 0.27232142812500004
2 0.2790178578125 0.33482142812500004 0.25 0.36830357187499996 0.25 0.444196428125 0.2834821421875 0.48660714218749995 0.3125 0.48883928593750003 0.34375 0.453125 0.34821428593750003 0.412946428125 0.32142857187499996 0.35491071406249997 0.2790178578125 0.33482142812500004
2 0.25446428593750003 0.2299107140625 0.25 0.2834821421875 0.27455357187499996 0.31696428593750003 0.30803571406249997 0.31919642812500004 0.35267857187499996 0.24330357187499999 0.33258928593750003 0.2142857140625 0.2834821421875 0.2053571421875 0.25446428593750003 0.2299107140625
2 0.194196428125 0.27678571406249997 0.16071428593749998 0.33705357187499996 0.1741071421875 0.3772321421875 0.21875 0.39508928593750003 0.2455357140625 0.36383928593750003 0.2455357140625 0.31919642812500004 0.22544642812500001 0.28571428593750003 0.194196428125 0.27678571406249997
2 0.493303571875 0.45535714218749995 0.46428571406249997 0.484375 0.46428571406249997 0.5602678578125 0.49776785781250005 0.5982142859375 0.5446428578125 0.6004464281249999 0.5803571421875 0.5602678578125 0.5758928578125 0.484375 0.5290178578125 0.45535714218749995 0.493303571875 0.45535714218749995
2 0.2299107140625 0.5625 0.18303571406250002 0.6138392859375 0.18303571406250002 0.6674107140625 0.2075892859375 0.7053571421875 0.25 0.7075892859375 0.27678571406249997 0.6808035718750001 0.28571428593750003 0.6316964281249999 0.2678571421875 0.578125 0.2299107140625 0.5625
2 0.3147321421875 0.7544642859375 0.28571428593750003 0.7834821421875 0.28125 0.8236607140625001 0.30133928593750003 0.8660714281249999 0.34375 0.8772321421875 0.37053571406249997 0.8504464281249999 0.375 0.8102678578125 0.3459821421875 0.7589285718750001 0.3147321421875 0.7544642859375
2 0.2142857140625 0.9754464281249999 0.234375 1 0.30803571406249997 0.9977678578125 0.30357142812500004 0.9352678578125 0.2834821421875 0.9151785718750001 0.2232142859375 0.921875 0.2142857140625 0.9754464281249999
2 0.149553571875 0.8526785718750001 0.125 0.8772321421875 0.125 0.921875 0.162946428125 0.9508928578125 0.1875 0.9486607140625001 0.2142857140625 0.9174107140625001 0.20982142812500001 0.8727678578125 0.17633928593749998 0.8482142859374999 0.149553571875 0.8526785718750001
2 0.9352678578125 0.45535714218749995 0.90625 0.5022321421875 0.9241071421875 0.5691964281249999 0.9598214281249999 0.578125 1 0.5424107140625 0.9955357140625001 0.47098214218749995 0.9620535718750001 0.446428571875 0.9352678578125 0.45535714218749995
2 0.41484375 0.06796875 0.1171875 0.1359375