2 0.9084821421875 0.32142857187499996 0.8772321421875 0.33482142812500004 0.84375 0.38616071406249997 0.8571428578125 0.462053571875 0.9017857140625001 0.47991071406249997 0.9375 0.44866071406249997 0.9508928578125 0.40401785781250005 0.9375 0.3415178578125 0.9084821421875 0.32142857187499996
2 0.7767857140625 0.7254464281249999 0.75 0.796875 0.7589285718750001 0.8504464281249999 0.8303571421875 0.8772321421875 0.875 0.7834821421875 0.8571428578125 0.7254464281249999 0.8147321421875 0.7008928578125 0.7767857140625 0.7254464281249999
2 0.9397321421875 0.8169642859374999 0.96875 0.8191964281249999 0.9866071421875 0.7566964281249999 0.9486607140625001 0.7366071421875 0.9107142859374999 0.7834821421875 0.9397321421875 0.8169642859374999
2 0.6540178578125 0.6875 0.6294642859375 0.7120535718750001 0.625 0.7745535718750001 0.6741071421875 0.8058035718750001 0.6919642859375 0.7924107140625 0.7008928578125 0.7299107140625 0.671875 0.6875 0.6540178578125 0.6875
2 0.5446428578125 0.6941964281249999 0.5602678578125 0.7232142859375 0.59375 0.7209821421875 0.6116071421875 0.6540178578125 0.5736607140625 0.6160714281249999 0.5446428578125 0.6584821421875 0.5446428578125 0.6941964281249999
2 0.491071428125 0.6316964281249999 0.53125 0.6540178578125 0.5491071421875 0.6049107140625 0.5290178578125 0.5803571421875 0.5066964281249999 0.5803571421875 0.491071428125 0.6316964281249999
2 0.5825892859375 0.3616071421875 0.5535714281249999 0.40848214218749995 0.5625 0.43973214218749995 0.5982142859375 0.462053571875 0.625 0.44866071406249997 0.6339285718750001 0.39508928593750003 0.6049107140625 0.3616071421875 0.5825892859375 0.3616071421875
2 0.6919642859375 0.35491071406249997 0.6875 0.39955357187499996 0.7165178578125 0.44196428593750003 0.75 0.43973214218749995 0.78125 0.39955357187499996 0.78125 0.35491071406249997 0.7254464281249999 0.31696428593750003 0.6919642859375 0.35491071406249997
2 0.6116071421875 0.100446428125 0.6316964281249999 0.133928571875 0.6607142859375 0.140625 0.6919642859375 0.0825892859375 0.6450892859375 0.0491071421875 0.6160714281249999 0.0647321421875 0.6116071421875 0.100446428125
2 0.3928571421875 0.055803571875 0.3928571421875 0.109375 0.446428571875 0.13616071406250002 0.48660714218749995 0.0959821421875 0.49776785781250005 0.008928571875000001 0.42633928593750003 0.022321428125 0.3928571421875 0.055803571875
2 0.140625 0.2008928578125 0.102678571875 0.2388392859375 0.0982142859375 0.2834821421875 0.131696428125 0.34821428593750003 0.1696428578125 0.3459821421875 0.20982142812500001 0.296875 0.2142857140625 0.2522321421875 0.17633928593749998 0.2053571421875 0.140625 0.2008928578125
2 0.13616071406250002 0.0803571421875 0.10714285781249999 0.109375 0.102678571875 0.1584821421875 0.131696428125 0.19196428593749998 0.16071428593749998 0.1897321421875 0.18303571406250002 0.16741071406250002 0.1875 0.11383928593749999 0.16741071406250002 0.084821428125 0.13616071406250002 0.0803571421875
2 0 0.234375 0.0200892859375 0.25446428593750003 0.0446428578125 0.2522321421875 0.0892857140625 0.194196428125 0.0647321421875 0.116071428125 0 0.149553571875 0 0.234375
2 0.19866071406250002 0.7946428578125 0.1741071421875 0.8236607140625001 0.1741071421875 0.8683035718750001 0.19866071406250002 0.8973214281249999 0.21875 0.8950892859374999 0.24107142812500001 0.8772321421875 0.24107142812500001 0.8236607140625001 0.22544642812500001 0.7991071421875 0.19866071406250002 0.7946428578125
2 0.0892857140625 0.9263392859374999 0.12053571406250001 0.9397321421875 0.15178571406250002 0.8950892859374999 0.1272321421875 0.8482142859374999 0.0892857140625 0.8816964281249999 0.0892857140625 0.9263392859374999
2 0 0.921875 0.022321428125 0.9486607140625001 0.0625 0.9174107140625001 0.0334821421875 0.8526785718750001 0 0.859375 0 0.921875
2 0.084821428125 0.9977678578125 0.069196428125 0.9642857140625001 0.0178571421875 0.984375 0.0200892859375 1 0.084821428125 0.9977678578125
2 0.6314510531249999 0.8128187718750001 0.6314510531249999 0.8163913703125001 0.6294642859375 0.796875 0.6116071421875 0.8191964281249999 0.6205357140625 0.8727678578125 0.6607142859375 0.890625 0.6696428578125 0.8370535718750001 0.65625 0.8102678578125 0.6551693171874999 0.8173787140625001 0.6421636703125 0.8092463125 0.6314510531249999 0.8128187718750001
2 0.8125 0.9263392859374999 0.8169642859374999 0.9665178578125 0.8571428578125 0.9754464281249999 0.8839285718750001 0.9174107140625001 0.8683035718750001 0.8839285718750001 0.8325892859374999 0.8928571421875 0.8125 0.9263392859374999
2 0.92578125 0.94140625 0.08515625 0.1078125
2 0.98203125 0.9265625 0.0359375 0.09375
2 0.7734375 0.16015625 0.14921875 0.19296875
2 0.34921875 0.39296875 0.1171875 0.209375
2 0.34609375 0.92421875 0.1296875 0.1515625