2 0.6125 0.09375 0.1765625 0.175
2 0.60703125 0.028125 0.1515625 0.05625
2 0.50234375 0.04921875 0.1609375 0.0984375
2 0.67265625 0.58125 0.2046875 0.221875
2 0.4828125 0.490625 0.171875 0.1890625
2 0.40703125 0.39609375 0.19375 0.2015625
2 0.2328125 0.8421875 0.19375 0.2109375
2 0.3703125 0.7453125 0.171875 0.1921875
2 0.14609375 0.61328125 0.1640625 0.165625
2 0.28828125 0.64375 0.1875 0.184375
2 0.05859375 0.52734375 0.1171875 0.1828125
2 0.028125 0.39296875 0.05625 0.1953125
2 0.13515625 0.821875 0.1390625 0.19375
2 0.25546875 0.74296875 0.1484375 0.171875
2 0.8578125 0.7875 0.1890625 0.2171875
2 0.38203125 0.071875 0.1671875 0.14375
2 0.38046875 0.97578125 0.2109375 0.0484375