0 0.2609375 0.090625 0.1046875 0.11875
0 0.1984375 0.0328125 0.075 0.065625
0 0.3796875 0.13671875 0.0828125 0.0921875
0 0.50390625 0.3703125 0.13125 0.1421875
0 0.8125 0.36328125 0.0671875 0.0734375
0 0.8703125 0.15546875 0.11875 0.13125
0 0.22265625 0.56015625 0.078125 0.09375
0 0.07734375 0.5578125 0.1546875 0.19375
0 0.01328125 0.45390625 0.0265625 0.0703125
0 0.5921875 0.621875 0.0875 0.103125
0 0.51328125 0.803125 0.13125 0.140625
0 0.62890625 0.9359375 0.1390625 0.128125
0 0.86640625 0.88515625 0.0859375 0.1125
0 0.2796875 0.8265625 0.0890625 0.09375
0 0.12578125 0.840625 0.121875 0.134375