2 0.94765625 0.72734375 0.1046875 0.2078125
2 0.84140625 0.85078125 0.096875 0.1328125
2 0.8828125 0.47890625 0.11328125 0.1515625
2 0.65 0.48828125 0.109375 0.13515625
2 0.82578125 0.10546875 0.11484375 0.14296875
2 0.44609375 0.13828125 0.15 0.190625
2 0.49609375 0.36796875 0.12109375 0.1546875
2 0.2921875 0.37734375 0.11484375 0.15625
2 0.28125 0.59609375 0.10703125 0.128125
2 0.32578125 0.7140625 0.1046875 0.15234375
2 0.2953125 0.2234375 0.1 0.128125
2 0.2953125 0.03671875 0.096875 0.0734375
2 0.20078125 0.0578125 0.1078125 0.115625
2 0.11796875 0.01953125 0.08046875 0.03828125
2 0.11875 0.92890625 0.18125 0.1421875
2 0.64296875 0.965625 0.15703125 0.06796875