2 0.72421875 0.1546875 0.184375 0.215625
2 0.934375 0.45078125 0.13125 0.2203125
2 0.775 0.30390625 0.1390625 0.159375
2 0.63515625 0.29609375 0.146875 0.1828125
2 0.475 0.1109375 0.165625 0.19375
2 0.871875 0.54140625 0.1328125 0.159375
2 0.978125 0.571875 0.04375 0.159375
2 0.93984375 0.62109375 0.1203125 0.1390625
2 0.85390625 0.68125 0.1671875 0.196875
2 0.98828125 0.828125 0.0234375 0.15
2 0.91953125 0.86875 0.1609375 0.13125
2 0.803125 0.91484375 0.1171875 0.0828125
2 0.74765625 0.66484375 0.1203125 0.14375
2 0.71640625 0.80390625 0.134375 0.165625
2 0.578125 0.7609375 0.1359375 0.171875
2 0.5875 0.9328125 0.165625 0.134375
2 0.48359375 0.7546875 0.1421875 0.1640625
2 0.4796875 0.4828125 0.1546875 0.1875
2 0.4515625 0.3421875 0.1515625 0.1640625
2 0.34375 0.2765625 0.1625 0.165625
2 0.46484375 0.23828125 0.15625 0.1671875
2 0.3109375 0.37890625 0.159375 0.1625
2 0.31640625 0.0859375 0.1203125 0.13125
2 0.159375 0.1265625 0.18125 0.1578125
2 0.27109375 0.2015625 0.2078125 0.2140625
2 0.3296875 0.4875 0.1125 0.1375
2 0.1875 0.46484375 0.15625 0.196875
2 0.128125 0.79140625 0.15625 0.1796875
2 0.46796875 0.96953125 0.1140625 0.0609375
2 0.5703125 0.0359375 0.1375 0.071875
2 0.48125 0.02421875 0.09375 0.0484375
2 0.74140625 0.4703125 0.2046875 0.196875
2 0.39296875 0.64375 0.1546875 0.190625
2 0.06484375 0.3953125 0.1296875 0.259375