2 0.3140625 0.90703125 0.171875 0.1859375
2 0.40546875 0.7265625 0.15 0.15625
2 0.2703125 0.5359375 0.15625 0.175
2 0.33515625 0.3890625 0.1640625 0.175
2 0.52109375 0.42109375 0.1296875 0.1609375
2 0.6140625 0.4390625 0.15 0.1765625
2 0.678125 0.55390625 0.14375 0.1578125
2 0.659375 0.70859375 0.1625 0.1765625
2 0.7875 0.5796875 0.1578125 0.19375
2 0.8875 0.5546875 0.140625 0.1640625
2 0.9375 0.7328125 0.125 0.175
2 0.98515625 0.7265625 0.0296875 0.16875
2 0.7328125 0.3375 0.121875 0.140625
2 0.51640625 0.28828125 0.159375 0.18125
2 0.73828125 0.1203125 0.16875 0.184375
2 0.8328125 0.07421875 0.140625 0.1484375
2 0.73828125 0.040625 0.1921875 0.08125
2 0.32421875 0.15234375 0.221875 0.234375
2 0.2 0.76015625 0.1984375 0.23125