2 0.0903194546875 0.054917137500000004 0.13062079843750002 0.1010969796875 0.1603599 0.07212255 0.1585318140625 0.043076437499999995 0.0903194546875 0.054917137500000004
2 0.23478534375 0.10449024375 0.2582396796875 0.0628746015625 0.2513694453125 0.030028959374999997 0.165473728125 0.04435489375 0.1994186265625 0.1094607125 0.23478534375 0.10449024375
2 0.2635088953125 0.24471449375 0.2926266859375 0.2113192234375 0.2845496765625 0.1538483078125 0.2454909484375 0.1165101453125 0.225907825 0.12151645468750001 0.19744718125 0.1435489703125 0.19288298125 0.20730465156250003 0.23256301875 0.24906365312499998 0.2635088953125 0.24471449375
2 0.21452125781250003 0.409384815625 0.25503764375000004 0.3608631 0.24889623906249997 0.2850875171875 0.1991319078125 0.2357294546875 0.17070710312499998 0.2419783796875 0.1289122625 0.297442009375 0.1325684328125 0.35553423125 0.154565109375 0.3997784671875 0.21452125781250003 0.409384815625
2 0.1618416109375 0.53174650625 0.15190067499999999 0.46101307187499996 0.1128061078125 0.439458503125 0.06596911875 0.4911226015625 0.0746674375 0.5530143562500001 0.108684015625 0.5865529875 0.138387275 0.5733621484375 0.1618416109375 0.53174650625
2 0.28570882656249996 0.7555246015625 0.3356882 0.710181109375 0.3338959546875 0.6653514031250001 0.303714746875 0.61098703125 0.24755812812500003 0.5963385359375 0.208941509375 0.6423391765625001 0.20824852031250002 0.669485521875 0.2516205671875 0.75355315625 0.28570882656249996 0.7555246015625
2 0.350420403125 0.895199221875 0.3820951078125 0.8479201234374999 0.37463940625 0.79487005 0.344422359375 0.7562892703124999 0.30529195 0.7505182921875 0.26481140625 0.783256415625 0.259625896875 0.8425912562500001 0.3055906984375 0.8969914671874999 0.350420403125 0.895199221875
2 0.2183448421875 0.9498265015625 0.24870525312499997 0.9252729093750001 0.247605996875 0.8532968593750001 0.224295021875 0.8317781312499999 0.18578592031250002 0.8304279921875001 0.1269290296875 0.8927976953125001 0.1274786578125 0.928785721875 0.1558317796875 0.95410398125 0.2183448421875 0.9498265015625
2 0.2478210359375 0.7585953015625 0.2220248265625 0.7193932140625 0.192978715625 0.7212213000000001 0.165760690625 0.752095496875 0.1662386375 0.8196507078125 0.22305240468749998 0.8229364515625001 0.24457113281249998 0.7996254765625 0.2478210359375 0.7585953015625
2 0.0899134265625 0.7898040875000001 0.0708440921875 0.8465820125000001 0.083413621875 0.871864434375 0.123786646875 0.8864770890625 0.14088453750000002 0.8637874249999999 0.1384709828125 0.8145368796874999 0.0899134265625 0.7898040875000001
2 0.027543725 0.7309471953125 0.05381788125 0.8377044937499999 0.07665090937499999 0.7916680125 0.0716804421875 0.7563012953125 0.027543725 0.7309471953125
2 0.23682105468749998 1 0.22839330000000002 0.9732091578125001 0.189920040625 0.9560754265625 0.157659865625 0.98315009375 0.160584771875 1 0.23682105468749998 1
2 0.597354084375 0.5832431890625001 0.6414549609375 0.6243808828125 0.6768216765624999 0.619410415625 0.6977190984375 0.5916786015625 0.707325446875 0.531722453125 0.6916493734375 0.48433583437500005 0.640534903125 0.4734868703125 0.612731409375 0.48415663281250004 0.5892770734375 0.525772275 0.597354084375 0.5832431890625001
2 0.50644003125 0.305244084375 0.5267161437500001 0.27309143125 0.518017825 0.2111996765625 0.4846225546875 0.18208188281249998 0.4505342953125 0.1801104375 0.4239375765625 0.21540547499999999 0.4320145875 0.2728763890625 0.46603116718750004 0.3064150203125 0.50644003125 0.305244084375
2 0.784116578125 0.356382365625 0.8043926906250001 0.3242297125 0.7988009140625 0.28444215625 0.7692051734375001 0.2502822171875 0.726275234375 0.2495533875 0.699057209375 0.28042758437500004 0.7065129109375 0.333477659375 0.7298238859375 0.3549963890625 0.784116578125 0.356382365625
2 0.809291478125 0.391163615625 0.77589620625 0.3620458234375 0.734208884375 0.37015867343750003 0.7208746859375 0.4035897859375 0.7302659921875 0.43833519218749994 0.781344621875 0.46496775156250003 0.8072841921875 0.4410354671875 0.809291478125 0.391163615625
2 0.7935557515625 0.6480861 0.818252703125 0.6153121359375 0.8170817671874999 0.574903271875 0.791906865625 0.5401220234374999 0.758439915625 0.5425714171875 0.7394422609375 0.5677821578125 0.74123450625 0.6126118625 0.7708302453125 0.6467718015624999 0.7935557515625 0.6480861
2 1 0.4650365953125 0.994202071875 0.423782190625 0.9626348859375 0.4237105109375 0.937352465625 0.436280040625 0.9385234015625 0.47668890468749997 0.9624198453125 0.5184120671875 0.9933298828125 0.5298465 1 0.5258071578125 1 0.4650365953125
2 0.9412474890625001 0.11114519687499999 0.9152004 0.1824282578125 0.964343425 0.22736548281250002 0.9412474890625001 0.11114519687499999
2 0.628765965625 0 0.6466164156249999 0.019562209375 0.6857826625000001 0.00954959375 0.6911647578125 0 0.628765965625 0
2 0.934375 0.29609375 0.0984375 0.128125
2 0.0328125 0.1296875 0.065625 0.115625
2 0.740625 0.82578125 0.11875 0.2171875
2 0.40546875 0.5109375 0.1796875 0.184375
2 0.8625 0.075 0.153125 0.15