0 0.0453125 0.43984375 0.090625 0.2703125
0 0.10859375 0.4328125 0.1828125 0.190625
0 0.178125 0.578125 0.1953125 0.2109375
0 0.25078125 0.40859375 0.18125 0.20625
0 0.35703125 0.409375 0.165625 0.1921875
0 0.2609375 0.2703125 0.1375 0.14375
0 0.28828125 0.1984375 0.1171875 0.1234375
0 0.121875 0.74765625 0.1796875 0.215625
0 0.37421875 0.96015625 0.2015625 0.0796875
0 0.69921875 0.8109375 0.1921875 0.1828125
0 0.7609375 0.59921875 0.240625 0.2578125
0 0.94140625 0.35703125 0.1171875 0.1890625
0 0.496875 0.11484375 0.1703125 0.1796875
0 0.60703125 0.1109375 0.1921875 0.20625
0 0.45234375 0.03984375 0.1609375 0.0796875