2 0.257603353125 0.8194102734375001 0.1879970984375 0.7461367078125 0.16658344687499999 0.762534725 0.15822778906249998 0.8652615062500001 0.168270246875 0.90876016875 0.2131116359375 0.944224865625 0.25393324375000004 0.932509596875 0.275008415625 0.874954290625 0.257603353125 0.8194102734375001
2 0.316820278125 0.7186863890625 0.27465594531250004 0.684894503125 0.24420688125 0.6919242234375 0.22011897187499999 0.7364299296875 0.2331741671875 0.7929781921875 0.271657196875 0.8207474031249999 0.30478331875000003 0.8153904937500001 0.3298754734375 0.7752346515624999 0.316820278125 0.7186863890625
2 0.4335897109375 0.6092571765625 0.3763672890625 0.56977829375 0.340231228125 0.5918661046875 0.3301971640625 0.6377089406249999 0.34526085 0.7029569359375001 0.40214759375 0.7310590296874999 0.43226097656249995 0.7126525218750001 0.44664490625 0.6658054390625 0.4335897109375 0.6092571765625
2 0.195326125 0.400816059375 0.146140465625 0.42591660937500003 0.1361064015625 0.47175944531249997 0.156857084375 0.5219493484375 0.20203135625000002 0.539010334375 0.24084167500000003 0.4888148359375 0.220423875 0.42022121874999996 0.195326125 0.400816059375
2 0.17825115 0.29708783125 0.1370910625 0.2676458109375 0.09995075625 0.28538375625 0.08222120625 0.3375849515625 0.10063051406250001 0.397478834375 0.1381092984375 0.420898178125 0.17792665937500002 0.4048330421875 0.198668946875 0.3656814484375 0.17825115 0.29708783125
2 0.0209873953125 0.3402676015625 0.0086119578125 0.3958144171875 0.0534533453125 0.43127911562500004 0.0875809140625 0.40049157187500006 0.07753845625 0.3569929078125 0.0209873953125 0.3402676015625
2 0.0788643921875 0.2238170625 0.025658953125 0.2017376453125 0.000233915625 0.2602971984375 0.018643223437500002 0.32019108125 0.04976365 0.3359149375 0.0741900375 0.33256651875 0.0986108296875 0.2696571015625 0.0788643921875 0.2238170625
2 0 0.5082760796875 0.0223413109375 0.5048967578125 0.041075109375 0.4570454296875 0.004262090625 0.3968186625 0 0.39559213125000003 0 0.5082760796875
2 0.24918054375 0.20740505312500002 0.2046748359375 0.183317146875 0.1752300171875 0.1946967328125 0.156496221875 0.2425480609375 0.19398060156250002 0.3255284046875 0.22510102812500002 0.3412522609375 0.2602328421875 0.314814584375 0.2689269796875 0.25324509375000004 0.24918054375 0.20740505312500002
2 0.4281880328125 0.0996430546875 0.39004348125 0.11303113437500001 0.37565955 0.159878215625 0.3964102328125 0.21006812031250002 0.43087628125000005 0.22043786562499998 0.46533673281250004 0.1712466109375 0.45328578437499994 0.11904821406249999 0.4281880328125 0.0996430546875
2 0.9582759140625001 0.7584449921875 0.8880038906250001 0.721978846875 0.8665902390625 0.738376865625 0.865591590625 0.793588 0.8766382937499999 0.8414365281249999 0.9097672125 0.86586011875 0.9582843078125001 0.8477864937499999 0.9736724828125001 0.805289278125 0.9582759140625001 0.7584449921875
2 0.853125 0.90625 0.1203125 0.0734375
2 0.971875 0.42890625 0.05625 0.1703125
2 1 0.5036587124999999 0.9723045765625 0.491757621875 0.943864003125 0.507487075 0.929480071875 0.5543341578125001 0.9351726640625 0.5988370656249999 0.9833596734375 0.6289476515625 1 0.6218815171875 1 0.5036587124999999
2 0.7875 0.215625 0.1703125 0.2234375
2 0.065625 0.6109375 0.13125 0.2
2 0.728125 0.8359375 0.24375 0.203125