2 0.096875 0.0796875 0.11953125 0.13828125
2 0.20625 0.075 0.0953125 0.1
2 0.38671875 0.33515625 0.1234375 0.1578125
2 0.334375 0.60703125 0.1078125 0.13359375
2 0.45625 0.44296875 0.11171875 0.14609375
2 0.63984375 0.15078125 0.09765625 0.1296875
2 0.59453125 0.278125 0.096875 0.125
2 0.65078125 0.38125 0.11171875 0.14921875
2 0.59765625 0.5765625 0.11484375 0.1546875
2 0.64453125 0.89765625 0.12734375 0.1625
2 0.74765625 0.75703125 0.09921875 0.1375
2 0.90625 0.41875 0.1109375 0.14609375
2 0.86875 0.6234375 0.08515625 0.096875
2 0.84765625 0.734375 0.11484375 0.14453125
2 0.96875 0.4796875 0.0625 0.1203125
2 0.975 0.36640625 0.05 0.11953125
2 0.021875 0.94140625 0.04375 0.1171875
2 0.5984375 0.965625 0.11640625 0.06796875
2 0.72578125 0.97109375 0.09375 0.0578125
2 0.09296875 0.4453125 0.17265625 0.284375
2 0.86328125 0.1828125 0.1421875 0.21484375