2 0.7824487203125 0.8588781828125001 0.7534536625 0.8242069296875 0.71248645625 0.820241446875 0.6939070625 0.8337672375 0.6937499953125 0.9057515109375001 0.7122508562500001 0.9282178562500001 0.7551615390624999 0.9296958046875 0.7795713578125001 0.9087074078124999 0.7824487203125 0.8588781828125001
2 0.7880463828125001 0.8312040062499999 0.8081037249999999 0.774767534375 0.7840837359374999 0.7439832296875 0.757497678125 0.7472475875 0.7399278703125 0.8056275359375 0.7880463828125001 0.8312040062499999
2 0.7257823218749999 0.6904212859375 0.693444371875 0.665156109375 0.6624273046875 0.6689645265624999 0.6343632984375 0.7151395640625 0.638715775 0.7505876421875 0.6632798234374999 0.7858029546874999 0.7067345656249999 0.7917119125000001 0.7356539265625 0.734187321875 0.7257823218749999 0.6904212859375
2 0.779966859375 0.60055874375 0.7552457421875001 0.637327703125 0.760142278125 0.6772067890625 0.7935683484375 0.7113339843750001 0.82209788125 0.7055820921875 0.8405230453125 0.635852590625 0.8115279859375001 0.6011813375 0.779966859375 0.60055874375
2 1 0.67273884375 0.9515310484375 0.642462675 0.921290803125 0.6709136734375 0.9223003890625 0.7157678296875 0.9557264578125 0.7498950234375 0.9842559921875 0.7441431328125 1 0.6845603890625 1 0.67273884375
2 0.5573225875000001 0.8752756671874999 0.52537163125 0.926425775 0.5313562859375 0.9751668796875 0.5498571484375 0.9976332250000001 0.6226967765625 0.9864407375 0.6217657234375 0.9055944453125001 0.5933147234375 0.8753542015625 0.5573225875000001 0.8752756671874999
2 0.47517483125000004 1 0.46877809218750005 0.9783527046874999 0.4325531921875 0.9580626000000001 0.40651119375 0.9657579671875001 0.386417209375 1 0.47517483125000004 1
2 0.365338428125 1 0.340590109375 0.97834986875 0.306230153125 0.9915643640624999 0.3007023796875 1 0.365338428125 1
2 0.18357609531250002 1 0.17866476250000002 0.9600004015625 0.13746479375 0.9358233468750001 0.0992178859375 0.9540129109375 0.0867016796875 0.980287671875 0.0918343890625 1 0.18357609531250002 1
2 0.18240031875 0.7706336406250001 0.1791359609375 0.7440475828124999 0.1467980125 0.7187824078125 0.09634619375 0.747466171875 0.084374046875 0.7781719421875 0.09976478125 0.8302559390625 0.1462511171875 0.8425393812499999 0.1706609359375 0.8215509859375001 0.18240031875 0.7706336406250001
2 0.2998613390625 0.7382199953125 0.2758413484375 0.707435690625 0.2398492140625 0.70735715625 0.21178520625 0.7535321953125 0.2155936234375 0.7845492625 0.24458868281249999 0.8192205171875001 0.2697753265625 0.822874703125 0.2980720953125 0.7969112390624999 0.2998613390625 0.7382199953125
2 0.0877983078125 0.60458574375 0.0528942890625 0.61336923125 0.0264624625 0.6728372984375001 0.0407650765625 0.7160592734375 0.088883590625 0.7416357453125 0.1321841 0.6913409953125 0.1201362578125 0.6298509203125 0.0877983078125 0.60458574375
2 0.1643706546875 0.532214478125 0.1255796890625 0.5459730328125 0.1130634828125 0.5722477953125 0.1300863953125 0.6376248203125 0.15830463125 0.647653490625 0.19219906250000002 0.59401585 0.1873025265625 0.5541367625 0.1643706546875 0.532214478125
2 0.21272476718750002 0.449814540625 0.195777553125 0.4766333609375 0.2023062671875 0.5298054765625 0.22632625625 0.56058978125 0.259830859375 0.5587248390624999 0.290926459375 0.5189242859375 0.29046093281249996 0.47850113906249997 0.21272476718750002 0.449814540625
2 0.3927611484375 0.5424030515625 0.3742602859375 0.5199367078125 0.3288620703125 0.5165152828124999 0.3085719640625 0.5527401843749999 0.312924440625 0.5881882593750001 0.346350509375 0.6223154546874999 0.3748800421875 0.6165635625 0.39820174375 0.586713146875 0.3927611484375 0.5424030515625
2 0.5284117328125 0.5482363125 0.499416675 0.5135650593750001 0.45844946875000003 0.509599575 0.4292973421875 0.54691259375 0.4374582359375 0.6133777375 0.46754141406249994 0.6569110109375 0.49661500781249995 0.6555901296875 0.5282546671875 0.6202205859375 0.5284117328125 0.5482363125
2 0.6155568125 0.45207782031250004 0.5672055359375 0.406289775 0.5445064296875 0.40457906406250005 0.5092125828125 0.46513525 0.5162853578125 0.5227383750000001 0.55468649375 0.56075251875 0.5881910953125 0.5588875765625 0.6126009156250001 0.53789918125 0.6155568125 0.45207782031250004
2 0.708450946875 0.512636840625 0.6739367609375 0.469647628125 0.642375634375 0.469025034375 0.6215414671875 0.500818925 0.619752221875 0.5595101687499999 0.6597855406249999 0.6108173421875 0.688315071875 0.60506545 0.715523721875 0.570239965625 0.708450946875 0.512636840625
2 0.6730842390625 0.3528092 0.643932115625 0.3901222171875 0.6454857609375 0.43940738437500004 0.6883179078125 0.47687746875 0.71241643125 0.4716696359375 0.7297534765625 0.393078115625 0.6957833484375 0.3545199109375 0.6730842390625 0.3528092
2 0.9665432953125 0.23356744062499998 0.9428346031249999 0.18700257343749999 0.8977476843750001 0.1678005875 0.8630764296875 0.196795646875 0.8574002359374999 0.260461959375 0.88639529375 0.2951332140625 0.9342810437500001 0.3004981109375 0.965920703125 0.2651285671875 0.9665432953125 0.23356744062499998
2 0.3969622296875 0.3934594359375 0.3685112296875 0.3632191921875 0.3374941625 0.367027609375 0.30554320625 0.41817771718749996 0.3076409109375 0.471893890625 0.33718003125 0.5109961546874999 0.37511564218750004 0.5085871546875 0.40178023281249997 0.469330659375 0.3969622296875 0.3934594359375
2 0.280283703125 0.194139703125 0.2536976453125 0.197404059375 0.2362063703125 0.2197918703125 0.246077975 0.26355790625000003 0.2980834390625 0.284159309375 0.3169741296875 0.254852953125 0.3076465828125 0.21551792656250002 0.280283703125 0.194139703125
2 0.392379825 0.20961180468750001 0.36890389375 0.1832585109375 0.332911759375 0.183179978125 0.31316571249999997 0.22383588593749998 0.32746832812500004 0.2670578640625 0.3592622171875 0.28789202812500003 0.38336074062500003 0.282684196875 0.3989085390625 0.26278391874999996 0.392379825 0.20961180468750001
2 0.31184199375 0.32295027656249997 0.26846578593750003 0.2810491828125 0.219180621875 0.28260282812500004 0.18505342656249998 0.316028896875 0.18046535156250001 0.388557228125 0.2204986671875 0.4398644015625 0.2772464375 0.44414118125 0.3183707078125 0.3761223921875 0.31184199375 0.32295027656249997
2 0.12162271250000001 0.2023762921875 0.11812275624999999 0.28376664375 0.1690401 0.29550602656249997 0.191817740625 0.2612246015625 0.1897200359375 0.207508428125 0.14688788749999998 0.17003834375 0.12162271250000001 0.2023762921875
2 0.111829640625 0.12261811874999999 0.13849423125 0.083361625 0.138572765625 0.0473694890625 0.051351987499999995 0.0513321359375 0.0642551875 0.10147265781249999 0.111829640625 0.12261811874999999
2 0 0.3357359765625 0.03051215 0.33950199062499997 0.0510350203125 0.3234886640625 0.05779933281250001 0.26868437031250003 0.034090640625 0.222119503125 0 0.21081461406250002 0 0.3357359765625