2 0.821875 0.86796875 0.1015625 0.134375
2 0.884375 0.95 0.1171875 0.0671875
2 0.78203125 0.75 0.10625 0.134375
2 0.7578125 0.63046875 0.0875 0.109375
2 0.64609375 0.6703125 0.0921875 0.1421875
2 0.52734375 0.7796875 0.09375 0.1171875
2 0.38359375 0.946875 0.0953125 0.10625
2 0.35625 0.77109375 0.084375 0.1171875
2 0.37890625 0.65625 0.10625 0.1453125
2 0.4359375 0.5578125 0.1171875 0.1484375
2 0.5109375 0.521875 0.075 0.1109375
2 0.58046875 0.49609375 0.0984375 0.1328125
2 0.7921875 0.2765625 0.090625 0.128125
2 0.9421875 0.33046875 0.1046875 0.1453125
2 0.946875 0.20703125 0.0828125 0.1265625
2 0.86953125 0.11875 0.096875 0.128125
2 0.4171875 0.21796875 0.1171875 0.153125
2 0.45 0.10078125 0.0984375 0.0984375
2 0.29765625 0.17890625 0.1046875 0.15
2 0.16953125 0.24765625 0.0953125 0.1515625
2 0.1796875 0.08125 0.10625 0.121875
2 0.1203125 0.1609375 0.071875 0.0953125
2 0.06171875 0.21328125 0.1234375 0.1921875
2 0.28828125 0.5671875 0.084375 0.134375
2 0.25625 0.703125 0.078125 0.109375
2 0.1 0.66484375 0.0953125 0.1078125
2 0.09921875 0.54375 0.10625 0.1203125
2 0.721875 0.1203125 0.16875 0.196875