2 0.8958538328125 0.8727252953125 0.8701916859375001 0.8351199984375001 0.8397404953125 0.8262215578125 0.80556495 0.8771018906249999 0.8248115593750001 0.9053058625 0.8958538328125 0.8727252953125
2 0.761394759375 0.7673307109375 0.7449571734375 0.7743080515625 0.7336936703125 0.810612975 0.75637003125 0.8640351328125 0.79796688125 0.8706274328125 0.8168873718749999 0.8237975750000001 0.8046770234375 0.7950317984375 0.761394759375 0.7673307109375
2 0.7590886203125 0.7561850515625 0.8140783484374999 0.7886162624999999 0.8316984656249999 0.7787120546875 0.8202266843749999 0.705984365625 0.760506834375 0.68526061875 0.742265990625 0.7051279546875 0.7590886203125 0.7561850515625
2 0.7127616453125001 0.761300215625 0.6612605890625 0.737087796875 0.6324948125 0.7492981453125 0.6089031203124999 0.790836075 0.6344474250000001 0.8624401531249999 0.6911814890625 0.8989807609374999 0.72287413125 0.88795294375 0.7422975046875 0.8651587421875 0.7127616453125001 0.761300215625
2 0.5913734390625 0.9437716765624999 0.6187799218750001 0.98548636875 0.694493396875 0.9581977296874999 0.6893782328125 0.9118707546874999 0.643789828125 0.8730240078125 0.6086085140625 0.8758330328125 0.5913734390625 0.9437716765624999
2 0.5872325265625 0.7854852265625001 0.5298777375 0.7589077468750001 0.5011119609375 0.7711180953125 0.4881041234375 0.803313621875 0.508415421875 0.8625895109374999 0.5575514203124999 0.892655659375 0.5892440609375 0.8816278421874999 0.6099088874999999 0.8389073828125 0.5872325265625 0.7854852265625001
2 0.77437108125 0.5751043984375 0.8210830953125001 0.6280236718750001 0.8598120015624999 0.61643405 0.8664043015624999 0.5748371999999999 0.8303350625 0.49557613125 0.780401578125 0.5264712859375 0.77437108125 0.5751043984375
2 1 0.39827385 0.9628689296875 0.3107985296875 0.9376507453125 0.31422828125 0.904095925 0.35514548437500004 0.9237864984374999 0.42438450000000005 0.976411165625 0.46266944375 1 0.45395598281250005 1 0.39827385
2 0.7599409203125 0.34116339375 0.74867741875 0.3774683171875 0.7713537796875001 0.4308904734375 0.8128917093749999 0.45448216406249997 0.8404749546874999 0.44519868437500004 0.8296239015625 0.362507865625 0.7921953687500001 0.3371718390625 0.7599409203125 0.34116339375
2 0.7176644234375 0.3615336140625 0.6878339578125 0.3426720453125 0.6432513203125 0.35189660625 0.63136709375 0.3981646578125 0.65229911875 0.44747741718749995 0.6879833171875 0.4687040484375 0.7155665609375 0.459420565625 0.7327427156249999 0.4084813125 0.7176644234375 0.3615336140625
2 0.690552546875 0.2348219640625 0.671690978125 0.2646524296875 0.6815362640625 0.29927193750000003 0.7131110656249999 0.3222429046875 0.7324755171875 0.31644809218750003 0.746045159375 0.2912888296875 0.7344555374999999 0.2525599234375 0.690552546875 0.2348219640625
2 0.8203678249999999 0.15789444375 0.800559409375 0.122654209375 0.768363884375 0.109646371875 0.743086778125 0.1300755125 0.7288374890625 0.182197296875 0.7586090343749999 0.21805825781250002 0.800205884375 0.22465055781249998 0.8196292578125 0.2018563546875 0.8203678249999999 0.15789444375
2 0.71706233125 0 0.7159749 0.0033638624999999998 0.761948346875 0.1002450484375 0.811763990625 0.10334867656249999 0.8389032734375 0.05303015 0.8163933109375 0 0.71706233125 0
2 0.6482445359375 0.0951614 0.677395353125 0.1409854890625 0.7231016 0.145833453125 0.747875821875 0.1013686578125 0.698354784375 0.0132680703125 0.6613702140625 0.0289670890625 0.6482445359375 0.0951614
2 0.574561215625 0 0.5741260375 0.0005274328125 0.6026561296875 0.0563146515625 0.6466180421875001 0.0570532203125 0.659818528125 0 0.574561215625 0
2 0.6574142828125 0.493804390625 0.639970928125 0.4527104234375 0.5843604734375 0.4302423421875 0.5579008375 0.4535983484375 0.557665153125 0.5215959140625 0.5950347640625 0.5639313328125 0.6307778828124999 0.568158571875 0.6614058375 0.5260588375 0.6574142828125 0.493804390625
2 0.579217903125 0.560945546875 0.552876109375 0.5503027703125001 0.5035633484375001 0.5712347953125 0.49753285468749997 0.6198679078125 0.5190856046875 0.659217540625 0.553025465625 0.676334771875 0.5911925671875 0.6577088890625 0.6066243859375 0.6026602375000001 0.579217903125 0.560945546875
2 0.44848318593750003 0.395772190625 0.41543124843749996 0.46072504687500004 0.430509540625 0.5076727453125 0.4825134828125 0.55592081875 0.53649744375 0.5402807203125 0.53498879375 0.46817375781250004 0.5099473718749999 0.4206053328125 0.44848318593750003 0.395772190625
2 0.46764346718749994 0.6180057296875 0.44721432656250004 0.5927286234375 0.40032555 0.5908075265625 0.384331925 0.6388199125 0.39592154687500003 0.67754881875 0.42924068281250005 0.70462918125 0.46678705625 0.695966425 0.479233090625 0.656734634375 0.46764346718749994 0.6180057296875
2 0.335019165625 0.6597519375 0.3051887 0.6408903671874999 0.2746785875 0.64899131875 0.26167075 0.6811868453125001 0.2715160359375 0.7158063546875 0.3030908375 0.7387773203125 0.336527815625 0.7318589 0.350718184375 0.6967365078125 0.335019165625 0.6597519375
2 0.191249203125 0.7038042843750001 0.17587630468749998 0.7418535421875 0.1892102625 0.7846918453125 0.22315012343750001 0.8018090796875 0.246623971875 0.7942699328125 0.2643030109375 0.767366334375 0.24511532187500001 0.7221629703125 0.191249203125 0.7038042843750001
2 0.0737621140625 0.7754988 0.1335408859375 0.7792231546874999 0.1315293515625 0.6830805390625 0.08650275156250001 0.651270053125 0.055992640625 0.6593710046875 0.0371310703125 0.6892014703125 0.0737621140625 0.7754988
2 0.09980519374999999 0.53407756875 0.06929508281249999 0.5421785203125 0.0549279515625 0.6282990875000001 0.1064290078125 0.6525115046875001 0.14634044531249998 0.6379950171875 0.1605308125 0.602872625 0.13959878750000002 0.5535598640625 0.09980519374999999 0.53407756875
2 0 0.49822658750000004 0.0207798109375 0.5021492421875 0.0414446359375 0.45942878125000003 0.025745618749999997 0.4224442125 0 0.4061654609375 0 0.49822658750000004
2 0.0137394390625 0.165650084375 0.0494236375 0.186876715625 0.0811162796875 0.175848896875 0.1041461671875 0.1272747046875 0.0137394390625 0.165650084375
2 0.9862605609375 0.8343499156249999 0.9664521453124999 0.79910968125 0.9325122828125 0.781992446875 0.9084177078125 0.799494721875 0.8999632296875 0.870980959375 0.9862605609375 0.8343499156249999
2 0.7245595453125 0.9090617312499999 0.69860279375 0.95645339375 0.76024374375 0.9302883625 0.7245595453125 0.9090617312499999