0 0.8203125 0.7140625 0.1078125 0.13515625
0 0.896875 0.64375 0.09921875 0.1125
0 0.82890625 0.44453125 0.0921875 0.12109375
0 0.53203125 0.41875 0.071875 0.10234375
0 0.57734375 0.12578125 0.12734375 0.16875
0 0.68515625 0.103125 0.11875 0.1703125
0 0.48203125 0.0359375 0.11640625 0.07109375
0 0.390625 0.02265625 0.0671875 0.04453125
0 0.0578125 0.33203125 0.10546875 0.14921875
0 0.42734375 0.5640625 0.065625 0.08828125
0 0.46640625 0.78359375 0.06484375 0.07890625
0 0.51640625 0.9203125 0.1859375 0.15859375
0 0.15390625 0.97265625 0.07578125 0.05390625
0 0.22109375 0.98671875 0.08515625 0.0265625