0 0.21953125 0.8609375 0.175 0.2015625
0 0.0171875 0.66953125 0.034375 0.1171875
0 0.453125 0.82890625 0.1125 0.13125
0 0.553125 0.83203125 0.0640625 0.0734375
0 0.62734375 0.840625 0.1078125 0.1328125
0 0.68359375 0.60859375 0.1171875 0.1453125
0 0.365625 0.4046875 0.075 0.084375
0 0.3625 0.29921875 0.1203125 0.1359375
0 0.50859375 0.2203125 0.0765625 0.0734375
0 0.20234375 0.15859375 0.0640625 0.06875
0 0.78984375 0.478125 0.065625 0.0765625
0 0.84453125 0.4234375 0.0890625 0.10625
0 0.89609375 0.28203125 0.0609375 0.078125
0 0.99296875 0.4484375 0.0140625 0.078125
0 0.95859375 0.178125 0.0828125 0.153125