2 0.423753840625 0.755384965625 0.3785863515625 0.7257265687500001 0.31710235937500003 0.7400683984375 0.297505821875 0.79779960625 0.31301491718749996 0.872625490625 0.3658260734375 0.9128184984375001 0.394928053125 0.912513075 0.44371023281250005 0.8298217625 0.423753840625 0.755384965625
2 0.408495740625 0.606595034375 0.37213918125 0.6008131437500001 0.34053534375 0.62374414375 0.33030615625 0.660489790625 0.343869809375 0.7130791875 0.3987937359375 0.726199321875 0.4287575546875 0.7101338109374999 0.4410995125 0.6463152890625 0.408495740625 0.606595034375
2 0.4802633515625 0.6585735828125 0.432815765625 0.705297425 0.436706646875 0.749770403125 0.47095043593749997 0.78262516875 0.5115325312500001 0.734261309375 0.502416175 0.6812828234375 0.4802633515625 0.6585735828125
2 0.4965213890625 0.8700147703125 0.45619028593750005 0.844414584375 0.40179354375000004 0.9141530921875001 0.4161353734375 0.975637084375 0.45404828437500006 0.999208165625 0.48681938437500005 0.9896190562499999 0.5112523078125 0.9359460609375001 0.4965213890625 0.8700147703125
2 0.2981166703125 0.8560035640624999 0.2670692515625 0.8340724984375001 0.22445805000000002 0.8848545515625 0.2335744046875 0.9378330359374999 0.257756334375 0.9581240843750001 0.303869328125 0.9473677109375 0.316516709375 0.9126511703125001 0.2981166703125 0.8560035640624999
2 0.0642411046875 1 0.06129705625 0.9663493671875001 0.11833374999999999 0.9523966250000001 0.1051591875 0.9042545265624999 0.0551553109375 0.8705379203125 0.031667893749999995 0.88379615 0.041834414062500005 1 0.0642411046875 1
2 0.5848272640625 0.9317497546875 0.5444124953125 0.9308042500000001 0.516699540625 0.9982082296874999 0.6125109859375 0.9920664828125 0.6122055625 0.962964503125 0.5848272640625 0.9317497546875
2 0.3967686625 0.37011007500000004 0.3611902828125 0.37322278125 0.3473756359375 0.3945974296875 0.35165560625 0.44351770625000003 0.37700480000000003 0.47715064687500003 0.42803784375 0.4457978015625 0.4237578734375 0.3968775265625 0.3967686625 0.37011007500000004
2 0.5552313671875 0.36296839375 0.5149002625 0.3373682078125 0.4801000578125 0.3493755078125 0.45449987031249994 0.3897066125 0.4603361921875 0.456416078125 0.490521771875 0.49410722968750004 0.5406929765624999 0.47851447187499996 0.565904075 0.43373606875000004 0.5552313671875 0.36296839375
2 0.65601729375 0.43929619999999997 0.6290280828125 0.41252875 0.5815804953125 0.4592525921875 0.5850822890625 0.499278271875 0.610431484375 0.5329112125 0.6435916734375 0.5277694046875 0.66513365 0.492274684375 0.65601729375 0.43929619999999997
2 0.9517605781249999 0.5926755578125 0.91993498125 0.5618498984375 0.8847456875 0.5694099015625 0.8632037109375 0.60490461875 0.8771564515625 0.6619413125 0.9102329765625001 0.6814541859375 0.9344985703124999 0.6770905515625001 0.9552623718750001 0.6327012375 0.9517605781249999 0.5926755578125
2 0.971721003125 0.3086049171875 0.9257753359375 0.2700519265625 0.8998697265625 0.2812810515625 0.8787168375000001 0.3212230671875 0.8874441046875001 0.3697542546875 0.9120151234374999 0.3944926 0.95851720625 0.388183525 0.975611884375 0.3530778953125 0.971721003125 0.3086049171875
2 0.8473095624999999 0.16712399687499999 0.815873053125 0.1407456359375 0.772178253125 0.1535311109375 0.759530871875 0.1882476546875 0.8009455765625001 0.25184441562500004 0.829269378125 0.2426443953125 0.85081135625 0.20714967812500001 0.8473095624999999 0.16712399687499999
2 0.641872025 0.20078213749999999 0.6196355359375 0.20272757812500003 0.5891989640624999 0.23900047343750003 0.5930898453125 0.28347345 0.626944546875 0.3118809171875 0.6658029625 0.2950372328125 0.6756430625000001 0.2538442875 0.641872025 0.20078213749999999
2 0.5056458109374999 0.20597837968750002 0.4834929859375 0.1832691390625 0.44346730624999997 0.18677093125 0.42114715468749997 0.2133710546875 0.4198125609375 0.24933852500000003 0.449998140625 0.287029675 0.48721653906249995 0.2770514796875 0.5050893953125 0.2508404453125 0.5056458109374999 0.20597837968750002
2 0.5194896890625 0.056883025 0.4973368640625 0.034173784375 0.44396929218750003 0.0388428421875 0.4179800171875 0.074726646875 0.4197581296875 0.1462725 0.4576710390625 0.16984358125000001 0.5078422437500001 0.15425082343750002 0.5293842203125 0.11875610625 0.5194896890625 0.056883025
2 0.67458869375 0.08812700625 0.6427630984375 0.057301345312499995 0.6022646671875 0.08101052343750001 0.6028755140625 0.13921448281249998 0.622999234375 0.164341915625 0.6606067203125 0.1588110171875 0.6777013984375 0.1237053875 0.67458869375 0.08812700625
2 0.8234375 0.83203125 0.13125 0.215625