0 0.5484375 0.60625 0.134375 0.16640625
0 0.478125 0.74140625 0.1953125 0.2265625
0 0.609375 0.82734375 0.13515625 0.19453125
0 0.353125 0.72421875 0.11015625 0.1640625
0 0.278125 0.5640625 0.1421875 0.1890625
0 0.34453125 0.9484375 0.1359375 0.103125
0 0.71015625 0.94765625 0.134375 0.1046875
0 0.91796875 0.93515625 0.1546875 0.1296875
0 0.94609375 0.77734375 0.1078125 0.1984375
0 0.0203125 0.81328125 0.040625 0.1296875
0 0.08515625 0.12109375 0.1703125 0.16484375
0 0.1015625 0.0328125 0.0875 0.06484375
0 0.959375 0.221875 0.08125 0.18828125
0 0.8796875 0.11640625 0.10703125 0.1578125
0 0.96328125 0.07109375 0.0734375 0.1421875