2 0.398194490625 0 0.376403975 0.04320599375 0.38821604375 0.1033495796875 0.4155181875 0.11919525 0.4833123453125 0.0526955671875 0.4822455671875 0.0017082453125 0.4799574125 0 0.398194490625 0
2 0.5010458578125 0 0.49079626093749995 0.046089490625 0.5474284921875 0.09063739062500001 0.5785975859375 0.0671188671875 0.6061497124999999 0.0108422265625 0.5822325625 0 0.5010458578125 0
2 0.63936903125 0.1133391171875 0.6688657734375 0.09395980781249999 0.686467121875 0.0384776796875 0.6161004890624999 0.010047714062500001 0.5984158140625 0.08957061250000001 0.63936903125 0.1133391171875
2 0.47401170937500003 0.2246812515625 0.52006530625 0.21199134375 0.5500842953125 0.16152626875 0.5382722265625 0.1013826796875 0.4956466578125 0.0817533890625 0.46412197343750006 0.08827613906250001 0.42916925937499995 0.1271180859375 0.43349741093749994 0.19386775 0.47401170937500003 0.2246812515625
2 0.27554067656250003 0.3226445765625 0.30997114375 0.314888396875 0.33417856874999996 0.2668901828125 0.3231610125 0.216697371875 0.3053707265625 0.2071021875 0.2680344765625 0.2160917984375 0.238893328125 0.25246688281249996 0.24409931718750003 0.30512655624999996 0.27554067656250003 0.3226445765625
2 0.387193834375 0.2786799671875 0.3631530640625 0.2785966390625 0.33480642656250004 0.3249225015625 0.3839547421875 0.3760764765625 0.42683029218749996 0.3235834578125 0.4149348984375 0.2874806390625 0.387193834375 0.2786799671875
2 0.3525356703125 0.47171731093749997 0.3464518390625 0.43314762812499996 0.31377705 0.41272382656250006 0.2772353109375 0.43166421718750003 0.2638565046875 0.46477792500000004 0.294775615625 0.5133817109375001 0.3333452984375 0.50729788125 0.3525356703125 0.47171731093749997
2 0.23743219999999998 0.43484226406250004 0.25415570781249996 0.393450128125 0.2327484546875 0.35109682656249996 0.1779775109375 0.3674870265625 0.1629263546875 0.4047399484375 0.173149396875 0.44498198125000005 0.20793545781249997 0.45422157500000004 0.23743219999999998 0.43484226406250004
2 0.1407691578125 0.578753575 0.17670532187500002 0.614939721875 0.2386879140625 0.5509069 0.2057408609375 0.48944655312499996 0.16505990937499998 0.5067145921875 0.1407691578125 0.578753575
2 0.2814190953125 0.6596542750000001 0.3288727765625 0.6017886109374999 0.3397847203125 0.5628633375 0.326216975 0.5308997328125 0.29847591093750003 0.5220990578125 0.2519833953125 0.5418339609375 0.21606951406250002 0.6188066703125 0.2296372609375 0.6507702734375 0.2814190953125 0.6596542750000001
2 0.3783766859375 0.6699383609375 0.3756375578125 0.623090253125 0.34542963125 0.6084780140625 0.3238557234375 0.6142062515625 0.29049203281249997 0.6729497546875 0.30238742812499997 0.709052571875 0.32722270937500003 0.7190866781249999 0.3783766859375 0.6699383609375
2 0.25880069375 0.72755404375 0.251922353125 0.679033584375 0.21757521093749999 0.6627489953125 0.17434407031250002 0.698246240625 0.17171055468750002 0.7405162140625 0.1976959390625 0.777496871875 0.233798759375 0.765601478125 0.25880069375 0.72755404375
2 0.16280426875 0.6791391953125 0.157598278125 0.626479521875 0.1199897625 0.594432590625 0.0660133296875 0.6207735703124999 0.0509621734375 0.6580264921875 0.08012560625000001 0.7348102625 0.1319907671875 0.71965349375 0.16280426875 0.6791391953125
2 0 0.77224905625 0.042433765624999994 0.7268041000000001 0.04013355625 0.672910996875 0.0054308234375 0.6396306328125 0 0.643198675 0 0.77224905625
2 0.025021354687500004 0.8473635421875001 0.09538798750000001 0.87579350625 0.1498033375 0.8424075328124999 0.1509311578125 0.75619523125 0.1228345015625 0.7303987828125 0.057234942187500006 0.7616734859375 0.026421440624999997 0.8021877843749999 0.025021354687500004 0.8473635421875001
2 0.45873285468749997 0.44721533750000003 0.4296750328125 0.45954965156250005 0.40713995937499997 0.50340865 0.4281082921875 0.5528069484375 0.46421111093749995 0.540911553125 0.490885396875 0.4987249046875 0.45873285468749997 0.44721533750000003
2 0.5340554953125001 0.6004272828125 0.5668136125000001 0.596810315625 0.5942824109375 0.564574446875 0.5866095578125 0.506103209375 0.56054084375 0.4931633203125 0.5331553718750001 0.501358421875 0.51229265 0.54107820625 0.5105369718749999 0.5692581921875 0.5340554953125001 0.6004272828125
2 0.7164919203125 0.4646887890625 0.6816225328125001 0.4794899640625 0.662348834375 0.5391113062499999 0.7007518625 0.5811090171875 0.7627344546875 0.5170761953125 0.750839059375 0.480973378125 0.7164919203125 0.4646887890625
2 0.8439297031249999 0.5306216578125 0.745216434375 0.5485175546875001 0.7230369546875 0.6093723265625 0.746199884375 0.6235456453125 0.83205659375 0.6076776921875 0.86040323125 0.56135183125 0.8439297031249999 0.5306216578125
2 1 0.2809920875 0.9879408156249999 0.23972659843750002 0.9643389656249999 0.23259827500000002 0.9236580140624999 0.2498663140625 0.9035898031249999 0.29953687812499996 0.9270250015625001 0.354746740625 0.94772106875 0.3631084953125 0.9847017265625 0.337123109375 1 0.299258553125 1 0.2809920875
2 0.8545693828125 0.45065984062500003 0.8931390640625001 0.44457600937499997 0.9231580515625 0.394110934375 0.90465658125 0.3505242 0.8785878687500001 0.3375843140625 0.8570139609374999 0.34331255 0.8286673234374999 0.3896384125 0.8252392937499999 0.421957609375 0.8545693828125 0.45065984062500003
2 0.9309810859375001 0.7680179625 0.9070236421875 0.743893865625 0.8397517328124999 0.7793077828125 0.8288397859375 0.8182330562500001 0.8415296937500001 0.864286653125 0.890844665625 0.8673590890625 0.9309810859375001 0.7680179625
2 0.7907090265625001 0.8172718921875 0.7933425421875 0.775001915625 0.7693851 0.75087781875 0.71708101875 0.7730795828125 0.7037022109375 0.8061932921875 0.71639211875 0.8522468890624999 0.7707241421875 0.8429016859375 0.7907090265625001 0.8172718921875
2 0.706002421875 0.860086396875 0.6983295671875 0.8016151593749999 0.6705885015625 0.7928144859375 0.6282352 0.8142217390625 0.609839340625 0.8597530890625 0.643225315625 0.9141684390625 0.6810004843749999 0.8981338328125 0.706002421875 0.860086396875
2 0.837254259375 1 0.8456911921874999 0.9791178578125 0.8109884578125 0.9458374953125 0.7819306359375 0.9581718078125 0.7608349999999999 1 0.837254259375 1
2 0.722581559375 0.979934653125 0.7628235921875001 0.9697116109374999 0.7911702296875001 0.9233857484374999 0.7776858109375 0.8673813734375001 0.7540839609375001 0.8602530515625 0.7167477109375 0.8692426624999999 0.6925402859374999 0.9172408750000001 0.7035578421875 0.9674336875 0.722581559375 0.979934653125
2 0.73359375 0.171875 0.209375 0.253125
2 0.0859375 0.421875 0.171875 0.25