2 0.7633928578125 0.9977678578125 0.9375 0.9977678578125 0.9285714281249999 0.9709821421875 0.8549107140625001 0.9107142859374999 0.8147321421875 0.9196428578125 0.7633928578125 0.9977678578125
2 0.6473214281249999 0.9352678578125 0.6473214281249999 0.9933035718750001 0.7321428578125 0.9977678578125 0.7321428578125 0.921875 0.703125 0.9017857140625001 0.6674107140625 0.90625 0.6473214281249999 0.9352678578125
2 0.421875 0.7767857140625 0.37053571406249997 0.8325892859374999 0.36607142812500004 0.890625 0.39508928593750003 0.9375 0.44196428593750003 0.9441964281249999 0.491071428125 0.9040178578125 0.49553571406249997 0.8325892859374999 0.46651785781250005 0.7901785718750001 0.421875 0.7767857140625
2 0.609375 0.625 0.5848214281249999 0.6584821421875 0.5848214281249999 0.7120535718750001 0.6227678578125 0.7633928578125 0.6473214281249999 0.765625 0.6696428578125 0.7433035718750001 0.6785714281249999 0.6941964281249999 0.65625 0.6450892859375 0.609375 0.625
2 0.5290178578125 0.6116071421875 0.491071428125 0.6450892859375 0.49553571406249997 0.7433035718750001 0.5200892859375 0.7633928578125 0.5535714281249999 0.7611607140625 0.5803571421875 0.734375 0.5803571421875 0.6540178578125 0.5647321421875 0.6205357140625 0.5290178578125 0.6116071421875
2 0.421875 0.43303571406249997 0.38392857187499996 0.47098214218749995 0.37946428593750003 0.5245535718750001 0.40401785781250005 0.5714285718750001 0.45535714218749995 0.5870535718750001 0.48214285781250005 0.5602678578125 0.49553571406249997 0.5066964281249999 0.46875 0.44866071406249997 0.421875 0.43303571406249997
2 0.3102678578125 0.3303571421875 0.27678571406249997 0.36830357187499996 0.28125 0.42633928593750003 0.31919642812500004 0.47321428593750003 0.36607142812500004 0.47991071406249997 0.39732142812500004 0.430803571875 0.3883928578125 0.35491071406249997 0.35044642812500004 0.3258928578125 0.3102678578125 0.3303571421875
2 0.734375 0.15178571406250002 0.6919642859375 0.1852678578125 0.6830357140625 0.26116071406249997 0.7165178578125 0.30803571406249997 0.7589285718750001 0.3147321421875 0.8035714281249999 0.26116071406249997 0.8035714281249999 0.2075892859375 0.7745535718750001 0.16071428593749998 0.734375 0.15178571406250002
2 0.41741071406249997 0.0669642859375 0.3928571421875 0.0915178578125 0.3883928578125 0.1540178578125 0.44196428593750003 0.1852678578125 0.46875 0.1540178578125 0.46875 0.109375 0.43973214218749995 0.0669642859375 0.41741071406249997 0.0669642859375
2 0.14508928593749998 0.15178571406250002 0.084821428125 0.2075892859375 0.0758928578125 0.2834821421875 0.10491071406250001 0.33482142812500004 0.165178571875 0.35044642812500004 0.2008928578125 0.30580357187499996 0.2053571421875 0.203125 0.162946428125 0.15178571406250002 0.14508928593749998 0.15178571406250002
2 0.03125 0.2522321421875 0.040178571875 0.1897321421875 0.0022321421875000002 0.147321428125 0 0.444196428125 0.0491071421875 0.44866071406249997 0.0892857140625 0.40848214218749995 0.102678571875 0.35491071406249997 0.0669642859375 0.2834821421875 0.03125 0.2522321421875
2 0.0647321421875 0.0267857140625 0.022321428125 0.069196428125 0.0178571421875 0.140625 0.0513392859375 0.196428571875 0.0803571421875 0.19866071406250002 0.1383928578125 0.149553571875 0.1428571421875 0.0959821421875 0.100446428125 0.0357142859375 0.0647321421875 0.0267857140625
2 0.02421875 0.63515625 0.0484375 0.1484375
2 0.0359375 0.97109375 0.07109375 0.0578125
2 0.22265625 0.77890625 0.13671875 0.21796875
2 0.58359375 0.2921875 0.15234375 0.18125
2 0.93515625 0.1828125 0.1296875 0.26796875
2 0.9046875 0.778125 0.1328125 0.20390625