2 0.115625 0.32265625 0.13125 0.15625
2 0.1859375 0.09921875 0.1484375 0.1671875
2 0.11015625 0.19140625 0.1171875 0.1484375
2 0.48203125 0.5203125 0.1359375 0.16875
2 0.5234375 0.2984375 0.115625 0.125
2 0.44375 0.13359375 0.1453125 0.1671875
2 0.52421875 0.19609375 0.11875 0.134375
2 0.5359375 0.0890625 0.121875 0.1421875
2 0.63203125 0.2515625 0.15625 0.1890625
2 0.70234375 0.153125 0.1296875 0.1546875
2 0.5671875 0.5484375 0.1109375 0.1375
2 0.703125 0.95 0.11875 0.1
2 0.7515625 0.76484375 0.1359375 0.165625
2 0.92109375 0.65703125 0.134375 0.153125
2 0.640625 0.396875 0.1171875 0.1515625
2 0.7171875 0.47734375 0.15 0.159375
2 0.79921875 0.228125 0.1234375 0.1484375
2 0.82578125 0.40703125 0.1953125 0.234375
2 0.8265625 0.63203125 0.10625 0.115625
2 0.88125 0.54765625 0.1109375 0.13125
2 0.93359375 0.4453125 0.1328125 0.159375
2 0.96328125 0.33984375 0.0734375 0.1296875
2 0.5421875 0.75078125 0.196875 0.203125
2 0.3453125 0.3390625 0.171875 0.225