2 0.890625 0.7767857140625 0.8348214281249999 0.8549107140625001 0.8549107140625001 0.8928571421875 0.9107142859374999 0.9040178578125 0.9598214281249999 0.8638392859374999 0.9553571421875 0.8058035718750001 0.921875 0.7723214281249999 0.890625 0.7767857140625
2 0.78125 0.7522321421875 0.78125 0.7879464281249999 0.8058035718750001 0.8303571421875 0.8348214281249999 0.8325892859374999 0.8794642859374999 0.765625 0.8549107140625001 0.7276785718750001 0.8191964281249999 0.71875 0.78125 0.7522321421875
2 0.7410714281249999 0.6361607140625 0.7276785718750001 0.703125 0.734375 0.71875 0.7946428578125 0.7254464281249999 0.8303571421875 0.6986607140625 0.8392857140625001 0.640625 0.7924107140625 0.5982142859375 0.7410714281249999 0.6361607140625
2 0.6026785718750001 0.9441964281249999 0.6049107140625 1 0.7410714281249999 0.9977678578125 0.7232142859375 0.9352678578125 0.6763392859375 0.9017857140625001 0.6316964281249999 0.90625 0.6026785718750001 0.9441964281249999
2 0.484375 0.7901785718750001 0.446428571875 0.8325892859374999 0.44196428593750003 0.890625 0.46428571406249997 0.953125 0.48883928593750003 0.9732142859374999 0.5178571421875 0.9709821421875 0.5535714281249999 0.921875 0.5580357140625 0.8415178578125 0.5334821421875 0.7946428578125 0.484375 0.7901785718750001
2 0.5066964281249999 0.6785714281249999 0.47991071406249997 0.6785714281249999 0.44196428593750003 0.7209821421875 0.446428571875 0.7566964281249999 0.48660714218749995 0.7879464281249999 0.5200892859375 0.7857142859375 0.5401785718750001 0.7611607140625 0.5357142859375 0.7075892859375 0.5066964281249999 0.6785714281249999
2 0.5825892859375 0.5625 0.5535714281249999 0.5825892859375 0.5446428578125 0.6629464281249999 0.5825892859375 0.6964285718750001 0.6205357140625 0.6941964281249999 0.6473214281249999 0.640625 0.6428571421875 0.5959821421875 0.6183035718750001 0.5669642859375 0.5825892859375 0.5625
2 0.5178571421875 0.9977678578125 0.6026785718750001 0.9977678578125 0.5982142859375 0.9665178578125 0.5736607140625 0.9464285718750001 0.546875 0.9553571421875 0.5178571421875 0.9977678578125
2 0.8459821421875 0.90625 0.8080357140625001 0.9352678578125 0.8236607140625001 1 0.8973214281249999 0.9977678578125 0.9017857140625001 0.9754464281249999 0.8705357140625001 0.9709821421875 0.8816964281249999 0.9107142859374999 0.8459821421875 0.90625
2 0.7857142859375 0.40401785781250005 0.7767857140625 0.47098214218749995 0.7879464281249999 0.491071428125 0.8392857140625001 0.48883928593750003 0.8794642859374999 0.430803571875 0.8660714281249999 0.390625 0.828125 0.375 0.7857142859375 0.40401785781250005
2 0.8794642859374999 0.36383928593750003 0.8794642859374999 0.40848214218749995 0.9040178578125 0.4375 0.9330357140625001 0.43973214218749995 0.9598214281249999 0.390625 0.9464285718750001 0.35491071406249997 0.9084821421875 0.33928571406249997 0.8794642859374999 0.36383928593750003
2 0.6830357140625 0.453125 0.6785714281249999 0.5111607140625 0.6986607140625 0.5401785718750001 0.7366071421875 0.5424107140625 0.7678571421875 0.5111607140625 0.7678571421875 0.453125 0.7165178578125 0.41964285781250005 0.6830357140625 0.453125
2 0.7589285718750001 0.31919642812500004 0.7589285718750001 0.35491071406249997 0.7991071421875 0.3727678578125 0.8214285718750001 0.35491071406249997 0.8258928578125 0.31919642812500004 0.7879464281249999 0.28571428593750003 0.7589285718750001 0.31919642812500004
2 0.5334821421875 0.35267857187499996 0.5178571421875 0.42633928593750003 0.5379464281249999 0.45535714218749995 0.5714285718750001 0.462053571875 0.6071428578125 0.41741071406249997 0.6071428578125 0.38169642812500004 0.5870535718750001 0.35267857187499996 0.5334821421875 0.35267857187499996
2 0.5379464281249999 0.2321428578125 0.5133928578125 0.26116071406249997 0.5133928578125 0.3147321421875 0.5379464281249999 0.34375 0.5714285718750001 0.3459821421875 0.5982142859375 0.3147321421875 0.5982142859375 0.27008928593750003 0.578125 0.2366071421875 0.5379464281249999 0.2321428578125
2 0.430803571875 0.3616071421875 0.3883928578125 0.40401785781250005 0.3883928578125 0.462053571875 0.42633928593750003 0.49553571406249997 0.45535714218749995 0.493303571875 0.477678571875 0.45758928593750003 0.477678571875 0.412946428125 0.46428571406249997 0.3772321421875 0.430803571875 0.3616071421875
2 0.162946428125 0.4375 0.125 0.484375 0.125 0.5602678578125 0.1584821421875 0.6071428578125 0.2053571421875 0.6138392859375 0.25 0.5602678578125 0.25446428593750003 0.5066964281249999 0.2165178578125 0.44196428593750003 0.162946428125 0.4375
2 0.6450892859375 0 0.6205357140625 0.0334821421875 0.6205357140625 0.087053571875 0.6495535718750001 0.12053571406250001 0.6785714281249999 0.118303571875 0.7142857140625 0.078125 0.7098214281249999 0.024553571875 0.6897321421875 0 0.6450892859375 0
2 0.234375 0.0669642859375 0.25892857187499996 0.0647321421875 0.3258928578125 0.0022321421875000002 0.19866071406250002 0 0.2008928578125 0.037946428125 0.234375 0.0669642859375
2 0.9375 0.5022321421875 0.9419642859374999 0.5424107140625 0.9866071421875 0.5870535718750001 1 0.578125 0.9977678578125 0.428571428125 0.9464285718750001 0.44866071406249997 0.9375 0.5022321421875
2 0.2671875 0.30390625 0.16796875 0.17734375
2 0.3234375 0.75703125 0.1390625 0.203125