2 0.27449809531249997 0.49027568749999995 0.2584879875 0.443959134375 0.1954326359375 0.44079810156250004 0.165793315625 0.464597778125 0.15557140625000002 0.5171849484375 0.172371771875 0.5477376625 0.21357736875 0.5580211390625001 0.24589530312500002 0.5438378203124999 0.27449809531249997 0.49027568749999995
2 0.36960302968750003 0.6222763375 0.3687218359375 0.590452090625 0.3484525984375 0.566046859375 0.31607309687499996 0.5688486078125 0.2794960328125 0.6049432484375 0.27974230312500004 0.6504695421875 0.31407172656250004 0.6844295609375 0.3420689640625 0.6807759875 0.3611785359375 0.652655615625 0.36960302968750003 0.6222763375
2 0.42722033593750003 0.722340871875 0.3844342234375 0.7435850687500001 0.376767790625 0.783025446875 0.40233268437499997 0.8152818125 0.442501753125 0.795802834375 0.44931636093750005 0.7607447203125 0.42722033593750003 0.722340871875
2 0.476451653125 0.59774911875 0.4403570125 0.56117205625 0.39836115625 0.566652415625 0.3774863625 0.5921557421875 0.3664126265625 0.6491251765625 0.3919775203125 0.6813815437499999 0.43841720781250004 0.6881345828125001 0.47584609687499996 0.6476576781250001 0.476451653125 0.59774911875
2 0.49886563281249996 0.8567851281250001 0.47238734375 0.8175294531249999 0.4224787859375 0.8169238968749999 0.395518078125 0.8503399265624999 0.38882660625 0.9081611875 0.41792193906249997 0.94565164375 0.45121483281249997 0.94984920625 0.4930259859375 0.9102241265625001 0.49886563281249996 0.8567851281250001
2 0.773121490625 0.896451540625 0.7537040796875 0.8676640453125 0.718645965625 0.8608494375 0.68462438125 0.8837972875 0.6796365609375 0.93285401875 0.7043496296875 0.96949265 0.736790696875 0.9780724749999999 0.7706891484375 0.9323614796875 0.773121490625 0.896451540625
2 0.8119461937500001 0.7903022375 0.7924056484374999 0.7387515953125 0.7468793546875 0.738997865625 0.702512725 0.7917697390625 0.7036108203125 0.8329137671875 0.730027540625 0.8607878703124999 0.7720849640624999 0.866689084375 0.7973420203125 0.842037584375 0.8119461937500001 0.7903022375
2 0.8571747703125 0.89687239375 0.8223013578125 0.9242025078125 0.8190171890625001 0.9644947109374999 0.8375212062499999 0.9862828968749999 0.8785421015624999 0.9624216546875 0.87744400625 0.9212776265624999 0.8571747703125 0.89687239375
2 0.94353725625 0.8386201625 0.9580182953125 0.7641216703125 0.9420081874999999 0.7178051171875001 0.9121841640625 0.707460071875 0.8808411921875001 0.740024275 0.8645333656249999 0.8005241484375001 0.89375183125 0.8607777531249999 0.94353725625 0.8386201625
2 0.90932085 0.6636989984375 0.8810157765625 0.610444703125 0.8460192281250001 0.6150116703124999 0.8208237390625 0.6510447453125 0.817539571875 0.691336946875 0.83701855 0.7315060171875001 0.8694596171875 0.74008584375 0.90603668125 0.7039912015625001 0.90932085 0.6636989984375
2 0.7883109859374999 0.4673590515625 0.75489495625 0.4403983421875 0.7269592859375 0.45543348906250003 0.7115032859375 0.5115510984375 0.73792000625 0.5394252015625 0.7624483718749999 0.5419191109375 0.7937913453125 0.5093549078125 0.7883109859374999 0.4673590515625
2 0.73109528125 0.410759021875 0.7054688203125 0.36712108125 0.6643247890625 0.3682191765625 0.6294513796875 0.3955492921875 0.6175258171875 0.456900990625 0.6501515875 0.4996255359375 0.6834444828125 0.5038230984375 0.7208733703125 0.4633461921875 0.73109528125 0.410759021875
2 1 0.47594325312499997 0.959219290625 0.5005802609375001 0.95423146875 0.54963699375 0.9780927109374999 0.5906578890625 0.9912395046875 0.593213365625 1 0.5435043265624999 1 0.47594325312499997
2 0.8889082421875001 0.289082034375 0.8476410781249999 0.26741698125 0.805829925 0.3070420625 0.799990278125 0.36048105937499997 0.8071742890625 0.3937123859375 0.8450341515625001 0.43290649531250003 0.8966463609374999 0.424747521875 0.920866890625 0.370333565625 0.8889082421875001 0.289082034375
2 0.998033875 0.2307066671875 0.965469671875 0.19936369375000002 0.8921308437500001 0.23740825625 0.8896985000000001 0.273318196875 0.924151059375 0.33004136093750003 0.9713810031250001 0.3210305625 0.9982801453124999 0.2762329609375 0.998033875 0.2307066671875
2 0.9316842375000001 0.10411354375 0.8965645578125001 0.08591736250000001 0.8512229640625 0.12030835468750001 0.8349151375 0.1808082265625 0.8719231734375 0.2243845984375 0.9313249515625 0.19954839687499998 0.9460522609375 0.1705761984375 0.9316842375000001 0.10411354375
2 1 0.0917248046875 0.9744703515625 0.082869346875 0.9520150421875 0.13990034843750002 0.9873194265624999 0.19224124843749998 1 0.186597609375 1 0.0917248046875
2 0.7772684625 0.0445371828125 0.79693214375 0.1188509703125 0.8266330312499999 0.1064328703125 0.822856325 0.0556724859375 0.7772684625 0.0445371828125
2 0.5844488375 0.00705684375 0.57160988125 0.061409234374999996 0.5990631296875 0.1190457921875 0.62188784375 0.1303042296875 0.6795859703125 0.11423255624999999 0.7045351890625 0.0326731859375 0.5844488375 0.00705684375
2 0.659265284375 0.24217004375 0.6442301375 0.2142343734375 0.6091720234375 0.2074197671875 0.569916346875 0.23389805312499998 0.5623730499999999 0.296101578125 0.5949988203125 0.338826125 0.6186753609375 0.3457023015625 0.65610425 0.30522539531250004 0.659265284375 0.24217004375
2 0.1751532828125 0.252668578125 0.153057259375 0.214264728125 0.122381409375 0.20830194687499998 0.085804346875 0.2443965890625 0.0772860890625 0.28821923125 0.09846871874999999 0.319623771875 0.12299708281249999 0.32211768125 0.16833867656249998 0.2877266921875 0.1751532828125 0.252668578125
2 0.230408946875 0.10878254999999999 0.1820193390625 0.0652677453125 0.1419118375 0.09612829687499999 0.1316899265625 0.1487154671875 0.16358700625 0.21858542500000003 0.21690286875 0.20166192343749997 0.23503748125 0.1551606703125 0.230408946875 0.10878254999999999
2 0.438756259375 0.2652511453125 0.40978406093749997 0.2505238359375 0.3652942953125 0.2805325625 0.3550723859375 0.3331197328125 0.393784071875 0.36793157656250003 0.4410140171875 0.35892077968749997 0.45647001875 0.30280316875 0.438756259375 0.2652511453125
2 0 0.561256446875 0.0087706140625 0.5705109265625 0.052470121875 0.5562660390625 0.0732833453125 0.5193811375 0.051064187500000004 0.4582141421875 0.0195365125 0.456633625 0 0.4728592515625 0 0.561256446875
2 0.1334340515625 0.794848109375 0.1007467125 0.740741990625 0.04749241875 0.7690470640625 0.042504596875 0.8181037968749999 0.07074810468750001 0.8599765171874999 0.104892825 0.8597918140624999 0.12576761875 0.8342884875 0.1334340515625 0.794848109375
2 0.04140625 0.85703125 0.0828125 0.1328125
2 0.6296875 0.9609375 0.18125 0.078125