2 0.42518019375 0.81403845 0.39084941875 0.8238826421875001 0.37158481718749997 0.8781707140625 0.3851205796875 0.9253755281249999 0.41702128125 0.9394491203124999 0.4629646 0.889121534375 0.45495070625 0.844977540625 0.42518019375 0.81403845
2 0.56247231875 0.7421612093750001 0.5164980265625 0.7599883203125 0.5107072421875001 0.7964802546875 0.5125685140625 0.8191675140625 0.560435053125 0.8565281375 0.604548071875 0.8160137687500001 0.596534178125 0.7718697765625 0.56247231875 0.7421612093750001
2 0.477483096875 0.6806138890625 0.43360801875000005 0.6490750234375 0.3919250734375 0.6656716109375 0.375721296875 0.7144378109375 0.40645341874999996 0.78922100625 0.4524586859375 0.803894371875 0.484028525 0.79251976875 0.49351088125000003 0.7689018734374999 0.477483096875 0.6806138890625
2 0.49695466406250005 0.521772109375 0.4432663671875 0.48840294375 0.377065865625 0.5166740203125 0.35470946875 0.5439834859375 0.3786891984375 0.6114145125 0.436968728125 0.636500871875 0.49122582656249997 0.6232649953125 0.5123516984375 0.5916641828125 0.49695466406250005 0.521772109375
2 0.51355125 0.563455053125 0.5135822234375 0.595955528125 0.5338394078124999 0.6180120390625 0.5706002578125 0.5842500640625 0.53959921875 0.5490196265625 0.51355125 0.563455053125
2 0.58626620625 0.61458938125 0.5592876015625 0.617681178125 0.554127565625 0.6725690234374999 0.6203900140624999 0.7092988984375 0.6344636046875001 0.6773981984375 0.6190975437499999 0.6400066 0.58626620625 0.61458938125
2 0.6407922187499999 0.561800746875 0.6067923046875 0.5970931328125 0.615405971875 0.6271325609375 0.64424585 0.646728021875 0.6834677453125 0.6215487421875 0.6723930296875 0.5829266203125 0.6407922187499999 0.561800746875
2 0.782354565625 0.788249546875 0.7507537531249999 0.767123675 0.72929701875 0.7732762937500001 0.713693015625 0.8079379296875 0.7505467859375 0.871677384375 0.777825278125 0.8615333046875 0.7921987578125 0.8225803218750001 0.782354565625 0.788249546875
2 0.8631664859375 0.6489722546875 0.81992215625 0.6358292999999999 0.7791698484375 0.6637695140625001 0.7706491015625 0.7312315140625001 0.799519953125 0.7833274515624999 0.8479862656250001 0.8065835109374999 0.8914995093750001 0.78017370625 0.90002025625 0.7127117078125 0.8631664859375 0.6489722546875
2 0.9062657968750001 0.8316698703125001 0.8758955078125 0.8148353437500001 0.8418955953125 0.8501277281249999 0.8646447984375 0.9132674078124999 0.9146105500000001 0.90126205625 0.919801559375 0.8788746843749999 0.9062657968750001 0.8316698703125001
2 1 0.62256745 0.9717116562499999 0.6550009796875 0.9686818046875001 0.693023325 0.9865089156250001 0.7389976171875 1 0.746475846875 1 0.62256745
2 0.925696540625 0.308270571875 0.8775920625 0.3429631828125 0.8911278250000001 0.390167996875 0.9187371796875 0.40547211250000004 0.9429548499999999 0.40084990468750004 0.9566975796875001 0.343501009375 0.925696540625 0.308270571875
2 0.90633288125 0.249925084375 0.8915727328124999 0.21356105468750003 0.8513892265624999 0.19489622812500002 0.82354193125 0.251645346875 0.8739004906250001 0.330089140625 0.9128225000000001 0.31196214375000003 0.9180135093749999 0.2895747734375 0.90633288125 0.249925084375
2 0.89400280625 0.1896432734375 0.9069387953125 0.25095265312500004 0.951744509375 0.293835146875 0.925872534375 0.17121638749999998 0.9059462109374999 0.1746080703125 0.89400280625 0.1896432734375
2 0.8632706828125001 0.1148600765625 0.8786367437499999 0.152251675 0.9105374453125 0.166325265625 0.9234114859375 0.16263369375 0.8849653578125001 0.0366542234375 0.8632706828125001 0.1148600765625
2 0.7730330640624999 0 0.7635151734375001 0.00181659375 0.7448503484375 0.0420001 0.7583861109375001 0.0892049171875 0.827109609375 0.1345174859375 0.8589793359375 0.1160906 0.858886415625 0.018589171874999998 0.825350659375 0 0.7730330640624999 0
2 0.6351366031250001 0.09668098124999999 0.6072273625 0.08842914843750001 0.5707664 0.11513884062499999 0.5806415656249999 0.181970090625 0.6027290484375001 0.19421338125 0.647172928125 0.1791472078125 0.66277693125 0.1444855703125 0.6351366031250001 0.09668098124999999
2 0.5241303875 0.0820695609375 0.48271635625 0.059113390625 0.4438253203125 0.1097408625 0.5015360484375 0.1814322625 0.5288145421875 0.1712881828125 0.5388966734375 0.1335657234375 0.5241303875 0.0820695609375
2 0.6435123296875 0.1987736421875 0.6177642484375 0.20615678593750003 0.6070823437499999 0.257983809375 0.6611015 0.31680116875 0.6926713390625 0.3054265640625 0.698462125 0.26893462968750004 0.6435123296875 0.1987736421875
2 0.48692463124999996 0.292438478125 0.45226299374999995 0.27683447656250004 0.40908061250000005 0.328692475 0.43489064062500005 0.3863102828125 0.4723132125 0.403444696875 0.4995917046875 0.39330061562499996 0.510904359375 0.3598695046875 0.48692463124999996 0.292438478125
2 0.522609825 0.41688753749999996 0.5032832765624999 0.40617465781249995 0.45913928437499996 0.41418855 0.44782662812499996 0.4476196625 0.49080204375 0.500315375 0.5193110609375 0.4944626421875 0.5373761109374999 0.46838369999999996 0.522609825 0.41688753749999996
2 0.270919796875 0.4542270359375 0.2494630625 0.46037965625000005 0.23385906093750003 0.49504129218750004 0.273773653125 0.5532588765625001 0.3139261875 0.539423225 0.3221780203125 0.511513984375 0.270919796875 0.4542270359375
2 0.288539940625 0.6047550390625 0.248356434375 0.5860902140625 0.22383887656249998 0.597764703125 0.2137567453125 0.6354871625 0.23281437968750002 0.6857528 0.271467475 0.7071785609375 0.299976490625 0.7013258296875 0.3155804921875 0.66666419375 0.288539940625 0.6047550390625
2 0.2604856796875 0.7660578671875 0.217841125 0.7388103484374999 0.1847408734375 0.7529458859375 0.16790634843750002 0.7833161765625001 0.1783812890625 0.8360428625 0.22072595625 0.8703426640625 0.256587140625 0.8577375359375001 0.2715603953125 0.8046799890624999 0.2604856796875 0.7660578671875
2 0.1849788140625 0.680892653125 0.1509169546875 0.651184084375 0.10002056562499999 0.6518458078125 0.0844165640625 0.68650744375 0.10164389843749999 0.7465862999999999 0.1470493890625 0.77536423125 0.171267059375 0.7707420234375 0.1911624078125 0.7348498625000001 0.1849788140625 0.680892653125
2 0.150162309375 0.502786271875 0.10451888125 0.546061575 0.1168241203125 0.5889750421875 0.160999084375 0.6134616265624999 0.2008207578125 0.5741777828125 0.182993646875 0.5282034906249999 0.150162309375 0.502786271875
2 0.3142472 0.23281437968750002 0.28849911875 0.24019752187500001 0.29195275 0.325124796875 0.3471404828125 0.32323255 0.3734883390625 0.30174484218750003 0.3611831 0.25883137343749996 0.3142472 0.23281437968750002
2 0.39295990625 0.1429030609375 0.348485053125 0.12546876093749998 0.2936591546875 0.185309675 0.3102557390625 0.22699262187499997 0.3728266171875 0.2508484546875 0.410518103125 0.22843011093749999 0.4138478390625 0.1833554828125 0.39295990625 0.1429030609375
2 0.318683565625 0.06202919375 0.295665446875 0.038442271875 0.218121315625 0.067643984375 0.2359793984375 0.146118753125 0.27280219375 0.17735772968750002 0.30743285625 0.1604612578125 0.32915850625 0.1147558796875 0.318683565625 0.06202919375
2 0.43006668125 0 0.362796584375 0.021514825 0.3738712984375 0.060136946875 0.4205073140625 0.093206225 0.45480711406249996 0.0508615578125 0.433382190625 0 0.43006668125 0
2 0.4134029328125 0.3599624265625 0.3315055078125 0.32539371093749997 0.2898225640625 0.34199029687500004 0.272419234375 0.41896562656249997 0.304981659375 0.4839356046875 0.3546784953125 0.511483009375 0.411996415625 0.49272526406250006 0.44044348437499997 0.4218715796875 0.4134029328125 0.3599624265625
2 1 0.8618266125 0.9593233437500001 0.8466431234374999 0.9247236546875 0.8960400734375 1 0.874454928125 1 0.8618266125
2 0.557959409375 1 0.5562676015625 0.9877605640624999 0.5123925218750001 0.9562216984375 0.4737704 0.9672964140625 0.44948731718749996 1 0.557959409375 1
2 0.1140625 0.21171875 0.1921875 0.209375
2 0.04609375 0.5671875 0.0921875 0.15