2 0.6941964281249999 0.6741071421875 0.6160714281249999 0.7120535718750001 0.625 0.7566964281249999 0.6741071421875 0.7924107140625 0.75 0.7477678578125 0.7544642859375 0.703125 0.734375 0.6741071421875 0.6941964281249999 0.6741071421875
2 0.6316964281249999 0.8035714281249999 0.59375 0.8549107140625001 0.5892857140625 0.8950892859374999 0.6183035718750001 0.9330357140625001 0.65625 0.9352678578125 0.6964285718750001 0.9084821421875 0.6964285718750001 0.8549107140625001 0.671875 0.8125 0.6316964281249999 0.8035714281249999
2 0.5133928578125 0.7924107140625 0.5401785718750001 0.8504464281249999 0.5758928578125 0.8638392859374999 0.6205357140625 0.7879464281249999 0.6004464281249999 0.7366071421875 0.5424107140625 0.7455357140625 0.5133928578125 0.7924107140625
2 0.5424107140625 0.5982142859375 0.5089285718750001 0.6316964281249999 0.5089285718750001 0.6897321421875 0.546875 0.7366071421875 0.5758928578125 0.734375 0.5982142859375 0.7209821421875 0.6116071421875 0.671875 0.5803571421875 0.6138392859375 0.5424107140625 0.5982142859375
2 0.46875 0.7299107140625 0.46875 0.765625 0.5044642859375 0.7834821421875 0.5267857140625 0.7566964281249999 0.5267857140625 0.7254464281249999 0.493303571875 0.7008928578125 0.46875 0.7299107140625
2 0.43303571406249997 0.671875 0.44196428593750003 0.703125 0.47321428593750003 0.7120535718750001 0.5 0.6852678578125 0.5 0.6540178578125 0.475446428125 0.625 0.43303571406249997 0.671875
2 0.34821428593750003 0.5736607140625 0.34821428593750003 0.6272321421875 0.3727678578125 0.6607142859375 0.39732142812500004 0.6629464281249999 0.4375 0.6316964281249999 0.4375 0.5647321421875 0.38169642812500004 0.5401785718750001 0.34821428593750003 0.5736607140625
2 0.5803571421875 0.6049107140625 0.6049107140625 0.6383928578125 0.625 0.6361607140625 0.6473214281249999 0.609375 0.6473214281249999 0.578125 0.6049107140625 0.5535714281249999 0.5803571421875 0.6049107140625
2 0.8080357140625001 0.484375 0.8035714281249999 0.5200892859375 0.8236607140625001 0.5446428578125 0.8616071421875 0.5513392859375 0.9017857140625001 0.493303571875 0.8816964281249999 0.446428571875 0.8415178578125 0.44196428593750003 0.8080357140625001 0.484375
2 0.6183035718750001 0.4375 0.59375 0.45758928593750003 0.5848214281249999 0.5066964281249999 0.6049107140625 0.5446428578125 0.6473214281249999 0.546875 0.6741071421875 0.515625 0.6741071421875 0.48883928593750003 0.6450892859375 0.44196428593750003 0.6183035718750001 0.4375
2 0.8683035718750001 0.2678571421875 0.8169642859374999 0.31919642812500004 0.8125 0.3727678578125 0.859375 0.415178571875 0.8794642859374999 0.412946428125 0.9330357140625001 0.36830357187499996 0.9330357140625001 0.32366071406249997 0.9040178578125 0.27678571406249997 0.8683035718750001 0.2678571421875
2 0.6830357140625 0.0513392859375 0.71875 0.0022321421875000002 0.6361607140625 0 0.6428571421875 0.0424107140625 0.6830357140625 0.0513392859375
2 0.46428571406249997 0.037946428125 0.46875 0.078125 0.493303571875 0.11160714218750001 0.53125 0.11383928593749999 0.5669642859375 0.069196428125 0.5625 0.0111607140625 0.484375 0 0.46428571406249997 0.037946428125
2 0.3616071421875 0.19866071406250002 0.3772321421875 0.2232142859375 0.40178571406249997 0.22544642812500001 0.41964285781250005 0.17633928593749998 0.40401785781250005 0.147321428125 0.38169642812500004 0.1428571421875 0.3616071421875 0.19866071406250002
2 0.5535714281249999 0.9977678578125 0.5290178578125 0.9508928578125 0.47321428593750003 0.9799107140625001 0.475446428125 1 0.5535714281249999 0.9977678578125
2 0.44196428593750003 0.8504464281249999 0.4375 0.9308035718750001 0.453125 0.9598214281249999 0.47321428593750003 0.9620535718750001 0.5133928578125 0.9263392859374999 0.5178571421875 0.8861607140625001 0.46651785781250005 0.8348214281249999 0.44196428593750003 0.8504464281249999
2 0.3125 0.9977678578125 0.27008928593750003 0.9375 0.2165178578125 0.9419642859374999 0.18303571406250002 0.9977678578125 0.3125 0.9977678578125
2 0 0.9977678578125 0.0758928578125 0.9977678578125 0.053571428125 0.921875 0.0290178578125 0.9017857140625001 0.0022321421875000002 0.90625 0 0.9977678578125
2 0.68125 0.14453125 0.17734375 0.20703125