2 0.2137843953125 0.5437097953125 0.1814655484375 0.52369964375 0.150311909375 0.5361690890624999 0.140226459375 0.5629161890625001 0.1596471875 0.60824031875 0.2118154328125 0.61710698125 0.2289593359375 0.5904134625 0.2137843953125 0.5437097953125
2 0.2729175625 0.378981403125 0.24909029375 0.356212171875 0.21517757343750002 0.3601900421875 0.19086805 0.4009468796875 0.1975514171875 0.4504096265625 0.2524787421875 0.46776786406250004 0.2838467171875 0.4270646125 0.2729175625 0.378981403125
2 0.22889211562499998 0.7852374578125 0.24465647812500002 0.7542981531249999 0.2378659453125 0.718952309375 0.20841334687500002 0.6933168296875001 0.17588016875 0.7015404875 0.1601693890625 0.7254213390625 0.1767238703125 0.7763707953125001 0.2034173859375 0.7935147 0.22889211562499998 0.7852374578125
2 0.46739277812499996 0.7969304234375 0.48899680625 0.7406235578125 0.47796048437499994 0.706657253125 0.4400163109375 0.6837808546875 0.4173542453125 0.69349121875 0.4002639265625 0.713126284375 0.40970637187500003 0.771080609375 0.4504096265625 0.8024485828125 0.46739277812499996 0.7969304234375
2 0.513949334375 0.6151652953125 0.4889032765625 0.5669749203125 0.4550441390625 0.5638943359375 0.4164033765625 0.6327778140625 0.4288192390625 0.67098990625 0.48225985624999995 0.6982192609375 0.50778816875 0.68288356875 0.513949334375 0.6151652953125
2 0.50727960625 0.377937003125 0.4751215125 0.336751496875 0.4341503390625 0.34067578125 0.41981909999999995 0.368802421875 0.4293687140625 0.41263984374999996 0.45176285937499994 0.43822173906249995 0.488434659375 0.4427354453125 0.50727960625 0.377937003125
2 0.6130355828125 0.5806232062500001 0.6345324406249999 0.538433246875 0.6249828265625 0.49459582500000004 0.5912844421875 0.47033988750000005 0.5672428390625 0.4758044640625 0.5444200234375 0.506690184375 0.5483443078125 0.5476613578125 0.565113125 0.5703770046875001 0.6130355828125 0.5806232062500001
2 0.6612123203125 0.7433426921875 0.6784633921875 0.702532271875 0.661908909375 0.6515828140625 0.6352153921875 0.6344389125000001 0.5998159640625 0.648287896875 0.5811317687499999 0.6919109828125001 0.5935476296875 0.7301230750000001 0.625866475 0.750133225 0.6612123203125 0.7433426921875
2 0.5059799578125 0.735105396875 0.49164871874999994 0.7632320390625 0.5026850390625001 0.7971983421875 0.5407363796875 0.8059578374999999 0.552469290625 0.7481642640625 0.5300215625 0.7296408203125 0.5059799578125 0.735105396875
2 0.5281734046875 0.6011555578125 0.5138421656250001 0.6292821984375 0.5233917796875 0.6731196203125 0.5669612796875 0.6988622671875 0.5913243890625 0.6510469765625 0.584641021875 0.6015842296875 0.5281734046875 0.6011555578125
2 0.62755388125 0.89979384375 0.6534036953125 0.8421074390625 0.6367420453125 0.8052748859375001 0.591793003125 0.7752864515625 0.5635056125 0.7821305671875 0.5434418765625 0.821507865625 0.5516119500000001 0.8610994984375001 0.58377004375 0.9022850046875 0.62755388125 0.89979384375
2 1 0.72123424375 0.9719449640625 0.724525021875 0.9547474765624999 0.758276990625 0.9698152515625 0.8190975640625 1 0.8486092421875 1 0.72123424375
2 0.7891890218750001 0.43654797187499994 0.756870175 0.4165378203125 0.7342081109375 0.426248184375 0.7240154921874999 0.467112190625 0.736431353125 0.5053242828125 0.782867103125 0.5254416015625 0.8016048828125 0.47476006406250004 0.7891890218750001 0.43654797187499994
2 0.8753235687500001 0.4343783125 0.896820428125 0.3921883515625 0.8844045671874999 0.353976259375 0.8378080656250001 0.3550342984375 0.8401384765625 0.419993490625 0.8753235687500001 0.4343783125
2 0.9034102640624999 0.26800246250000004 0.882502828125 0.23254945 0.8359063265625 0.2336074875 0.814248715625 0.29697280625 0.8266645765625 0.335184896875 0.8449736859374999 0.3409709765625 0.8874315656249999 0.327175575 0.9034102640624999 0.26800246250000004
2 0.9230453296875 0.28509278125000004 0.91009363125 0.3174652109375 0.9266481125 0.36841466562499997 0.960346496875 0.39267060625 0.9872007671875 0.388639153125 0.9527658453125 0.275436 0.9230453296875 0.28509278125000004
2 0.80334070625 0 0.8023823312499999 0.00041065 0.78518484375 0.03416261875 0.794841625 0.063883134375 0.8256737624999999 0.0937644015625 0.85252803125 0.0897329484375 0.8682923921875 0.05879364375 0.8573632390625001 0.0107104359375 0.8400645734375001 0 0.80334070625 0
2 0.7139972625000001 0.29903529687499997 0.7283820859375 0.26385020312499996 0.7161805593749999 0.19740430312499999 0.6937328296875 0.178880859375 0.66119965 0.187104515625 0.64676124375 0.2293480609375 0.664695265625 0.2845433046875 0.6927683234375 0.30593299687500003 0.7139972625000001 0.29903529687499997
2 0.6280234640625 0.28002959843749997 0.6409215796875001 0.2547156234375 0.6285057187499999 0.21650352968750003 0.61168331875 0.200846334375 0.5833959265625001 0.2076904515625 0.5704442265624999 0.24006288125 0.5801010078125 0.26978339687499997 0.606794525 0.2869272984375 0.6280234640625 0.28002959843749997
2 0.5533683375 0 0.5606939171875001 0.036693724999999996 0.6113754546875 0.055431503125 0.633277215625 0 0.5533683375 0
2 0.42831950937499996 0 0.4268512453125 0.000383371875 0.47180028749999997 0.030371807812500002 0.48946279062500003 0 0.42831950937499996 0
2 0.3847548140625 0.152535153125 0.40625167187500005 0.11034519062499999 0.393942978125 0.0580161953125 0.354619265625 0.030894007812500002 0.32771141406250004 0.0419839125 0.3133801734375 0.070110553125 0.32144307968749997 0.123819090625 0.35790054531250004 0.15656660625000002 0.3847548140625 0.152535153125
2 0.015009806249999999 0.13419876718749998 0.026046128125 0.16816507187500002 0.06399030312500001 0.191041471875 0.08670595 0.1742726546875 0.1011979390625 0.12497065781250001 0.092867115625 0.10655438125000001 0.015009806249999999 0.13419876718749998
2 0 0.304738759375 0.029166657812500003 0.315013025 0.054748553125 0.29261888125 0.06924054375000001 0.243316884375 0.0554451421875 0.200859003125 0.0104425171875 0.1779290203125 0.014420385937499999 0.2118417421875 0 0.219937371875 0 0.304738759375
2 0.8945835484375 0.5008777984375 0.8552598343750001 0.4737556109375 0.8128555375 0.480492559375 0.7924703015625 0.5622205703125001 0.8301465546875001 0.6203892296875 0.8823148 0.6292558921875 0.9110308609375 0.5659441578125 0.8945835484375 0.5008777984375
2 0.8919589109375 0.10273823281250001 0.8941821531249999 0.181814328125 0.9292600796875 0.21031605625 0.8919589109375 0.10273823281250001