2 0.25088884375 0.350562434375 0.204891303125 0.432374525 0.24838228281250002 0.48240517499999996 0.2736545734375 0.47298441875 0.30121564843750004 0.39883349687499997 0.2710849 0.349737084375 0.25088884375 0.350562434375
2 0.229867440625 0.331191725 0.2077092765625 0.2960783734375 0.1696995765625 0.29565806875 0.1360343984375 0.3291054671875 0.13260885625000002 0.3780929875 0.1811760734375 0.419528228125 0.2267533125 0.37572583437499996 0.229867440625 0.331191725
2 0.197151759375 0.2550634359375 0.2236697015625 0.2278290359375 0.22740665624999998 0.174388103125 0.20555990624999998 0.134821340625 0.1815332640625 0.1264284546875 0.135130678125 0.150034790625 0.1263174890625 0.21207113125000002 0.144022240625 0.2468730703125 0.197151759375 0.2550634359375
2 0.17894833125 0.099396575 0.1814396328125 0.06376928750000001 0.16072964375 0.039945168749999996 0.09713623906249999 0.053399032812500004 0.0946449359375 0.08902632031249999 0.1250870953125 0.1336693203125 0.1473541515625 0.135226384375 0.17894833125 0.099396575
2 0.3821087609375 0.3619758171875 0.41308011406249995 0.3350528296875 0.4186855453125 0.2548914328125 0.383789975 0.2099370203125 0.354687096875 0.210139540625 0.3213333296875 0.239133528125 0.3122087265625 0.30562327968749997 0.33374406562500003 0.349643453125 0.3821087609375 0.3619758171875
2 0.09020885937499999 0.6324513453125 0.1313326875 0.588337540625 0.134446815625 0.5438034296875001 0.1113544125 0.522050309375 0.0777981234375 0.5219414203125 0.04952059375 0.542339996875 0.0422644671875 0.5821092828125 0.06379980625000001 0.6261294578125 0.09020885937499999 0.6324513453125
2 0.24087785468749998 0.7817179453125 0.271226384375 0.76370178125 0.283558746875 0.7153370859375 0.2578814109375 0.6665520875000001 0.23354335625 0.6626126125 0.21065347656250002 0.66996236875 0.18941429062499998 0.7177042390625 0.199971809375 0.7587191765625 0.24087785468749998 0.7817179453125
2 0.43196948125 0.7369029421875 0.48200013124999996 0.6934119625 0.4822179125 0.6262993859375 0.4565405765625 0.5775143875000001 0.3971980609375 0.5621767875 0.3435393484375 0.625552409375 0.3439443921875 0.683758165625 0.3740751390625 0.7328545765625 0.43196948125 0.7369029421875
2 0.5528344015625 0.73640426875 0.5933354046875 0.7011972828124999 0.60090294375 0.6569745874999999 0.5663187859375001 0.6075667640625 0.5375273218750001 0.6033158734375 0.50541920625 0.6144962171875 0.48801060625000003 0.671456321875 0.5219719375 0.7297709671875 0.5528344015625 0.73640426875
2 0.688196315625 0.752582475 0.6589998078125 0.69012583125 0.6257549328125 0.6855635296875 0.5711619812500001 0.762299384375 0.600981315625 0.8158492078125 0.636608603125 0.818340509375 0.67141054375 0.8006357562499999 0.688196315625 0.752582475
2 0.42997685468749997 0.8933951515624999 0.47524267968749995 0.8540461687500001 0.48218739375 0.8187302937500001 0.448537475 0.7559622390625 0.42388800781249997 0.7564761734375 0.38131600625 0.7893007453124999 0.3740598796875 0.82907003125 0.3890708078125 0.8703963796874999 0.42997685468749997 0.8933951515624999
2 0.3492862625 0.9593557078125 0.37611561875 0.9276678984375 0.3801639859375 0.8697735546875001 0.3538638234375 0.829895378125 0.325072359375 0.825644490625 0.29710624375 0.84158965625 0.2850852921875 0.885500940625 0.30806880312499996 0.9408103484374999 0.3492862625 0.9593557078125
2 0.1155290046875 0.9743361187499999 0.229246690625 0.9800504406250001 0.1965310078125 0.90392215 0.141019078125 0.897802784375 0.11594930781249999 0.93632641875 0.1155290046875 0.9743361187499999
2 0.9149152296875 0.710258775 0.9065376031250001 0.6380699609375 0.876297965625 0.6225298375 0.82067714375 0.6499667609374999 0.8198365359374999 0.725986159375 0.8601197562499999 0.757891753125 0.8874630484375 0.7508534078125 0.9149152296875 0.710258775
2 0.70314413125 0.53881875 0.7351433578125001 0.561194696875 0.7750215328125 0.534894534375 0.7822776593749999 0.495125246875 0.7678895578125 0.4448920765625 0.7492505656249999 0.42345036875000003 0.7246010984375 0.423964303125 0.6912473328125001 0.452958290625 0.6884446171875 0.49303898906250004 0.70314413125 0.53881875
2 0.68461403125 0.4838207546875 0.6621444546874999 0.4531608140625 0.6285881671875 0.45305192187500004 0.6013385078125 0.5227494328125 0.6231852578125 0.562316196875 0.6495943109375 0.5686380843750001 0.6802542515625001 0.5461685078125 0.68461403125 0.4838207546875
2 0.7686517921875 0.20999805781249997 0.800245971875 0.1741682484375 0.8046057515625 0.1118204953125 0.778305590625 0.07194231718750001 0.727558484375 0.0616809546875 0.68912848125 0.09927035 0.6936755234375 0.16224092968749998 0.711380275 0.19704286875000002 0.7686517921875 0.20999805781249997
2 1 0.03444330625 0.9310761031249999 0.031160421875 0.9596497875000001 0.10252388906250001 1 0.1090551703125 1 0.03444330625
2 1 0.144754265625 0.9751746515624999 0.1684997046875 0.9771367578125 0.2044384046875 1 0.234873465625 1 0.144754265625
2 0.028125 0.27890625 0.034375 0.1140625