2 0.734375 0.7946428578125 0.7098214281249999 0.8370535718750001 0.71875 0.8950892859374999 0.7633928578125 0.9084821421875 0.8080357140625001 0.8504464281249999 0.8080357140625001 0.8147321421875 0.7834821421875 0.7901785718750001 0.734375 0.7946428578125
2 0.5736607140625 0.7678571421875 0.53125 0.8058035718750001 0.5267857140625 0.8415178578125 0.578125 0.90625 0.6116071421875 0.9084821421875 0.6428571421875 0.859375 0.6428571421875 0.8013392859374999 0.6138392859375 0.7723214281249999 0.5736607140625 0.7678571421875
2 0.7790178578125 0.5178571421875 0.7455357140625 0.5558035718750001 0.7410714281249999 0.6004464281249999 0.765625 0.6339285718750001 0.7991071421875 0.6316964281249999 0.8303571421875 0.6004464281249999 0.8303571421875 0.546875 0.8102678578125 0.5178571421875 0.7790178578125 0.5178571421875
2 0.5647321421875 0.6741071421875 0.5491071421875 0.703125 0.5758928578125 0.7566964281249999 0.6383928578125 0.7700892859375 0.6651785718750001 0.7209821421875 0.6517857140625 0.6674107140625 0.6272321421875 0.65625 0.5647321421875 0.6741071421875
2 0.5558035718750001 0.45535714218749995 0.5223214281249999 0.5290178578125 0.5357142859375 0.5736607140625 0.5758928578125 0.5915178578125 0.6071428578125 0.5558035718750001 0.6116071421875 0.5022321421875 0.5915178578125 0.459821428125 0.5558035718750001 0.45535714218749995
2 0.42410714218749995 0.462053571875 0.42410714218749995 0.5111607140625 0.45758928593750003 0.5535714281249999 0.47321428593750003 0.5513392859375 0.5089285718750001 0.515625 0.5133928578125 0.44866071406249997 0.47098214218749995 0.41071428593750003 0.42410714218749995 0.462053571875
2 0.33705357187499996 0.5669642859375 0.30357142812500004 0.6049107140625 0.30357142812500004 0.640625 0.32142857187499996 0.6808035718750001 0.36607142812500004 0.703125 0.39732142812500004 0.671875 0.39732142812500004 0.6049107140625 0.36383928593750003 0.5669642859375 0.33705357187499996 0.5669642859375
2 0.2142857140625 0.765625 0.2053571421875 0.8102678578125 0.2299107140625 0.8482142859374999 0.2633928578125 0.8459821421875 0.28571428593750003 0.8013392859374999 0.27678571406249997 0.765625 0.2477678578125 0.7455357140625 0.2142857140625 0.765625
2 0.24330357187499999 0.8526785718750001 0.20982142812500001 0.8772321421875 0.20982142812500001 0.9263392859374999 0.2299107140625 0.9598214281249999 0.27232142812500004 0.9620535718750001 0.2991071421875 0.921875 0.2946428578125 0.8727678578125 0.27455357187499996 0.8526785718750001 0.24330357187499999 0.8526785718750001
2 0.2946428578125 0.9486607140625001 0.2991071421875 0.9977678578125 0.38392857187499996 0.9977678578125 0.39732142812500004 0.9709821421875 0.3883928578125 0.9129464281249999 0.328125 0.8973214281249999 0.2946428578125 0.9486607140625001
2 0.5111607140625 0.9553571421875 0.46428571406249997 0.9933035718750001 0.5491071421875 0.9977678578125 0.5111607140625 0.9553571421875
2 0.0200892859375 0.90625 0.0044642859375000005 0.9486607140625001 0.0133928578125 0.9888392859374999 0.102678571875 0.9977678578125 0.116071428125 0.984375 0.102678571875 0.9129464281249999 0.0647321421875 0.8883928578125 0.0200892859375 0.90625
2 0.12276785781249999 0.6919642859375 0.0982142859375 0.7522321421875 0.12276785781249999 0.7857142859375 0.1696428578125 0.796875 0.1875 0.7700892859375 0.18303571406250002 0.7165178578125 0.1584821421875 0.6919642859375 0.12276785781249999 0.6919642859375
2 0.037946428125 0.6651785718750001 0.0044642859375000005 0.703125 0.0044642859375000005 0.7433035718750001 0.024553571875 0.7723214281249999 0.053571428125 0.7745535718750001 0.084821428125 0.7433035718750001 0.084821428125 0.7075892859375 0.060267857812500006 0.6696428578125 0.037946428125 0.6651785718750001
2 0.0959821421875 0.5580357140625 0.0580357140625 0.5870535718750001 0.053571428125 0.6361607140625 0.087053571875 0.6875 0.12053571406250001 0.6897321421875 0.15625 0.671875 0.15625 0.6004464281249999 0.1272321421875 0.5625 0.0959821421875 0.5580357140625
2 0 0.5691964281249999 0.053571428125 0.5825892859375 0.071428571875 0.5111607140625 0.0513392859375 0.48214285781250005 0.015625 0.477678571875 0 0.48883928593750003 0 0.5691964281249999
2 0.060267857812500006 0.37053571406249997 0.03125 0.40401785781250005 0.03125 0.453125 0.0513392859375 0.47321428593750003 0.0803571421875 0.47098214218749995 0.11160714218750001 0.453125 0.10714285781249999 0.40401785781250005 0.0915178578125 0.375 0.060267857812500006 0.37053571406249997
2 0.1741071421875 0.39955357187499996 0.16071428593749998 0.462053571875 0.19866071406250002 0.5 0.2366071421875 0.49776785781250005 0.2633928578125 0.42633928593750003 0.22544642812500001 0.375 0.203125 0.37053571406249997 0.1741071421875 0.39955357187499996
2 0.100446428125 0.2232142859375 0.0669642859375 0.25669642812500004 0.0625 0.3147321421875 0.11383928593749999 0.375 0.1428571421875 0.3727678578125 0.1696428578125 0.33705357187499996 0.1741071421875 0.2790178578125 0.14508928593749998 0.2321428578125 0.100446428125 0.2232142859375
2 0.171875 0.1383928578125 0.147321428125 0.16741071406250002 0.147321428125 0.22544642812500001 0.17633928593749998 0.25446428593750003 0.20982142812500001 0.2522321421875 0.22767857187499999 0.2209821421875 0.2232142859375 0.16741071406250002 0.203125 0.1428571421875 0.171875 0.1383928578125
2 0.0647321421875 0.0758928578125 0.0357142859375 0.12276785781249999 0.040178571875 0.171875 0.069196428125 0.2142857140625 0.11160714218750001 0.2165178578125 0.1383928578125 0.1852678578125 0.1383928578125 0.12276785781249999 0.109375 0.0803571421875 0.0647321421875 0.0758928578125
2 0.446428571875 0.30580357187499996 0.47098214218749995 0.33928571406249997 0.49553571406249997 0.33705357187499996 0.5267857140625 0.29241071406249997 0.5267857140625 0.234375 0.46651785781250005 0.2053571421875 0.446428571875 0.30580357187499996
2 0.6160714281249999 0.2299107140625 0.6071428578125 0.28794642812500004 0.65625 0.35491071406249997 0.6830357140625 0.36383928593750003 0.7098214281249999 0.26116071406249997 0.7008928578125 0.234375 0.6540178578125 0.2053571421875 0.6160714281249999 0.2299107140625
2 0.7544642859375 0.28794642812500004 0.75 0.3459821421875 0.7745535718750001 0.37946428593750003 0.8035714281249999 0.3772321421875 0.8348214281249999 0.3102678578125 0.8303571421875 0.28794642812500004 0.7834821421875 0.25892857187499996 0.7544642859375 0.28794642812500004
2 0.9084821421875 0.0044642859375000005 0.8325892859374999 0.0178571421875 0.8035714281249999 0.0736607140625 0.8214285718750001 0.13616071406250002 0.859375 0.165178571875 0.8883928578125 0.162946428125 0.9285714281249999 0.13616071406250002 0.9419642859374999 0.0915178578125 0.9330357140625001 0.0334821421875 0.9084821421875 0.0044642859375000005
2 1 0.43973214218749995 0.9977678578125 0.29017857187499996 0.9553571421875 0.33705357187499996 0.9508928578125 0.390625 1 0.43973214218749995
2 0.75 0.046875 0.78125 0.0022321421875000002 0.7120535718750001 0 0.71875 0.0290178578125 0.75 0.046875
2 0.6651785718750001 0.0424107140625 0.6941964281249999 0 0.6205357140625 0.0022321421875000002 0.6450892859375 0.040178571875 0.6651785718750001 0.0424107140625
2 0.85078125 0.93515625 0.11171875 0.1296875
2 0.9390625 0.975 0.09375 0.05
2 0.0140625 0.8171875 0.028125 0.10859375
2 0.1171875 0.01953125 0.0953125 0.03828125
2 0.50859375 0.01328125 0.0625 0.0265625
2 0.4046875 0.21796875 0.1390625 0.19609375
2 0.96796875 0.8296875 0.0640625 0.21015625