2 0.859375 0.5982142859375 0.8125 0.6584821421875 0.8125 0.7209821421875 0.8325892859374999 0.75 0.8794642859374999 0.7611607140625 0.9375 0.7254464281249999 0.9419642859374999 0.6629464281249999 0.8950892859374999 0.6071428578125 0.859375 0.5982142859375
2 0.8504464281249999 0.7678571421875 0.8303571421875 0.7924107140625 0.8303571421875 0.828125 0.8638392859374999 0.875 0.8839285718750001 0.8772321421875 0.9151785718750001 0.8504464281249999 0.9151785718750001 0.796875 0.8861607140625001 0.7633928578125 0.8504464281249999 0.7678571421875
2 0.5357142859375 0.734375 0.5223214281249999 0.7700892859375 0.53125 0.8549107140625001 0.5758928578125 0.8727678578125 0.6160714281249999 0.8191964281249999 0.6160714281249999 0.7433035718750001 0.5870535718750001 0.7008928578125 0.5357142859375 0.734375
2 0.125 0.8459821421875 0.125 0.9129464281249999 0.1540178578125 0.9508928578125 0.2008928578125 0.953125 0.2366071421875 0.859375 0.2075892859375 0.8169642859374999 0.1584821421875 0.8080357140625001 0.125 0.8459821421875
2 0.9308035718750001 0.5089285718750001 0.9017857140625001 0.5424107140625 0.9017857140625001 0.5870535718750001 0.9308035718750001 0.6294642859375 0.9553571421875 0.6316964281249999 0.9910714281249999 0.6049107140625 0.9910714281249999 0.5513392859375 0.9709821421875 0.5133928578125 0.9308035718750001 0.5089285718750001
2 0.6473214281249999 0.45758928593750003 0.6339285718750001 0.5111607140625 0.6763392859375 0.5758928578125 0.7008928578125 0.5736607140625 0.7366071421875 0.5379464281249999 0.7410714281249999 0.462053571875 0.6763392859375 0.4375 0.6473214281249999 0.45758928593750003
2 0.734375 0.28125 0.6785714281249999 0.33705357187499996 0.6696428578125 0.39508928593750003 0.6941964281249999 0.4375 0.7455357140625 0.444196428125 0.7678571421875 0.42633928593750003 0.7857142859375 0.36383928593750003 0.7589285718750001 0.29241071406249997 0.734375 0.28125
2 0.6674107140625 0.0982142859375 0.6339285718750001 0.1272321421875 0.6160714281249999 0.194196428125 0.6339285718750001 0.2388392859375 0.6875 0.265625 0.7276785718750001 0.2299107140625 0.7410714281249999 0.162946428125 0.7120535718750001 0.11160714218750001 0.6674107140625 0.0982142859375
2 0.5223214281249999 0.0736607140625 0.5133928578125 0.118303571875 0.546875 0.1741071421875 0.5848214281249999 0.17633928593749998 0.6071428578125 0.162946428125 0.6294642859375 0.087053571875 0.5691964281249999 0.040178571875 0.5223214281249999 0.0736607140625
2 0.875 0.037946428125 0.8705357140625001 0.10491071406250001 0.9084821421875 0.1383928578125 0.9375 0.13616071406250002 0.9598214281249999 0.109375 0.9642857140625001 0.060267857812500006 0.9174107140625001 0.008928571875000001 0.875 0.037946428125
2 0.0669642859375 0.13616071406250002 0.071428571875 0.16741071406250002 0.11160714218750001 0.180803571875 0.1428571421875 0.1272321421875 0.1272321421875 0.0625 0.084821428125 0.0736607140625 0.0669642859375 0.13616071406250002
2 0 0.12276785781249999 0.0446428578125 0.140625 0.0669642859375 0.118303571875 0.0758928578125 0.0647321421875 0.0513392859375 0.022321428125 0.0290178578125 0.022321428125 0 0.055803571875 0 0.12276785781249999
2 0.31696428593750003 0.037946428125 0.3459821421875 0 0.2678571421875 0.0022321421875000002 0.29241071406249997 0.040178571875 0.31696428593750003 0.037946428125
2 0.5446428578125 0.0513392859375 0.5714285718750001 0.0022321421875000002 0.5066964281249999 0 0.5089285718750001 0.0424107140625 0.5446428578125 0.0513392859375
2 0.14296875 0.0203125 0.1109375 0.040625
2 0.078125 0.55078125 0.146875 0.18359375
2 0.36875 0.70234375 0.1640625 0.1828125