2 0.8068949453125001 0.6451028937500001 0.8248788109375 0.678591615625 0.8616690078125 0.677283571875 0.88391389375 0.6477817140625 0.872290190625 0.5951067953125 0.8390756250000001 0.5903288296875 0.8133921859375001 0.6145357812500001 0.8068949453125001 0.6451028937500001
2 0.7255836109375 0.7807143234375 0.7683227375 0.794362825 0.8114730968750001 0.773868584375 0.8294883296875 0.732057634375 0.8153542515625001 0.6697210765625 0.7753996546875 0.6429723828125 0.73489675 0.6617473484375 0.7078739015625 0.724463771875 0.7255836109375 0.7807143234375
2 0.7602119296875001 0.886201240625 0.7816343484375 0.9249848703125 0.8227912765625 0.9246050046875001 0.8378849 0.9072751609375 0.8430740968749999 0.83991785 0.8283917078125 0.8231049515625 0.8048387796875 0.8158166109374999 0.768565525 0.8469006671875 0.7602119296875001 0.886201240625
2 0.9208527765625 0.9249105265625 0.9366317890625 0.850676109375 0.91507229375 0.8232733953125001 0.8871526328125 0.8150568796875 0.8533897578125 0.8558025734375001 0.8503310687500001 0.8916645937500001 0.8717534875 0.930448221875 0.9208527765625 0.9249105265625
2 0.8820145625 0.4419970765625 0.91217044375 0.482637059375 0.9677669718749999 0.4465322515625 0.9710998140625 0.387908403125 0.9442454109374999 0.3639442421875 0.9101026687499999 0.3635330078125 0.8772679671875 0.399911971875 0.8820145625 0.4419970765625
2 1 0.23653521562500002 0.9767316125000001 0.2111086796875 0.939941415625 0.21241672031249997 0.9094800140625001 0.2698382375 0.9256075234375001 0.31206042031250003 0.9674184734375 0.330075653125 0.9912455578125 0.31460216406249997 1 0.2871883703125 1 0.23653521562500002
2 0.8028221296875 0.25629544531250004 0.826100903125 0.286345615625 0.8945234671875 0.27578716718749996 0.8781531687499999 0.1810271421875 0.840571871875 0.1753210015625 0.8148884328125 0.1995279515625 0.8028221296875 0.25629544531250004
2 0.7054773875 0.12378567968750001 0.7298214140625 0.138088203125 0.7623819578125001 0.12447106875 0.7803971921875 0.08266011875 0.773794240625 0.049308475000000004 0.71609856875 0.0416089015625 0.6952988062500001 0.0965200421875 0.7054773875 0.12378567968750001
2 0.47283834531249996 0.101720846875 0.4946719953125 0.10636173281250001 0.5194272578125 0.0865215140625 0.5193215484375 0.0226027578125 0.4914018890625 0.014386240625 0.464790271875 0.042959921875 0.47283834531249996 0.101720846875
2 0.42171425625000003 0.2026725890625 0.4406262984375 0.23179458125000002 0.4881433890625 0.21222851718750002 0.49769931562499997 0.1457993859375 0.48050655000000003 0.119324846875 0.45602544375000004 0.11640323749999999 0.428485653125 0.1493436484375 0.42171425625000003 0.2026725890625
2 0.3573099234375 0.097702615625 0.38151687343749996 0.1233860546875 0.4226738 0.1230061875 0.45643667812500005 0.08226049375 0.4535464375 0.031441929687499995 0.4310587625 0.00840594375 0.40128275 0.0089228890625 0.35878641093749997 0.047812228125 0.3573099234375 0.097702615625
2 0.32444385468750003 0.20938125 0.35552791250000004 0.2456545046875 0.408339909375 0.22264988749999998 0.403213446875 0.1394078546875 0.3516037828125 0.1352839125 0.3240639890625 0.1682243234375 0.32444385468750003 0.20938125
2 0.2361183359375 0.34578377968749996 0.2619074859375 0.3854955859375 0.306502965625 0.390410628125 0.3384094890625 0.3583983953125 0.34954761562500003 0.30599763125 0.3220391890625 0.2636383703125 0.2747962546875 0.2604426046875 0.2472564625 0.293383015625 0.2361183359375 0.34578377968749996
2 0.2416246640625 0.470182740625 0.2649034375 0.5002329078125001 0.3042040109375 0.508586503125 0.341405440625 0.47313571562499995 0.3435359515625 0.4416404265625 0.319466078125 0.4045760734375 0.2625615078125 0.40389068437500003 0.2412447984375 0.42902581250000005 0.2416246640625 0.470182740625
2 0.099484628125 0.49473818906249994 0.13651761406250001 0.5459679875 0.2158041484375 0.505770603125 0.221921521875 0.43404656406250003 0.19785165 0.3969822125 0.150608715625 0.393786446875 0.1071842015625 0.4370425171875 0.099484628125 0.49473818906249994
2 0.1715257984375 0.6926118328124999 0.20790476249999998 0.7254465328124999 0.2476165703125 0.699657384375 0.263121425 0.6481847968750001 0.2159098578125 0.5696893609375 0.1728965765625 0.5788026875 0.15739172031249998 0.630275275 0.1715257984375 0.6926118328124999
2 0.2619190921875 0.67531335625 0.2787006265625 0.7359306375 0.3421024390625 0.7060489140625 0.3541687421875 0.6492814203124999 0.34134270624999996 0.623735059375 0.3090563171875 0.6145903640625 0.27556759531249997 0.6325742296875 0.2619190921875 0.67531335625
2 0.08347443593750001 0.8062525328125 0.11614069062500001 0.856554153125 0.16695925625000002 0.8536639125000001 0.20945559375 0.8147745734375 0.2127884359375 0.7561507234375 0.1731079984375 0.7066402015625 0.131159971875 0.7000058828125 0.0911740078125 0.7485568609375 0.08347443593750001 0.8062525328125
2 0.316113478125 0.8283173640625 0.33502551875000003 0.8574393562499999 0.362154078125 0.8586416890624999 0.3984273328125 0.8275576328125 0.4077091046875 0.783890328125 0.38800596249999997 0.747754153125 0.35479139531250004 0.7429761890625 0.32381305 0.7706216921875 0.316113478125 0.8283173640625
2 0.289333415625 0.94357163125 0.3327579328125 0.9003155609375 0.319277875 0.8563741 0.3000916765625 0.8500139390625 0.26911333125 0.877659440625 0.289333415625 0.94357163125
2 0.42289682968750003 0.540661471875 0.44961415625 0.576006546875 0.4758145390625 0.5815756109375 0.5173826984375001 0.5470530015625 0.5303771796875 0.48591877656250004 0.504450953125 0.457587884375 0.46686965625 0.45188174375 0.4287400484375 0.491699259375 0.42289682968750003 0.540661471875
2 0.5214752734375 0.5707430078125 0.5394591390625 0.6042317296874999 0.584982796875 0.604780040625 0.6097380578125 0.584939821875 0.6146531000000001 0.540344340625 0.5905832265625001 0.5032799875 0.5530019312500001 0.49757384531250004 0.5326134 0.51834224375 0.5214752734375 0.5707430078125
2 0.262858878125 0.9607643953125 0.26856501875 0.9231830999999999 0.23297715624999998 0.8973625828125 0.194330603125 0.9074040875 0.18253845468750002 0.9414097531250001 0.262858878125 0.9607643953125
2 0.959375 0.121875 0.08125 0.084375