1 0.92421875 0.7140625 0.0953125 0.11875
1 0.87734375 0.52890625 0.1203125 0.18203125
1 0.80625 0.6734375 0.11171875 0.11796875
1 0.671875 0.646875 0.11953125 0.15
1 0.7171875 0.53515625 0.1171875 0.14453125
1 0.3796875 0.5640625 0.14296875 0.10859375
1 0.4578125 0.90390625 0.09765625 0.12421875
1 0.696875 0.94296875 0.1203125 0.11328125
1 0.17890625 0.52578125 0.084375 0.14921875
1 0.03828125 0.721875 0.0765625 0.14296875
1 0.2375 0.1640625 0.103125 0.14375
1 0.13359375 0.2203125 0.1140625 0.159375
1 0.071875 0.0859375 0.10703125 0.1671875
1 0.5890625 0.06328125 0.13125 0.12578125
1 0.7328125 0.06171875 0.11640625 0.1234375
1 0.94765625 0.25625 0.1046875 0.11015625