2 0.74436115 0.52237583125 0.789230753125 0.527809815625 0.8092931203125 0.518024746875 0.8167825625 0.46718565781250004 0.7991694359375 0.431073396875 0.7574814703125 0.40670322187499997 0.714273546875 0.4352275921875 0.7128520359375 0.478140178125 0.74436115 0.52237583125
2 0.845645546875 0.5772825625 0.8784777281249999 0.5885875890625 0.904608028125 0.5708760171875 0.916208390625 0.508097953125 0.8945827906250001 0.4739427078125 0.8587658671874999 0.46160995156249995 0.8317062828124999 0.47232430625 0.81413643125 0.5330469109375 0.845645546875 0.5772825625
2 0.7808553 0.6684865546875 0.8117304687500001 0.6757791078125 0.839916228125 0.6520980468750001 0.84544865625 0.5972464859375 0.8080685000000001 0.5409734109375 0.7581586953125 0.5404811859375 0.7298744890625 0.57414420625 0.7374072109375 0.6201399828125 0.7808553 0.6684865546875
2 0.694341009375 0.7355172578125 0.7391121640625 0.750933203125 0.7653409109375 0.7232396703124999 0.766762421875 0.6803270828125 0.74719228125 0.6402023484375 0.7034488546875 0.621801659375 0.6743338109375 0.638485503125 0.6707583953125 0.6973495375 0.694341009375 0.7355172578125
2 0.65353905 0.621309434375 0.6924391640625001 0.6246879578125 0.717738625 0.589997209375 0.7120644734375 0.5579958656249999 0.69053731875 0.5138586578125001 0.65472039375 0.5015259015625 0.62859009375 0.5192374734375 0.6298579906249999 0.5931236734375 0.65353905 0.621309434375
2 0.502541740625 0.5459465531250001 0.5413434078125 0.559307040625 0.5776525609375 0.521729990625 0.573104584375 0.47676194375 0.5495219703124999 0.438594225 0.49980905625 0.41813807656249996 0.46946939062500004 0.45777058437499996 0.4729896390625 0.505723375 0.502541740625 0.5459465531250001
2 0.5783416781249999 0.4518562640625 0.61856485625 0.42230416406250004 0.6200848140625 0.369409615625 0.5965021984375001 0.3312418953125 0.54091824375 0.2987483265625 0.5077907265625 0.3173891828125 0.492177890625 0.3821242609375 0.5783416781249999 0.4518562640625
2 0.667305209375 0.33892822968749997 0.69138005 0.3271861453125 0.69886949375 0.27634705625 0.6773423390625 0.23220985 0.6235185078125001 0.22369267656249997 0.5952343015625 0.2573556953125 0.6166630109375 0.31147486406249997 0.667305209375 0.33892822968749997
2 0.7823005953125 0.218270584375 0.8643101890624999 0.203106696875 0.87355975625 0.1762440046875 0.8523279359375 0.10216091406250001 0.816707903125 0.06986423593749999 0.7727675859375001 0.07142746875 0.746538840625 0.0991210015625 0.7455543875 0.19894061093749998 0.7823005953125 0.218270584375
2 0.697601596875 0.20246085625000002 0.72651975 0.20574093593749998 0.734206084375 0.1349379265625 0.6985860500000001 0.1026412484375 0.66947100625 0.119325090625 0.6680494953125 0.162237678125 0.697601596875 0.20246085625000002
2 0.6666279859375 0.20515026406249998 0.658461315625 0.1222113890625 0.5948524140625 0.0936318484375 0.5683283328125001 0.1512712640625 0.589757040625 0.20539043281249997 0.6666279859375 0.20515026406249998
2 0.504620984375 0.1326736828125 0.5493921390625001 0.14808962812499998 0.5695529515625 0.1283225984375 0.57909785625 0.071514021875 0.553558228125 0.029333828125 0.5058023281249999 0.012890153125000001 0.47473027031250004 0.025561521875 0.45931432499999997 0.0703326765625 0.504620984375 0.1326736828125
2 0.49673775937500003 0.223440615625 0.5141107171875 0.1826819328125 0.4927804546875 0.11858080468750001 0.4690993953125 0.0903950453125 0.41322010468750003 0.087847359375 0.3969733203125 0.1156393359375 0.4358182640625 0.2258346875 0.49673775937500003 0.223440615625
2 0.269897234375 0.145333159375 0.311978984375 0.1297754921875 0.3252410234375 0.100955784375 0.3056708828125 0.0608310515625 0.265743040625 0.060437268749999995 0.2353049296875 0.1100517375 0.24107752656249998 0.13207112031249998 0.269897234375 0.145333159375
2 0.461204278125 0.38481366875 0.4884607515625 0.3541353921875 0.4889529796875 0.3042255875 0.437479940625 0.25979304375 0.3889364796875 0.32320505625 0.40850662031249996 0.36332979062500004 0.461204278125 0.38481366875
2 0.3076160046875 0.268495215625 0.378222125 0.296145471875 0.412377371875 0.27451987187500004 0.4199652609375 0.2136988234375 0.37681250624999996 0.13540636875 0.33502609375 0.121018153125 0.2898611578125 0.14553005000000002 0.27826079375 0.2083081140625 0.3076160046875 0.268495215625
2 0.0758651078125 0.48583411249999997 0.144317321875 0.5294358171875 0.17250308125 0.5057547578125 0.18009097031250001 0.444933709375 0.1565083578125 0.40676598750000004 0.1066969984375 0.3962918 0.08364988749999999 0.4050491421875 0.06833238750000001 0.4398383359375 0.0758651078125 0.48583411249999997
2 0.1659310296875 0.7672427546875 0.20400030624999999 0.7536421015625 0.19387662187500002 0.6666907531249999 0.166183090625 0.64046200625 0.126255246875 0.6400682265625 0.097872596875 0.6837132078125 0.12311688750000001 0.7558392828125 0.1659310296875 0.7672427546875
2 0.4050491421875 0.9163501125 0.45383277031249997 0.9298090437500001 0.4773721078125 0.8711418984374999 0.4617159953125 0.8390421109374999 0.41200308281250003 0.8185859640625001 0.39296844375 0.8253862890624999 0.3775525 0.870157446875 0.4050491421875 0.9163501125
2 0.5466551625 0.9317227812500001 0.60336529375 0.9512496468749999 0.62352610625 0.9314826140625 0.6289600906249999 0.8866130140624999 0.6034204625 0.84443281875 0.56163405 0.8300446031250001 0.5285065343750001 0.8486854609375 0.527085021875 0.891598046875 0.5466551625 0.9317227812500001
2 0.6349295781250001 0.8886684718750001 0.6662418031249999 0.952868046875 0.69711696875 0.9601606 0.7894038578125 0.9151492765624999 0.7557408390625 0.8868650718750001 0.7267242390625 0.8935669531249999 0.7152774921875 0.8395462312499999 0.683473040625 0.8252564609374999 0.6503455234375 0.8438973171875 0.6349295781250001 0.8886684718750001
2 0.8237365046875 0.3694215078125 0.8644951859375001 0.3867944671875 0.9430829765625001 0.3136958296875 0.9483200703125 0.28879014999999997 0.928651484375 0.25864737656250003 0.8292256578125 0.2177350796875 0.7920856656249999 0.23833295 0.78058375 0.2911290546875 0.8237365046875 0.3694215078125
2 0.40859375 0.728125 0.2171875 0.2203125
2 0.95859375 0.69921875 0.0828125 0.1921875