2 0.25682914375 0.72755771875 0.2252836890625 0.726384403125 0.2003912765625 0.7671561484375 0.2041244359375 0.8026747875 0.220710440625 0.8323536624999999 0.26346877968750004 0.8547928375 0.29712083906250003 0.833300359375 0.29946746874999997 0.7702094515625 0.25682914375 0.72755771875
2 0.47578074218750005 0.7180116062499999 0.45358159374999996 0.72034483125 0.4216761 0.7798091875 0.43218231406249996 0.8370603296875 0.46652763750000004 0.864872625 0.5080060546875 0.853779753125 0.5674838171875 0.8003951890625001 0.47578074218750005 0.7180116062499999
2 0.59881605625 0.6714135031249999 0.504766353125 0.6521208281249999 0.4931934296875 0.6914926390625 0.54645798125 0.771182959375 0.5795233843750001 0.76546320625 0.6009092578125 0.734037765625 0.59881605625 0.6714135031249999
2 0.474980871875 0.60362933125 0.421822925 0.5890165140625 0.39389061875000003 0.64357439375 0.402530253125 0.68306621875 0.4329023921875 0.7157849890625 0.46596779218749995 0.7100652359375 0.4889936265625 0.6515341718750001 0.474980871875 0.60362933125
2 0.58108355 0.502699965625 0.5540979390625 0.4808474484375 0.5230191296875 0.48411396250000005 0.48831376718749997 0.5169393390625 0.4843271765625 0.607135871875 0.517619196875 0.6462810640625001 0.56049755 0.6485076828125 0.599522728125 0.63542821875 0.609349084375 0.5580845296875 0.58108355 0.502699965625
2 0.4731276984375 0.5005799546875 0.4461420859375 0.4787274375 0.415529921875 0.48643378281249994 0.39951716875 0.5262722375 0.43222253281249995 0.58119015625 0.4568749203125 0.5808435249999999 0.477794146875 0.544978253125 0.4731276984375 0.5005799546875
2 0.69789225 0.674466803125 0.662026978125 0.6535475765625 0.626974984375 0.6617205640625 0.6100289421875 0.6926793609375 0.62053515625 0.7499305046875 0.654413834375 0.7733029703125001 0.687012590625 0.7631433890625 0.7039586328125 0.732184590625 0.69789225 0.674466803125
2 0.751423640625 0.5431518921875 0.7204648437500001 0.5262058484375001 0.673839928125 0.5737506515625 0.6799063109375 0.6314684390624999 0.7147182796875 0.6637205640625 0.7537434578125 0.6506411 0.7619298546875 0.6004030359375 0.751423640625 0.5431518921875
2 0.8448866875000001 0.5782172937500001 0.821407615625 0.5470184703125 0.7719828296875 0.5679242906249999 0.7670629484375 0.649241165625 0.78808878125 0.6784533953125 0.81274116875 0.6781067625 0.8430067015624999 0.64574803125 0.8448866875000001 0.5782172937500001
2 0.823407615625 0.45927517656249994 0.8017951234374999 0.4458356734375 0.761836653125 0.45003547812500005 0.73787753125 0.499686884375 0.7745560796875 0.5496983281250001 0.8120613109375 0.5435119312500001 0.8290073546875 0.5125531343749999 0.823407615625 0.45927517656249994
2 1 0.476390509375 0.9300835453125 0.42786314062499997 0.898418078125 0.44690238281249994 0.8920982625 0.514899765625 0.9371898249999999 0.5595380890625 1 0.5238143328125 1 0.476390509375
2 1 0.5478344640625 0.9675619624999999 0.592256859375 0.9927876031249999 0.6614275578125001 1 0.6594324890625 1 0.5478344640625
2 0.9552025765625001 0.43195633750000006 0.988614609375 0.450888971875 0.9843082000000001 0.345853003125 0.946096296875 0.38802468437500004 0.9552025765625001 0.43195633750000006
2 0.906404665625 0.181219259375 0.8808189890625 0.17268623125 0.8462336390624999 0.18529905156249998 0.8337274265625 0.2157912015625 0.8491401156249999 0.2770155296875 0.8820855046875 0.29150833593750003 0.906271246875 0.2867218734375 0.9346702 0.236603821875 0.906404665625 0.181219259375
2 0.821201353125 0 0.8171682359375 0.0155322125 0.8512735328125001 0.083769621875 0.8803657515625 0.08295634375 0.90479151875 0.037744768750000005 0.893750709375 0 0.821201353125 0
2 0.6027630734375 0.0896891796875 0.5672444343749999 0.0934223390625 0.5383788375 0.1391005609375 0.55168491875 0.22299068281249998 0.6077627484375 0.2440299234375 0.6409481640625 0.2180976140625 0.6365217390625 0.1332742015625 0.6027630734375 0.0896891796875
2 0.52645928125 0.153819984375 0.4772745203125 0.13430069218750001 0.4544887125 0.15240664375 0.4392892375 0.2213373171875 0.46171500625000006 0.2638690359375 0.48975392187500005 0.27438865625000003 0.522819321875 0.26866890312499997 0.54584515625 0.2101378390625 0.52645928125 0.153819984375
2 0.420263403125 0.10438179218750002 0.398064253125 0.10671501718750001 0.38065156718750004 0.1332339828125 0.3848513703125 0.17319245156250002 0.4147568640625 0.201471390625 0.4444357390625 0.1848853875 0.45215548906249997 0.13020749375000001 0.420263403125 0.10438179218750002
2 0.47940190937500005 0 0.41245045156250004 0.0086921265625 0.4238899546875 0.0748229296875 0.45426209375 0.1075417 0.5017002890625 0.089089115625 0.5031821765625 0 0.47940190937500005 0
2 0.36403875 0.27413522343749996 0.308080934375 0.2328834265625 0.2774687703125 0.240589771875 0.22873724687500002 0.310800365625 0.2520963046875 0.3622117453125 0.303267659375 0.3792778 0.34918590625 0.367718284375 0.3745449625 0.33138636718750003 0.36403875 0.27413522343749996
2 0.3434527484375 0.41994294062500004 0.315533846875 0.3892107625 0.2475364625 0.3828909484375 0.2212441171875 0.41034320312499994 0.2249772765625 0.4458618421875 0.2946012140625 0.5103660921875 0.32719997031250003 0.5002065109375 0.3485858421875 0.46878106875 0.3434527484375 0.41994294062500004
2 0.178445559375 0.6437742015625 0.1376738125 0.6188817890625 0.0971286859375 0.6388543203125 0.09524870156250001 0.7063850578124999 0.11230134843749999 0.7405037625 0.150273225 0.738757196875 0.1840452984375 0.697052159375 0.178445559375 0.6437742015625
2 0.008465506250000001 0.5426846046875 0.0151051421875 0.6699197234375001 0.0557702828125 0.6297346359375 0.05017054375 0.5764566765625 0.008465506250000001 0.5426846046875
2 0 0.063424646875 0.02290533125 0.103501484375 0.06029055 0.11752764375 0.0948759 0.1049148234375 0.10610218906249999 0.0408906265625 0 0.049943325 0 0.063424646875