2 0.2284241265625 0.5413028765625 0.2084127703125 0.49838838750000003 0.1649353328125 0.48731468749999995 0.1185815203125 0.5298282000000001 0.1101760015625 0.579027571875 0.13877025468749998 0.617939790625 0.176718546875 0.6246256484375 0.2173504265625 0.5847803171875 0.2284241265625 0.5413028765625
2 0.27386023125 0.377310109375 0.25307773437500003 0.3626197078125 0.18880239375000002 0.3891087296875 0.168953009375 0.4436444640625 0.179432946875 0.4735882125 0.2128006125 0.4928592421875 0.250941690625 0.4924890765625 0.2833762421875 0.442533971875 0.27386023125 0.377310109375
2 0.3610387078125 0.28789524218749996 0.28874341718749996 0.349471590625 0.28072346875 0.3845589171875 0.300927609375 0.42041738593750005 0.319041925 0.429385853125 0.35776135781249996 0.4078476234375 0.3610387078125 0.28789524218749996
2 0.130619146875 0.45107064843750005 0.0955318203125 0.4430507 0.0594805671875 0.47031086406249994 0.0484068671875 0.5137883015625 0.0602208953125 0.54659301875 0.1128595875 0.5324963796875 0.13537715156250002 0.4836825796875 0.130619146875 0.45107064843750005
2 0 0.6516421109375 0.00507599375 0.652417946875 0.0354053140625 0.627825965625 0.048391460937500005 0.566041425 0.025326353125 0.5315170484375 0 0.5334853515625 0 0.6516421109375
2 0.2789267734375 0.6570756078125 0.238117515625 0.651723840625 0.20053938750000003 0.683179059375 0.1932751734375 0.74229541875 0.2233963015625 0.7770125796875 0.283283803125 0.7560527046875001 0.300079434375 0.7099070859375 0.2789267734375 0.6570756078125
2 0.163300609375 0.8572816015625 0.131267034375 0.8408715390625 0.08644009687500001 0.8791899953125 0.163285203125 0.909534721875 0.17225367187500001 0.89142040625 0.163300609375 0.8572816015625
2 0.4301878078125 0.548227740625 0.414371509375 0.5068401265625 0.3516230421875 0.5291340921875001 0.3405493421875 0.5726115328125 0.3649485390625 0.609996875 0.3788677984375 0.6174384671875 0.4133921765625 0.5943733609375 0.4301878078125 0.548227740625
2 0.5106958328125 0.44450804374999997 0.4944939640625 0.41723247499999994 0.469323625 0.4080712203125 0.4347992484375 0.431136328125 0.41953049218749994 0.473086890625 0.43668088125000004 0.5173354703124999 0.4675731515625 0.52382854375 0.502675884375 0.4795953703125 0.5106958328125 0.44450804374999997
2 0.5827675250000001 0.4944939640625 0.56542435 0.45730140468749997 0.5330052046875 0.45500338906250004 0.508397815625 0.47692718906250003 0.49465593593749996 0.514682696875 0.51600138125 0.560458153125 0.549947403125 0.5585611125 0.5732207 0.5337763453125 0.5827675250000001 0.4944939640625
2 0.6041745984375 0.3312569296875 0.5868314234375 0.294064371875 0.5313317640624999 0.3094951015625 0.5194869234375 0.381196628125 0.5501864078125001 0.394745725 0.583183909375 0.3758756734375 0.6041745984375 0.3312569296875
2 0.6955327234375 0.2956220609375 0.6661673296874999 0.28493393125 0.633169828125 0.30380398125 0.6224816984375 0.3331693765625 0.615217484375 0.3922857359375 0.6342803203125 0.41822721406249996 0.6785289 0.40107682499999997 0.702573340625 0.34806796875 0.6955327234375 0.2956220609375
2 0.571238721875 0.141114490625 0.539205146875 0.12470442968749999 0.5035394656250001 0.13785254687499998 0.481407471875 0.172554303125 0.4844458171875 0.2164173140625 0.509230584375 0.23969061093750002 0.5458447843750001 0.2435155046875 0.5809475187500001 0.19928232968749998 0.571238721875 0.141114490625
2 0.4445850765625 0.22803855624999997 0.40281189375000004 0.2579669 0.38715756562500003 0.3140295078125 0.45848893124999995 0.2877332703125 0.47128229062500004 0.233004753125 0.4445850765625 0.22803855624999997
2 0.624101015625 0.015455585937499999 0.6362852046875 0.086401378125 0.675953159375 0.081836159375 0.6982779390625 0.04007838125 0.624101015625 0.015455585937499999
2 0.8828604171875 0.10726090937499999 0.87845716875 0.165043178125 0.8933249484375001 0.1894577828125 0.949580340625 0.1980560859375 0.9974610296875 0.1513475171875 0.8828604171875 0.10726090937499999
2 0.5063775234375 0.8610061484375 0.4791173609375 0.8249548953125 0.44192480156249997 0.8422980703125 0.42818292187500007 0.8800535765624999 0.441523825 0.9086632359375001 0.463833196875 0.9191585796874999 0.5029382015625 0.8835083046875001 0.5063775234375 0.8610061484375
2 0.8098635171874999 0.608030303125 0.7846931796875001 0.5988690484375 0.757417609375 0.6150709187500001 0.7406219765625 0.6612165375 0.752821575 0.6799092109375 0.8165185625 0.6745882562500001 0.8256798156249999 0.64941791875 0.8098635171874999 0.608030303125
2 0.5746198437500001 1 0.574608915625 0.9998593906250001 0.5442950015625 0.9721982499999999 0.505961140625 0.9796244375000001 0.48887424843750005 1 0.5746198437500001 1
2 0.8088687765625 0.747816659375 0.7983888390625 0.717872909375 0.7633015125 0.7098529609375 0.7329721921875 0.7344449421875 0.7310443390625 0.805005165625 0.7590756437499999 0.812832328125 0.7936000203125 0.7897672234375 0.8088687765625 0.747816659375
2 0.8340083015624999 0.8614841578125001 0.8155238234375 0.8143746125 0.784631553125 0.8078815390624999 0.7428583671875 0.8378098828124999 0.7233945546875 0.8782335703124999 0.73215483125 0.9194283984375 0.779634540625 0.939084996875 0.8126320437500001 0.9202149468749999 0.8340083015624999 0.8614841578125001
2 0.7078480734375 0.568524321875 0.6748659796875 0.53514125 0.62164893125 0.5704059546875 0.60790705 0.6081614609375 0.6212479531249999 0.6367711218750001 0.6534743140625 0.6461251609375 0.6895255671875 0.6188649984375 0.7078480734375 0.568524321875
2 0.90625 0.5171875 0.1875 0.25
2 0.9359375 0.63515625 0.128125 0.1640625
2 0.790625 0.98125 0.125 0.0375
2 0.421875 0.0171875 0.175 0.034375
2 0.16640625 0.13671875 0.2 0.26875