2 0 0.6431438453125 0.017215915625 0.6924932593750001 0.05404099531249999 0.7108766906249999 0.09788030625000001 0.691900859375 0.1314071421875 0.631245734375 0.1270405359375 0.5749455718750001 0.07720878125 0.534915396875 0.015508576562500001 0.5609403921875 0 0.5990759203125 0 0.6431438453125
2 0 0.517969759375 0.006287753124999999 0.5333361375 0.0322778171875 0.5398161875 0.066362121875 0.5046052999999999 0.0706705125 0.46887187187499996 0.0571180109375 0.44018760781250005 0.028422103124999997 0.43533339218749995 0 0.45957585625 0 0.517969759375
2 0.1658393359375 0.2901581609375 0.155526859375 0.24847886562500002 0.0997492375 0.223069559375 0.0564906796875 0.3043030625 0.06680315625 0.3459823578125 0.09496488125 0.3622057734375 0.14854755625 0.3410582828125 0.1658393359375 0.2901581609375
2 0.1490235203125 0.23765549375 0.18853115625 0.21759965625 0.2025829109375 0.17969456718750002 0.195510459375 0.125020240625 0.151647859375 0.10718263593749999 0.1235094234375 0.1277726578125 0.1051376359375 0.18300445468749998 0.12086179687500001 0.22143208125 0.1490235203125 0.23765549375
2 0.26962493906249996 0.039977596875 0.2414865015625 0.060567618749999996 0.226354740625 0.10280438437499999 0.2420789015625 0.14123201093749999 0.28106399843749996 0.1509520859375 0.331360075 0.0691727578125 0.26962493906249996 0.039977596875
2 0.306554809375 0.2240214890625 0.3086915390625 0.1785446984375 0.27727814687499996 0.15690959843750002 0.2572455953125 0.1542154 0.22965298281250002 0.181842940625 0.2421487625 0.25167231874999996 0.26921883593749996 0.25382069218750003 0.306554809375 0.2240214890625
2 0.4710886890625 0.154621503125 0.4282828109375 0.0956387859375 0.399586903125 0.09078456875 0.371448465625 0.11137459062499999 0.360660025 0.1730980828125 0.3796358546875 0.2169373953125 0.4186209515625 0.2266574703125 0.4710886890625 0.154621503125
2 0.44309805312500006 0 0.42553039375 0.0236377484375 0.42123364687500003 0.07777789375000001 0.4553645265625 0.11619387656249999 0.4943496234375 0.125913953125 0.5370972828125 0.09286308125 0.5392107265625 0.0105728546875 0.5328579140625 0 0.44309805312500006 0
2 0.4500576328125 0.28510600625000004 0.49986610000000004 0.2883227453125 0.545865428125 0.2606835578125 0.5534022015625 0.19354838125 0.5024904390625 0.157849884375 0.4721803390625 0.16869654375 0.4408135203125 0.220688315625 0.4332534609375 0.25101005781249996 0.4500576328125 0.28510600625000004
2 0.53244100625 0.43447319218749997 0.6011670875 0.3894956546875 0.6195505171875 0.3526705734375 0.60382635625 0.3142429484375 0.55020875 0.28017028593750004 0.49284022343749995 0.3072752875 0.4712167671875 0.3570954 0.48262089531249996 0.4128497359375 0.53244100625 0.43447319218749997
2 0.7397225453125 0.33202233593749997 0.7148241328125 0.33961732499999997 0.687788990625 0.39268910468749996 0.700273128125 0.4441117640625 0.7381782140625 0.4581635171875 0.8068926515625 0.3947792609375 0.7397225453125 0.33202233593749997
2 0.9039318234374999 0.60531246875 0.9542628296875 0.5787532921875 0.9704629562499999 0.5137781312499999 0.9525671359375 0.4656071421875 0.90329285 0.4510212046875 0.8686627187499999 0.4791945734375 0.85029093125 0.5344263703125 0.8638550765625 0.5815173515625001 0.9039318234374999 0.60531246875
2 0.7965918203125 0.3715066828125 0.8328594296875 0.36444587500000003 0.8599062156249999 0.3297808140625 0.8815180281250001 0.261553984375 0.853344659375 0.22692385312500002 0.8019103578125 0.221001271875 0.7580826890625 0.2583838203125 0.74837425625 0.315775634375 0.7965918203125 0.3715066828125
2 0.8802137453125001 1 0.8640879453125001 0.9496517093750001 0.840803725 0.9415458234375 0.8094136187500001 0.9567241609374999 0.7950187484375 1 0.8802137453125001 1
2 0.5446820484375 0.9574329953125 0.575526328125 0.9352171390624999 0.5895664375 0.8789053328125 0.571670615625 0.8307343421875 0.5440547171875 0.8215484500000001 0.51374461875 0.8323951078125 0.480217784375 0.893050234375 0.4981136046875 0.9412212234374999 0.5446820484375 0.9574329953125
2 0.549184615625 1 0.5549828812500001 0.9807055734375 0.5192378093750001 0.9579904640624999 0.48892771249999994 0.9688371234375 0.47737535624999994 1 0.549184615625 1
2 0.72734375 0.671875 0.2046875 0.21875
2 0.92890625 0.21796875 0.1421875 0.2390625
2 0.234375 0.7234375 0.1640625 0.225