2 0.36875 0.0828125 0.10390625 0.1359375
2 0.109375 0.3453125 0.13671875 0.17890625
2 0.0359375 0.05390625 0.071875 0.1078125
2 0.17734375 0.075 0.090625 0.13203125
2 0.096875 0.08046875 0.08359375 0.1203125
2 0.2140625 0.43125 0.11484375 0.1671875
2 0.41015625 0.64609375 0.10078125 0.1140625
2 0.36640625 0.9515625 0.11171875 0.096875
2 0.490625 0.81640625 0.084375 0.11015625
2 0.59921875 0.72109375 0.1140625 0.13828125
2 0.671875 0.6109375 0.09296875 0.125
2 0.80078125 0.52265625 0.09453125 0.1234375
2 0.67265625 0.0765625 0.08671875 0.115625
2 0.91640625 0.38203125 0.096875 0.134375
2 0.96796875 0.57109375 0.0640625 0.1828125
2 0.73671875 0.65078125 0.0890625 0.10703125
2 0.7140625 0.74453125 0.1484375 0.15703125
2 0.88828125 0.68984375 0.07890625 0.1078125
2 0.95625 0.80234375 0.0875 0.1515625
2 0.2890625 0.9390625 0.0859375 0.10859375
2 0.140625 0.66484375 0.1625 0.2609375
2 0.58515625 0.2734375 0.2234375 0.196875