2 0.64765625 0.90546875 0.159375 0.165625
2 0.7484375 0.8578125 0.14375 0.1609375
2 0.6734375 0.77265625 0.1796875 0.1921875
2 0.7796875 0.57109375 0.1671875 0.18125
2 0.6546875 0.56953125 0.1578125 0.1765625
2 0.553125 0.58828125 0.1578125 0.1734375
2 0.44296875 0.8359375 0.13125 0.146875
2 0.37265625 0.76171875 0.1515625 0.15625
2 0.1875 0.79921875 0.165625 0.1796875
2 0.196875 0.5609375 0.1546875 0.1703125
2 0.021875 0.55 0.04375 0.19375
2 0.5296875 0.21484375 0.1625 0.178125
2 0.65703125 0.18671875 0.2140625 0.2375
2 0.52109375 0.01875 0.1359375 0.0375