2 0.67421875 0.0984375 0.1171875 0.1453125
2 0.9046875 0.38671875 0.1546875 0.1921875
2 0.9828125 0.10390625 0.034375 0.1140625
2 0.865625 0.1109375 0.1046875 0.140625
2 0.94453125 0.125 0.0953125 0.128125
2 0.79140625 0.46171875 0.13125 0.178125
2 0.57421875 0.6546875 0.1125 0.1234375
2 0.5859375 0.9546875 0.121875 0.090625
2 0.4765625 0.815625 0.0953125 0.11875
2 0.378125 0.709375 0.128125 0.15
2 0.3171875 0.5921875 0.10625 0.134375
2 0.1984375 0.49140625 0.10625 0.1328125
2 0.37265625 0.0609375 0.0984375 0.121875
2 0.0984375 0.3390625 0.1109375 0.14375
2 0.034375 0.52109375 0.06875 0.1890625
2 0.2484375 0.625 0.1 0.115625
2 0.26171875 0.72109375 0.1640625 0.171875
2 0.09375 0.6484375 0.0890625 0.115625
2 0.0328125 0.753125 0.065625 0.159375
2 0.6640625 0.95 0.096875 0.1
2 0.83984375 0.7015625 0.1890625 0.2765625
2 0.4390625 0.265625 0.2421875 0.21875