2 0.78373930625 0.8695307171875 0.7734473015625001 0.815370065625 0.7474726265625 0.795835528125 0.6926801734375 0.8202307 0.674113690625 0.8561407703125001 0.6818377828125 0.9045337953124999 0.72736735 0.9291838046875001 0.760373253125 0.9179440968750001 0.78373930625 0.8695307171875
2 0.742316446875 0.753210128125 0.7111855921875 0.6910501921875001 0.67110775 0.6708838515625 0.643553575 0.68660723125 0.62149183125 0.7689945687499999 0.637551465625 0.820587309375 0.6654418953125 0.82890249375 0.727917734375 0.7907200546875 0.742316446875 0.753210128125
2 0.8396935890625 0.661478484375 0.8287697828124999 0.6214209984375 0.7902918 0.5970868890625 0.7502343125000001 0.6080106953125 0.71373315 0.665727671875 0.75513565625 0.750958115625 0.7746905484375 0.7560735875 0.8214633625 0.72142711875 0.8396935890625 0.661478484375
2 0.8219730375 0.520783078125 0.80848131875 0.4749579640625 0.7700033328125 0.45062385625 0.7200104515625 0.46251571875 0.6966443984375 0.5109290984375 0.710472371875 0.5807927734375 0.734195034375 0.587508103125 0.777136334375 0.5753003390625 0.8219730375 0.520783078125
2 0.7798776671875001 0.3563853625 0.7673540046875 0.32049564531249997 0.739779471875 0.305128878125 0.6907546453125 0.32695613749999997 0.674756075 0.368633834375 0.6949834781249999 0.4218264328125 0.7187061406249999 0.428541759375 0.7533119 0.4131342828125 0.7798776671875001 0.3563853625
2 0.6510334140625 0.3619185078125 0.6026403874999999 0.36964260000000004 0.572538653125 0.41068849687500003 0.5837987140625 0.4747845453125 0.6251605109375 0.49783469687500004 0.6777009515625 0.46062031562500005 0.6904998078125 0.42727815781249995 0.6510334140625 0.3619185078125
2 0.40687733593750003 0.4809901984375 0.3924175609375 0.42522968906249997 0.3523397203125 0.40506335 0.3074826640625 0.42849046562500004 0.2866845234375 0.48267147499999996 0.29794458437500004 0.546767521875 0.324235159375 0.559250478125 0.387679053125 0.5310034359375 0.40687733593750003 0.4809901984375
2 0.28062135 0.5233811140625 0.2937157515625 0.4518972296875 0.2811920875 0.41600751249999995 0.25618546875 0.4064083703125 0.2045927296875 0.422468003125 0.1796268203125 0.47504915312499996 0.22488119375 0.5689310359374999 0.26525458125 0.5509556453125 0.28062135 0.5233811140625
2 0.2107780296875 0.5682992359375 0.197918109375 0.5083709562500001 0.1620080390625 0.48980447343750005 0.11875083906249999 0.5090638203125 0.085449390625 0.5584452578125 0.092205428125 0.5969028859375001 0.1464067890625 0.648791171875 0.1874119765625 0.616712615625 0.2107780296875 0.5682992359375
2 0.2303532765625 0.6045048515625 0.2101869359375 0.64458269375 0.241633690625 0.6996910468750001 0.28200707812500003 0.6817156578125 0.298005646875 0.6400379593750001 0.2752103328125 0.5810777359375 0.2303532765625 0.6045048515625
2 0 0.711071065625 0.059260587499999996 0.7014130296875 0.08485829843750001 0.634728715625 0.077470459375 0.6103742515625 0.038360675 0.600143309375 0 0.6198409500000001 0 0.711071065625
2 0.477841778125 0.1902347265625 0.46283161875 0.272937965625 0.4971418328125 0.29567221718750003 0.539746878125 0.2594258921875 0.5474099078125 0.21454848124999998 0.5159835078125 0.190530271875 0.477841778125 0.1902347265625
2 0.1828778265625 0.0554901359375 0.1636184796875 0.0122329359375 0.111770903125 0.12861458750000002 0.17104702656249998 0.098767690625 0.1828778265625 0.0554901359375
2 0.47109375 0.00859375 0.1203125 0.0171875
2 0.05 0.76328125 0.1 0.1921875