2 0.4641340140625 0 0.46540276562500005 0.019094865625 0.49775487968750004 0.0727560296875 0.5427882609375 0.08738826250000001 0.5705564359374999 0.0632189 0.57513073125 0.0082791375 0.5684037156249999 0 0.4641340140625 0
2 0.314856103125 0.1759683796875 0.36792068125 0.19652928593750002 0.40049048750000005 0.1473666375 0.3941829203125 0.10548703749999999 0.3719645234375 0.0717144125 0.31394675625 0.05618247656250001 0.289105028125 0.0713451609375 0.27852628125 0.124333959375 0.314856103125 0.1759683796875
2 0.42060636249999994 0.167179396875 0.4616620375 0.1838383734375 0.49933659218750004 0.14961107499999998 0.5021114796874999 0.12064007968749998 0.47576381718749994 0.0689298796875 0.43771036875 0.053246385937499995 0.394931065625 0.07253833750000001 0.3941829203125 0.10548703749999999 0.42060636249999994 0.167179396875
2 0.5014487578125 0.296341228125 0.59444196875 0.31659901874999996 0.6211588828125 0.2854497234375 0.6125972375 0.20964594062500003 0.5762674156250001 0.15801151875 0.52823180625 0.142403803125 0.4736709390625 0.1877403015625 0.4710476078125 0.23667561250000002 0.5014487578125 0.296341228125
2 0.502433884375 0.4261092921875 0.5755385578125 0.456500796875 0.6093869625 0.444264559375 0.6240191953124999 0.39923117656249996 0.6116313984375 0.345418453125 0.5834843281250001 0.31967702187499997 0.517511146875 0.3081985734375 0.490642675 0.31938355 0.481863334375 0.3464035796875 0.502433884375 0.4261092921875
2 0.6595154484375 0.341061853125 0.744477465625 0.3553909703125 0.755131990625 0.3123843296875 0.7265302484375 0.226749946875 0.650499128125 0.2053651171875 0.626708659375 0.2275077359375 0.64337728125 0.31922235 0.6595154484375 0.341061853125
2 0.6905986078125 0.490566896875 0.7295517609375 0.49326600625 0.7573199359375 0.46909664375000004 0.7598674875 0.41017917343750004 0.7215867015625 0.364549203125 0.6755778375 0.3529191953125 0.648709365625 0.364104175 0.6462375921875 0.4330038015625 0.6905986078125 0.490566896875
2 0.7650383703125 0.3023263921875 0.8120984968749999 0.320936334375 0.8458711234375 0.29871793593749996 0.8504454171875 0.243778175 0.8262002765625001 0.206027840625 0.77816466875 0.1904201234375 0.745367525 0.209636296875 0.7427441953125 0.2585716078125 0.7650383703125 0.3023263921875
2 0.26397947187500004 0.3121197890625 0.3029326234375 0.3148188984375 0.3273954578125 0.24974542031250002 0.29504334375 0.19608425625 0.25698989375000003 0.1804007609375 0.22419275156250001 0.199616934375 0.21564074843749997 0.25658343906250003 0.26397947187500004 0.3121197890625
2 0.2398955328125 0.42710406093750003 0.26969045 0.40691240781250004 0.274188965625 0.3419904859375 0.23590818125 0.296360515625 0.1879483515625 0.290734959375 0.16048329374999998 0.35483295625 0.18683095624999999 0.40654315625 0.2398955328125 0.42710406093750003
2 0.16611849218750002 0.4396434171875 0.178875540625 0.41059664375000005 0.152527878125 0.35888644375 0.10246552499999999 0.3393010203125 0.078675059375 0.3614436390625 0.09519212031249999 0.43319393437500003 0.16611849218750002 0.4396434171875
2 0 0.40514765312499995 0.0321453859375 0.4127088078125 0.0726706078125 0.359492675 0.050300653125000004 0.30575573125 0.0161491328125 0.27806333437499997 0 0.2852490734375 0 0.40514765312499995
2 0.1218428984375 0.52483276875 0.162898575 0.541491746875 0.188715784375 0.5233268359375 0.19546838125 0.492329096875 0.1652187890625 0.45262779999999997 0.139250021875 0.4508283921875 0.11238155000000001 0.462013371875 0.10765569531250001 0.49698881562499997 0.1218428984375 0.52483276875
2 0.13543351406249998 0.6055897421875 0.09774931718749999 0.507046753125 0.059695865625 0.491363259375 0.0200703484375 0.5315950109375 0.0383110375 0.567394378125 0.13543351406249998 0.6055897421875
2 0.51138406875 0.6845941578125 0.5372770578125 0.6764114046875 0.5377978671875 0.6135162265625 0.47775335625000004 0.5940065828125001 0.45598963281250005 0.6201269093749999 0.4642481640625 0.6560020578125 0.51138406875 0.6845941578125
2 0.5451663375 0.795146046875 0.6001818796875 0.809702503125 0.6240481250000001 0.7975420421875 0.636653615625 0.7485309515624999 0.6103059531249999 0.6968207515625 0.570225759375 0.67715955 0.5215177859375 0.7044826953125 0.5107874812500001 0.7375071765625 0.5451663375 0.795146046875
2 0.7051082140625 0.8238800609375 0.7521683390625 0.8424900031250001 0.77798555 0.8243250921874999 0.782711403125 0.7893496468750001 0.7604172265625 0.7455948625000001 0.722363778125 0.7299113687500001 0.689566634375 0.7491275390625 0.6828898171875 0.7901074359375 0.7051082140625 0.8238800609375
2 0.8960478265624999 0.859366671875 0.9646443390625 0.8219098109375 0.942274384375 0.768172865625 0.898216484375 0.750538409375 0.8605419296875001 0.7847657078125 0.860769265625 0.8147121828125 0.8960478265624999 0.859366671875
2 0.7965197125000001 0.7672828078125 0.843504059375 0.7759105890625 0.885156321875 0.739656546875 0.8897306171875 0.684716784375 0.859405246875 0.6350333265625 0.7973339921875 0.6115459750000001 0.7596594390625 0.645773275 0.7661943421874999 0.71759935 0.7965197125000001 0.7672828078125
2 0.7872760546875 0.6016395953125 0.838238109375 0.608240634375 0.8647276859374999 0.5471448640625 0.834402315625 0.4974614078125 0.790344415625 0.4798269484375 0.7547723828125 0.5280141140625 0.7651334375000001 0.577849128125 0.7872760546875 0.6016395953125
2 0.44159437968750004 0.82787705625 0.4806233125 0.8405583249999999 0.50051185 0.8304246093750001 0.50313518125 0.781489296875 0.49089894218749996 0.74764089375 0.44879200625 0.7240019828125 0.42395027812499997 0.73916466875 0.419224425 0.7741401140625 0.44159437968750004 0.82787705625
2 0.37592431406250004 0.856327240625 0.40692205000000004 0.8630798390625 0.42748295625 0.8100152609375 0.391153134375 0.758380840625 0.3671353296875 0.7505769828125 0.3422936015625 0.76573966875 0.33561678437500003 0.8067195640625 0.37592431406250004 0.856327240625
2 0.32759523437500004 0.9335611796875 0.371425796875 0.9212491625 0.3779510578125 0.86030495 0.32766136874999996 0.8107730500000001 0.29568815000000004 0.8070226796875 0.2660447890625 0.8471786515625 0.2784325859375 0.9009913734375001 0.32759523437500004 0.9335611796875
2 0.406855915625 0.9858679671875 0.4558670046875 0.9984734578125 0.4805571765625 0.96334645625 0.47822731718749995 0.9194401125 0.462013371875 0.8876184500000001 0.41998221406249997 0.8739617000000001 0.395140484375 0.8891243843750001 0.3885394484375 0.9400864406249999 0.406855915625 0.9858679671875
2 0.40434178125000003 1 0.40490495156249995 0.9918724187500001 0.38463751875 0.9520953421874999 0.34260636093749997 0.9384385906249999 0.3157378890625 0.9496235687500001 0.309061071875 0.9906034640625 0.3173512890625 1 0.40434178125000003 1
2 0.56436809375 1 0.5444278359375 0.9608650390625 0.5123788375 0.947132509375 0.487537109375 0.9622951937499999 0.48476222187499995 0.9912661875 0.49033217812499996 1 0.56436809375 1
2 0.749848125 0.9313539484375 0.7235004609375 0.8796437484374999 0.6694604015625 0.8620850687500001 0.6258571749999999 0.9043435625 0.6573853656249999 0.9809712703125 0.749848125 0.9313539484375
2 0.5421875 0.48828125 0.203125 0.203125