2 0.2037483609375 0.6655733515625 0.170096853125 0.6704217625 0.1379103859375 0.6525538875 0.11584366406249999 0.7090350046875 0.166660890625 0.7781126640625 0.23080718125000002 0.7629482296875 0.246673771875 0.720981984375 0.2037483609375 0.6655733515625
2 0.23419055156250002 0.819316025 0.2168285546875 0.7892441640625 0.1952677109375 0.7834669546875 0.1574173546875 0.8126100140625001 0.1504847015625 0.838483028125 0.16826961875 0.8756008625 0.1914088265625 0.8841118796874999 0.2226361296875 0.8624377140625 0.23419055156250002 0.819316025
2 0.386498546875 0.906344515625 0.349040746875 0.8477791578125 0.31023122812500004 0.837380178125 0.28447153593749996 0.8558976171875001 0.26051685 0.9280490453124999 0.2763004828125 0.9553871015625001 0.3770587296875 0.9846960765624999 0.3918832 0.9724920906250001 0.386498546875 0.906344515625
2 0.5110152 0.9073562718750001 0.48965063593749997 0.8577248515625 0.4399058921875 0.8536393265625 0.4184583703125 0.87331220625 0.3991254546875 0.9282149593750001 0.4200670984375 0.9708004062500001 0.4572982546875 0.9784655796875 0.499460778125 0.9504779609374999 0.5110152 0.9073562718750001
2 0.5973415359375001 0.8611608140625 0.583136265625 0.8365565640625 0.5486389140625 0.8273130265624999 0.5240346640625 0.8415182968750001 0.513635684375 0.8803278171875 0.5322664453125 0.9315376000000001 0.5647625109375001 0.9310013578125 0.58694255625 0.899970334375 0.5973415359375001 0.8611608140625
2 0.53206203125 0.621824328125 0.5158554765625001 0.587440296875 0.4747350734375 0.58566565625 0.4388860015625 0.6245884968750001 0.45720716250000004 0.6942023984375 0.4846585375 0.7038688578125 0.52250889375 0.6747257953125 0.53206203125 0.621824328125
2 0.5725854640625 0.401594115625 0.5618465203125 0.364053359375 0.5132572203125 0.355655665625 0.47971903437499996 0.38595416875 0.4670091703125 0.433388025 0.4836386453125 0.4748180296875 0.5110900218750001 0.48448448906249997 0.556409275 0.4619644796875 0.5725854640625 0.401594115625
2 0.40869268124999997 0.26293292031250004 0.379776265625 0.275982746875 0.3595975046875 0.3167935515625 0.3727606546875 0.3711600625 0.4377527875 0.3700875765625 0.45928326718749996 0.28111039375 0.40869268124999997 0.26293292031250004
2 0.506686759375 0.1990658640625 0.49479237343750004 0.1658372765625 0.46145046562500003 0.1522815703125 0.42044338281250004 0.175957021875 0.39910918125 0.22107999375 0.42236170937499995 0.2550411015625 0.4498130859375 0.2647075609375 0.485352559375 0.2441888375 0.506686759375 0.1990658640625
2 0.26188266250000003 0.2675020953125 0.2476773921875 0.2428978453125 0.21002331562499998 0.2281866984375 0.1658595046875 0.2463945375 0.15083875625 0.3024527328125 0.17293584374999998 0.340726009375 0.20038722031249998 0.3503924671875 0.24801735625000002 0.31924812187499996 0.26188266250000003 0.2675020953125
2 0.1471154234375 0.1697346609375 0.0900151078125 0.1844761734375 0.074994359375 0.24053436874999998 0.09393471875 0.273340034375 0.125698265625 0.2841619359375 0.16817038906249998 0.23777019843749997 0.1471154234375 0.1697346609375
2 0.23975521249999998 0.134474425 0.1989444078125 0.1142956640625 0.16571581875000002 0.12619005 0.1544709984375 0.150907621875 0.18803955 0.21536351250000002 0.23389504374999998 0.2253395703125 0.25334128125 0.195886909375 0.23975521249999998 0.134474425
2 0.314530646875 0 0.2975576828125 0.013620375 0.2860032625 0.0567420625 0.309255790625 0.090703171875 0.339018053125 0.09174529218750001 0.3737116828125 0.057134620312499995 0.36491833906250004 0 0.314530646875 0
2 0.6965355109375 0.2753554125 0.63596886875 0.30303343125 0.633884628125 0.362557953125 0.665648171875 0.373379853125 0.6925633062500001 0.3505502453125 0.6965355109375 0.2753554125
2 0.693862434375 0.4664425625 0.6808126062500001 0.43752614375 0.624021890625 0.433863540625 0.6003768046875 0.48761085 0.6075361015625 0.512638021875 0.6349874765625 0.5223044781249999 0.6834634546875 0.5052520828125 0.693862434375 0.4664425625
2 0.9884112734375 0.4020918578125 0.9618886968749999 0.337213046875 0.9102559921875001 0.3487978328125 0.88145289375 0.3872977515625 0.8773673687500001 0.4370424953125 0.9092442359374999 0.4733144875 0.9487862765624999 0.47235532343750003 0.976856853125 0.445213546875 0.9884112734375 0.4020918578125
2 0.9742667328125 0.5669963953125 0.9297933234375 0.603608353125 0.9429564734375001 0.6579748624999999 0.9754525390625 0.6574386203125 0.9939396140625 0.58844391875 0.9742667328125 0.5669963953125
2 0.9980999609375001 0.1158273921875 0.9377295968749999 0.0996512015625 0.9229051265624999 0.11185518750000001 0.90588309375 0.1581336015625 0.9245138546874999 0.20934338593750002 0.9531206734375001 0.2146976765625 0.9952831984375001 0.18671005624999998 0.9980999609375001 0.1158273921875
2 0.7652428421875 0.053433515625000004 0.6880467234375 0.0396815296875 0.706677484375 0.09089131406249999 0.7298166921875 0.0994023296875 0.7544209421875 0.085197059375 0.7652428421875 0.053433515625000004
2 0.06328125 0.58125 0.1265625 0.21875
2 0.3859375 0.53671875 0.1859375 0.2328125