2 0.08671875 0.6625 0.171875 0.21875
2 0.0359375 0.5328125 0.071875 0.153125
2 0.0875 0.33125 0.1171875 0.1296875
2 0.21484375 0.97265625 0.1203125 0.0546875
2 0.30546875 0.9671875 0.1453125 0.065625
2 0.53984375 0.93828125 0.1640625 0.1234375
2 0.30703125 0.353125 0.13125 0.1515625
2 0.29609375 0.24921875 0.1296875 0.140625
2 0.38359375 0.1078125 0.19375 0.2109375
2 0.79375 0.04453125 0.134375 0.0890625
2 0.46640625 0.06328125 0.1609375 0.1265625
2 0.5515625 0.3328125 0.1546875 0.1671875
2 0.56796875 0.5359375 0.15 0.165625
2 0.703125 0.73359375 0.1265625 0.1359375
2 0.74609375 0.60390625 0.128125 0.1421875
2 0.65703125 0.19609375 0.153125 0.1703125
2 0.76015625 0.296875 0.1578125 0.1796875
2 0.77890625 0.42421875 0.1359375 0.1375
2 0.928125 0.340625 0.1328125 0.165625
2 0.8671875 0.46953125 0.1453125 0.153125
2 0.8390625 0.621875 0.1234375 0.1390625
2 0.7609375 0.8125 0.13125 0.1421875
2 0.35234375 0.778125 0.1734375 0.1984375
2 0.58515625 0.028125 0.1703125 0.05625
2 0.9359375 0.7203125 0.128125 0.19375