2 0.6741071421875 0.828125 0.6741071421875 0.8638392859374999 0.6941964281249999 0.8883928578125 0.7276785718750001 0.890625 0.75 0.828125 0.7299107140625 0.7946428578125 0.7075892859375 0.7946428578125 0.6741071421875 0.828125
2 0.7254464281249999 0.6696428578125 0.7098214281249999 0.7477678578125 0.734375 0.7901785718750001 0.7589285718750001 0.7924107140625 0.7946428578125 0.7522321421875 0.7946428578125 0.7254464281249999 0.7566964281249999 0.6741071421875 0.7254464281249999 0.6696428578125
2 0.7232142859375 0.6361607140625 0.7477678578125 0.6651785718750001 0.78125 0.671875 0.8080357140625001 0.5825892859375 0.7522321421875 0.5491071421875 0.7276785718750001 0.5736607140625 0.7232142859375 0.6361607140625
2 0.8727678578125 0.6383928578125 0.8392857140625001 0.7120535718750001 0.8772321421875 0.7589285718750001 0.9017857140625001 0.7566964281249999 0.9241071421875 0.7299107140625 0.9241071421875 0.6986607140625 0.9107142859374999 0.6629464281249999 0.8727678578125 0.6383928578125
2 1 0.6138392859375 0.9709821421875 0.5714285718750001 0.9441964281249999 0.5669642859375 0.9151785718750001 0.609375 0.9151785718750001 0.6763392859375 0.9441964281249999 0.7142857140625 0.9776785718750001 0.7165178578125 1 0.6897321421875 1 0.6138392859375
2 0.796875 0.45089285781250005 0.7589285718750001 0.515625 0.796875 0.5669642859375 0.8258928578125 0.5691964281249999 0.8571428578125 0.5379464281249999 0.8616071421875 0.484375 0.8459821421875 0.459821428125 0.796875 0.45089285781250005
2 0.5647321421875 0.5223214281249999 0.53125 0.546875 0.5267857140625 0.6183035718750001 0.5558035718750001 0.6651785718750001 0.5848214281249999 0.6674107140625 0.625 0.6495535718750001 0.6339285718750001 0.578125 0.609375 0.5267857140625 0.5647321421875 0.5223214281249999
2 0.5066964281249999 0.6696428578125 0.47321428593750003 0.6986607140625 0.46875 0.734375 0.477678571875 0.765625 0.5267857140625 0.7924107140625 0.5625 0.7611607140625 0.5669642859375 0.7120535718750001 0.5424107140625 0.6785714281249999 0.5066964281249999 0.6696428578125
2 0.578125 0.7589285718750001 0.5535714281249999 0.796875 0.5580357140625 0.8549107140625001 0.578125 0.8839285718750001 0.6071428578125 0.890625 0.6383928578125 0.859375 0.6428571421875 0.8058035718750001 0.6183035718750001 0.7633928578125 0.578125 0.7589285718750001
2 0.475446428125 0.7901785718750001 0.45535714218749995 0.8191964281249999 0.45535714218749995 0.8727678578125 0.484375 0.9107142859374999 0.5133928578125 0.9129464281249999 0.5491071421875 0.8772321421875 0.5491071421875 0.8325892859374999 0.5290178578125 0.8035714281249999 0.475446428125 0.7901785718750001
2 0.3928571421875 0.953125 0.40178571406249997 0.9977678578125 0.46875 0.9977678578125 0.46875 0.921875 0.44866071406249997 0.9017857140625001 0.421875 0.90625 0.3928571421875 0.953125
2 0.196428571875 0.9263392859374999 0.1897321421875 1 0.28571428593750003 0.9977678578125 0.28571428593750003 0.9308035718750001 0.27008928593750003 0.9107142859374999 0.22544642812500001 0.90625 0.196428571875 0.9263392859374999
2 0.25 0.7924107140625 0.25 0.8325892859374999 0.2946428578125 0.8549107140625001 0.3303571421875 0.8058035718750001 0.30580357187499996 0.7455357140625 0.27008928593750003 0.7544642859375 0.25 0.7924107140625
2 0.29241071406249997 0.6517857140625 0.265625 0.6473214281249999 0.2321428578125 0.6852678578125 0.2321428578125 0.7254464281249999 0.2678571421875 0.7566964281249999 0.25 0.8325892859374999 0.2946428578125 0.8549107140625001 0.3303571421875 0.8102678578125 0.30803571406249997 0.7477678578125 0.32142857187499996 0.6941964281249999 0.29241071406249997 0.6517857140625
2 0.133928571875 0.7433035718750001 0.133928571875 0.7834821421875 0.1584821421875 0.8080357140625001 0.18303571406250002 0.8058035718750001 0.2053571421875 0.7477678578125 0.1897321421875 0.7232142859375 0.1540178578125 0.71875 0.133928571875 0.7433035718750001
2 0.022321428125 0.8102678578125 0.0357142859375 0.8549107140625001 0.0803571421875 0.8727678578125 0.12053571406250001 0.8191964281249999 0.0959821421875 0.7455357140625 0.0513392859375 0.7544642859375 0.022321428125 0.8102678578125
2 0.1540178578125 0.5491071421875 0.133928571875 0.5691964281249999 0.1383928578125 0.6540178578125 0.1584821421875 0.6785714281249999 0.19196428593749998 0.6808035718750001 0.2142857140625 0.6495535718750001 0.2142857140625 0.6138392859375 0.19196428593749998 0.5647321421875 0.1540178578125 0.5491071421875
2 0.20982142812500001 0.45758928593750003 0.2053571421875 0.5066964281249999 0.22544642812500001 0.5446428578125 0.2633928578125 0.5513392859375 0.2946428578125 0.5022321421875 0.2946428578125 0.462053571875 0.24330357187499999 0.428571428125 0.20982142812500001 0.45758928593750003
2 0.3147321421875 0.3303571421875 0.28125 0.36830357187499996 0.27678571406249997 0.41741071406249997 0.30133928593750003 0.44196428593750003 0.33482142812500004 0.43973214218749995 0.3616071421875 0.40401785781250005 0.3616071421875 0.36383928593750003 0.3415178578125 0.33482142812500004 0.3147321421875 0.3303571421875
2 0.24330357187499999 0.2232142859375 0.2008928578125 0.2522321421875 0.1875 0.328125 0.2209821421875 0.375 0.25892857187499996 0.3772321421875 0.2946428578125 0.35044642812500004 0.30803571406249997 0.28794642812500004 0.29017857187499996 0.2477678578125 0.24330357187499999 0.2232142859375
2 0 0.45758928593750003 0.0446428578125 0.46651785781250005 0.071428571875 0.44866071406249997 0.084821428125 0.390625 0.0669642859375 0.35044642812500004 0.015625 0.32142857187499996 0 0.33258928593750003 0 0.45758928593750003
2 0 0.5736607140625 0.0133928578125 0.5736607140625 0.040178571875 0.5379464281249999 0.040178571875 0.493303571875 0.0022321421875000002 0.459821428125 0 0.5736607140625
2 0.415178571875 0.1852678578125 0.41071428593750003 0.234375 0.430803571875 0.2633928578125 0.45089285781250005 0.26116071406249997 0.477678571875 0.2299107140625 0.48214285781250005 0.1897321421875 0.44866071406249997 0.15178571406250002 0.415178571875 0.1852678578125
2 0.5424107140625 0.2232142859375 0.5066964281249999 0.20982142812500001 0.491071428125 0.234375 0.49553571406249997 0.2834821421875 0.5245535718750001 0.3125 0.5580357140625 0.3147321421875 0.5982142859375 0.265625 0.5982142859375 0.2299107140625 0.578125 0.2008928578125 0.5424107140625 0.2232142859375
2 0.78125 0.060267857812500006 0.78125 0.0959821421875 0.8013392859374999 0.12053571406250001 0.8348214281249999 0.12276785781249999 0.8616071421875 0.0959821421875 0.8616071421875 0.055803571875 0.8191964281249999 0.0178571421875 0.78125 0.060267857812500006
2 0.48214285781250005 0.087053571875 0.5267857140625 0.10491071406250001 0.5580357140625 0.0825892859375 0.5669642859375 0.006696428124999999 0.484375 0 0.48214285781250005 0.087053571875
2 0.2991071421875 0.069196428125 0.3303571421875 0.0825892859375 0.3616071421875 0.060267857812500006 0.37053571406249997 0.006696428124999999 0.28794642812500004 0 0.2991071421875 0.069196428125
2 0.2946428578125 0.194196428125 0.33482142812500004 0.203125 0.34821428593750003 0.13616071406250002 0.3147321421875 0.11160714218750001 0.29017857187499996 0.140625 0.2946428578125 0.194196428125
2 0.2522321421875 0.0357142859375 0.2232142859375 0.118303571875 0.2477678578125 0.15625 0.27678571406249997 0.1540178578125 0.2946428578125 0.131696428125 0.2991071421875 0.0736607140625 0.2790178578125 0.040178571875 0.2522321421875 0.0357142859375
2 0.12053571406250001 0.087053571875 0.1696428578125 0.0022321421875000002 0.060267857812500006 0 0.071428571875 0.069196428125 0.12053571406250001 0.087053571875
2 0 0.1852678578125 0.0357142859375 0.1897321421875 0.0669642859375 0.1272321421875 0.0290178578125 0.0758928578125 0 0.087053571875 0 0.1852678578125
2 0.0267857140625 0.2790178578125 0.006696428124999999 0.20982142812500001 0.0044642859375000005 0.3102678578125 0.0267857140625 0.2790178578125
2 0 0.060267857812500006 0.0133928578125 0.060267857812500006 0.0491071421875 0.0290178578125 0.0513392859375 0 0 0.0022321421875000002 0 0.060267857812500006
2 0.609375 0.3303571421875 0.5736607140625 0.33928571406249997 0.5535714281249999 0.3727678578125 0.5535714281249999 0.41741071406249997 0.5892857140625 0.444196428125 0.6138392859375 0.4375 0.6383928578125 0.39955357187499996 0.6339285718750001 0.35491071406249997 0.609375 0.3303571421875
2 0.5870535718750001 0.0044642859375000005 0.5625 0.0825892859375 0.5825892859375 0.116071428125 0.6205357140625 0.11383928593749999 0.6383928578125 0.087053571875 0.6383928578125 0.0334821421875 0.6227678578125 0.008928571875000001 0.5870535718750001 0.0044642859375000005
2 0.6428571421875 0.0915178578125 0.6696428578125 0.109375 0.71875 0.0513392859375 0.7120535718750001 0 0.6473214281249999 0.0022321421875000002 0.6428571421875 0.0915178578125
2 0 0.9977678578125 0.0580357140625 0.9977678578125 0.053571428125 0.9397321421875 0.0290178578125 0.9107142859374999 0 0.9352678578125 0 0.9977678578125
2 0.7875 0.4 0.140625 0.1703125