2 0.8183612609375001 0.26155877968749996 0.8478060796875001 0.2501791921875 0.8565030140625 0.21839020156250002 0.8421106890625 0.175895784375 0.8109902625000001 0.1601719265625 0.788572365625 0.172220078125 0.77987543125 0.2040090703125 0.8183612609375001 0.26155877968749996
2 0.9535427984375 0.24180395 0.9127211921875 0.25351921875 0.8963287687499999 0.2916665671875 0.9137338312500001 0.347210584375 0.9485355609375 0.36895711875 0.9806574343750001 0.359250340625 0.9535427984375 0.24180395
2 0.8806328921875 0.62059199375 0.9164388671875001 0.64668839375 0.9542477375 0.6219235265624999 0.9773286015625 0.5432874546875001 0.9181004859374999 0.5248893390625 0.88932423125 0.5292420015625 0.86858194375 0.5683935984375 0.8806328921875 0.62059199375
2 0.8839925031250001 0.7641403828125 0.9211300109374999 0.7166219375 0.913428928125 0.6634192953125 0.8598878078125001 0.629963090625 0.8157233765624999 0.6768129703125 0.8287785703124999 0.7333612328125 0.8839925031250001 0.7641403828125
2 0.6688265703125 0.6557461921875001 0.7113237859375 0.67113436875 0.7350788109375 0.645032371875 0.73172759375 0.590825484375 0.679523603125 0.543315434375 0.6433875421875 0.56540324375 0.6477430046875 0.6239600000000001 0.6688265703125 0.6557461921875001
2 0.5925346703125001 0.65274185 0.62398518125 0.6202814953125 0.5988846328124999 0.5710958374999999 0.571112625 0.5797983671875 0.56141144375 0.6072374921875 0.5925346703125001 0.65274185
2 0.5319806140625001 0.767519578125 0.559084059375 0.7658439703125001 0.5661053859375 0.7069515359375 0.5266181078125001 0.6748324593749999 0.5035316484375 0.69390753125 0.5048743734375 0.7394146875 0.5319806140625001 0.767519578125
2 0.4874888984375 0.8923341703125001 0.5199464546875 0.8940041828125 0.5406887421875 0.8548525874999999 0.530646284375 0.811353925 0.4824592765625 0.7812433390625 0.451677328125 0.8066767703125001 0.45502854375 0.860883659375 0.4874888984375 0.8923341703125001
2 0.3298754734375 0.7752346515624999 0.3563131515625 0.8103664671875 0.39780612031249996 0.8214047765625001 0.4225653921875 0.799652646875 0.4245682875 0.748791378125 0.3680144296875 0.7022855734375 0.33923817500000003 0.7066382390625 0.32418288125 0.73073174375 0.3298754734375 0.7752346515624999
2 0.2559361390625 0.8816483312500001 0.290732271875 0.8438338640625 0.25525638281249996 0.769553253125 0.21443477500000002 0.7812685203124999 0.2023922203125 0.8184116250000001 0.2559361390625 0.8816483312500001
2 0.2529010171875 0.63035473125 0.2833472828125 0.5935445109375 0.27865893750000004 0.5533914671875 0.26393373124999997 0.5293007609375 0.22411357187499997 0.5155853953125 0.1946743484375 0.5865259828125 0.2211120265625 0.621657796875 0.2529010171875 0.63035473125
2 0.12139238593749999 0.5667907375000001 0.1595397375 0.583183159375 0.185303253125 0.565780896875 0.1913231328125 0.5323190953125 0.183289165625 0.49752016406250005 0.14581038125 0.4741008203125 0.1136885046875 0.4838075953125 0.10064170624999999 0.5166008343749999 0.12139238593749999 0.5667907375000001
2 0.29537864687500004 0.43727940624999995 0.3368660203125 0.3887567171875 0.3311734296875 0.34425380781250003 0.3067442453125 0.31782172656249996 0.2562186578125 0.32719561875 0.23313499375000002 0.3760511921875 0.29537864687500004 0.43727940624999995
2 0.218404190625 0.2923994859375 0.2552144125 0.3228457515625 0.30640856250000004 0.3064449359375 0.3171139890625 0.283355678125 0.30941290625 0.2301530359375 0.263567271875 0.190338471875 0.23144539687500001 0.2000452484375 0.20936597968749998 0.25325068906250003 0.218404190625 0.2923994859375
2 0.21705866875000002 0.21711183125 0.223414228125 0.19502681875 0.205004921875 0.135132934375 0.18459271875 0.12610031875 0.149460903125 0.152537996875 0.186609603125 0.22414155156249999 0.21705866875000002 0.21711183125
2 0.345884646875 0.21944201406250002 0.37967653281249997 0.17727768125 0.36327571875000003 0.1260835296875 0.3331595375 0.11470954062500001 0.29568634843749997 0.1508511953125 0.3174412765625 0.2053909671875 0.345884646875 0.21944201406250002
2 0.38502505 0.1210623015625 0.44893871562500004 0.14983295937500002 0.49075897187499995 0.082906559375 0.47971226875 0.035058028125 0.4402249921875 0.0029389515625 0.3709628109375 0.030383673437499998 0.35557463437500003 0.0728808890625 0.38502505 0.1210623015625
2 0.30103206718750003 0.06485531562499999 0.3227786 0.0300535875 0.2357812734375 0.050138503125 0.2662331359375 0.0728892828125 0.30103206718750003 0.06485531562499999
2 0.20266074843749998 0.11505641250000001 0.2227316734375 0.053151240625 0.11833488125 0.0772531390625 0.142095503125 0.11071214375 0.20266074843749998 0.11505641250000001
2 0 0.175589478125 0.03167883125 0.16827584375 0.0356874203125 0.0963338078125 0 0.10366121406249999 0 0.175589478125
2 0.434375 0.3515625 0.1734375 0.2171875
2 0.4859375 0.953125 0.140625 0.09375