2 0.738642490625 0 0.750446525 0.0264060328125 0.7819171515625001 0.0410810265625 0.8124238515625001 0.0204759078125 0.8163905249999999 0 0.738642490625 0
2 0.30708923593750004 0.1331407625 0.3421765625 0.1251208125 0.3541833765625 0.09937211875 0.329753365625 0.0322512171875 0.2641593390625 0.060876284375 0.2679842328125 0.09749048593750001 0.30708923593750004 0.1331407625
2 0.2012489015625 0.1360325421875 0.231192653125 0.1465124796875 0.251589578125 0.11771003437500001 0.22640383437499997 0.0746181640625 0.19837252968750002 0.082445328125 0.190560771875 0.10666714687500001 0.2012489015625 0.1360325421875
2 0.1213500453125 0.15798715624999998 0.15224231562499999 0.1514940828125 0.15775605625 0.09485311874999999 0.0877741890625 0.11794903906250001 0.0940744765625 0.1417852875 0.1213500453125 0.15798715624999998
2 0.3332543140625 0.2637658640625 0.3735006234375 0.2894991515625 0.3944759046875 0.2818647734375 0.40990663437499997 0.226365115625 0.3931110015625 0.18021949375 0.364501340625 0.1668785921875 0.328079925 0.17775950625 0.31645868125 0.21762024531250002 0.3332543140625 0.2637658640625
2 0.532912765625 0.23147787812499998 0.518592528125 0.172554303125 0.49989985625 0.1603547046875 0.437166796875 0.1903138625 0.4499601578125 0.2450423796875 0.532912765625 0.23147787812499998
2 0.5047348953124999 0.3890083859375 0.5722413671875 0.3786904203125 0.596447778125 0.3342490546875 0.5811790218749999 0.292298490625 0.5079352125 0.247695153125 0.45645323125 0.27593465 0.465629890625 0.353358109375 0.5047348953124999 0.3890083859375
2 0.5540808312500001 0.23089952187499999 0.579829525 0.24290633437500003 0.6049998640625 0.23374508125000001 0.62195746875 0.182440478125 0.60402053125 0.146211846875 0.5681620640625 0.12600770625 0.537462578125 0.1395568015625 0.5300363921875 0.1778906640625 0.5540808312500001 0.23089952187499999
2 0.46281514531249995 0.5087833859375 0.4816851953125 0.475785884375 0.47327967656250003 0.42658651406250003 0.46145024218749997 0.40713810781250004 0.40881154999999997 0.3930414703125 0.385939228125 0.43462187031250005 0.40578861093749996 0.4891576015625 0.46281514531249995 0.5087833859375
2 0.35257156093750003 0.45389289687499995 0.3710560421875 0.4067833515625 0.3573141609375 0.36902784375 0.32603632031249996 0.36140887187500004 0.2978276375 0.41443313593750003 0.315764575 0.45066176718750006 0.35257156093750003 0.45389289687499995
2 0.145263328125 0.4129524796875 0.171012021875 0.42495929375 0.2081891734375 0.3900493453125 0.1822322875 0.3187333859375 0.15209575 0.301197428125 0.1271181984375 0.3174147046875 0.1181651359375 0.351553509375 0.145263328125 0.4129524796875
2 0.08863776875 0.4596918625 0.12219822031250001 0.4474768578125 0.1338194625 0.40761611875000003 0.106721271875 0.3462171484375 0.0681946234375 0.331734940625 0.030824687499999996 0.35958886562500003 0.030840093750000002 0.4118419875 0.08863776875 0.4596918625
2 0.1019478609375 0.3265759578125 0.12559132343749999 0.3132196484375 0.134544384375 0.279080840625 0.11813432343750001 0.247047265625 0.0868564828125 0.23942829375 0.0582622296875 0.27834051249999997 0.070477234375 0.3119009640625 0.1019478609375 0.3265759578125
2 0.215052409375 0.3828005375 0.25529871875 0.408533825 0.29152735 0.3905968875 0.311153134375 0.333570353125 0.2871086953125 0.2805614953125 0.2440014203125 0.25349411875 0.207580003125 0.26437503281249997 0.1906223984375 0.3156796359375 0.215052409375 0.3828005375
2 0.106057978125 0.6837649156250001 0.13447485312500002 0.690049796875 0.1676497328125 0.6637227484375 0.1735490421875 0.621193828125 0.1613340375 0.5876333781249999 0.11555858125 0.5662879328125 0.081242396875 0.6025319703124999 0.0808722328125 0.6406730484375001 0.106057978125 0.6837649156250001
2 0.0759214421875 0.66622895625 0.027092235937499997 0.6364933984375 0.071949984375 0.7793180984375 0.0953852546875 0.7066526453125 0.0759214421875 0.66622895625
2 0.1411761171875 0.7802512125 0.18409060625 0.8002625671875 0.20773406875 0.7869062578125 0.22163792343750002 0.7272115421875001 0.2094229171875 0.693651090625 0.17356445 0.67344695 0.13447485312500002 0.690049796875 0.122853609375 0.7299105359375 0.1411761171875 0.7802512125
2 0.3288585671875 0.8782181640625 0.3759681140625 0.8967026421875 0.40284270624999996 0.8465393453125 0.35743741406249996 0.7870528218749999 0.3183478171875 0.8036556687499999 0.3093947546875 0.8377944749999999 0.3288585671875 0.8782181640625
2 0.219802509375 0.9701700515624999 0.2554681921875 0.9833181703125 0.2848335859375 0.9726300406249999 0.297596134375 0.9228523140625 0.2853811296875 0.8892918625 0.236551921875 0.85955630625 0.2043255609375 0.86891034375 0.196143640625 0.9312732406249999 0.219802509375 0.9701700515624999
2 0.44702965937499994 0.6546772453124999 0.469724603125 0.658293946875 0.505374878125 0.6191889421875 0.4885792453125 0.573043321875 0.45272077812499995 0.55283918125 0.43041140625 0.5633345265624999 0.417648859375 0.613112253125 0.44702965937499994 0.6546772453124999
2 0.5147459671875 1 0.52798488125 0.9815214765625001 0.5127161250000001 0.9395709125 0.48982839843750003 0.9288981906249999 0.46332396875 0.9409204093750001 0.45284403281249996 0.970864159375 0.46344861093749995 1 0.5147459671875 1
2 0.7415625921875 0.941791896875 0.7152355421875 0.9086170156250001 0.6725138375 0.895661684375 0.6309488453125 0.925042484375 0.6479372609375 0.9782441265624999 0.7415625921875 0.941791896875
2 0.8567261515625001 0.8666202328124999 0.8923918343749999 0.87976835 0.9217572296875 0.8690802203124999 0.9371879562500001 0.8135805625 0.9161972687500001 0.76896181875 0.8719486890624999 0.7518114296875 0.843917384375 0.7596385921875 0.8311548375 0.8094163203125 0.8567261515625001 0.8666202328124999
2 1 0.4272753265625 0.9969522046874999 0.41651545937499995 0.9679723796875 0.44131563281249997 0.9832411375 0.483266196875 1 0.49258854999999996 1 0.4272753265625