2 0.421875 0.8390625 0.1078125 0.15
2 0.33671875 0.446875 0.1015625 0.121875
2 0.421875 0.39921875 0.1078125 0.1390625
2 0.17109375 0.22578125 0.1375 0.1828125
2 0.26953125 0.146875 0.1390625 0.184375
2 0.059375 0.0453125 0.090625 0.090625
2 0.83515625 0.11953125 0.128125 0.146875
2 0.634375 0.64921875 0.0953125 0.134375
2 0.740625 0.60234375 0.10625 0.15
2 0.84921875 0.63984375 0.0859375 0.103125
2 0.83203125 0.7390625 0.090625 0.1125
2 0.76640625 0.8328125 0.0984375 0.134375
2 0.88515625 0.84140625 0.1125 0.14375
2 0.740625 0.975 0.1125 0.05
2 0.87109375 0.96875 0.1140625 0.0625
2 0.84296875 0.44609375 0.071875 0.1015625
2 0.92265625 0.434375 0.1046875 0.140625
2 0.91171875 0.04921875 0.09375 0.071875
2 0.08984375 0.75859375 0.134375 0.196875
2 0.6125 0.89296875 0.18125 0.2140625
2 0.42578125 0.09296875 0.2015625 0.1859375