2 0.9330357140625001 0.9040178578125 0.9776785718750001 0.921875 1 0.9174107140625001 0.9977678578125 0.7857142859375 0.9196428578125 0.828125 0.9330357140625001 0.9040178578125
2 0.9263392859374999 0.65625 0.8928571421875 0.6852678578125 0.8839285718750001 0.734375 0.8973214281249999 0.7790178578125 0.9464285718750001 0.8013392859374999 0.9910714281249999 0.7745535718750001 0.9955357140625001 0.7477678578125 0.9732142859374999 0.671875 0.9263392859374999 0.65625
2 0.8147321421875 0.6919642859375 0.78125 0.7299107140625 0.78125 0.7745535718750001 0.8058035718750001 0.8080357140625001 0.84375 0.8058035718750001 0.8616071421875 0.7834821421875 0.8616071421875 0.7299107140625 0.8325892859374999 0.6919642859375 0.8147321421875 0.6919642859375
2 0.6830357140625 0.7477678578125 0.6741071421875 0.8236607140625001 0.6941964281249999 0.8482142859374999 0.7321428578125 0.8459821421875 0.7589285718750001 0.8191964281249999 0.7589285718750001 0.765625 0.7075892859375 0.7232142859375 0.6830357140625 0.7477678578125
2 0.6227678578125 0.6473214281249999 0.5758928578125 0.6808035718750001 0.5669642859375 0.7611607140625 0.6138392859375 0.8125 0.6428571421875 0.8102678578125 0.6696428578125 0.7834821421875 0.6785714281249999 0.6941964281249999 0.6495535718750001 0.6517857140625 0.6227678578125 0.6473214281249999
2 0.5602678578125 0.7946428578125 0.53125 0.8415178578125 0.53125 0.8861607140625001 0.5513392859375 0.9107142859374999 0.5714285718750001 0.9084821421875 0.6071428578125 0.8772321421875 0.6116071421875 0.8370535718750001 0.5870535718750001 0.7991071421875 0.5602678578125 0.7946428578125
2 0.484375 0.7366071421875 0.41071428593750003 0.7924107140625 0.41071428593750003 0.8549107140625001 0.444196428125 0.8883928578125 0.491071428125 0.890625 0.5178571421875 0.8683035718750001 0.5357142859375 0.7879464281249999 0.5223214281249999 0.7566964281249999 0.484375 0.7366071421875
2 0.41741071406249997 0.6339285718750001 0.375 0.671875 0.37946428593750003 0.7477678578125 0.39955357187499996 0.7723214281249999 0.42410714218749995 0.7700892859375 0.48660714218749995 0.7075892859375 0.48660714218749995 0.6674107140625 0.462053571875 0.6339285718750001 0.41741071406249997 0.6339285718750001
2 0.30580357187499996 0.5491071421875 0.27678571406249997 0.5691964281249999 0.25446428593750003 0.6272321421875 0.296875 0.7008928578125 0.33928571406249997 0.703125 0.37053571406249997 0.6674107140625 0.37053571406249997 0.609375 0.33705357187499996 0.5580357140625 0.30580357187499996 0.5491071421875
2 0.118303571875 0.5446428578125 0.0803571421875 0.6138392859375 0.0892857140625 0.671875 0.131696428125 0.7098214281249999 0.1696428578125 0.7075892859375 0.2053571421875 0.6763392859375 0.2142857140625 0.5959821421875 0.180803571875 0.5491071421875 0.118303571875 0.5446428578125
2 0.171875 1 0.2455357140625 0.9977678578125 0.25 0.9486607140625001 0.22544642812500001 0.9107142859374999 0.16071428593749998 0.9352678578125 0.171875 1
2 0 0.26116071406249997 0.0357142859375 0.27008928593750003 0.084821428125 0.2388392859375 0.084821428125 0.16741071406250002 0.060267857812500006 0.12946428593749998 0.0200892859375 0.116071428125 0 0.1272321421875 0 0.26116071406249997
2 0.0044642859375000005 0.0513392859375 0.071428571875 0.087053571875 0.12053571406250001 0.0513392859375 0.133928571875 0.0022321421875000002 0.0022321421875000002 0 0.0044642859375000005 0.0513392859375
2 0.1584821421875 0.1383928578125 0.133928571875 0.19866071406250002 0.147321428125 0.2388392859375 0.18303571406250002 0.2477678578125 0.2232142859375 0.2075892859375 0.2232142859375 0.1584821421875 0.19866071406250002 0.133928571875 0.1584821421875 0.1383928578125
2 0.2834821421875 0.0446428578125 0.25446428593750003 0.078125 0.25446428593750003 0.12276785781249999 0.27455357187499996 0.16071428593749998 0.3258928578125 0.171875 0.35267857187499996 0.140625 0.35267857187499996 0.0915178578125 0.328125 0.053571428125 0.2834821421875 0.0446428578125
2 0.6584821421875 0.25892857187499996 0.7053571421875 0.36383928593750003 0.75 0.3772321421875 0.7857142859375 0.31919642812500004 0.7767857140625 0.26116071406249997 0.7477678578125 0.24107142812500001 0.6584821421875 0.25892857187499996
2 0.6741071421875 0.0825892859375 0.6830357140625 0.13616071406250002 0.7321428578125 0.162946428125 0.7678571421875 0.1272321421875 0.7611607140625 0.040178571875 0.6941964281249999 0.053571428125 0.6741071421875 0.0825892859375
2 0.8236607140625001 0.30357142812500004 0.7857142859375 0.33258928593750003 0.7767857140625 0.38616071406249997 0.8147321421875 0.44196428593750003 0.8571428578125 0.444196428125 0.8794642859374999 0.421875 0.8839285718750001 0.36383928593750003 0.8705357140625001 0.33258928593750003 0.8236607140625001 0.30357142812500004
2 0.90625 0.42633928593750003 0.90625 0.46651785781250005 0.9508928578125 0.49776785781250005 0.9821428578125 0.453125 0.9732142859374999 0.42633928593750003 0.9308035718750001 0.40178571406249997 0.90625 0.42633928593750003
2 0.8459821421875 0.0491071421875 0.8125 0.0736607140625 0.7946428578125 0.149553571875 0.8035714281249999 0.180803571875 0.8571428578125 0.21205357187499999 0.90625 0.16741071406250002 0.9151785718750001 0.11383928593749999 0.8861607140625001 0.0625 0.8459821421875 0.0491071421875
2 0.02421875 0.85390625 0.0484375 0.1296875
2 0.109375 0.7921875 0.15546875 0.16875
2 0.43046875 0.525 0.11953125 0.2046875
2 0.940625 0.28359375 0.11875 0.2859375