0 0.42890625 0.690625 0.0796875 0.103125
0 0.253125 0.90234375 0.0671875 0.06875
0 0.53515625 0.7265625 0.1 0.084375
0 0.8875 0.8078125 0.0890625 0.0921875
0 0.9 0.690625 0.0828125 0.0859375
0 0.83125 0.496875 0.11875 0.121875
0 0.66953125 0.49609375 0.1078125 0.134375
0 0.66171875 0.38203125 0.084375 0.096875
0 0.496875 0.43828125 0.0953125 0.1046875
0 0.340625 0.24921875 0.11875 0.159375
0 0.10546875 0.3625 0.06875 0.0921875
0 0.11875 0.16640625 0.13125 0.1640625
0 0.4828125 0.13125 0.0765625 0.0859375