2 0.828125 0.7678571421875 0.8035714281249999 0.7879464281249999 0.7901785718750001 0.8415178578125 0.8191964281249999 0.8973214281249999 0.8571428578125 0.8995535718750001 0.8883928578125 0.8772321421875 0.8973214281249999 0.8236607140625001 0.8683035718750001 0.7767857140625 0.828125 0.7678571421875
2 0.8102678578125 0.90625 0.7946428578125 0.9441964281249999 0.8080357140625001 0.9933035718750001 0.8660714281249999 0.9977678578125 0.8794642859374999 0.9665178578125 0.8705357140625001 0.921875 0.8549107140625001 0.90625 0.8102678578125 0.90625
2 0.8973214281249999 0.7700892859375 0.8973214281249999 0.8058035718750001 0.9330357140625001 0.8191964281249999 0.9553571421875 0.7924107140625 0.9553571421875 0.7611607140625 0.9263392859374999 0.7410714281249999 0.8973214281249999 0.7700892859375
2 0.8816964281249999 0.6294642859375 0.8348214281249999 0.6674107140625 0.8303571421875 0.703125 0.8526785718750001 0.7566964281249999 0.8883928578125 0.7700892859375 0.9285714281249999 0.7254464281249999 0.9330357140625001 0.6852678578125 0.9196428578125 0.6495535718750001 0.8816964281249999 0.6294642859375
2 0.7321428578125 0.5290178578125 0.7276785718750001 0.5870535718750001 0.7455357140625 0.6450892859375 0.78125 0.6629464281249999 0.8169642859374999 0.6361607140625 0.8303571421875 0.5290178578125 0.7566964281249999 0.48214285781250005 0.7321428578125 0.5290178578125
2 0.9017857140625001 0.493303571875 0.8973214281249999 0.546875 0.9508928578125 0.5870535718750001 0.9866071421875 0.5379464281249999 0.9598214281249999 0.46651785781250005 0.9352678578125 0.459821428125 0.9017857140625001 0.493303571875
2 0.921875 0.2008928578125 0.8928571421875 0.25669642812500004 0.9107142859374999 0.296875 0.9508928578125 0.3147321421875 0.96875 0.29241071406249997 0.9732142859374999 0.2299107140625 0.9575892859374999 0.2053571421875 0.921875 0.2008928578125
2 0.7946428578125 0.2299107140625 0.8035714281249999 0.265625 0.8839285718750001 0.30580357187499996 0.8928571421875 0.28794642812500004 0.8616071421875 0.203125 0.8236607140625001 0.1875 0.7946428578125 0.2299107140625
2 0.734375 0.1741071421875 0.7098214281249999 0.1897321421875 0.6964285718750001 0.2477678578125 0.7254464281249999 0.29017857187499996 0.75 0.29241071406249997 0.78125 0.26116071406249997 0.7857142859375 0.2165178578125 0.7611607140625 0.178571428125 0.734375 0.1741071421875
2 0.890625 0 0.8526785718750001 0.0424107140625 0.8526785718750001 0.13616071406250002 0.8683035718750001 0.1696428578125 0.9419642859374999 0.180803571875 0.9955357140625001 0.11383928593749999 0.9955357140625001 0.046875 0.9665178578125 0 0.890625 0
2 0.6540178578125 0.32142857187499996 0.625 0.35044642812500004 0.6205357140625 0.40401785781250005 0.6450892859375 0.446428571875 0.6830357140625 0.44866071406249997 0.7098214281249999 0.421875 0.7142857140625 0.3727678578125 0.6808035718750001 0.3258928578125 0.6540178578125 0.32142857187499996
2 0.48883928593750003 0.42410714218749995 0.45535714218749995 0.46651785781250005 0.45535714218749995 0.515625 0.47991071406249997 0.5491071421875 0.5133928578125 0.546875 0.5535714281249999 0.5245535718750001 0.5625 0.47991071406249997 0.546875 0.446428571875 0.48883928593750003 0.42410714218749995
2 0.48660714218749995 0.640625 0.5044642859375 0.5959821421875 0.47098214218749995 0.5714285718750001 0.45089285781250005 0.6183035718750001 0.48660714218749995 0.640625
2 0.45535714218749995 0.8950892859374999 0.459821428125 0.9977678578125 0.5848214281249999 0.9977678578125 0.5803571421875 0.8816964281249999 0.5290178578125 0.84375 0.47991071406249997 0.8616071421875 0.45535714218749995 0.8950892859374999
2 0.36607142812500004 0.9174107140625001 0.37053571406249997 0.9754464281249999 0.38616071406249997 1 0.44196428593750003 0.9977678578125 0.446428571875 0.8950892859374999 0.430803571875 0.875 0.39955357187499996 0.875 0.36607142812500004 0.9174107140625001
2 0.46651785781250005 0.6830357140625 0.43303571406249997 0.703125 0.415178571875 0.7566964281249999 0.446428571875 0.828125 0.491071428125 0.8325892859374999 0.5267857140625 0.796875 0.5357142859375 0.7522321421875 0.5133928578125 0.703125 0.46651785781250005 0.6830357140625
2 0.022321428125 0.7209821421875 0.0334821421875 0.7410714281249999 0.0625 0.7433035718750001 0.084821428125 0.6986607140625 0.0736607140625 0.6785714281249999 0.0424107140625 0.6741071421875 0.022321428125 0.7209821421875
2 0.0267857140625 0.5870535718750001 0.022321428125 0.6361607140625 0.037946428125 0.65625 0.0892857140625 0.6584821421875 0.116071428125 0.5736607140625 0.100446428125 0.5535714281249999 0.055803571875 0.5535714281249999 0.0267857140625 0.5870535718750001
2 0.0513392859375 0.40625 0.0178571421875 0.44866071406249997 0.0178571421875 0.5022321421875 0.0424107140625 0.53125 0.0803571421875 0.5334821421875 0.11160714218750001 0.5066964281249999 0.116071428125 0.45758928593750003 0.087053571875 0.41071428593750003 0.0513392859375 0.40625
2 0.27232142812500004 0.2209821421875 0.2633928578125 0.2790178578125 0.29241071406249997 0.3303571421875 0.32142857187499996 0.328125 0.3616071421875 0.2522321421875 0.34375 0.2075892859375 0.30580357187499996 0.19196428593749998 0.27232142812500004 0.2209821421875
2 0.2991071421875 0.421875 0.30357142812500004 0.47098214218749995 0.34375 0.484375 0.37946428593750003 0.43973214218749995 0.35491071406249997 0.37946428593750003 0.328125 0.38392857187499996 0.2991071421875 0.421875
2 0.21205357187499999 0.133928571875 0.1696428578125 0.17633928593749998 0.165178571875 0.2299107140625 0.1897321421875 0.27678571406249997 0.2366071421875 0.28794642812500004 0.25892857187499996 0.265625 0.28125 0.16741071406250002 0.24330357187499999 0.133928571875 0.21205357187499999 0.133928571875
2 0.140625 0.0446428578125 0.116071428125 0.0647321421875 0.10714285781249999 0.10491071406250001 0.131696428125 0.1428571421875 0.15178571406250002 0.14508928593749998 0.18303571406250002 0.12276785781249999 0.1875 0.087053571875 0.162946428125 0.0491071421875 0.140625 0.0446428578125
2 0.6272321421875 0.0669642859375 0.65625 0.0647321421875 0.6741071421875 0.0022321421875000002 0.6049107140625 0 0.6071428578125 0.046875 0.6272321421875 0.0669642859375
2 0.74921875 0.02890625 0.096875 0.0578125
2 0.98203125 0.275 0.0359375 0.13515625
2 0.98203125 0.4671875 0.0359375 0.16640625
2 0.53359375 0.24453125 0.1328125 0.2046875
2 0.05546875 0.053125 0.1109375 0.10625
2 0.17578125 0.93046875 0.13125 0.1390625