2 0.31875 0.0265625 0.1625 0.053125
2 0.22890625 0.0265625 0.1515625 0.053125
2 0.2609375 0.065625 0.128125 0.13125
2 0.15546875 0.1359375 0.134375 0.159375
2 0.10078125 0.225 0.090625 0.115625
2 0.0671875 0.3125 0.1 0.1421875
2 0.0828125 0.41484375 0.165625 0.1765625
2 0.4046875 0.2515625 0.1421875 0.1546875
2 0.615625 0.14453125 0.1734375 0.1875
2 0.42109375 0.54765625 0.15 0.1640625
2 0.3 0.55546875 0.11875 0.1265625
2 0.2984375 0.659375 0.1359375 0.15
2 0.56953125 0.6046875 0.221875 0.2375
2 0.8703125 0.24609375 0.1953125 0.2109375
2 0.9828125 0.24453125 0.034375 0.1671875
2 0.86953125 0.5375 0.1890625 0.225
2 0.77109375 0.58515625 0.1421875 0.1578125
2 0.6875 0.3171875 0.240625 0.26875