2 0.3057574265625 0.33277685468749996 0.3372962921875 0.28890177499999997 0.3292514265625 0.2122573078125 0.254075421875 0.1525402859375 0.22679692812500002 0.1626843640625 0.191897353125 0.21913359687499998 0.204233565625 0.294547540625 0.24321752187499998 0.3414214953125 0.3057574265625 0.33277685468749996
2 0.3445034421875 0.45170404218750004 0.3763731703125 0.43327715624999996 0.392576946875 0.38451095625 0.35818422499999997 0.329354196875 0.32445322499999996 0.325093821875 0.27787915937499996 0.357025496875 0.2840627515625 0.4109827078125 0.3067809828125 0.4416219109375 0.3445034421875 0.45170404218750004
2 0.37159609374999997 0.2465571078125 0.35140085625 0.28950155 0.363706096875 0.33241501875 0.42474656250000004 0.3590317890625 0.437289740625 0.3298920234375 0.4268148 0.2771653375 0.37159609374999997 0.2465571078125
2 0.3542758375 0.08897682343749999 0.3122310578125 0.0476247421875 0.2782001703125 0.05041664999999999 0.2512525390625 0.086008921875 0.2598971796875 0.14854882656249999 0.33567295937499997 0.1941612828125 0.3641510015625 0.155808075 0.3542758375 0.08897682343749999
2 0.1808226375 0.180511475 0.1565739953125 0.1526332078125 0.1096690671875 0.15911668750000002 0.094364953125 0.1867260421875 0.1048398921875 0.239452728125 0.1628195359375 0.27159136875 0.1839454078125 0.2399905546875 0.1808226375 0.180511475
2 0.42446779843750004 0.06652750625000001 0.43884127812499996 0.027574525 0.4286971984375 0.00029603124999999996 0.337048503125 0.028897968750000003 0.3870762 0.08189356875 0.42446779843750004 0.06652750625000001
2 0.4657776328125 0.6235958562499999 0.4522418703125 0.5763910421875 0.3933625640625 0.565409246875 0.38175002187499996 0.605892640625 0.395285784375 0.6530974578125 0.41584285625 0.6681016843750001 0.4501736296875 0.65825749375 0.4657776328125 0.6235958562499999
2 0.572192615625 0.64649008125 0.6006706578125 0.6081368734375 0.5852736234375 0.5382448 0.5456898906250001 0.505475409375 0.4932630921875 0.5088980671875001 0.4785897265625 0.5549033328124999 0.497047584375 0.6192735359375 0.5354007937499999 0.6477515781250001 0.572192615625 0.64649008125
2 0.6569340484375 0.44803359531250003 0.6241027109374999 0.42261637500000004 0.5913023484375 0.42969963125 0.5796898046875001 0.47018302656250005 0.59076451875 0.508805146875 0.6518049859375 0.53542191875 0.6674089875 0.50076028125 0.6569340484375 0.44803359531250003
2 0.8698780578124999 0.2917669078125 0.8885428843750001 0.2515834015625 0.8774681687499999 0.21296127812500001 0.8421757828124999 0.178961365625 0.8179581125000001 0.1835835734375 0.7940713046875 0.213653975 0.8014854234375001 0.2719025328125 0.8343167593749999 0.2973197515625 0.8698780578124999 0.2917669078125
2 1 0.478318271875 0.99667411875 0.46671954531250004 0.9681341296875001 0.44007180156250003 0.9224597250000001 0.450846628125 0.9083861343749999 0.48274732968749995 0.9176305499999999 0.53118266875 0.9516924109374999 0.5608912359375 0.979901540625 0.5620907859375001 1 0.5258322046874999 1 0.478318271875
2 0.9324587843750001 0.6476797828125 0.8996274468750001 0.6222625640625 0.8698879078124999 0.623823946875 0.8540149906250001 0.6980383421874999 0.8782636343749999 0.725916609375 0.92363815 0.7221940640625 0.9435335 0.6863019046875001 0.9324587843750001 0.6476797828125
2 0.75219124375 0.6668613109375 0.7282424875 0.6319307609375 0.68592879375 0.6301314359375 0.6645030328125 0.66878453125 0.6768082718749999 0.7116979984375 0.718222303125 0.734654171875 0.7396790375 0.728501553125 0.75219124375 0.6668613109375
2 0.5980955640625 0.8016093171875 0.6106387437499999 0.7724695515625 0.5940421578125 0.7307866078125 0.5679632156250001 0.7127215578125 0.52964098125 0.716743990625 0.514967615625 0.7627492546875 0.5291031546875 0.79584950625 0.5594734421875 0.8126840328125 0.5980955640625 0.8016093171875
2 0.664450934375 0.9358406203125 0.6769941140625 0.9067008546875 0.6640581265625001 0.8453914734374999 0.6312267890625 0.8199742546875 0.578799990625 0.8233969125 0.551852359375 0.8589891843749999 0.5758320875 0.9264202109375 0.6129547718749999 0.95060690625 0.664450934375 0.9358406203125
2 0.8007504765625001 0.7876187984375 0.7722104859375001 0.7609710546875 0.7351187765625 0.769284834375 0.7253365328125 0.7999550109375 0.7456246906249999 0.8545119953125001 0.79192984375 0.8621330796875 0.8105946671875 0.8219495734375 0.8007504765625001 0.7876187984375
2 0.6828125 0.09453125 0.165625 0.1890625