2 0.86328125 0.84609375 0.06875 0.09765625
2 0.91953125 0.75625 0.084375 0.1234375
2 0.97109375 0.653125 0.0578125 0.13671875
2 0.66875 0.7875 0.09375 0.10390625
2 0.7515625 0.940625 0.078125 0.11875
2 0.56875 0.78828125 0.096875 0.128125
2 0.57734375 0.60625 0.09296875 0.13515625
2 0.70703125 0.5046875 0.11328125 0.15546875
2 0.50234375 0.55078125 0.09765625 0.13203125
2 0.54375 0.4375 0.1140625 0.12890625
2 0.71796875 0.1046875 0.0953125 0.134375
2 0.28828125 0.615625 0.146875 0.1984375
2 0.3953125 0.74375 0.11640625 0.13515625
2 0.44140625 0.9578125 0.10859375 0.084375
2 0.2890625 0.96171875 0.0875 0.0765625
2 0.92421875 0.90390625 0.1140625 0.13984375
2 0.9796875 0.7921875 0.03984375 0.14765625
2 0.8671875 0.9703125 0.109375 0.059375
2 0.0171875 0.50859375 0.034375 0.1296875
2 0.81171875 0.6125 0.125 0.275
2 0.521875 0.12265625 0.17109375 0.22109375