2 1 0.8370535718750001 0.9799107140625001 0.8214285718750001 0.9486607140625001 0.8258928578125 0.9241071421875 0.8549107140625001 0.9285714281249999 0.9040178578125 0.9642857140625001 0.9397321421875 1 0.9174107140625001 1 0.8370535718750001
2 0.8080357140625001 0.984375 0.8236607140625001 1 0.875 0.9977678578125 0.8839285718750001 0.9308035718750001 0.8415178578125 0.9017857140625001 0.8080357140625001 0.9486607140625001 0.8080357140625001 0.984375
2 0.6964285718750001 0.890625 0.6919642859375 0.9709821421875 0.7120535718750001 1 0.7633928578125 0.9977678578125 0.7767857140625 0.921875 0.7477678578125 0.875 0.7165178578125 0.8705357140625001 0.6964285718750001 0.890625
2 0.6183035718750001 0.8214285718750001 0.5803571421875 0.859375 0.5758928578125 0.9308035718750001 0.6049107140625 0.96875 0.6428571421875 0.9754464281249999 0.6830357140625 0.9486607140625001 0.6919642859375 0.8816964281249999 0.6540178578125 0.8214285718750001 0.6183035718750001 0.8214285718750001
2 0.477678571875 0.8102678578125 0.48214285781250005 0.8727678578125 0.5200892859375 0.9241071421875 0.5580357140625 0.921875 0.5848214281249999 0.8191964281249999 0.5647321421875 0.78125 0.515625 0.7723214281249999 0.477678571875 0.8102678578125
2 0.30580357187499996 0.7544642859375 0.25892857187499996 0.8058035718750001 0.25446428593750003 0.8683035718750001 0.29241071406249997 0.9107142859374999 0.33482142812500004 0.9129464281249999 0.375 0.8727678578125 0.37946428593750003 0.8058035718750001 0.35044642812500004 0.7589285718750001 0.30580357187499996 0.7544642859375
2 0.22767857187499999 0.9263392859374999 0.22767857187499999 0.9620535718750001 0.2477678578125 0.9955357140625001 0.28125 0.9977678578125 0.30803571406249997 0.9709821421875 0.30803571406249997 0.9308035718750001 0.26116071406249997 0.8973214281249999 0.22767857187499999 0.9263392859374999
2 0.024553571875 0.7991071421875 0 0.8325892859374999 0.0044642859375000005 0.9040178578125 0.0200892859375 0.9241071421875 0.0446428578125 0.921875 0.071428571875 0.9040178578125 0.084821428125 0.8459821421875 0.055803571875 0.7946428578125 0.024553571875 0.7991071421875
2 0.6875 0.6316964281249999 0.6785714281249999 0.6852678578125 0.703125 0.71875 0.7232142859375 0.7165178578125 0.75 0.6897321421875 0.7544642859375 0.6495535718750001 0.7165178578125 0.6160714281249999 0.6875 0.6316964281249999
2 0.359375 0.6116071421875 0.33482142812500004 0.6361607140625 0.3303571421875 0.6986607140625 0.35491071406249997 0.7366071421875 0.3928571421875 0.7433035718750001 0.415178571875 0.7209821421875 0.42410714218749995 0.6495535718750001 0.40401785781250005 0.6205357140625 0.359375 0.6116071421875
2 0.7745535718750001 0.34375 0.7433035718750001 0.34821428593750003 0.7232142859375 0.38169642812500004 0.7232142859375 0.41741071406249997 0.7633928578125 0.462053571875 0.7946428578125 0.444196428125 0.8080357140625001 0.40401785781250005 0.8035714281249999 0.3727678578125 0.7745535718750001 0.34375
2 0.5379464281249999 0.28571428593750003 0.5044642859375 0.31919642812500004 0.5 0.38616071406249997 0.5334821421875 0.41964285781250005 0.5669642859375 0.41741071406249997 0.59375 0.390625 0.6026785718750001 0.3415178578125 0.5691964281249999 0.29017857187499996 0.5379464281249999 0.28571428593750003
2 0.5089285718750001 0.149553571875 0.48214285781250005 0.22544642812500001 0.5111607140625 0.2633928578125 0.5401785718750001 0.26116071406249997 0.5803571421875 0.22544642812500001 0.5848214281249999 0.16741071406250002 0.5290178578125 0.1383928578125 0.5089285718750001 0.149553571875
2 0.7276785718750001 0.0736607140625 0.7723214281249999 0.0825892859375 0.8080357140625001 0.055803571875 0.8258928578125 0.006696428124999999 0.7075892859375 0 0.7276785718750001 0.0736607140625
2 0.430803571875 0.0758928578125 0.3883928578125 0.11383928593749999 0.38392857187499996 0.180803571875 0.40848214218749995 0.2232142859375 0.45089285781250005 0.22544642812500001 0.49553571406249997 0.1584821421875 0.49553571406249997 0.11383928593749999 0.462053571875 0.0803571421875 0.430803571875 0.0758928578125
2 0.28125 0.22544642812500001 0.29017857187499996 0.2790178578125 0.33928571406249997 0.30133928593750003 0.37946428593750003 0.2522321421875 0.35491071406249997 0.1875 0.30580357187499996 0.196428571875 0.28125 0.22544642812500001
2 0.0111607140625 0.32142857187499996 0 0.48883928593750003 0.0491071421875 0.493303571875 0.084821428125 0.45758928593750003 0.0892857140625 0.3772321421875 0.0647321421875 0.33482142812500004 0.0111607140625 0.32142857187499996
2 0.9375 0.03125 0.125 0.0625
2 0.678125 0.984375 0.08046875 0.03125
2 0.025 0.97109375 0.04921875 0.0578125
2 0.1703125 0.3703125 0.115625 0.19140625
2 0.54375 0.5859375 0.13984375 0.175
2 0.1828125 0.771875 0.140625 0.18125
2 0.96953125 0.1546875 0.0609375 0.11875
2 0.8984375 0.61640625 0.10859375 0.178125