0 0.61640625 0.68828125 0.14765625 0.16640625
0 0.5390625 0.8796875 0.11328125 0.0984375
0 0.409375 0.73828125 0.10390625 0.14140625
0 0.21171875 0.97109375 0.11875 0.0578125
0 0.04609375 0.875 0.0921875 0.146875
0 0.346875 0.471875 0.12578125 0.17890625
0 0.70234375 0.47734375 0.0828125 0.10625
0 0.6609375 0.34375 0.0625 0.08828125
0 0.76484375 0.36875 0.11328125 0.1421875
0 0.8046875 0.22265625 0.13203125 0.10078125
0 0.659375 0.05390625 0.11953125 0.1078125
0 0.97109375 0.20703125 0.0578125 0.096875
0 0.97578125 0.3078125 0.0484375 0.08828125
0 0.1234375 0.21796875 0.13046875 0.16796875
0 0.025 0.2140625 0.04921875 0.2109375