2 0.59375 0.8772321421875 0.5892857140625 0.921875 0.6183035718750001 0.9732142859374999 0.65625 0.9799107140625001 0.6830357140625 0.9486607140625001 0.6875 0.890625 0.640625 0.84375 0.59375 0.8772321421875
2 0.5558035718750001 0.6964285718750001 0.5267857140625 0.7299107140625 0.5223214281249999 0.7790178578125 0.5446428578125 0.8415178578125 0.59375 0.8638392859374999 0.6428571421875 0.8147321421875 0.6473214281249999 0.7522321421875 0.6183035718750001 0.7053571421875 0.5558035718750001 0.6964285718750001
2 0.5714285718750001 0.5915178578125 0.5625 0.6495535718750001 0.5870535718750001 0.6875 0.625 0.6897321421875 0.65625 0.6540178578125 0.65625 0.6138392859375 0.6138392859375 0.5669642859375 0.5714285718750001 0.5915178578125
2 0.42410714218749995 0.703125 0.415178571875 0.7522321421875 0.430803571875 0.78125 0.47321428593750003 0.7924107140625 0.5044642859375 0.7611607140625 0.5044642859375 0.7120535718750001 0.45758928593750003 0.6741071421875 0.42410714218749995 0.703125
2 0.3459821421875 0.5401785718750001 0.30357142812500004 0.5825892859375 0.2991071421875 0.6450892859375 0.328125 0.6919642859375 0.37946428593750003 0.6941964281249999 0.41071428593750003 0.6584821421875 0.415178571875 0.609375 0.40178571406249997 0.5691964281249999 0.3459821421875 0.5401785718750001
2 0.29017857187499996 0.8147321421875 0.28571428593750003 0.8727678578125 0.3102678578125 0.90625 0.3616071421875 0.9084821421875 0.3928571421875 0.8772321421875 0.3928571421875 0.8102678578125 0.3415178578125 0.7723214281249999 0.29017857187499996 0.8147321421875
2 0.28571428593750003 0.9977678578125 0.3616071421875 0.9977678578125 0.3571428578125 0.9352678578125 0.3102678578125 0.9285714281249999 0.28571428593750003 0.9620535718750001 0.28571428593750003 0.9977678578125
2 0.2075892859375 0.8035714281249999 0.18303571406250002 0.8325892859374999 0.1875 0.8816964281249999 0.203125 0.9151785718750001 0.2321428578125 0.921875 0.25 0.9129464281249999 0.2633928578125 0.8638392859374999 0.2455357140625 0.8147321421875 0.2075892859375 0.8035714281249999
2 0.131696428125 0.8169642859374999 0.0982142859375 0.8950892859374999 0.12276785781249999 0.9330357140625001 0.147321428125 0.9352678578125 0.1696428578125 0.9174107140625001 0.178571428125 0.8549107140625001 0.1584821421875 0.8214285718750001 0.131696428125 0.8169642859374999
2 0.0513392859375 0.78125 0.0133928578125 0.8147321421875 0.0044642859375000005 0.8549107140625001 0.037946428125 0.9107142859374999 0.071428571875 0.9129464281249999 0.09375 0.890625 0.11160714218750001 0.8147321421875 0.0915178578125 0.7857142859375 0.0513392859375 0.78125
2 0.11383928593749999 0.6741071421875 0.0803571421875 0.7075892859375 0.0892857140625 0.7700892859375 0.118303571875 0.7991071421875 0.15178571406250002 0.796875 0.1741071421875 0.7700892859375 0.1696428578125 0.7120535718750001 0.14508928593749998 0.6785714281249999 0.11383928593749999 0.6741071421875
2 0 0.765625 0.0446428578125 0.7790178578125 0.0758928578125 0.7477678578125 0.0758928578125 0.703125 0.060267857812500006 0.6696428578125 0.0290178578125 0.6651785718750001 0 0.6808035718750001 0 0.765625
2 0.162946428125 0.5848214281249999 0.147321428125 0.6629464281249999 0.16741071406250002 0.6919642859375 0.196428571875 0.6897321421875 0.21875 0.6540178578125 0.2142857140625 0.6227678578125 0.1852678578125 0.5848214281249999 0.162946428125 0.5848214281249999
2 0.0669642859375 0.5647321421875 0.0580357140625 0.6183035718750001 0.0825892859375 0.6607142859375 0.12053571406250001 0.6584821421875 0.1428571421875 0.6227678578125 0.1428571421875 0.5691964281249999 0.100446428125 0.5401785718750001 0.0669642859375 0.5647321421875
2 0.196428571875 0.359375 0.1741071421875 0.40848214218749995 0.178571428125 0.453125 0.2142857140625 0.475446428125 0.25446428593750003 0.444196428125 0.25 0.38169642812500004 0.2209821421875 0.35267857187499996 0.196428571875 0.359375
2 0.1875 0.36383928593750003 0.2008928578125 0.32366071406249997 0.17633928593749998 0.28125 0.140625 0.27232142812500004 0.109375 0.28571428593750003 0.084821428125 0.32366071406249997 0.084821428125 0.36383928593750003 0.116071428125 0.43526785781250005 0.1540178578125 0.45089285781250005 0.171875 0.41964285781250005 0.19866071406250002 0.47321428593750003 0.22767857187499999 0.47098214218749995 0.25446428593750003 0.444196428125 0.2455357140625 0.3727678578125 0.2209821421875 0.35267857187499996 0.1875 0.36383928593750003
2 0.194196428125 0.0133928578125 0.16071428593749998 0.0647321421875 0.16071428593749998 0.100446428125 0.1852678578125 0.1383928578125 0.2232142859375 0.1540178578125 0.25446428593750003 0.12276785781249999 0.25892857187499996 0.0647321421875 0.2299107140625 0.022321428125 0.194196428125 0.0133928578125
2 0.0446428578125 0.0513392859375 0.0446428578125 0.12276785781249999 0.0647321421875 0.147321428125 0.0982142859375 0.14508928593749998 0.125 0.109375 0.125 0.055803571875 0.078125 0.008928571875000001 0.0446428578125 0.0513392859375
2 0.3616071421875 0.024553571875 0.35267857187499996 0.0825892859375 0.38616071406249997 0.125 0.41964285781250005 0.12276785781249999 0.44196428593750003 0.046875 0.428571428125 0.0111607140625 0.39955357187499996 0 0.3616071421875 0.024553571875
2 0.6294642859375 0.40848214218749995 0.625 0.45758928593750003 0.6450892859375 0.491071428125 0.6830357140625 0.493303571875 0.7098214281249999 0.43526785781250005 0.6808035718750001 0.3928571421875 0.6495535718750001 0.3883928578125 0.6294642859375 0.40848214218749995
2 0.7834821421875 0.0669642859375 0.7455357140625 0.10491071406250001 0.7455357140625 0.149553571875 0.7700892859375 0.196428571875 0.8080357140625001 0.19866071406250002 0.8348214281249999 0.17633928593749998 0.84375 0.118303571875 0.8102678578125 0.0669642859375 0.7834821421875 0.0669642859375
2 1 0.5066964281249999 0.9486607140625001 0.49553571406249997 0.9107142859374999 0.5334821421875 0.9107142859374999 0.6004464281249999 0.9352678578125 0.625 1 0.6316964281249999 1 0.5066964281249999
2 1 0.6450892859375 0.984375 0.6428571421875 0.9508928578125 0.6763392859375 0.9464285718750001 0.7254464281249999 0.9665178578125 0.7589285718750001 1 0.765625 1 0.6450892859375
2 0 0.13616071406250002 0.0133928578125 0.13616071406250002 0.03125 0.12276785781249999 0.040178571875 0.0290178578125 0.0022321421875000002 0 0 0.13616071406250002
2 0.1540178578125 0 0.084821428125 0.0022321421875000002 0.1383928578125 0.024553571875 0.1540178578125 0
2 0.03125 0.475446428125 0.0022321421875000002 0.428571428125 0.0044642859375000005 0.5424107140625 0.03125 0.475446428125
2 0.5078125 0.1953125 0.1578125 0.19921875