2 0.5359375 0.8125 0.1484375 0.1703125
2 0.5703125 0.4 0.1265625 0.134375
2 0.44609375 0.525 0.1125 0.1234375
2 0.48984375 0.3375 0.140625 0.165625
2 0.72890625 0.11171875 0.1390625 0.1578125
2 0.4171875 0.38984375 0.115625 0.13125
2 0.26640625 0.1796875 0.134375 0.15
2 0.07421875 0.175 0.1484375 0.140625
2 0.43203125 0.7671875 0.1546875 0.175
2 0.40703125 0.6359375 0.1484375 0.171875
2 0.27734375 0.87265625 0.1375 0.153125
2 0.20703125 0.74140625 0.1203125 0.1484375
2 0.125 0.46484375 0.1296875 0.1390625
2 0.18046875 0.121875 0.1578125 0.1171875
2 0.04765625 0.48671875 0.0953125 0.1765625
2 0.753125 0.02890625 0.146875 0.0578125
2 0.6 0.94921875 0.134375 0.1015625
2 0.2015625 0.9453125 0.165625 0.109375
2 0.97734375 0.8265625 0.0453125 0.078125
2 0.08671875 0.78125 0.0671875 0.109375
2 0.590625 0.6375 0.2171875 0.246875
2 0.96015625 0.48203125 0.0796875 0.1953125
2 0.83828125 0.0828125 0.1359375 0.165625