0 0.21875 0.1 0.0578125 0.0859375
0 0.0359375 0.33671875 0.071875 0.0875
0 0.10234375 0.565625 0.0703125 0.0859375
0 0.30859375 0.6390625 0.090625 0.1453125
0 0.50234375 0.5484375 0.0953125 0.13125
0 0.6375 0.3375 0.0953125 0.1015625
0 0.58046875 0.1328125 0.1140625 0.1359375
0 0.45703125 0.09140625 0.071875 0.090625
0 0.6875 0.1625 0.1296875 0.1703125
0 0.79375 0.03359375 0.071875 0.0671875
0 0.9140625 0.32421875 0.121875 0.1765625
0 0.78203125 0.559375 0.071875 0.084375
0 0.6484375 0.840625 0.0625 0.0828125
0 0.41015625 0.8015625 0.1078125 0.140625
0 0.3734375 0.9078125 0.071875 0.0796875
0 0.08828125 0.9421875 0.0765625 0.115625