0 0.6828125 0.7890625 0.084375 0.09375
0 0.71484375 0.66953125 0.078125 0.0828125
0 0.63671875 0.64765625 0.0796875 0.096875
0 0.98203125 0.6578125 0.0359375 0.06875
0 0.978125 0.58046875 0.04375 0.1421875
0 0.43828125 0.76484375 0.08125 0.109375
0 0.33046875 0.90234375 0.146875 0.1453125
0 0.17265625 0.92421875 0.1203125 0.14375
0 0.559375 0.4 0.0828125 0.1
0 0.475 0.49765625 0.11875 0.134375
0 0.36015625 0.45078125 0.08125 0.0921875
0 0.23046875 0.471875 0.2125 0.246875
0 0.0265625 0.46484375 0.053125 0.1234375
0 0.01328125 0.34765625 0.0265625 0.0734375
0 0.228125 0.184375 0.071875 0.090625
0 0.57578125 0.01328125 0.0859375 0.0265625