2 1 0.1212924828125 0.9530164859375001 0.1333863515625 0.930640540625 0.165385575 0.9402638203125001 0.21976074531249998 0.9894538609374999 0.2522891640625 1 0.2506198359375 1 0.1212924828125
2 0.7417919171875 0.43411677656250003 0.7763760765625001 0.4835246015625 0.8027851281249999 0.4898464890625 0.83344506875 0.46737691249999996 0.8403897828125 0.4320610375 0.79607345625 0.3618343328125 0.7717354015625 0.35789485625 0.74998228125 0.380987259375 0.7417919171875 0.43411677656250003
2 0.82123685625 0.3859698640625 0.8487826703125 0.40803439687500004 0.8850327828125 0.401618878125 0.9026439046875 0.3737616515625 0.9009932109375001 0.333369540625 0.8764526328125 0.3003271875 0.838442934375 0.2999068828125 0.811613578125 0.3315946953125 0.82123685625 0.3859698640625
2 1 0.4410858203125 0.9835217593750001 0.4331194265625 0.9588722921875 0.4336333609375 0.9228247015625 0.46915175781249996 0.91494575 0.5178278656249999 0.9857800203125 0.5608201703125 1 0.47482468125 1 0.4410858203125
2 0.864588428125 0.6619877109375001 0.9083908203125001 0.70756495 0.9490943453125 0.70146084375 0.990529584375 0.6528936265625 0.9786327859374999 0.5670331671875 0.9404205640625 0.5375099859375 0.9024108656250001 0.5370896828125 0.8644947953125 0.5993285453125 0.864588428125 0.6619877109375001
2 0.6540935 0.280303134375 0.6854698984375001 0.3115859015625 0.739953959375 0.268406334375 0.7389260890625 0.2191074015625 0.705167278125 0.1898956328125 0.6679829265625 0.209671384375 0.6524428046875 0.2399110234375 0.6540935 0.280303134375
2 0.6492503046875 0.1255705109375 0.68042418125 0.1277504015625 0.716160359375 0.096685415625 0.70840555625 0.0155897796875 0.6454349781250001 0.0201368234375 0.626780728125 0.0949105703125 0.6492503046875 0.1255705109375
2 0.5932244375 0.0948016796875 0.62388438125 0.0723321015625 0.632697571875 0.0102957625 0.520739471875 0.0114172640625 0.5665039734375 0.092933203125 0.5932244375 0.0948016796875
2 0.4335092109375 0.17089945 0.47824584375 0.20311645625 0.5178126062499999 0.18126970625 0.55303485 0.125555253125 0.551072740625 0.089616553125 0.5102755859375 0.0330614921875 0.45590041562500006 0.042684771875 0.42326310625 0.12543110156249998 0.4335092109375 0.17089945
2 0.39289484531249996 0 0.3680778484375 0.018642871875 0.3746958890625 0.08399586249999999 0.4308306453125 0.08120840625 0.44472007343750003 0.01057665625 0.4324970765625 0 0.39289484531249996 0
2 0.49489220625 0.381050371875 0.5259571937499999 0.41678655 0.5571310703125001 0.41896644062500005 0.5890366625000001 0.3786832203125 0.592773615625 0.3252422875 0.563468215625 0.2963419328125 0.529911928125 0.2962330421875 0.503705396875 0.31901403125 0.49489220625 0.381050371875
2 0.540375815625 0.2745888125 0.5750688640625 0.2904403484375 0.618777625 0.2733584203125 0.640328221875 0.221163140625 0.639611765625 0.1674107953125 0.6064757796875 0.1292922078125 0.5521006109375 0.1389154859375 0.5108678921875 0.21658557968749997 0.540375815625 0.2745888125
2 0.24076688906250002 0.1753223421875 0.2638592921875 0.19707546250000002 0.3266273484375 0.1634255421875 0.325599478125 0.11412660781249999 0.301370315625 0.0766308453125 0.267814028125 0.0765219546875 0.2406732578125 0.1126631765625 0.24076688906250002 0.1753223421875
2 0.23793365625 0.40783395 0.2702442921875 0.425756484375 0.30535764374999996 0.40359832031250004 0.31230235781250004 0.3682824453125 0.271505203125 0.3117273859375 0.24861532187500002 0.31907714375 0.2312067234375 0.37603724843749997 0.23793365625 0.40783395
2 0.3025396703125 0.5398944734375 0.324806725 0.5414515375 0.36085431562500003 0.505933140625 0.373186678125 0.457568446875 0.3231712890625 0.404843971875 0.2812221125 0.42876172187500006 0.2682669234375 0.48603323749999994 0.3025396703125 0.5398944734375
2 0.3463420640625 0.5854717109375 0.37326505 0.6164430656250001 0.39553210625 0.61800013125 0.4175966375 0.590454315625 0.4219564171875 0.5281065625 0.3974158421875 0.495064209375 0.360542903125 0.5103865515625 0.3446913671875 0.5450796015625 0.3463420640625 0.5854717109375
2 0.517829940625 0.72500614375 0.54755564375 0.7158968 0.582466475 0.6646357578125001 0.5785422578125 0.5927583578125 0.544783446875 0.5635465890625 0.506773746875 0.5631262859375 0.48470921406249995 0.5906721 0.517829940625 0.72500614375
2 0.7059315890625 0.59495350625 0.7375257687500001 0.559123696875 0.7400170703125 0.5234964093750001 0.692898028125 0.4933504015625 0.6643090859375 0.5182023906250001 0.6621291968749999 0.5493762671875 0.7059315890625 0.59495350625
2 0.2797281625 0.70611885 0.309858909375 0.7552152624999999 0.34579760937500004 0.7532531546875 0.3678621421875 0.725707340625 0.377920984375 0.6458573578125 0.35275758125 0.6217218250000001 0.310294471875 0.620990109375 0.2834651171875 0.6526779203124999 0.2797281625 0.70611885
2 0.21231943125 0.6141390265625 0.25302295468749997 0.6080349203125001 0.2846171359375 0.5722051109375 0.2794472671875 0.518141353125 0.2377158734375 0.4749465265625 0.21451458125 0.4867496953125 0.1872649203125 0.55644720625 0.21231943125 0.6141390265625
2 0.1215852578125 0.6637341125 0.161245653125 0.7045465281250001 0.19097135468749998 0.695437184375 0.20682289062499998 0.6607441359374999 0.20869136875 0.6340236703125 0.176489621875 0.5825448453125001 0.1521515671875 0.5786053703125 0.125633625 0.6058397703125 0.1215852578125 0.6637341125
2 0.1689699359375 0.978073071875 0.2179574546875 0.9814986125 0.2332950578125 0.922156096875 0.21559030468749998 0.8873541578124999 0.1915636625 0.878961271875 0.159144134375 0.8945950249999999 0.14618894531249998 0.951866540625 0.1689699359375 0.978073071875
2 0.12077516875000001 0.547322603125 0.1397255734375 0.5643108984375 0.1783580984375 0.55582438125 0.20943834374999998 0.49534510468750004 0.2033342390625 0.4546415796875 0.1734060125 0.434648046875 0.1484451328125 0.4396153921875 0.1165395390625 0.4798986125 0.12077516875000001 0.547322603125
2 0.371381315625 0.7393789875000001 0.41010747187499996 0.7935516328125 0.45526440468749996 0.7877589406250001 0.49224623593750005 0.7388803109375 0.4930868421875 0.6628609109375 0.455808859375 0.6199774984374999 0.41334574999999996 0.61924578125 0.3760525078125 0.6725778234375 0.371381315625 0.7393789875000001
2 0.5586046687499999 1 0.55456346875 0.9356709999999999 0.52401241875 0.9245842874999999 0.4687030109375 0.9475677984375 0.4673484671875 0.9989377312500001 0.49071607031250003 1 0.5586046687499999 1
2 1 0.03538341875 0.9200982828125 0.028155184374999996 0.9167816328124999 0.0435864171875 0.9338635609375 0.087295178125 1 0.09637129531250001 1 0.03538341875
2 0.6439431 0.9374458453125 0.6349426484375 0.874163853125 0.579944653125 0.8926939546874999 0.596092340625 0.9497629484375001 0.6439431 0.9374458453125
2 0.1422494703125 0.9762045953125 0.12392189218750001 0.9503094765625001 0.09958383750000001 0.9463700015625 0.0733773078125 0.969150990625 0.1422494703125 0.9762045953125
2 0 0.8753601828124999 0.013427225000000001 0.8665047578125 0.0113714859375 0.7679068921875001 0 0.7671117203125 0 0.8753601828124999
2 0.09375 0.40078125 0.165625 0.18125