2 1 0.65123618125 0.9830601484375 0.6370779640625 0.9617140609374999 0.6436041171875 0.9352149421875 0.6867177140625 0.9560986343750001 0.7550251953125 0.9850993453125 0.7811707890624999 1 0.7756392109375 1 0.65123618125
2 0.83275371875 0.7180432531250001 0.8037530078125 0.6918976578125 0.7584503687499999 0.6964115328125 0.7355134171875 0.7664456625 0.7416860453125 0.8019046359375 0.7831408843750001 0.8382474203125 0.8453436312499999 0.8355690656249999 0.858858334375 0.80342760625 0.83275371875 0.7180432531250001
2 0.7242287359375 0.6531890671875 0.6896535765625 0.6240794859375 0.6453026421875 0.6469754609375 0.6381373328125 0.7075194515625001 0.6636437671875 0.7604088203125 0.694303234375 0.7767107484375 0.717131315625 0.76739736875 0.742855490625 0.69884523125 0.7242287359375 0.6531890671875
2 0.7688512390625 0.8449503359375001 0.7201631953125001 0.81548723125 0.6847042234375 0.821659859375 0.6713662828125 0.8467448781250001 0.6909447453124999 0.91078314375 0.7143710078125001 0.93396475 0.756886421875 0.927968884375 0.781903546875 0.8876425140625 0.7688512390625 0.8449503359375001
2 0.654153628125 0.7446371796875 0.6295988968749999 0.7101299140624999 0.5733241234374999 0.7016593703125 0.5497889921875 0.7391985171875 0.56379300625 0.8002727953125 0.6078583046875 0.8451540140624999 0.6392248234375 0.833230175 0.6655471796875 0.797173021875 0.654153628125 0.7446371796875
2 0.5072326 0.859579446875 0.5418077593749999 0.8886890281250001 0.5702102890625 0.8823396359375 0.5824197625 0.8459289578125 0.56379300625 0.8002727953125 0.5130926812500001 0.7947662390625 0.5072326 0.859579446875
2 0.4119366875 0.8303609968749999 0.39189583125 0.8411563687499999 0.3778508390625 0.8944671546875 0.392208378125 0.9414285484375 0.43976795312499994 0.9595659937500001 0.46086938593750004 0.9064319703124999 0.44781707812500005 0.8637397953124999 0.4119366875 0.8303609968749999
2 0.3289181421875 0.8183961796875 0.3016440796875 0.83607123125 0.290563075 0.8838075671875 0.31345904999999996 0.9281585 0.352833715625 0.9347935250000001 0.37393514687499996 0.8816595015625 0.36218806875 0.8432365421875 0.3289181421875 0.8183961796875
2 0.3141682140625 1 0.31370370468750003 0.9747663703124999 0.28653851406249997 0.9317206671875 0.26406395625 0.9269211609375001 0.2367898953125 0.9445962124999999 0.22736764687500002 0.9824888843749999 0.235581675 1 0.3141682140625 1
2 0.0971840265625 0.8238886734375 0.08384608593750001 0.8489736921875 0.1034245484375 0.9130119562499999 0.1383532328125 0.9280086515624999 0.1611813140625 0.9186952749999999 0.17600125 0.8908230328125001 0.1646076953125 0.8382871890624999 0.13133776875 0.8134468265624999 0.0971840265625 0.8238886734375
2 0 0.5747255015625 0.012058390625 0.6141667203125001 0.0248660453125 0.610251028125 0.0571163734375 0.563044978125 0.041100078125 0.52592725 0.009135381250000001 0.505356103125 0 0.5106292734375 0 0.5747255015625
2 0.06497467500000001 0.756709659375 0.07933221406249999 0.803671053125 0.1259400828125 0.8034263984375001 0.1407600171875 0.7755541546875 0.13328215625 0.7358259656249999 0.09147379375 0.7135960640625 0.06497467500000001 0.756709659375
2 0.26585970625 0.291487865625 0.247899021875 0.3319909984375 0.2605978046875 0.388796059375 0.291257271875 0.4050979859375 0.32689300625 0.39186891562500004 0.33292985 0.3199992671875 0.302623909375 0.289584453125 0.26585970625 0.291487865625
2 0.47244090937500005 0.2189931203125 0.424174284375 0.229081440625 0.4134468046875 0.2627048953125 0.43468402343749996 0.31689949375 0.4950512515625 0.331121246875 0.515445634375 0.306212990625 0.5096265296875 0.2566411359375 0.47244090937500005 0.2189931203125
2 0.4977436671875 0.11088955468749999 0.47135341875 0.09328239687499999 0.440163665625 0.09814979375 0.41959251875000003 0.13011449218749999 0.428375609375 0.1741118984375 0.46721998593749997 0.20191624843749997 0.5041609515625 0.192956396875 0.5147116671874999 0.166389384375 0.4977436671875 0.11088955468749999
2 0.5465405796875 0.0796319078125 0.5259694359375 0.11159660468749999 0.5451943734375 0.1897477546875 0.5673154046875 0.2086601421875 0.5986819203125 0.19673630312499998 0.61230549375 0.103874090625 0.577730334375 0.074764509375 0.5465405796875 0.0796319078125
2 0.6273700843750001 0.1226097171875 0.6127948046875 0.197089828125 0.639008290625 0.22175342968749998 0.7119385171875 0.1854516203125 0.7031554250000001 0.1414542140625 0.672849484375 0.1110394015625 0.6273700843750001 0.1226097171875
2 0.9211570968749999 0.2895446859375 0.9422585296875001 0.2364106609375 0.9226800687500001 0.17237239843750002 0.882530459375 0.14029882968750002 0.8513407046875001 0.145166228125 0.8251951125 0.1741669375 0.8263914734375 0.23915690781249999 0.8578258828124999 0.2808973796875 0.9211570968749999 0.2895446859375
2 0.7309187984375 0.2169949 0.7015645625 0.204962190625 0.6417955156249999 0.22323542187499998 0.62976280625 0.2525896578125 0.6470843312500001 0.293976603125 0.6862822328125 0.30766806875 0.7274924171875 0.2974029859375 0.7465815671875 0.26822551250000004 0.7309187984375 0.2169949
2 0.55616339375 0 0.5661600203125 0.0292851078125 0.6209527984375 0.040542875 0.6364143390625 0 0.55616339375 0
2 0.021467784375 0.125790234375 0.0642278546875 0.1664022375 0.092630384375 0.16005284687500002 0.09979569687499999 0.09950885625 0.021467784375 0.125790234375
2 0.432366153125 0 0.3346026671875 0.0277211609375 0.3608840484375 0.10604907187499998 0.3971179625 0.12531498593749998 0.41994604375 0.11600160781249999 0.4584778734375 0.043533778125 0.44071700468749997 0 0.432366153125 0
2 0.325425075 0.1122217015625 0.3474782140625 0.07746977968749999 0.33312067500000003 0.030508384375000003 0.2534875328125 0.052520546875 0.27881720625 0.11246635625000001 0.325425075 0.1122217015625
2 0.946875 0.35859375 0.1046875 0.1625
2 0.74296875 0.3515625 0.209375 0.2015625