0 0.4734375 0.32421875 0.1484375 0.175
0 0.5625 0.40078125 0.1453125 0.159375
0 0.646875 0.484375 0.146875 0.1453125
0 0.625 0.81953125 0.1125 0.1390625
0 0.5375 0.825 0.09375 0.10625
0 0.21796875 0.4484375 0.1578125 0.1875
0 0.18671875 0.5484375 0.1046875 0.1109375
0 0.16015625 0.69609375 0.1640625 0.1921875
0 0.07890625 0.73125 0.0984375 0.1640625
0 0.140625 0.85 0.1375 0.1578125
0 0.1578125 0.95703125 0.109375 0.0859375
0 0.22578125 0.1765625 0.1078125 0.121875
0 0.39375 0.040625 0.109375 0.08125