0 0.278125 0.86875 0.0875 0.0859375
0 0.4078125 0.9203125 0.1203125 0.109375
0 0.55078125 0.903125 0.1828125 0.19375
0 0.50390625 0.7640625 0.1671875 0.1859375
0 0.57421875 0.54609375 0.128125 0.1421875
0 0.790625 0.66328125 0.1328125 0.15
0 0.778125 0.51796875 0.0765625 0.084375
0 0.96015625 0.559375 0.0796875 0.090625
0 0.58828125 0.3765625 0.1 0.1171875
0 0.1875 0.49296875 0.11875 0.1375
0 0.115625 0.47265625 0.08125 0.0890625
0 0.0453125 0.45703125 0.090625 0.1453125
0 0.28359375 0.26484375 0.1453125 0.16875
0 0.4046875 0.15078125 0.0828125 0.090625
0 0.4734375 0.096875 0.1 0.11875
0 0.640625 0.15078125 0.084375 0.0984375
0 0.228125 0.8234375 0.1015625 0.1125