2 0.0296875 0.41015625 0.059375 0.1453125
2 0.1578125 0.25625 0.1171875 0.1359375
2 0.28828125 0.33046875 0.134375 0.1625
2 0.25234375 0.56796875 0.1203125 0.1609375
2 0.3765625 0.76796875 0.15 0.18125
2 0.4734375 0.740625 0.115625 0.14375
2 0.596875 0.46875 0.084375 0.1140625
2 0.59296875 0.13359375 0.1046875 0.15625
2 0.503125 0.0703125 0.1125 0.140625
2 0.9328125 0.39765625 0.1171875 0.1546875
2 0.97265625 0.50546875 0.0546875 0.0984375
2 0.9140625 0.52578125 0.11875 0.1453125
2 0.92734375 0.66015625 0.1453125 0.1796875
2 0.93125 0.77890625 0.115625 0.1484375
2 0.85078125 0.76953125 0.1015625 0.1390625
2 0.7671875 0.78828125 0.1234375 0.1375
2 0.74765625 0.6734375 0.0953125 0.1171875
2 0.39921875 0.971875 0.1171875 0.05625
2 0.1796875 0.9875 0.1 0.025
2 0.90390625 0.8875 0.165625 0.121875
2 0.040625 0.12265625 0.08125 0.1078125
2 0.9453125 0.25546875 0.0609375 0.146875
2 0.525 0.88984375 0.171875 0.2203125