2 0.08125 0.34765625 0.1546875 0.1421875
2 0.08359375 0.48671875 0.1546875 0.16875
2 0.03515625 0.571875 0.0703125 0.184375
2 0.16640625 0.7953125 0.12890625 0.153125
2 0.19609375 0.928125 0.128125 0.14296875
2 0.2609375 0.85078125 0.103125 0.175
2 0.5328125 0.3296875 0.12734375 0.15859375
2 0.55859375 0.50078125 0.15 0.196875
2 0.61796875 0.3875 0.11875 0.165625
2 0.67578125 0.49375 0.1046875 0.1546875
2 0.89921875 0.82890625 0.15390625 0.18828125
2 0.9171875 0.0546875 0.12109375 0.1046875
2 0.7203125 0.021875 0.08046875 0.04296875
2 0.8015625 0.05390625 0.146875 0.1078125
2 0.94140625 0.9390625 0.1171875 0.1125
2 0.26171875 0.46484375 0.11328125 0.17734375
2 0.12265625 0.6203125 0.1515625 0.171875
2 0.8046875 0.225 0.17109375 0.18203125
2 0.65546875 0.89140625 0.2046875 0.2171875