2 0.2894456734375 0.6900229484375 0.2382955671875 0.6580719921875 0.185900275 0.6892432890625 0.1663869921875 0.750110771875 0.1872968546875 0.8105127281250001 0.22655334843750002 0.83717731875 0.28835471875 0.8093489109374999 0.305924528125 0.7509689625 0.2894456734375 0.6900229484375
2 0.3656253578125 0.7976123640624999 0.338262478125 0.7762341390625 0.30778947031250004 0.784473565625 0.2924744328125 0.8245854156249999 0.29511619843750003 0.8827326 0.32496661250000003 0.9060542999999999 0.3657010546875 0.889808209375 0.3776732015625 0.8591024390625 0.3656253578125 0.7976123640624999
2 0.42968150156249996 0.7515158578125 0.40309544375 0.7547802156250001 0.38000650625 0.8048422046875 0.3865352203125 0.8580143203124999 0.42136070468750003 0.8852229703125 0.47025887656250004 0.8072540421875001 0.45650032031250004 0.768463075 0.42968150156249996 0.7515158578125
2 0.533302596875 0.8444913625 0.5004205890625 0.814795178125 0.47437859062500004 0.8224905453125 0.4390847421875 0.8830467328125 0.4489563484375 0.92681276875 0.47826270312499997 0.9457034578125001 0.51176730625 0.9438385171875 0.544262321875 0.8971194203125 0.533302596875 0.8444913625
2 0.7241473078125 0.8053162374999999 0.7019922578125 0.8080365359374999 0.676183025 0.8359434765625 0.6832557984375 0.8935466015625 0.7319183703125 0.9235540828125 0.76355803125 0.8881845390625 0.757573375 0.8394434343749999 0.7241473078125 0.8053162374999999
2 0.626979228125 0.673317003125 0.5970502796875 0.6859874406250001 0.5767601734375 0.7222123390624999 0.5982140953124999 0.7870453046875 0.6314074015625 0.800960925 0.6791389203125 0.750122115625 0.6632041281250001 0.693607109375 0.626979228125 0.673317003125
2 0.6265165374999999 0.504705875 0.5980655375 0.4744656296875 0.5581864515625 0.479362165625 0.532921275 0.5117001171875 0.54108216875 0.5781652609375 0.5769957734375 0.61423593125 0.60552530625 0.6084840375 0.6369322015625001 0.5529029203125 0.6265165374999999 0.504705875
2 0.45479528281250003 0.53478621875 0.41911444062500003 0.518927121875 0.382188415625 0.566190278125 0.3870849515625 0.606069365625 0.42688550625 0.6371649640625 0.44655301875 0.6325011921875 0.47018601562500006 0.5868702140625001 0.45479528281250003 0.53478621875
2 0.345495153125 0.633665009375 0.30095229375 0.61889403125 0.2790300109375 0.6418259015625 0.2784074171875 0.6733870296875 0.32699145625 0.739386646875 0.3602632953125 0.71731013125 0.36034182812500004 0.6813179953125 0.345495153125 0.633665009375
2 0.1722987859375 0.5784680484375 0.1349857671875 0.5493159249999999 0.0886536625 0.593236190625 0.10015744687499999 0.65029525625 0.139958 0.68139085625 0.1640565234375 0.676183025 0.1848906890625 0.6443891328125 0.1722987859375 0.5784680484375
2 0.09262198125 0.42408100312499997 0.0435695796875 0.445846221875 0.0600484328125 0.5067922375 0.10039304687499999 0.542318846875 0.148668625 0.49591104531249997 0.14042919843749999 0.46543803749999996 0.09262198125 0.42408100312499997
2 0.1739366375 0.3353851140625 0.11338045000000001 0.3000912671875 0.09309034375 0.336316165625 0.10125123750000001 0.40278131093749997 0.1293909421875 0.44880211875000003 0.168103375 0.4710357 0.2091491140625 0.43900904687500003 0.21148241875 0.3847488109375 0.1739366375 0.3353851140625
2 0.3570831421875 0.398355971875 0.30981998593750004 0.361429946875 0.279346978125 0.3696693734375 0.2568021 0.42416237187499994 0.277167903125 0.48013331875 0.315336278125 0.49793588906249997 0.3350037921875 0.4932721171875 0.3625237390625 0.44266606875000003 0.3570831421875 0.398355971875
2 0.677826546875 0.3364845765625 0.6416016453125 0.31619447031250003 0.611361403125 0.34464547031250004 0.60739591875 0.3856126765625 0.6488286515625 0.4300013046875 0.6807010734375 0.414843334375 0.6926732203125 0.3841375625 0.677826546875 0.3364845765625
2 0.21086833437500002 0.0317459921875 0.1070116375 0.046746895312499995 0.11066298906250001 0.1497482359375 0.1515516609375 0.18970585625 0.17619424374999998 0.1889290328125 0.229212128125 0.1261966078125 0.21086833437500002 0.0317459921875
2 0.0847780578125 0.0854593296875 0.056327057812500005 0.0552190859375 0.016680734375 0.0803271953125 0.00774018125 0.11740745156250001 0.0176117875 0.1611734875 0.05686828125 0.187838078125 0.0770798546875 0.187605315625 0.10125690937500001 0.1464053453125 0.0847780578125 0.0854593296875
2 0.0919937171875 0.71201809375 0.0578665234375 0.7454441625 0.08103115625 0.7875780203125 0.12207689531249999 0.7555513671874999 0.1188125390625 0.7289653109375 0.0919937171875 0.71201809375
2 0.557581678125 0 0.5893690921875 0.0190055296875 0.6134676156250001 0.0137976984375 0.6225090859375 0 0.557581678125 0
2 0.6599772515625 0 0.6771339281250001 0.01947389375 0.7023205703125 0.0231280796875 0.738624003125 0.007426049999999999 0.7422307390625 0 0.6599772515625 0
2 0.9206795546875 0.189722871875 0.926664209375 0.23846397656249999 0.9642099906249999 0.287827675 0.9775030203125 0.286195496875 0.9565174609374999 0.13359769531250001 0.9206795546875 0.189722871875
2 0.00703125 0.30390625 0.0140625 0.1453125