2 0.83671875 0.78359375 0.1125 0.1421875
2 0.68203125 0.66953125 0.16875 0.21171875
2 0.5421875 0.69765625 0.096875 0.121875
2 0.521875 0.57109375 0.09375 0.12265625
2 0.62578125 0.503125 0.121875 0.14375
2 0.71640625 0.3765625 0.1015625 0.13671875
2 0.69453125 0.25625 0.10234375 0.11875
2 0.6 0.34375 0.11171875 0.14609375
2 0.70234375 0.04609375 0.090625 0.0921875
2 0.49140625 0.084375 0.09765625 0.12265625
2 0.396875 0.04921875 0.10078125 0.09765625
2 0.32265625 0.21875 0.1171875 0.14140625
2 0.4140625 0.39140625 0.09609375 0.1296875
2 0.4546875 0.503125 0.1078125 0.1484375
2 0.44140625 0.7015625 0.0984375 0.13125
2 0.35703125 0.6359375 0.1203125 0.14921875
2 0.2859375 0.55078125 0.11484375 0.1484375
2 0.24375 0.4359375 0.11015625 0.1296875
2 0.1703125 0.56484375 0.12578125 0.16484375
2 0.11328125 0.48203125 0.08359375 0.10234375
2 0.109375 0.36171875 0.14140625 0.17421875
2 0.04296875 0.921875 0.08515625 0.15546875
2 0.03359375 0.73984375 0.06640625 0.1203125
2 0.0203125 0.46875 0.040625 0.146875
2 0.28203125 0.79453125 0.1703125 0.21640625
2 0.9640625 0.3109375 0.071875 0.1375
2 0.0828125 0.1046875 0.1640625 0.209375