0 0.41875 0.8484375 0.0921875 0.1046875
0 0.15625 0.81796875 0.06875 0.0671875
0 0.15625 0.90078125 0.1015625 0.1140625
0 0.7078125 0.73828125 0.0734375 0.0765625
0 0.85390625 0.62421875 0.103125 0.1234375
0 0.4953125 0.55546875 0.134375 0.1484375
0 0.7234375 0.4015625 0.1015625 0.1078125
0 0.4078125 0.3640625 0.1234375 0.146875
0 0.2375 0.3703125 0.08125 0.1046875
0 0.33984375 0.5453125 0.0765625 0.1046875
0 0.27890625 0.565625 0.1125 0.159375
0 0.22421875 0.609375 0.1234375 0.1546875
0 0.1203125 0.6359375 0.0921875 0.1078125
0 0.0875 0.53125 0.071875 0.0828125
0 0.05078125 0.453125 0.1015625 0.115625
0 0.1390625 0.43984375 0.090625 0.096875
0 0.04140625 0.2171875 0.08125 0.1015625
0 0.3296875 0.12890625 0.090625 0.1
0 0.4359375 0.0734375 0.1375 0.1421875
0 0.70546875 0.1109375 0.0828125 0.0921875