0 0.6953125 0.52578125 0.06875 0.09140625
0 0.92421875 0.5046875 0.06015625 0.06796875
0 0.85078125 0.24765625 0.0625 0.08828125
0 0.73828125 0.178125 0.09296875 0.12421875
0 0.57109375 0.4390625 0.0578125 0.071875
0 0.484375 0.2859375 0.10625 0.14296875
0 0.49609375 0.55546875 0.08125 0.10078125
0 0.40859375 0.696875 0.084375 0.10703125
0 0.2921875 0.69453125 0.08671875 0.11171875
0 0.31953125 0.56953125 0.10234375 0.12890625
0 0.12578125 0.5109375 0.07265625 0.10546875
0 0.1484375 0.90546875 0.0546875 0.06484375
0 0.19375 0.06484375 0.05859375 0.0796875
0 0.02421875 0.96796875 0.0484375 0.0546875
0 0.01328125 0.85703125 0.0265625 0.06875