2 0.7322948640625 0.1100782421875 0.7458728765625 0.17625658125000002 0.7860624671875 0.2070101546875 0.829350925 0.18608238125 0.8511976765625 0.14651561875000002 0.8411388343749999 0.066665634375 0.7979440062500001 0.024934240625 0.7688411296875 0.02473171875 0.7416067281250001 0.0512496609375 0.7322948640625 0.1100782421875
2 0.877201684375 0.198399484375 0.9224675093749999 0.2377484671875 0.9464941515625 0.22935557968750003 0.9701004875000001 0.1829529953125 0.9654292953124999 0.11615183124999999 0.9460585890625 0.09513042656250001 0.8911694828125001 0.11015661562500001 0.8690113187499999 0.14526996718750002 0.877201684375 0.198399484375
2 0.9815138734375 0.3141729109375 0.9790073109374999 0.18233016875000002 0.9343795703125 0.2481034640625 0.9467119328125 0.2964681578125 0.9815138734375 0.3141729109375
2 1 0.4825396203125 0.9961350156250001 0.42726777031249996 0.9591531874999999 0.378389140625 0.9294274828125 0.369279796875 0.8635605578125001 0.387311221875 0.8751764640624999 0.48942826093749997 0.94270934375 0.527220178125 0.9738832203125 0.5250402890625 1 0.49027418437500003 1 0.4825396203125
2 0.8094184296875 0.541015975 0.8361388953125 0.539147496875 0.8662696421874999 0.4900510859375 0.8562108 0.410201103125 0.8094968015624999 0.3821413546875 0.7665197546875 0.40752253749999995 0.758142128125 0.4797113515625 0.8094184296875 0.541015975
2 0.8412303906249999 0.6439583609375 0.8835998703125 0.7058858109374999 0.933101325 0.6778108031250001 0.9586697703124999 0.595469515625 0.936184934375 0.5299140046875 0.8856403500000001 0.5110724890625 0.8509473015625 0.526924025 0.831794375 0.5730151984375 0.8412303906249999 0.6439583609375
2 0.5428213390625001 0.47239211093750005 0.5592957000000001 0.5159919828125 0.6147139984375001 0.57253178125 0.6802695125 0.550046946875 0.7186842546875 0.4914208875 0.6892547062500001 0.3905495015625 0.6285576484375001 0.35451716875 0.5908593609375 0.3593908828125 0.5553409640625 0.395438475 0.5428213390625001 0.47239211093750005
2 0.437714321875 0.5692456499999999 0.4731390875 0.5958572265625001 0.5040015515625 0.589223925 0.5261597140625 0.5541105734375 0.5176579359375 0.49652764375 0.48430417031250006 0.4675336578125 0.45996611718749997 0.4714731328125 0.42921254375 0.511662721875 0.437714321875 0.5692456499999999
2 0.2404880703125 0.3727032625 0.280054834375 0.3945500140625 0.31432757968749997 0.3406887796875 0.31379838437499996 0.269122790625 0.3030230859375 0.2430251515625 0.265838734375 0.2232494 0.21871969062500002 0.25339540625 0.21003065156249998 0.321130809375 0.2404880703125 0.3727032625
2 0.16216463125 0.21259825000000002 0.21188386874999998 0.2516358203125 0.2636588453125 0.1920755234375 0.2605447171875 0.1475414125 0.22625671249999998 0.10518719375 0.1841050140625 0.1103723203125 0.1574934390625 0.1457970875 0.16216463125 0.21259825000000002
2 0.055219656250000006 0.47516223281250003 0.07634995156249999 0.48934781406249994 0.111665825 0.4824031 0.1370317484375 0.42916469218750003 0.1145469125 0.36360917812500004 0.087203621875 0.3565708328125 0.0542701578125 0.3655865453125 0.036253993750000005 0.395935075 0.055219656250000006 0.47516223281250003
2 0 0.495676409375 0.0034446796874999996 0.53472253125 0.047247073437499995 0.48914529218749997 0.039368121875 0.44046918437500004 0.010467765625 0.41116378437499995 0 0.41189576250000004 0 0.495676409375
2 0.1690767515625 0.695435109375 0.2191074015625 0.7389260890625 0.27544467968749997 0.71261066875 0.29190378125 0.659995084375 0.2789485921875 0.60272356875 0.23192318125 0.5702104078125 0.198366890625 0.5703192984375 0.158706496875 0.6111317140625 0.1690767515625 0.695435109375
2 0.34196494843749997 0.8959169734374999 0.368374003125 0.8895950859375 0.3860787546875 0.8547931453125001 0.3798504984375 0.7657249265625 0.35157296875 0.7453263484375 0.2990662765625 0.7624235359375 0.3020867734375 0.8696168109375 0.34196494843749997 0.8959169734374999
2 0.38928651406250003 0.8366680890625 0.416738696875 0.877262721875 0.45205457187500003 0.8703180078124999 0.4812510796875 0.8078613656250001 0.473372128125 0.75918525625 0.44923659687499995 0.7340218562499999 0.42904054062499997 0.7331965078125 0.390002971875 0.7829157453125 0.38928651406250003 0.8366680890625
2 0.917715871875 0.9697738171875001 0.9104597453125001 0.93000453125 0.858980921875 0.897802784375 0.8156924640625001 0.9187305562500001 0.808763009375 0.9796301359375 0.917715871875 0.9697738171875001
2 0.3104276171875 1 0.30417303125 0.963449853125 0.2701964390625 0.92554904375 0.2410935625 0.9253465234375 0.2055751640625 0.9613941140625 0.2039974671875 1 0.3104276171875 1
2 0.70390625 0.01875 0.1171875 0.0375
2 0.0546875 0.75078125 0.090625 0.2015625
2 0.7078125 0.70234375 0.140625 0.2140625
2 0.0296875 0.2078125 0.059375 0.15625
2 0.68125 0.1296875 0.159375 0.2078125