1 0.625 0.33984375 0.15625 0.15625
1 0.8765625 0.55703125 0.14375 0.171875
1 0.82734375 0.74765625 0.1890625 0.215625
1 0.65625 0.984375 0.109375 0.03125
1 0.5703125 0.96484375 0.121875 0.0703125
1 0.45703125 0.96015625 0.1546875 0.0796875
1 0.28203125 0.70078125 0.1265625 0.1359375
1 0.065625 0.73828125 0.13125 0.1921875
1 0.18671875 0.53203125 0.165625 0.1734375
1 0.2296875 0.35 0.1515625 0.1734375
1 0.05234375 0.43359375 0.1046875 0.1640625
1 0.1953125 0.16640625 0.14375 0.153125
1 0.54140625 0.04453125 0.1328125 0.0890625