0 0.9484375 0.14453125 0.103125 0.1328125
0 0.4515625 0.07109375 0.14375 0.1421875
0 0.32421875 0.09375 0.2015625 0.1875
0 0.1890625 0.09453125 0.190625 0.1890625
0 0.128125 0.19921875 0.1125 0.1140625
0 0.41640625 0.28671875 0.1734375 0.215625
0 0.5390625 0.284375 0.159375 0.20625
0 0.40390625 0.51640625 0.1671875 0.1796875
0 0.5796875 0.47421875 0.1359375 0.1796875
0 0.628125 0.60078125 0.0953125 0.109375
0 0.50546875 0.63828125 0.0875 0.103125
0 0.740625 0.6828125 0.1546875 0.1859375
0 0.70625 0.8078125 0.096875 0.1171875
0 0.85546875 0.84453125 0.153125 0.1765625
0 0.85546875 0.95703125 0.0953125 0.0859375
0 0.48125 0.8015625 0.2359375 0.2453125
0 0.5703125 0.7125 0.1578125 0.1609375
0 0.39453125 0.9125 0.2046875 0.175
0 0.03984375 0.625 0.0796875 0.146875
0 0.01484375 0.75625 0.0296875 0.153125
0 0.1484375 0.25625 0.0984375 0.1421875
0 0.09296875 0.0953125 0.059375 0.1234375