2 0.2372825796875 0.73184563125 0.1978383 0.709778503125 0.1685683765625 0.76616170625 0.20009097968749998 0.8525132015624999 0.2386177765625 0.851835346875 0.2555772140625 0.8161020203125 0.2372825796875 0.73184563125
2 0.39462146875 0.7658055312500001 0.37281448125 0.746531875 0.3205804609375 0.7766782546875 0.32032032187500004 0.8353961890624999 0.33586250781250004 0.85141763125 0.3648722921875 0.8537523625000001 0.39436132968750004 0.824523465625 0.39462146875 0.7658055312500001
2 0.3433664703125 0.6898885328125 0.356594440625 0.6919836375 0.35753243437500004 0.6717925 0.3433664703125 0.6898885328125
2 0.63675754375 0.62109880625 0.610999971875 0.6124992734375 0.5726922890624999 0.640331434375 0.5599025484375 0.6925449421875001 0.6014214203125 0.744320221875 0.62927409375 0.7396917859375 0.6580852765625 0.671936090625 0.63675754375 0.62109880625
2 0.8258176359375 0.8115006250000001 0.775938859375 0.7697011015624999 0.7223081031249999 0.808666128125 0.7264572874999999 0.8680824296875 0.7501197515625 0.8899099296875 0.78794818125 0.8936413984374999 0.8218465406250001 0.8651108703125001 0.8258176359375 0.8115006250000001
2 0.9096152843749999 0.7818335000000001 0.8706297468749999 0.7711388640625 0.8325411781250001 0.8261253312499999 0.8387854640624999 0.8723136640625 0.8712665749999999 0.8955379015625 0.9144423234374999 0.8797766015624999 0.9330381234375 0.819442815625 0.9096152843749999 0.7818335000000001
2 0.9270403421875001 1 0.936927165625 0.937577053125 0.9046856828125 0.8985710015624999 0.8768330093750001 0.9031994390625 0.8517532937500001 0.9331267046875 0.8477821999999999 0.9867369484375 0.860648509375 1 0.9270403421875001 1
2 0.2139968046875 0.8931351031249999 0.19264855625 0.8852339390624999 0.16084530156250001 0.9005365 0.1399352828125 0.9469439484375 0.2343865421875 0.9641635234375 0.23973386093750002 0.9446707546875001 0.2139968046875 0.8931351031249999
2 0.1432490359375 0.8118707859375001 0.122838784375 0.783778484375 0.0861674640625 0.7870101859374999 0.06038938125 0.8213467734375 0.071960475 0.8909784593750001 0.109788903125 0.894709928125 0.139976309375 0.86107170625 0.1432490359375 0.8118707859375001
2 0.461404671875 0.40122846093750003 0.43055992343750005 0.35340376406249996 0.370445253125 0.3619622703125 0.3402578484375 0.395600490625 0.3409151890625 0.4770634078125 0.371301196875 0.5135156140625 0.40472030156249994 0.5165487140625 0.4553384734375 0.4680666734375 0.461404671875 0.40122846093750003
2 0.385371125 0.21064855468750002 0.3389431625 0.23267465468749998 0.353307728125 0.28466905 0.3779081875 0.2863054125 0.39718184375 0.26449842343749996 0.385371125 0.21064855468750002
2 0.507757109375 0.0514952125 0.49175618125 0.024101279687499998 0.45578322812499994 0.0229236578125 0.42258323750000004 0.0470448625 0.41559955625 0.09113809375000001 0.43577017968750004 0.135012209375 0.45967227343749995 0.1410578953125 0.4921738953125 0.1213460109375 0.507757109375 0.0514952125
2 0.1918196546875 0.191292846875 0.16259075781250001 0.161803809375 0.1008397234375 0.194962775 0.0968686296875 0.24857301875 0.1323623265625 0.2813142703125 0.170430384375 0.2692639234375 0.188546928125 0.24049376718749998 0.1918196546875 0.191292846875
2 0.056767006249999995 0.1450429734375 0.0295511625 0.2740704484375 0.07621875156249999 0.2362625328125 0.0832024328125 0.192169303125 0.056767006249999995 0.1450429734375
2 0.2793897984375 0.0379250515625 0.2612937640625 0.0237590875 0.21997349531250002 0.042074235937499996 0.2292303703125 0.0977795828125 0.258240153125 0.1001143140625 0.28192313125 0.0790056953125 0.2793897984375 0.0379250515625
2 0.68460928125 0.047866309375 0.7410129984375 0.034200112500000004 0.661645184375 0.0216294859375 0.68460928125 0.047866309375
2 0.8999677374999999 0.086495671875 0.9438418531250001 0.066325046875 0.8802558546875 0.0539940484375 0.8999677374999999 0.086495671875
2 0.9551117796874999 0.28054690781249997 0.9272796187499999 0.2422392234375 0.8910670406250001 0.256843415625 0.8715537578125 0.29443221875000003 0.8801122640625 0.3545468890625 0.922350015625 0.3589767265625 0.9518390531250001 0.32974782812500003 0.9551117796874999 0.28054690781249997
2 0.606378065625 0.085194971875 0.5741365796875 0.0461889203125 0.5381636296875 0.0450112984375 0.5079762234375 0.07864951875000001 0.501910025 0.14548773125 0.524175753125 0.176133878125 0.56270255 0.1754560234375 0.6024069703125 0.1388052140625 0.606378065625 0.085194971875
2 0.6491234046875001 1 0.653991103125 0.9831630546874999 0.636374325 0.9374334624999999 0.5973887859375 0.9267388249999999 0.574404175 0.943438121875 0.5654456546875 1 0.6491234046875001 1
2 0.73515625 0.390625 0.2015625 0.2515625
2 0.1125 0.45078125 0.1765625 0.2265625
2 0.52578125 0.95078125 0.1390625 0.0984375