2 0.6421875 0.984375 0.0875 0.03125
2 0.671875 0.93125 0.1203125 0.1328125
2 0.5828125 0.9375 0.140625 0.125
2 0.4921875 0.93671875 0.115625 0.1265625
2 0.5296875 0.8015625 0.1296875 0.15625
2 0.41484375 0.8375 0.1375 0.1671875
2 0.553125 0.6625 0.1484375 0.1734375
2 0.946875 0.51875 0.10625 0.14375
2 0.84296875 0.43984375 0.1265625 0.14375
2 0.35078125 0.28515625 0.13125 0.1640625
2 0.31875 0.753125 0.1484375 0.1703125
2 0.17109375 0.70625 0.1265625 0.15
2 0.071875 0.753125 0.14375 0.184375
2 0.04609375 0.63671875 0.0921875 0.1359375
2 0.3078125 0.07265625 0.128125 0.1453125
2 0.25078125 0.04921875 0.1328125 0.0984375
2 0.17734375 0.04921875 0.1109375 0.0984375
2 0.4234375 0.075 0.18125 0.15
2 0.37421875 0.603125 0.1921875 0.2125
2 0.84765625 0.12109375 0.1796875 0.1328125
2 0.80234375 0.74921875 0.253125 0.2828125