0 0.059375 0.55859375 0.11875 0.1390625
0 0.08046875 0.4359375 0.1609375 0.18125
0 0.2 0.61796875 0.196875 0.2109375
0 0.2171875 0.4875 0.215625 0.2375
0 0.29609375 0.3609375 0.178125 0.1921875
0 0.3828125 0.26171875 0.1875 0.2078125
0 0.8296875 0.29921875 0.26875 0.29375
0 0.90703125 0.44296875 0.1859375 0.2359375
0 0.78671875 0.6171875 0.20625 0.21875
0 0.89140625 0.7140625 0.2109375 0.228125
0 0.37265625 0.78671875 0.1890625 0.2140625
0 0.465625 0.9546875 0.16875 0.090625
0 0.72265625 0.29140625 0.1375 0.1515625
0 0.94375 0.3078125 0.1015625 0.153125