2 0.9665178578125 0.7455357140625 1 0.7522321421875 0.9977678578125 0.6160714281249999 0.9508928578125 0.6361607140625 0.9419642859374999 0.703125 0.9665178578125 0.7455357140625
2 0.8058035718750001 0.7991071421875 0.78125 0.8236607140625001 0.78125 0.8638392859374999 0.8214285718750001 0.8950892859374999 0.8526785718750001 0.8638392859374999 0.8526785718750001 0.828125 0.8325892859374999 0.7991071421875 0.8058035718750001 0.7991071421875
2 0.7276785718750001 0.6227678578125 0.7522321421875 0.6696428578125 0.78125 0.671875 0.8080357140625001 0.609375 0.765625 0.5714285718750001 0.7321428578125 0.5870535718750001 0.7276785718750001 0.6227678578125
2 0.7991071421875 0.36383928593750003 0.7991071421875 0.412946428125 0.8348214281249999 0.43973214218749995 0.8705357140625001 0.39508928593750003 0.8705357140625001 0.35044642812500004 0.8236607140625001 0.3258928578125 0.7991071421875 0.36383928593750003
2 0.8325892859374999 0.2053571421875 0.8035714281249999 0.2388392859375 0.8035714281249999 0.28794642812500004 0.8236607140625001 0.31696428593750003 0.8616071421875 0.31919642812500004 0.8928571421875 0.28794642812500004 0.8928571421875 0.24330357187499999 0.8727678578125 0.20982142812500001 0.8325892859374999 0.2053571421875
2 0.6183035718750001 0.5 0.5892857140625 0.5379464281249999 0.5892857140625 0.5915178578125 0.6049107140625 0.6205357140625 0.6473214281249999 0.6272321421875 0.6830357140625 0.6049107140625 0.6919642859375 0.5513392859375 0.6674107140625 0.5089285718750001 0.6183035718750001 0.5
2 0.6361607140625 0.147321428125 0.609375 0.15625 0.5892857140625 0.194196428125 0.5892857140625 0.2834821421875 0.6116071421875 0.28794642812500004 0.6629464281249999 0.2633928578125 0.6830357140625 0.2299107140625 0.6741071421875 0.17633928593749998 0.6361607140625 0.147321428125
2 0.5848214281249999 0.10491071406250001 0.6004464281249999 0.12946428593749998 0.6294642859375 0.131696428125 0.6473214281249999 0.0915178578125 0.609375 0.0491071421875 0.5848214281249999 0.0736607140625 0.5848214281249999 0.10491071406250001
2 0.5089285718750001 0.0825892859375 0.5758928578125 0.11383928593749999 0.5535714281249999 0.0111607140625 0.5066964281249999 0 0.49553571406249997 0.0513392859375 0.5089285718750001 0.0825892859375
2 0.3102678578125 0.008928571875000001 0.2946428578125 0.0959821421875 0.32366071406249997 0.1383928578125 0.36607142812500004 0.140625 0.39732142812500004 0.100446428125 0.40178571406249997 0.0424107140625 0.3727678578125 0.0178571421875 0.3102678578125 0.008928571875000001
2 0.2321428578125 0.0736607140625 0.27678571406249997 0.0959821421875 0.29017857187499996 0.0825892859375 0.28571428593750003 0.0022321421875000002 0.22544642812500001 0 0.2321428578125 0.0736607140625
2 0.2053571421875 0.060267857812500006 0.21875 0.0022321421875000002 0.1540178578125 0 0.16071428593749998 0.0513392859375 0.2053571421875 0.060267857812500006
2 0.13616071406250002 0.2991071421875 0.11160714218750001 0.32366071406249997 0.11160714218750001 0.36383928593750003 0.13616071406250002 0.40178571406249997 0.15625 0.40401785781250005 0.178571428125 0.390625 0.1875 0.3415178578125 0.162946428125 0.30357142812500004 0.13616071406250002 0.2991071421875
2 0.24107142812500001 0.5066964281249999 0.2321428578125 0.5424107140625 0.26116071406249997 0.5892857140625 0.28571428593750003 0.5915178578125 0.3125 0.5647321421875 0.3125 0.5111607140625 0.27008928593750003 0.48214285781250005 0.24107142812500001 0.5066964281249999
2 0.2522321421875 0.7008928578125 0.21875 0.734375 0.2142857140625 0.7834821421875 0.2522321421875 0.8348214281249999 0.29017857187499996 0.8325892859374999 0.32142857187499996 0.7924107140625 0.31696428593750003 0.734375 0.30133928593750003 0.7098214281249999 0.2522321421875 0.7008928578125
2 0.47321428593750003 0.984375 0.5357142859375 0.9977678578125 0.5446428578125 0.9397321421875 0.5022321421875 0.9151785718750001 0.47321428593750003 0.9441964281249999 0.47321428593750003 0.984375
2 0.9129464281249999 0.875 0.875 0.9129464281249999 0.875 0.984375 0.8861607140625001 1 0.9241071421875 0.9977678578125 0.9732142859374999 0.9709821421875 0.9732142859374999 0.9352678578125 0.9553571421875 0.890625 0.9129464281249999 0.875
2 0.46171875 0.27265625 0.13046875 0.23671875
2 0.76171875 0.046875 0.1390625 0.09375