2 0.89964854375 0.501954040625 0.9399768187499999 0.5101800390625 0.97294743125 0.4805822578125 0.98125134375 0.4447175859375 0.9579983625 0.39154387968750004 0.91266109375 0.352150553125 0.8638730796875 0.3708620125 0.8515730375 0.43358623124999995 0.89964854375 0.501954040625
2 0.7316789828125 0.471398715625 0.7797544875 0.539766525 0.8197711125 0.5301381000000001 0.8436586890625 0.4917689328125 0.8427237390625001 0.4382056625 0.8063136796875 0.3986565125 0.786188496875 0.3967753140625 0.746639346875 0.43318537343749997 0.7316789828125 0.471398715625
2 0.6948793609374999 0.4095315359375 0.724321315625 0.43357493593749996 0.78822551875 0.38557734374999997 0.7918320875 0.33639976875 0.7552662031249999 0.2879234046875 0.726291721875 0.2906616390625 0.693476934375 0.3291866328125 0.6948793609374999 0.4095315359375
2 0.7009678328125 0.630441065625 0.749833759375 0.6161932109375 0.7606421671875 0.5959122031249999 0.7597851296875 0.5468125406250001 0.7276049390625 0.49379465937499994 0.6897811578125 0.5011523234374999 0.6703571890625 0.539443578125 0.7009678328125 0.630441065625
2 0.584535815625 0.48289704218749996 0.6316763703125 0.49770157968750006 0.6868091859375001 0.458787025 0.6904157546875 0.40960944843749997 0.6760120734374999 0.3518163109375 0.6084346859374999 0.3172761515625 0.5644219296874999 0.3537641234375 0.5611270109375 0.42079612343750006 0.584535815625 0.48289704218749996
2 0.7677548 0.7475968875000001 0.8112108734374999 0.807115396875 0.8618021718750001 0.7638151484375 0.8872592921875 0.6874663734375 0.8416882843750001 0.6346822296875 0.779821103125 0.6714818515625 0.7671315 0.7118880421875 0.7677548 0.7475968875000001
2 0.6929642765625 0.81141188125 0.7227178828125 0.8533097062499999 0.758348815625 0.8482227999999999 0.7780065234375 0.8233223609375001 0.7726079671875 0.7698370046874999 0.7405836015625 0.7257463328125 0.7115312078125 0.7240209625 0.6921072390624999 0.7623122171875 0.6929642765625 0.81141188125
2 0.8657757109374999 0.9914590437499999 0.8202047015625 0.9386748984375 0.7848075046874999 0.9571526218749999 0.769847140625 0.9953659640625 0.8657757109374999 0.9914590437499999
2 0.5734484859375 0.9987941156250001 0.5617051281250001 0.9655118546875 0.52552880625 0.93935351875 0.4831635078125 0.9423254921875 0.459587584375 0.9985490828125 0.5734484859375 0.9987941156250001
2 0.42232650781250003 1 0.45512397812499994 0.9986269953125 0.44972542187500003 0.9451416375000001 0.4134711875 0.914519696875 0.373532471875 0.928611728125 0.36398739999999996 1 0.42232650781250003 1
2 0.3185554828125 0.9764534953125 0.35160400625 0.9513193187500001 0.3552884875 0.9066053500000001 0.314492734375 0.871597715625 0.2790176265625 0.8856118328125 0.270947453125 0.9348673218749999 0.3185554828125 0.9764534953125
2 0.328835665625 1 0.26695132187500004 0.9617268687499999 0.22912754062500001 0.9690845343750001 0.207275546875 1 0.328835665625 1
2 0.16978745 0.766964378125 0.1993852296875 0.799934990625 0.2350161640625 0.794848084375 0.259059565625 0.7654061265625 0.258358353125 0.725233675 0.2264118984375 0.6856066109375 0.2018231109375 0.6838033265625 0.16885250000000002 0.713401109375 0.16978745 0.766964378125
2 0.0588206046875 0.8046210374999999 0.08372104375 0.8242787453125 0.12138899843749999 0.80799386875 0.134078603125 0.7675876781250001 0.128680046875 0.714102321875 0.10597245625 0.6921738562499999 0.0769979734375 0.6949120890625 0.0575740046875 0.73320334375 0.0588206046875 0.8046210374999999
2 0.0389957765625 0.947845984375 0.0557594234375 0.8850438531249999 0.05059460624999999 0.844949315625 0.018648153125 0.80532225 0.0052573359375000005 0.8055559875 0.0103329453125 0.9684386421875001 0.0389957765625 0.947845984375
2 0.225811190625 0.395394321875 0.24114982031249999 0.506750728125 0.29306563125 0.5393317796875 0.35532237499999997 0.5248501859375 0.396363159375 0.445996915625 0.38180365625 0.379276565625 0.333883975 0.3198359703125 0.309217275 0.31356908125 0.2712376703125 0.311999534375 0.23395927656249998 0.3506024390625 0.225811190625 0.395394321875
2 0.3756812953125 0.5401222 0.41005433125 0.590869321875 0.44591900312500005 0.599173234375 0.47873379062500004 0.560648240625 0.482184534375 0.5025434515625 0.43214991875 0.449837221875 0.40756112968749997 0.4480339375 0.3922891171875 0.4683928578125 0.3756812953125 0.5401222
2 0.27554544999999997 0.302994409375 0.33826966875000003 0.3152944515625 0.36231306874999997 0.2858524953125 0.36153394375 0.24121643750000002 0.3118109796875 0.2063646296875 0.271872265625 0.220456659375 0.26403582812500004 0.28310296562500004 0.27554544999999997 0.302994409375
2 0.4008493578125 0.1914155609375 0.430602965625 0.2333133859375 0.4573846 0.23284591093749998 0.5031227281249999 0.16730554375 0.502421515625 0.1271330921875 0.46593354375 0.08312033437500001 0.4280318515625 0.08601439375 0.4039884515625 0.11545635000000001 0.4008493578125 0.1914155609375
2 0.1511324671875 0.081917759375 0.1841809921875 0.056783584374999994 0.192251165625 0.007528093750000001 0.10963550312499999 0.006737673437499999 0.10791013125 0.03579006875 0.1511324671875 0.081917759375
2 0.8765625 0.040625 0.1125 0.08125
2 0.0334752828125 0.503678253125 0.000582584375 0.5377396421875 0.002686221875 0.658256996875 0.045674820312499996 0.6909938703125 0.09892643906250001 0.6722044984375 0.1314295765625 0.61582508125 0.12109993906250001 0.535636003125 0.0757626703125 0.4962426765625 0.0334752828125 0.503678253125
2 0.049503831250000005 0.7824588343750001 0.057106528125 0.706421709375 0.007305653125 0.6671062953125 0.0051015109375 0.7966287750000001 0.029690298437500002 0.7984320609375 0.049503831250000005 0.7824588343750001
2 0.5786144640625001 0.143663003125 0.6174511078125 0.1943322125 0.6486963484375 0.193786825 0.681511134375 0.15526183124999998 0.684883965625 0.0926934375 0.6258442265624999 0.035679425 0.5967918328125 0.0339540546875 0.58151981875 0.054312975 0.5786144640625001 0.143663003125
2 0.41484375 0.7515625 0.1359375 0.1890625