2 0.509375 0.246875 0.1421875 0.153125
2 0.578125 0.13984375 0.1203125 0.15625
2 0.61171875 0.04609375 0.1109375 0.084375
2 0.08671875 0.24765625 0.096875 0.1140625
2 0.3921875 0.56015625 0.1390625 0.1578125
2 0.54140625 0.6703125 0.115625 0.134375
2 0.49609375 0.77890625 0.1390625 0.159375
2 0.4859375 0.91953125 0.146875 0.1609375
2 0.58359375 0.88203125 0.1140625 0.1390625
2 0.68125 0.9171875 0.1234375 0.1390625
2 0.871875 0.8828125 0.1078125 0.128125
2 0.76328125 0.34140625 0.103125 0.1109375
2 0.946875 0.3625 0.10625 0.15625
2 0.05078125 0.58125 0.1015625 0.13125
2 0.57734375 0.975 0.1234375 0.05
2 0.09921875 0.771875 0.1984375 0.25
2 0.31796875 0.11953125 0.1953125 0.2390625