2 0.41044520625 0.860498615625 0.3698575625 0.8361110999999999 0.348199175 0.8415111421875 0.336806690625 0.878858759375 0.3735851953125 0.9341022000000001 0.40553277187500003 0.9238362984374999 0.4190852734375 0.8951520343749999 0.41044520625 0.860498615625
2 0.322290615625 0.7191441671875001 0.2930488828125 0.731035903125 0.268649721875 0.7900302640625 0.275129771875 0.816020328125 0.3195032671875 0.8463653578124999 0.3427874890625 0.8382594718749999 0.356351634375 0.7911684906249999 0.322290615625 0.7191441671875001
2 0.29690459375 0.6265531078125 0.2671403234375 0.608668928125 0.22109442031249998 0.654656615625 0.268684653125 0.7348101109375 0.2995522203125 0.7202125328125 0.316356390625 0.6861165828125 0.29690459375 0.6265531078125
2 0.171785203125 0.7244627046875001 0.1409059921875 0.7574670015625 0.1365510296875 0.7953604453125 0.14411108749999998 0.8256821875 0.172249525 0.8462722093749999 0.19661375625 0.8424980015625 0.22209292343749998 0.7878353171875 0.171785203125 0.7244627046875001
2 0.0602881765625 0.68324773125 0.042392353125 0.7314187203125 0.06075249687499999 0.805057234375 0.088890934375 0.8256472578125 0.1208385109375 0.8153813546875 0.139814340625 0.7715420421875 0.12361421406249999 0.7065668828125 0.08519823125 0.672436003125 0.0602881765625 0.68324773125
2 0.20006336406249997 0.5241721125 0.1545749296875 0.5447155593749999 0.14535410625 0.5723198140625 0.1626458828125 0.623219934375 0.200527684375 0.6459816171874999 0.22814358281249997 0.6367957234375 0.2525427421875 0.5778013609375 0.20006336406249997 0.5241721125
2 0.481018346875 0.553042671875 0.442590721875 0.537318509375 0.40035395625000003 0.552450271875 0.3889498265625 0.6082046078125 0.4148933171875 0.675351428125 0.4581984484375 0.6829580609375 0.4858143453125 0.67377216875 0.5026301609375 0.6212695015625 0.481018346875 0.553042671875
2 0.574050440625 0.686279590625 0.53454280625 0.6662237531249999 0.502049403125 0.6835271734374999 0.4863252421875 0.7219548015624999 0.5025370125 0.76852324375 0.544750490625 0.7902049171875001 0.5859188890625 0.7523347593749999 0.5870221859375 0.7198530015625 0.574050440625 0.686279590625
2 0.519840434375 0.8010166453125 0.4868361375 0.770137434375 0.44893105 0.7841891890625 0.4353669046875 0.83128016875 0.4526586828125 0.8821802890624999 0.49054048281249996 0.904941971875 0.517076375 0.8914244 0.5295488671874999 0.8584084593749999 0.519840434375 0.8010166453125
2 0.6205373796875 0.7989148453125 0.5940247765625 0.77561898125 0.545284671875 0.8015741140625 0.5328121796875 0.83459005625 0.5436122640625001 0.877906828125 0.58690575 0.9039201796875 0.61452165 0.8947342875000001 0.6334974812499999 0.8508949749999999 0.6205373796875 0.7989148453125
2 0.6740851234374999 0.875282490625 0.6470150515624999 0.8774308640624999 0.632382540625 0.9017834499999999 0.6507426859375001 0.9754219656249999 0.7157178453124999 0.9592218390625 0.713581115625 0.9137450484375 0.6740851234374999 0.875282490625
2 0.8646789281249999 0.8277621187499999 0.8224421625 0.84289388125 0.8121413296875 0.8661664578125 0.8283414562500001 0.9311416187500001 0.9220125250000001 0.9100872750000001 0.8976948671875 0.8402346125 0.8646789281249999 0.8277621187499999
2 0.784641865625 0.6912851734375 0.7478284296875 0.6912618859374999 0.7385843203125 0.7556795765625 0.7851178296875 0.794687959375 0.8230345625 0.7622294890625 0.8133144859374999 0.7232443921875 0.784641865625 0.6912851734375
2 0.8144410671875001 0.6539491984375 0.8047209921875 0.6149641031249999 0.763053340625 0.5862449078124999 0.738143284375 0.5970566359375 0.7202474609375 0.6452276265625 0.7462025953125 0.6939677296875 0.739664328125 0.7600112546875 0.7851178296875 0.794687959375 0.8230345625 0.7622294890625 0.787347709375 0.69291100625 0.8144410671875001 0.6539491984375
2 0.914058003125 0.647515721875 0.8886254093750001 0.628551534375 0.855052 0.6415232796875 0.845831175 0.669127534375 0.881529671875 0.7200392984375 0.9058939015625 0.7162650890625 0.9237780796875 0.6865008171875 0.914058003125 0.647515721875
2 1 0.6418785484375 0.99689405625 0.638364759375 0.9514172656250001 0.6405014875 0.9454131796875 0.7179142109375001 0.997358378125 0.7601742640625 1 0.7582689671875 1 0.6418785484375
2 0.8719376734375001 0.4785803046875 0.8475850875000001 0.46394779374999995 0.814545859375 0.4882887375 0.8047675671875 0.54133723125 0.813407634375 0.5759906499999999 0.8426260796875 0.60091235 0.8745736562499999 0.5906464453125 0.88812615625 0.561962184375 0.8719376734375001 0.4785803046875
2 0.7712989484375 0.388648515625 0.7317913109374999 0.36859267500000004 0.6900770859375001 0.413500353125 0.6997971609375 0.4524854484375 0.741998996875 0.492573840625 0.7771982421875 0.47689625312499995 0.78751071875 0.43521695625 0.7712989484375 0.388648515625
2 0.6803919406250001 0.3192951046875 0.6387242890625 0.290575909375 0.6138142328125 0.3013876375 0.601341740625 0.334403578125 0.6110618171875 0.373388675 0.6456919484375 0.4015620421875 0.67871953125 0.39562781875 0.6966037109375 0.3658635453125 0.6803919406250001 0.3192951046875
2 0.7302819125 0.1872313390625 0.682110921875 0.16933551875 0.64256835625 0.2044998328125 0.6349617234375 0.2478049609375 0.6630768734375 0.30520841875000004 0.70421034375 0.322558415625 0.7404895984375 0.3112125046875 0.7616370890625 0.25762982968750003 0.7302819125 0.1872313390625
2 0.9748877828125 0.3378881171875 0.9446475453125001 0.2166011515625 0.9267866546875 0.20955198749999998 0.8839924187499999 0.2501279875 0.8763857859374999 0.2934331171875 0.903420928125 0.3465048984375 0.9337310249999999 0.3573515578125 0.9748877828125 0.3378881171875
2 1 0.43952957968749995 0.9732619484375 0.340593959375 0.9445427546875 0.3822616125 0.9553428390625 0.42557838593749997 0.9899729703125001 0.453751753125 1 0.451251734375 1 0.43952957968749995
2 0.5061612734375001 0.1740965875 0.46557362968750005 0.14970906875 0.4422661203125 0.19462839062499998 0.456317875 0.232533478125 0.489867996875 0.25637516875 0.50990055 0.2536809703125 0.52237304375 0.220665028125 0.5061612734375001 0.1740965875
2 0.4444028515625 0.24010518125 0.42330193437499997 0.22006098437500002 0.391888540625 0.241696084375 0.3518350796875 0.228677765625 0.3393625859375 0.26169370625 0.348002653125 0.296347125 0.39886784375 0.3342755 0.43081541874999996 0.3240095984375 0.4519512671875 0.28883363906250004 0.4444028515625 0.24010518125
2 0.12072349375 0.141370315625 0.07364415625000001 0.10939945 0.04167329375 0.15647878906249998 0.05139336875 0.195463884375 0.08386348437499999 0.21497389843749998 0.115811059375 0.204707996875 0.1293635609375 0.1760237328125 0.12072349375 0.141370315625
2 0.3156839046875 0.0375497796875 0.34270740312500003 0.109028278125 0.3784291875 0.1231266046875 0.41742592656250005 0.0949998125 0.3941999234375 0.011072107812499999 0.3156839046875 0.0375497796875
2 0.5106052515624999 0 0.527901165625 0.03984951875 0.5636229484374999 0.053947846875000004 0.5907046640625 0.0333927546875 0.5878784953125 0 0.5106052515624999 0
2 0.5858038750000001 0.07832371875000001 0.559256340625 0.11024800781249999 0.5884515 0.17198314374999998 0.625276578125 0.15359971249999999 0.616648153125 0.10053957499999999 0.5858038750000001 0.07832371875000001
2 0.6040453296875 0 0.60317715625 0.00037681406249999997 0.5917846734375 0.03772443125 0.610156459375 0.0929562296875 0.6328832125 0.1102945828125 0.66157911875 0.105440365625 0.676223271875 0.0626810625 0.6349570625000001 0 0.6040453296875 0
2 0.8438653281249999 0 0.8299919953125 0.033544120312499995 0.8754338562499999 0.08662754375000001 0.9090072671874999 0.07365580000000001 0.8906428125 0 0.8438653281249999 0
2 0.9349158265625 0.19602277343750002 0.908449796875 0.0991000359375 0.9056973812500001 0.171101075 0.9349158265625 0.19602277343750002
2 0.38964701874999996 0.3618797546875 0.3528335828125 0.36185646718750003 0.3349494046875 0.39162074062499996 0.3414178109375 0.43601752187500004 0.374422109375 0.46689673281250005 0.399866346875 0.46745420156249995 0.42803971562500004 0.43282407031250003 0.41723963125 0.389507296875 0.38964701874999996 0.3618797546875
2 0.2956513515625 0.0402439796875 0.2620779421875 0.053215725000000005 0.2528571171875 0.080819978125 0.26581721875 0.1328001078125 0.28962397968750003 0.1544701375 0.326983240625 0.1474559046875 0.3383757265625 0.1101082859375 0.2956513515625 0.0402439796875
2 0.173284378125 0.0661525390625 0.179206959375 0.117586840625 0.2408955203125 0.162018553125 0.2625655515625 0.13821179374999998 0.2366337046875 0.052658254687499996 0.173284378125 0.0661525390625
2 0.196875 0.47265625 0.178125 0.2