2 0.8191964281249999 0.6785714281249999 0.7946428578125 0.703125 0.7946428578125 0.7388392859375 0.8191964281249999 0.7857142859375 0.8526785718750001 0.7924107140625 0.8928571421875 0.7700892859375 0.8928571421875 0.7299107140625 0.859375 0.6785714281249999 0.8191964281249999 0.6785714281249999
2 0.7522321421875 0.625 0.78125 0.6227678578125 0.7946428578125 0.578125 0.7522321421875 0.5446428578125 0.7276785718750001 0.5959821421875 0.7522321421875 0.625
2 0.6785714281249999 0.7075892859375 0.71875 0.7254464281249999 0.7366071421875 0.6763392859375 0.703125 0.6473214281249999 0.6785714281249999 0.671875 0.6785714281249999 0.7075892859375
2 0.6428571421875 0.8504464281249999 0.6428571421875 0.890625 0.6629464281249999 0.9151785718750001 0.6919642859375 0.9129464281249999 0.7142857140625 0.8861607140625001 0.7142857140625 0.8459821421875 0.6808035718750001 0.8125 0.6428571421875 0.8504464281249999
2 0.8861607140625001 0.8660714281249999 0.8459821421875 0.8526785718750001 0.8125 0.8816964281249999 0.8080357140625001 0.9397321421875 0.8415178578125 0.96875 0.8660714281249999 0.9665178578125 0.8705357140625001 0.9263392859374999 0.8973214281249999 0.9129464281249999 0.8973214281249999 0.8950892859374999 0.8861607140625001 0.8660714281249999
2 0.42633928593750003 0.8794642859374999 0.3928571421875 0.9441964281249999 0.412946428125 0.9866071421875 0.44196428593750003 0.9888392859374999 0.47321428593750003 0.9575892859374999 0.47321428593750003 0.9129464281249999 0.453125 0.8839285718750001 0.42633928593750003 0.8794642859374999
2 0.35044642812500004 0.8616071421875 0.3303571421875 0.9352678578125 0.36607142812500004 0.9620535718750001 0.3928571421875 0.9308035718750001 0.3928571421875 0.8816964281249999 0.3772321421875 0.8616071421875 0.35044642812500004 0.8616071421875
2 0.2008928578125 0.8102678578125 0.24107142812500001 0.859375 0.25892857187499996 0.7834821421875 0.22544642812500001 0.7544642859375 0.2053571421875 0.7700892859375 0.2008928578125 0.8102678578125
2 0.2232142859375 0.734375 0.2477678578125 0.7589285718750001 0.27232142812500004 0.7566964281249999 0.29017857187499996 0.703125 0.25669642812500004 0.65625 0.2321428578125 0.6808035718750001 0.2232142859375 0.734375
2 0.28571428593750003 0.6183035718750001 0.28571428593750003 0.6584821421875 0.30133928593750003 0.6830357140625 0.32142857187499996 0.6808035718750001 0.34375 0.6540178578125 0.34375 0.609375 0.3147321421875 0.5848214281249999 0.28571428593750003 0.6183035718750001
2 0.234375 0.46875 0.21875 0.515625 0.2366071421875 0.5558035718750001 0.2991071421875 0.5825892859375 0.31696428593750003 0.5558035718750001 0.30357142812500004 0.48883928593750003 0.26116071406249997 0.459821428125 0.234375 0.46875
2 0.1383928578125 0.5915178578125 0.1383928578125 0.640625 0.162946428125 0.6830357140625 0.2008928578125 0.6941964281249999 0.22767857187499999 0.6629464281249999 0.2321428578125 0.6049107140625 0.171875 0.5491071421875 0.1383928578125 0.5915178578125
2 0.069196428125 0.5089285718750001 0.0491071421875 0.5424107140625 0.0491071421875 0.6004464281249999 0.0647321421875 0.625 0.0892857140625 0.6272321421875 0.11160714218750001 0.609375 0.116071428125 0.546875 0.0959821421875 0.5133928578125 0.069196428125 0.5089285718750001
2 0.0491071421875 0.6540178578125 0.040178571875 0.6941964281249999 0.053571428125 0.7299107140625 0.084821428125 0.7477678578125 0.10714285781249999 0.7299107140625 0.11160714218750001 0.671875 0.078125 0.6339285718750001 0.0491071421875 0.6540178578125
2 0.412946428125 0.2321428578125 0.37946428593750003 0.30580357187499996 0.40401785781250005 0.34821428593750003 0.43303571406249997 0.35491071406249997 0.46875 0.33258928593750003 0.477678571875 0.2790178578125 0.444196428125 0.2321428578125 0.412946428125 0.2321428578125
2 0.45535714218749995 0.203125 0.47991071406249997 0.2321428578125 0.5 0.2299107140625 0.5133928578125 0.16741071406250002 0.475446428125 0.12946428593749998 0.45535714218749995 0.1540178578125 0.45535714218749995 0.203125
2 0.33258928593750003 0.0491071421875 0.37053571406249997 0.0513392859375 0.38392857187499996 0.037946428125 0.3772321421875 0 0.31696428593750003 0.0022321421875000002 0.33258928593750003 0.0491071421875
2 0.6584821421875 0.008928571875000001 0.6339285718750001 0.0424107140625 0.6339285718750001 0.0915178578125 0.6584821421875 0.125 0.6964285718750001 0.1272321421875 0.71875 0.100446428125 0.7276785718750001 0.0424107140625 0.7075892859375 0.008928571875000001 0.6584821421875 0.008928571875000001
2 0.6830357140625 0.27455357187499996 0.6830357140625 0.3102678578125 0.7075892859375 0.34375 0.7455357140625 0.3459821421875 0.7633928578125 0.3102678578125 0.7544642859375 0.265625 0.7075892859375 0.24107142812500001 0.6830357140625 0.27455357187499996
2 0.7790178578125 0.24107142812500001 0.8080357140625001 0.2388392859375 0.8169642859374999 0.171875 0.7745535718750001 0.15625 0.7589285718750001 0.2165178578125 0.7790178578125 0.24107142812500001
2 0.8705357140625001 0.131696428125 0.8839285718750001 0.046875 0.8325892859374999 0.0267857140625 0.8214285718750001 0.100446428125 0.8705357140625001 0.131696428125
2 0.8102678578125 0.32142857187499996 0.7767857140625 0.36383928593750003 0.7991071421875 0.41741071406249997 0.8348214281249999 0.430803571875 0.8571428578125 0.41741071406249997 0.8616071421875 0.38169642812500004 0.8482142859374999 0.3459821421875 0.8102678578125 0.32142857187499996
2 0.7098214281249999 0.38169642812500004 0.7098214281249999 0.430803571875 0.75 0.45758928593750003 0.7767857140625 0.43973214218749995 0.7767857140625 0.390625 0.7388392859375 0.35267857187499996 0.7098214281249999 0.38169642812500004
2 0.7678571421875 0.5111607140625 0.8125 0.5424107140625 0.8392857140625001 0.47991071406249997 0.796875 0.446428571875 0.7678571421875 0.475446428125 0.7678571421875 0.5111607140625
2 1 0.5066964281249999 0.9799107140625001 0.48660714218749995 0.9330357140625001 0.5066964281249999 0.8973214281249999 0.578125 0.9017857140625001 0.609375 0.9241071421875 0.6138392859375 0.9397321421875 0.5848214281249999 0.9754464281249999 0.5803571421875 1 0.5558035718750001 1 0.5066964281249999
2 0.9933035718750001 0.1696428578125 0.9776785718750001 0.234375 1 0.2522321421875 0.9933035718750001 0.1696428578125
2 0.9665178578125 0.084821428125 0.9910714281249999 0.0825892859375 1 0.0022321421875000002 0.9352678578125 0 0.9464285718750001 0.0647321421875 0.9665178578125 0.084821428125
2 0.9107142859374999 0.9977678578125 0.8950892859374999 0.9776785718750001 0.8683035718750001 0.9776785718750001 0.8526785718750001 0.9977678578125 0.9107142859374999 0.9977678578125
2 0.9515625 0.8890625 0.096875 0.15703125