0 0.521875 0.753125 0.1796875 0.19375
0 0.2828125 0.9015625 0.1453125 0.16875
0 0.7578125 0.85703125 0.1359375 0.175
0 0.84453125 0.8671875 0.1046875 0.109375
0 0.84140625 0.76640625 0.115625 0.11875
0 0.94140625 0.6484375 0.1171875 0.165625
0 0.66015625 0.54765625 0.1953125 0.2046875
0 0.69765625 0.396875 0.2015625 0.1953125
0 0.20078125 0.534375 0.1484375 0.203125
0 0.06015625 0.5796875 0.1203125 0.178125
0 0.12734375 0.3234375 0.21875 0.2765625
0 0.025 0.34140625 0.05 0.0640625
0 0.04375 0.20703125 0.0875 0.1640625