2 0.07421875 0.21875 0.1390625 0.14921875
2 0.23828125 0.5421875 0.12578125 0.165625
2 0.04140625 0.6546875 0.0828125 0.153125
2 0.13359375 0.5546875 0.11171875 0.146875
2 0.10234375 0.08671875 0.13125 0.1640625
2 0.0296875 0.0546875 0.059375 0.109375
2 0.16640625 0.05078125 0.1265625 0.1015625
2 0.421875 0.49765625 0.1125 0.14140625
2 0.20625 0.7375 0.11875 0.1515625
2 0.3078125 0.73359375 0.090625 0.1109375
2 0.0203125 0.91953125 0.03984375 0.1515625
2 0.54140625 0.60625 0.11953125 0.14765625
2 0.57734375 0.73671875 0.115625 0.13671875
2 0.4921875 0.93359375 0.1109375 0.1328125
2 0.60546875 0.93515625 0.1234375 0.1296875
2 0.70859375 0.934375 0.109375 0.13125
2 0.86953125 0.9 0.12265625 0.1765625
2 0.959375 0.7453125 0.08125 0.140625
2 0.95859375 0.87890625 0.08203125 0.1578125
2 0.603125 0.06328125 0.11328125 0.1265625
2 0.796875 0.03671875 0.140625 0.07265625
2 0.8328125 0.12578125 0.134375 0.1609375
2 0.94609375 0.03125 0.10703125 0.0625
2 0.128125 0.96640625 0.10625 0.0671875
2 0.0546875 0.38203125 0.109375 0.23203125
2 0.35546875 0.09140625 0.1375 0.1828125
2 0.74296875 0.62890625 0.13828125 0.21328125