2 0.7998312859375 0.346940234375 0.8298201890625 0.39888253906250004 0.8826083359375 0.3829855828125 0.8979386843749999 0.3085232703125 0.8758415968750001 0.27024999375 0.852702390625 0.2617389765625 0.8105398640624999 0.289726596875 0.7998312859375 0.346940234375
2 0.7098949390625 0.2858677125 0.7344162328125 0.3409667453125 0.7981396000000001 0.31875633593749997 0.8085385796875 0.279946815625 0.77781715625 0.2393626546875 0.7503657796875001 0.2296961953125 0.7168275921875 0.25999469999999997 0.7098949390625 0.2858677125
2 0.709419425 0.442880434375 0.733094875 0.48388751562500004 0.7742152796874999 0.4856621578125 0.8100643515625 0.4467393171875 0.8153053203124999 0.39268240625 0.787740621875 0.3575658546875 0.740729684375 0.3519019671875 0.716971278125 0.380199184375 0.709419425 0.442880434375
2 0.8407939125 0.8408909609374999 0.8859168859375 0.8622251625 0.9159887453125 0.8448631656250001 0.9353216625 0.7899604124999999 0.9025989546875 0.7395964703125 0.8505433281249999 0.7441352828125 0.831520009375 0.78063391875 0.8407939125 0.8408909609374999
2 0.435707046875 0.877933975 0.47863245625 0.9333426062499999 0.5063934328124999 0.9246049468749999 0.543284625 0.8559198453124999 0.5462147093749999 0.810487271875 0.5229621796874999 0.7765261640625 0.48888775000000007 0.7743286015625 0.44672522499999995 0.8023162203125 0.435707046875 0.877933975
2 0.308735821875 0.7653420718749999 0.3421910515625 0.8043478687500001 0.36921950625 0.806968353125 0.4191605265625 0.7671996703125 0.42124476875 0.707675146875 0.40114896718750004 0.6791816500000001 0.359605640625 0.670361034375 0.31513223125 0.7069729921875 0.308735821875 0.7653420718749999
2 0.264624603125 0.619491215625 0.2839878859375 0.6593428546875 0.3184852375 0.6685863921874999 0.3540247078125 0.6480676703125 0.3745130671875 0.5888527484375 0.363351203125 0.5442660171875 0.30771592812500004 0.5362912421875 0.274177740625 0.566589746875 0.264624603125 0.619491215625
2 0.32464686875000004 0.20574964687500003 0.3710386046875 0.248221771875 0.4272930796875 0.21938831093750003 0.4383112578125 0.1437705546875 0.4119020015625 0.10434183593749999 0.3653139859375 0.1057239203125 0.324420225 0.1548494625 0.32464686875000004 0.20574964687500003
2 0.310450790625 0 0.3050265796875 0.020243428124999997 0.33185875625 0.06671812187500001 0.3932712421875 0.05313205 0.4022193890625 0 0.310450790625 0
2 0.18942163437499998 0.2619515265625 0.209094515625 0.28339905 0.2470581921875 0.27970608124999996 0.2762842109375 0.24825213437500002 0.28583734843749997 0.1953506671875 0.25827265 0.160234115625 0.2296658328125 0.1548798265625 0.189504590625 0.192647225 0.18942163437499998 0.2619515265625
2 0.07666381562499999 0.5275313546875 0.09949342343749999 0.5544464890625 0.1655276765625 0.52361174375 0.1773916984375 0.46208593750000004 0.14667027500000002 0.42150177656250004 0.11806345625 0.41614748593749995 0.076746771875 0.458227053125 0.07666381562499999 0.5275313546875
2 0.21254675 0.882843115625 0.2218206515625 0.9431001578125 0.273566678125 0.9569654640625 0.31657504531249997 0.94306979375 0.3393742890625 0.8752305343750001 0.3230544125 0.8153964125 0.2999152046875 0.806885396875 0.2350363921875 0.8334079734375001 0.21254675 0.882843115625
2 0.8407939125 0.8408909609374999 0.8859168859375 0.8622251625 0.9159887453125 0.8448631656250001 0.9353216625 0.7899604124999999 0.9025989546875 0.7395964703125 0.8505433281249999 0.7441352828125 0.831520009375 0.78063391875 0.8407939125 0.8408909609374999
2 0.4260931796875 0.7413266562499999 0.45639168437500005 0.77486484375 0.5096027515625 0.7660138640625 0.5399842125000001 0.73024775 0.5483819078125001 0.6816584484375 0.5211268078125 0.62813778125 0.483895653125 0.62047260625 0.43626551718749995 0.651616953125 0.4260931796875 0.7413266562499999
2 0.56875 0.915625 0.18125 0.16875
2 0.48359375 0.0890625 0.1984375 0.178125
2 0.1265625 0.15703125 0.1484375 0.2140625
2 0.8921875 0.4703125 0.1734375 0.1828125
2 0.44609375 0.465625 0.171875 0.2171875