0 0.5890625 0.8296875 0.075 0.071875
0 0.978125 0.6578125 0.04375 0.1171875
0 0.14921875 0.86171875 0.08515625 0.10234375
0 0.11484375 0.92265625 0.0734375 0.0984375
0 0.046875 0.7640625 0.09375 0.153125
0 0.5578125 0.484375 0.0890625 0.109375
0 0.6953125 0.41796875 0.07109375 0.08984375
0 0.73828125 0.45546875 0.04609375 0.05703125
0 0.73671875 0.51171875 0.08125 0.07890625
0 0.7640625 0.2515625 0.06640625 0.08671875
0 0.97109375 0.25 0.0578125 0.12890625
0 0.43671875 0.23828125 0.09140625 0.1203125
0 0.62734375 0.146875 0.0625 0.075
0 0.42890625 0.01328125 0.04453125 0.0265625