2 0.83125 0.878125 0.1453125 0.1828125
2 0.9265625 0.66015625 0.1171875 0.1484375
2 0.815625 0.4109375 0.1359375 0.1484375
2 0.6171875 0.5546875 0.1265625 0.159375
2 0.578125 0.67265625 0.1328125 0.1578125
2 0.53515625 0.7875 0.1296875 0.1515625
2 0.4140625 0.91796875 0.1234375 0.1484375
2 0.88671875 0.94921875 0.1234375 0.1015625
2 0.96640625 0.80859375 0.0515625 0.15625
2 0.753125 0.971875 0.13125 0.05625
2 0.52421875 0.5140625 0.0875 0.10625
2 0.51484375 0.38359375 0.1515625 0.1796875
2 0.57265625 0.22578125 0.14375 0.19375
2 0.63671875 0.10078125 0.1484375 0.18125
2 0.671875 0.0359375 0.103125 0.0640625
2 0.17890625 0.74375 0.1078125 0.128125
2 0.225 0.6546875 0.1265625 0.146875
2 0.27109375 0.52578125 0.1421875 0.171875
2 0.29296875 0.3765625 0.1234375 0.1609375
2 0.1875 0.453125 0.1515625 0.1703125
2 0.14453125 0.3578125 0.0875 0.1
2 0.17109375 0.2703125 0.14375 0.15
2 0.19453125 0.165625 0.128125 0.153125
2 0.45390625 0.03125 0.1265625 0.0625
2 0.96796875 0.5796875 0.0640625 0.184375
2 0.69765625 0.459375 0.1265625 0.1984375
2 0.4046875 0.64375 0.1734375 0.2203125