2 0.44426665 0.21504030312500003 0.4016554484375 0.1642582515625 0.358044309375 0.17612745624999998 0.326691465625 0.2271605015625 0.32608061875 0.285364459375 0.3585462953125 0.324055546875 0.4058265546875 0.321470025 0.43959759218750005 0.2684078765625 0.44426665 0.21504030312500003
2 0.2221819859375 0.39727064843750004 0.2054763953125 0.357717721875 0.13979609843750002 0.4169508484375 0.1432434578125 0.47999119375 0.1764036484375 0.4851330046875 0.2026146828125 0.46726014843749997 0.2221819859375 0.39727064843750004
2 0.14557395312500002 0.09479996874999999 0.11069008437500001 0.0581379875 0.060991632812499995 0.0627526140625 0.0380606328125 0.09435644843749999 0.037060696875 0.15700770625 0.0691372859375 0.20014609062500002 0.10307565 0.19639330625 0.14535219375 0.14855663125000002 0.14557395312500002 0.09479996874999999
2 0.2118601484375 0 0.214839709375 0.02019584375 0.2750727734375 0.023224884374999998 0.29413657031249996 0 0.2118601484375 0
2 0.3535677796875 0.0480176625 0.31245850000000003 0.08251244375 0.3134040046875 0.1229272109375 0.333695053125 0.147109140625 0.3905644203125 0.1117525203125 0.38517161718750004 0.07094866250000001 0.3535677796875 0.0480176625
2 0.32507526875 0 0.32313120781250004 0.011744768749999999 0.3559859734375 0.045988557812500004 0.39273162031250003 0.03575936875 0.395860159375 0 0.32507526875 0
2 0.40069386875 0 0.40084803906250005 0.045432140625 0.42519729687499996 0.07445045624999999 0.466779328125 0.0601630578125 0.478371596875 0 0.40069386875 0
2 0.8049412874999999 0.1390431203125 0.8011048374999999 0.0804500734375 0.7428172140625 0.05518454375 0.7065443203124999 0.085621115625 0.697427965625 0.1385996015625 0.7368427953125 0.200305353125 0.761108390625 0.2046689859375 0.7969921953125 0.1786797125 0.8049412874999999 0.1390431203125
2 0.8755708671875 0.22812717187499998 0.8403815734375 0.22056716875000001 0.810668746875 0.278465703125 0.8168397234375 0.31037496249999996 0.8500835765625 0.34017145625 0.8968910843750001 0.31737855000000004 0.9015601421874999 0.2640109765625 0.8755708671875 0.22812717187499998
2 1 0.048181481250000005 0.9764112265625 0.048733340624999996 0.943807453125 0.0884535953125 0.9350801859375 0.13698478281249998 0.9675458640624999 0.1756758703125 0.9966478437499999 0.1759812953125 1 0.17189745781250002 1 0.048181481250000005
2 1 0.33709891875000003 0.9822515828125 0.3405313109375 0.9597096703125001 0.36768785 0.9558187874999999 0.41216082812500004 0.9834480796875 0.4549101234375 1 0.45635822812500004 1 0.33709891875000003
2 0.9590988218750001 0.42589180937500004 0.9315531937499999 0.40779719375 0.9008948609375 0.4252809609375 0.8917785078125 0.47825944531250003 0.9238550953125 0.52139783125 0.9602116531249999 0.5156159406249999 0.97338621875 0.46747384218750004 0.9590988218750001 0.42589180937500004
2 0.8800766296875 0.4839576734375 0.8498073859374999 0.49699414218750004 0.8381891734375 0.52734705 0.8731567078125 0.5886637140625 0.9054550562499999 0.5780454374999999 0.9101241140624999 0.5246778640625 0.8800766296875 0.4839576734375
2 0.7235593687499999 0.4545795015625 0.6882864109375 0.4223648171875 0.6108205718749999 0.4626414890625 0.628388003125 0.5179545015625 0.66124276875 0.5521982921874999 0.7040757296875 0.5492236828125 0.72739581875 0.5131725484375 0.7235593687499999 0.4545795015625
2 0.6793625828125001 0.29386593437499997 0.6481478328125 0.2664876359375 0.6117912765625 0.27226952656250003 0.5892493625 0.2994260640625 0.62304963125 0.37408462187499997 0.6477043140625 0.37400095625 0.6750826125 0.342786209375 0.6793625828125001 0.29386593437499997
2 0.5595365343750001 0.3573246 0.49844163124999996 0.338535471875 0.460223296875 0.3912085328125 0.46077971093750003 0.43607059843749996 0.514703703125 0.485601721875 0.5611221203125 0.46725611562499997 0.5766312140625 0.3924302296875 0.5595365343750001 0.3573246
2 0.45560867031249996 0.34151008125 0.4373467265625 0.3197463453125 0.4102738515625 0.3218591125 0.3877319390625 0.349015653125 0.38306288125 0.402383225 0.402964840625 0.431012453125 0.43651411875 0.431706965625 0.454608734375 0.4041613375 0.45560867031249996 0.34151008125
2 0.2338586625 0.622359153125 0.20631303750000002 0.6042645390625 0.17042922968750002 0.6302538125 0.160145609375 0.696574190625 0.1958913203125 0.7489962593749999 0.24230973906250003 0.7306506515625 0.25142609375 0.6776721671875 0.2338586625 0.622359153125
2 0.3281974203125 0.6709447734375 0.30104088125 0.648402859375 0.2691316203125 0.6545738375 0.25103700624999997 0.682119465625 0.2500370703125 0.7447707218749999 0.2743863265625 0.7737890375 0.30832469375 0.7700362515625 0.33648116875 0.7299269078124999 0.3281974203125 0.6709447734375
2 0.2804736421875 0.781043615625 0.2323315421875 0.7678690515625 0.2154041921875 0.782072784375 0.21362607968749997 0.8536186359375 0.2538190890625 0.9064297937499999 0.29501203125000003 0.89658969375 0.30240470625000004 0.8120910359375 0.2804736421875 0.781043615625
2 0.1680695015625 0.8877243312499999 0.12040015468750001 0.89475715 0.0963855546875 0.9643575625 0.19422610468749998 0.9729175 0.19366968906249998 0.9280554343749999 0.1680695015625 0.8877243312499999
2 0.2256626125 0.9465391375 0.20312070000000002 0.9736956765624999 0.2787247625 0.980310175 0.2608519078125 0.9540991406250001 0.2256626125 0.9465391375
2 0.515318584375 0.7859052 0.48371474531249997 0.7629742 0.4352672234375 0.7789016140625 0.41319806249999996 0.8262655375 0.4178126890625 0.8759639890625 0.4510565421875 0.9057604796875 0.5019222578125 0.8878039609374999 0.5236023296875 0.8448873375 0.515318584375 0.7859052
2 0.7525272859375 0.8918037062499999 0.71358520625 0.8503053375 0.682065034375 0.85202901875 0.654686734375 0.8832437671875001 0.652908621875 0.9547896187499999 0.6731996703124999 0.9789715484375 0.7309308765625 0.9593750125 0.753861878125 0.9277711765625 0.7525272859375 0.8918037062499999
2 0.7800111609375 1 0.7653419953125 0.9758296124999999 0.7212581046875 0.9674914328125 0.689245409375 1 0.7800111609375 1
2 0.9576216703125 1 0.9666920906250001 0.876930659375 0.9258882343750001 0.8823234609374999 0.884000778125 0.9257128390625 0.8756625984375 0.9697967296875 0.889583225 1 0.9576216703125 1
2 0.85234375 0.6875 0.171875 0.2125
2 0.48125 0.53515625 0.1546875 0.1625