3 0.11484375 0.2328125 0.0703125 0.0921875
3 0.3109375 0.353125 0.10625 0.13359375
3 0.203125 0.6953125 0.1015625 0.14453125
3 0.43125 0.5203125 0.09921875 0.13828125
3 0.74296875 0.5578125 0.10078125 0.12421875
3 0.884375 0.56171875 0.07578125 0.10703125
3 0.80546875 0.64140625 0.0921875 0.12578125
3 0.97109375 0.61640625 0.0578125 0.14375
3 0.8265625 0.10234375 0.08203125 0.103125
3 0.96796875 0.21796875 0.0640625 0.20703125
3 0.959375 0.93203125 0.08125 0.1328125
3 0.9796875 0.03359375 0.03984375 0.0671875