2 0.7544642859375 0.9084821421875 0.7544642859375 0.9799107140625001 0.7901785718750001 0.9933035718750001 0.8348214281249999 0.9575892859374999 0.8191964281249999 0.8616071421875 0.7924107140625 0.8616071421875 0.7544642859375 0.9084821421875
2 0.8928571421875 0.8727678578125 0.875 0.9397321421875 0.8861607140625001 0.9732142859374999 0.9419642859374999 0.9933035718750001 0.96875 0.9575892859374999 0.96875 0.9040178578125 0.921875 0.8616071421875 0.8928571421875 0.8727678578125
2 1 0.7924107140625 0.9754464281249999 0.7901785718750001 0.9464285718750001 0.8102678578125 0.9419642859374999 0.859375 0.9799107140625001 0.9107142859374999 1 0.9084821421875 1 0.7924107140625
2 0.8772321421875 0.65625 0.8526785718750001 0.6941964281249999 0.8526785718750001 0.7388392859375 0.8727678578125 0.7767857140625 0.9196428578125 0.7834821421875 0.9598214281249999 0.7388392859375 0.9642857140625001 0.6763392859375 0.9308035718750001 0.6517857140625 0.8772321421875 0.65625
2 0.8616071421875 0.578125 0.8616071421875 0.6272321421875 0.8772321421875 0.6473214281249999 0.9285714281249999 0.6450892859375 0.9508928578125 0.6272321421875 0.9464285718750001 0.5691964281249999 0.890625 0.5446428578125 0.8616071421875 0.578125
2 0.9263392859374999 0.428571428125 0.8928571421875 0.47098214218749995 0.8973214281249999 0.5200892859375 0.9553571421875 0.5513392859375 0.9955357140625001 0.5200892859375 1 0.462053571875 0.9665178578125 0.428571428125 0.9263392859374999 0.428571428125
2 0.9419642859374999 0.30133928593750003 0.9598214281249999 0.3415178578125 0.9955357140625001 0.35491071406249997 1 0.2299107140625 0.984375 0.22767857187499999 0.9508928578125 0.25669642812500004 0.9419642859374999 0.30133928593750003
2 0.7321428578125 0.5066964281249999 0.7321428578125 0.546875 0.7566964281249999 0.59375 0.7857142859375 0.5959821421875 0.8169642859374999 0.5736607140625 0.8169642859374999 0.515625 0.7700892859375 0.47321428593750003 0.7321428578125 0.5066964281249999
2 0.703125 0.5758928578125 0.6741071421875 0.5959821421875 0.65625 0.6584821421875 0.6852678578125 0.7008928578125 0.7232142859375 0.703125 0.7589285718750001 0.6852678578125 0.7633928578125 0.6316964281249999 0.734375 0.5803571421875 0.703125 0.5758928578125
2 0.5959821421875 0.7098214281249999 0.5625 0.7388392859375 0.5580357140625 0.7924107140625 0.5714285718750001 0.828125 0.6116071421875 0.8459821421875 0.6517857140625 0.8147321421875 0.6607142859375 0.765625 0.6272321421875 0.7142857140625 0.5959821421875 0.7098214281249999
2 0.6897321421875 0.8125 0.65625 0.8459821421875 0.6517857140625 0.890625 0.7142857140625 0.921875 0.75 0.8816964281249999 0.75 0.8415178578125 0.7254464281249999 0.8169642859374999 0.6897321421875 0.8125
2 0.5379464281249999 0.8526785718750001 0.53125 0.9174107140625001 0.5513392859375 0.9375 0.5803571421875 0.9352678578125 0.6026785718750001 0.9084821421875 0.6026785718750001 0.8772321421875 0.5736607140625 0.8526785718750001 0.5379464281249999 0.8526785718750001
2 0.421875 0.5803571421875 0.40625 0.6004464281249999 0.41071428593750003 0.6584821421875 0.43526785781250005 0.6919642859375 0.46875 0.6941964281249999 0.49553571406249997 0.6674107140625 0.49553571406249997 0.6183035718750001 0.46651785781250005 0.5848214281249999 0.421875 0.5803571421875
2 0.421875 0.8482142859374999 0.3928571421875 0.8950892859374999 0.3928571421875 0.9352678578125 0.41741071406249997 0.96875 0.459821428125 0.9754464281249999 0.48660714218749995 0.953125 0.491071428125 0.8816964281249999 0.45758928593750003 0.8482142859374999 0.421875 0.8482142859374999
2 0.3147321421875 0.491071428125 0.27678571406249997 0.515625 0.2678571421875 0.5691964281249999 0.30133928593750003 0.6205357140625 0.3303571421875 0.6227678578125 0.3616071421875 0.6004464281249999 0.36607142812500004 0.5379464281249999 0.33705357187499996 0.49553571406249997 0.3147321421875 0.491071428125
2 0.140625 0.5 0.11160714218750001 0.5200892859375 0.102678571875 0.6004464281249999 0.118303571875 0.6294642859375 0.165178571875 0.6361607140625 0.2008928578125 0.6049107140625 0.2053571421875 0.5558035718750001 0.17633928593749998 0.5044642859375 0.140625 0.5
2 0.2299107140625 0.33482142812500004 0.196428571875 0.36830357187499996 0.19196428593749998 0.41741071406249997 0.2165178578125 0.459821428125 0.25 0.45758928593750003 0.28125 0.42633928593750003 0.28571428593750003 0.38169642812500004 0.265625 0.34375 0.2299107140625 0.33482142812500004
2 0 0.421875 0.03125 0.42633928593750003 0.0580357140625 0.41741071406249997 0.0669642859375 0.36383928593750003 0.024553571875 0.33482142812500004 0 0.35044642812500004 0 0.421875
2 0.21875 0.060267857812500006 0.20982142812500001 0.10491071406250001 0.22767857187499999 0.149553571875 0.2678571421875 0.16741071406250002 0.3125 0.087053571875 0.2991071421875 0.0424107140625 0.2522321421875 0.022321428125 0.21875 0.060267857812500006
2 0.0625 0.024553571875 0.084821428125 0.069196428125 0.1428571421875 0.0825892859375 0.1741071421875 0.046875 0.16071428593749998 0.0022321421875000002 0.069196428125 0 0.0625 0.024553571875
2 0.10491071406250001 0.133928571875 0.071428571875 0.180803571875 0.071428571875 0.22544642812500001 0.0915178578125 0.25892857187499996 0.125 0.26116071406249997 0.15178571406250002 0.24330357187499999 0.15625 0.180803571875 0.131696428125 0.1383928578125 0.10491071406250001 0.133928571875
2 0.28571428593750003 0.171875 0.3102678578125 0.2232142859375 0.34375 0.22544642812500001 0.36607142812500004 0.194196428125 0.36607142812500004 0.1540178578125 0.32366071406249997 0.116071428125 0.28571428593750003 0.171875
2 0.32142857187499996 0.0647321421875 0.36383928593750003 0.09375 0.3883928578125 0.0915178578125 0.41071428593750003 0.069196428125 0.41071428593750003 0.006696428124999999 0.328125 0 0.32142857187499996 0.0647321421875
2 0.6651785718750001 0.0424107140625 0.6986607140625 0 0.5803571421875 0.0022321421875000002 0.6316964281249999 0.0446428578125 0.6651785718750001 0.0424107140625
2 0.978125 0.71953125 0.04375 0.13203125
2 0.86640625 0.98203125 0.08046875 0.0359375
2 0.98515625 0.9515625 0.0296875 0.096875
2 0.19921875 0.015625 0.07734375 0.03046875