2 0.8058035718750001 0.7723214281249999 0.7678571421875 0.8058035718750001 0.7589285718750001 0.8727678578125 0.7723214281249999 0.9308035718750001 0.8013392859374999 0.9553571421875 0.8303571421875 0.953125 0.8705357140625001 0.9084821421875 0.875 0.828125 0.8504464281249999 0.7901785718750001 0.8058035718750001 0.7723214281249999
2 0.9397321421875 0.7321428578125 0.8973214281249999 0.7745535718750001 0.8928571421875 0.828125 0.9174107140625001 0.8616071421875 0.9732142859374999 0.8727678578125 0.9910714281249999 0.8504464281249999 0.9910714281249999 0.7834821421875 0.9642857140625001 0.7388392859375 0.9397321421875 0.7321428578125
2 1 0.7834821421875 0.9933035718750001 0.6517857140625 0.9598214281249999 0.671875 0.9508928578125 0.7209821421875 1 0.7834821421875
2 1 0.475446428125 0.9709821421875 0.44196428593750003 0.9397321421875 0.44196428593750003 0.875 0.484375 0.8705357140625001 0.5870535718750001 0.9375 0.6004464281249999 0.9665178578125 0.5892857140625 1 0.5379464281249999 1 0.475446428125
2 0.8058035718750001 0.4375 0.7589285718750001 0.5022321421875 0.7723214281249999 0.5736607140625 0.8169642859374999 0.5959821421875 0.8616071421875 0.5647321421875 0.8660714281249999 0.484375 0.8325892859374999 0.4375 0.8058035718750001 0.4375
2 0.8683035718750001 0.2678571421875 0.8303571421875 0.33258928593750003 0.8258928578125 0.40401785781250005 0.8482142859374999 0.44866071406249997 0.8839285718750001 0.462053571875 0.9330357140625001 0.43973214218749995 0.9508928578125 0.3727678578125 0.9196428578125 0.29241071406249997 0.8683035718750001 0.2678571421875
2 0.609375 0.41964285781250005 0.5580357140625 0.47991071406249997 0.5446428578125 0.5245535718750001 0.5625 0.6004464281249999 0.6004464281249999 0.6339285718750001 0.6383928578125 0.6361607140625 0.6964285718750001 0.5959821421875 0.71875 0.493303571875 0.6763392859375 0.4375 0.609375 0.41964285781250005
2 0.46651785781250005 0.40625 0.43303571406249997 0.43526785781250005 0.428571428125 0.493303571875 0.462053571875 0.53125 0.48660714218749995 0.5334821421875 0.5178571421875 0.5022321421875 0.5223214281249999 0.444196428125 0.49776785781250005 0.41071428593750003 0.46651785781250005 0.40625
2 0.28794642812500004 0.6205357140625 0.25 0.6450892859375 0.2232142859375 0.6986607140625 0.2366071421875 0.765625 0.28571428593750003 0.7924107140625 0.32142857187499996 0.7700892859375 0.3303571421875 0.7433035718750001 0.3258928578125 0.671875 0.28794642812500004 0.6205357140625
2 0.18303571406250002 0.8102678578125 0.18303571406250002 0.8772321421875 0.21205357187499999 0.9107142859374999 0.25446428593750003 0.9129464281249999 0.28571428593750003 0.8683035718750001 0.28571428593750003 0.8236607140625001 0.2299107140625 0.7678571421875 0.18303571406250002 0.8102678578125
2 0.078125 0.5401785718750001 0.0580357140625 0.5558035718750001 0.0446428578125 0.6361607140625 0.0647321421875 0.6651785718750001 0.0982142859375 0.671875 0.125 0.6629464281249999 0.1428571421875 0.5959821421875 0.11383928593749999 0.5446428578125 0.078125 0.5401785718750001
2 0 0.6227678578125 0.0178571421875 0.6227678578125 0.0446428578125 0.5915178578125 0.0491071421875 0.5424107140625 0.0022321421875000002 0.5 0 0.6227678578125
2 0.203125 0.28125 0.15625 0.328125 0.15178571406250002 0.412946428125 0.194196428125 0.45089285781250005 0.22767857187499999 0.44866071406249997 0.27232142812500004 0.412946428125 0.28125 0.35491071406249997 0.26116071406249997 0.30357142812500004 0.203125 0.28125
2 0.3147321421875 0.116071428125 0.27678571406249997 0.14508928593749998 0.28125 0.2522321421875 0.33482142812500004 0.265625 0.3616071421875 0.24330357187499999 0.3616071421875 0.1540178578125 0.3415178578125 0.12053571406250001 0.3147321421875 0.116071428125
2 0.390625 0.12946428593749998 0.36607142812500004 0.171875 0.37053571406249997 0.22544642812500001 0.412946428125 0.27232142812500004 0.43303571406249997 0.27008928593750003 0.45535714218749995 0.24330357187499999 0.459821428125 0.194196428125 0.42633928593750003 0.133928571875 0.390625 0.12946428593749998
2 0.7857142859375 0.060267857812500006 0.8303571421875 0.078125 0.8794642859374999 0.0424107140625 0.8839285718750001 0.0022321421875000002 0.7745535718750001 0 0.7857142859375 0.060267857812500006
2 0.1741071421875 0.060267857812500006 0.21205357187499999 0.09375 0.24107142812500001 0.0915178578125 0.27232142812500004 0.0513392859375 0.27678571406249997 0.006696428124999999 0.16741071406250002 0 0.1741071421875 0.060267857812500006
2 0.7375 0.975 0.1140625 0.05
2 0.03828125 0.28125 0.0765625 0.196875
2 0.69296875 0.28359375 0.12734375 0.20546875
2 0.03828125 0.82421875 0.0765625 0.1515625
2 0.70703125 0.85703125 0.14609375 0.1984375