2 0.803125 0.89375 0.10546875 0.159375
2 0.4484375 0.88671875 0.0921875 0.12421875
2 0.50546875 0.78046875 0.10625 0.1421875
2 0.353125 0.92890625 0.125 0.1421875
2 0.11640625 0.93828125 0.1265625 0.1234375
2 0.08515625 0.8046875 0.14296875 0.165625
2 0.35078125 0.62109375 0.08828125 0.11171875
2 0.51796875 0.625 0.1328125 0.18203125
2 0.70078125 0.6296875 0.09375 0.14140625
2 0.70859375 0.45546875 0.08125 0.1109375
2 0.896875 0.41640625 0.140625 0.16171875
2 0.690625 0.32734375 0.13515625 0.17578125
2 0.5921875 0.209375 0.08984375 0.13671875
2 0.51875 0.38125 0.125 0.15546875
2 0.4234375 0.41796875 0.09140625 0.12109375
2 0.2109375 0.3828125 0.128125 0.16953125
2 0.14140625 0.30234375 0.09453125 0.1171875
2 0.20078125 0.04921875 0.11953125 0.09765625
2 0.53671875 0.10390625 0.08125 0.12265625
2 0.88359375 0.93203125 0.10703125 0.13515625
2 0.96171875 0.9515625 0.0765625 0.096875
2 0.98203125 0.34140625 0.0359375 0.13828125
2 0.10625 0.62734375 0.1140625 0.1828125
2 0.93359375 0.25859375 0.125 0.1671875
2 0.6109375 0.93203125 0.14609375 0.13515625
2 0.33046875 0.109375 0.16171875 0.19296875