1 0.2265625 0.359375 0.1328125 0.1640625
1 0.334375 0.41171875 0.1578125 0.20625
1 0.3828125 0.08828125 0.140625 0.1671875
1 0.66875 0.04453125 0.11875 0.0890625
1 0.84375 0.01328125 0.109375 0.0265625
1 0.6484375 0.35 0.140625 0.1625
1 0.9 0.38046875 0.13125 0.1609375
1 0.85390625 0.57890625 0.115625 0.1359375
1 0.734375 0.70546875 0.1375 0.1671875
1 0.653125 0.646875 0.1203125 0.140625
1 0.5578125 0.65546875 0.134375 0.1671875
1 0.53984375 0.778125 0.1328125 0.1515625
1 0.6390625 0.7734375 0.1140625 0.128125
1 0.9796875 0.8890625 0.040625 0.1