3 0.04140625 0.3765625 0.0828125 0.125
3 0.0296875 0.69609375 0.059375 0.153125
3 0.10625 0.415625 0.09375 0.1234375
3 0.1328125 0.5234375 0.08984375 0.1125
3 0.08359375 0.71328125 0.09375 0.13515625
3 0.17421875 0.6859375 0.09921875 0.146875
3 0.3203125 0.6921875 0.0796875 0.10703125
3 0.25625 0.29296875 0.0890625 0.109375
3 0.4984375 0.1984375 0.0859375 0.12421875
3 0.72109375 0.0765625 0.08125 0.10703125
3 0.696875 0.65546875 0.096875 0.13515625
3 0.8765625 0.715625 0.08515625 0.1265625
3 0.75625 0.728125 0.090625 0.1140625
3 0.7625 0.88984375 0.11796875 0.13203125
3 0.24921875 0.0203125 0.0890625 0.040625