2 0.6719804875000001 0.7409961843749999 0.67239815625 0.6986463109375001 0.63184976875 0.6587160187500001 0.5850699953125 0.6780198562499999 0.5634077796875 0.7272192078125 0.5712930187499999 0.786592565625 0.6049223171875 0.8123366234375 0.6503182703125 0.7901955359375 0.6719804875000001 0.7409961843749999
2 0.790735609375 0.581222215625 0.759734725 0.5752692749999999 0.7198044296874999 0.6158176625 0.710805409375 0.669377303125 0.7373067843750001 0.7021100609375 0.801318871875 0.653328378125 0.8101786703125 0.6138853625 0.790735609375 0.581222215625
2 0.8505878359375 0.6679322828125 0.8224938093749999 0.6535372125000001 0.7626331734375 0.7108306375 0.7775767250000001 0.7702736046875 0.8057403624999999 0.7776103625 0.8454618234375 0.7582369109375 0.8656706109375 0.713258625 0.8505878359375 0.6679322828125
2 0.8302314171875 0.8710306843750001 0.8123810078125 0.8200298484375 0.7687169265625 0.8097166187499999 0.7417282734375 0.8263920453125 0.7226944703125 0.8953825156249999 0.74490516875 0.9337201578125001 0.7688477406249999 0.9396034859375 0.8142436953125 0.9174624 0.8302314171875 0.8710306843750001
2 0.82504899375 1 0.8291176359374999 0.9839636796875 0.8153490671875 0.948532896875 0.7858016109375 0.9383588921875001 0.7516850359375 0.9620230187500001 0.7386085125 1 0.82504899375 1
2 1 0.49180316093750004 0.9950174046875 0.48158732656250003 0.969691015625 0.4728667515625 0.9242254484375 0.5020661484375 0.9069235203125 0.5386023062499999 0.9179244515624999 0.56835859375 0.96297235 0.5815090703125 0.9913448203125 0.567670890625 1 0.542534425 1 0.49180316093750004
2 0.8908830062499999 0.30408535 0.8585679140625 0.28823685 0.8273581953125 0.303458846875 0.8071494078124999 0.3484371328125 0.8348257671875 0.405182078125 0.881535928125 0.39293655 0.9017447140625 0.3479582625 0.8908830062499999 0.30408535
2 0.7406481281249999 0.3633110734375 0.72715800625 0.29964704062499997 0.6666096671874999 0.283520096875 0.611248540625 0.3140337015625 0.593668165625 0.37880310625 0.6100651484374999 0.434025009375 0.6648693812500001 0.45997790156249996 0.7288814718750001 0.41119622031249997 0.7406481281249999 0.3633110734375
2 0.5998995515625001 0.3195689734375 0.5918054781250001 0.2813705546875 0.5596296093750001 0.2514054296875 0.50004741875 0.28046560625 0.48696655624999996 0.31845519218749996 0.5020493312500001 0.363781534375 0.5441903703125 0.3853741390625 0.57678390625 0.37298939062500003 0.5998995515625001 0.3195689734375
2 0.49991660624999995 0.15057873906250002 0.444694703125 0.16697571875 0.4259393453125 0.207732940625 0.4366618328125 0.265722478125 0.4760352359375 0.281640590625 0.542954184375 0.22441677656249998 0.5280106328125 0.16497380781249998 0.49991660624999995 0.15057873906250002
2 0.7520751375 0.2067139984375 0.73436395 0.1415965359375 0.709037559375 0.1328759609375 0.673606775 0.146644528125 0.6420490015625 0.1971580859375 0.6569925515625 0.2566010546875 0.6893772546875 0.2653912421875 0.7276452859375 0.25023885468749996 0.7520751375 0.2067139984375
2 0.836365625 0.105895715625 0.8040505343750001 0.0900472171875 0.7553996640625 0.1559219953125 0.7675755796875 0.20969046875 0.792832359375 0.22546935625 0.836774884375 0.20754933437499998 0.8513091781250001 0.1653386828125 0.836365625 0.105895715625
2 1 0.1440817421875 0.9279844625000001 0.1209172875 0.941474584375 0.18458132031250002 0.9935111828125001 0.2048597203125 1 0.1963834203125 1 0.1440817421875
2 0.362884996875 0.4457052375 0.3722932765625 0.493799215625 0.40322455 0.5068104671875 0.4532592375 0.4437729375 0.4227456328125 0.3884118125 0.383093784375 0.40072694999999997 0.362884996875 0.4457052375
2 0.36039580625 0.41179749374999997 0.324068484375 0.373320628125 0.27147499375 0.40950872812499994 0.27077887968750003 0.48009185 0.29873368437500003 0.5086035437499999 0.34122278125 0.4949045890625 0.35852470937500003 0.45836843125 0.36039580625 0.41179749374999997
2 0.29321523125 0.20924757187499998 0.28512115625 0.171049153125 0.245817365625 0.14807272968750002 0.2003517984375 0.17727212812499998 0.1843640765625 0.22370384531249998 0.1882370859375 0.260448834375 0.21771493125000002 0.2776811515625 0.2671927265625 0.27111011875 0.29321523125 0.20924757187499998
2 0.2691694109375 0.7864365234374999 0.25844692343750003 0.7284469859375 0.20502650625 0.705331340625 0.17090993125 0.7289954671875 0.15056192031249999 0.7880903781249999 0.1614236296875 0.831963290625 0.2021112390625 0.8577769625 0.251728259375 0.8370893046875001 0.2691694109375 0.7864365234374999
2 0.21015625 0.4328125 0.228125 0.3046875
2 0.484375 0.78046875 0.2296875 0.23125
2 0.45859375 0.02890625 0.1140625 0.0578125