2 0.18203125 0.16953125 0.1140625 0.146875
2 0.10859375 0.0796875 0.1171875 0.146875
2 0.31484375 0.15859375 0.11875 0.15
2 0.36953125 0.07109375 0.121875 0.1359375
2 0.7859375 0.3234375 0.1109375 0.1421875
2 0.875 0.3015625 0.109375 0.1484375
2 0.9078125 0.1703125 0.15 0.1609375
2 0.85078125 0.446875 0.109375 0.1453125
2 0.9484375 0.54921875 0.103125 0.1234375
2 0.96171875 0.66640625 0.0765625 0.1703125
2 0.46953125 0.6125 0.1109375 0.153125
2 0.459375 0.496875 0.0765625 0.096875
2 0.4296875 0.38203125 0.11875 0.1640625
2 0.325 0.471875 0.1390625 0.1796875
2 0.3078125 0.60625 0.1234375 0.1328125
2 0.9515625 0.06171875 0.078125 0.1234375
2 0.95859375 0.940625 0.0828125 0.103125
2 0.396875 0.821875 0.178125 0.240625