2 0.6265625 0.92578125 0.13125 0.1484375
2 0.5171875 0.8875 0.165625 0.1953125
2 0.37109375 0.8296875 0.1453125 0.18125
2 0.30078125 0.74765625 0.1546875 0.190625
2 0.2515625 0.9203125 0.121875 0.0859375
2 0.02109375 0.80625 0.0421875 0.14375
2 0.07890625 0.33125 0.1328125 0.1640625
2 0.19921875 0.3109375 0.16875 0.18125
2 0.43984375 0.35859375 0.1609375 0.18125
2 0.39765625 0.1453125 0.1265625 0.153125
2 0.28984375 0.109375 0.2046875 0.21875
2 0.29921875 0.0171875 0.1640625 0.034375
2 0.7796875 0.2625 0.1328125 0.1671875
2 0.87890625 0.2375 0.1421875 0.175
2 0.9609375 0.3078125 0.078125 0.2
2 0.95390625 0.14375 0.0921875 0.09375
2 0.8703125 0.95546875 0.06875 0.0890625
2 0.0984375 0.4859375 0.196875 0.265625
2 0.66484375 0.159375 0.1578125 0.20625
2 0.5296875 0.63046875 0.215625 0.2625