2 0.7165178578125 0.6160714281249999 0.6875 0.640625 0.6785714281249999 0.6852678578125 0.6897321421875 0.71875 0.7366071421875 0.7388392859375 0.7678571421875 0.7209821421875 0.78125 0.6584821421875 0.7522321421875 0.6205357140625 0.7165178578125 0.6160714281249999
2 0.8370535718750001 0.7276785718750001 0.7901785718750001 0.8102678578125 0.8325892859374999 0.8705357140625001 0.8571428578125 0.8727678578125 0.8928571421875 0.8459821421875 0.9017857140625001 0.7924107140625 0.8839285718750001 0.7388392859375 0.8370535718750001 0.7276785718750001
2 0.7299107140625 0.7991071421875 0.7008928578125 0.8370535718750001 0.7008928578125 0.890625 0.734375 0.9464285718750001 0.7723214281249999 0.9486607140625001 0.8080357140625001 0.890625 0.8035714281249999 0.8504464281249999 0.7700892859375 0.8080357140625001 0.7299107140625 0.7991071421875
2 0.59375 0.7522321421875 0.5982142859375 0.7834821421875 0.6183035718750001 0.8035714281249999 0.6428571421875 0.8013392859374999 0.6651785718750001 0.7790178578125 0.6651785718750001 0.7433035718750001 0.6183035718750001 0.71875 0.59375 0.7522321421875
2 0.5111607140625 0.8392857140625001 0.48660714218749995 0.8683035718750001 0.48660714218749995 0.9040178578125 0.5111607140625 0.9330357140625001 0.5446428578125 0.9352678578125 0.5625 0.9129464281249999 0.5625 0.8638392859374999 0.5379464281249999 0.8392857140625001 0.5111607140625 0.8392857140625001
2 0.41964285781250005 0.984375 0.421875 1 0.53125 0.9977678578125 0.5133928578125 0.9486607140625001 0.47991071406249997 0.9241071421875 0.453125 0.9285714281249999 0.41964285781250005 0.984375
2 0.3616071421875 0.9575892859374999 0.36607142812500004 0.9977678578125 0.415178571875 0.9977678578125 0.43303571406249997 0.9352678578125 0.412946428125 0.9107142859374999 0.390625 0.9107142859374999 0.3616071421875 0.9575892859374999
2 0.3459821421875 0.7946428578125 0.32142857187499996 0.8549107140625001 0.3415178578125 0.8883928578125 0.36607142812500004 0.890625 0.3883928578125 0.8638392859374999 0.3883928578125 0.8325892859374999 0.36383928593750003 0.7946428578125 0.3459821421875 0.7946428578125
2 0.459821428125 0.7254464281249999 0.46428571406249997 0.7745535718750001 0.5089285718750001 0.7879464281249999 0.5491071421875 0.7611607140625 0.5245535718750001 0.6919642859375 0.47098214218749995 0.7053571421875 0.459821428125 0.7254464281249999
2 1 0.9084821421875 0.9933035718750001 0.7946428578125 0.9598214281249999 0.859375 0.9732142859374999 0.8995535718750001 1 0.9084821421875
2 0.8392857140625001 0.27008928593750003 0.8348214281249999 0.32366071406249997 0.8504464281249999 0.34821428593750003 0.8839285718750001 0.3459821421875 0.9196428578125 0.27008928593750003 0.9084821421875 0.25 0.8727678578125 0.24107142812500001 0.8392857140625001 0.27008928593750003
2 0.84375 0.1540178578125 0.84375 0.203125 0.8638392859374999 0.2321428578125 0.8883928578125 0.234375 0.9330357140625001 0.2165178578125 0.9330357140625001 0.17633928593749998 0.8638392859374999 0.12946428593749998 0.84375 0.1540178578125
2 0.7433035718750001 0.25892857187499996 0.78125 0.265625 0.8169642859374999 0.22544642812500001 0.7834821421875 0.18303571406250002 0.7321428578125 0.2209821421875 0.7433035718750001 0.25892857187499996
2 0.6026785718750001 0.10491071406250001 0.6116071421875 0.1852678578125 0.6517857140625 0.19866071406250002 0.7232142859375 0.14508928593749998 0.703125 0.084821428125 0.6361607140625 0.0758928578125 0.6026785718750001 0.10491071406250001
2 0.7366071421875 0.0513392859375 0.7566964281249999 0.0758928578125 0.78125 0.0736607140625 0.8169642859374999 0.0513392859375 0.828125 0 0.7366071421875 0.0022321421875000002 0.7366071421875 0.0513392859375
2 0.462053571875 0.0178571421875 0.43303571406249997 0.046875 0.43303571406249997 0.0825892859375 0.48214285781250005 0.14508928593749998 0.5044642859375 0.100446428125 0.5044642859375 0.0513392859375 0.48883928593750003 0.022321428125 0.462053571875 0.0178571421875
2 0.35491071406249997 0.053571428125 0.32142857187499996 0.0959821421875 0.32142857187499996 0.12276785781249999 0.35491071406249997 0.16071428593749998 0.37946428593750003 0.1584821421875 0.41071428593750003 0.140625 0.415178571875 0.0915178578125 0.38616071406249997 0.053571428125 0.35491071406249997 0.053571428125
2 0.33482142812500004 0.0424107140625 0.3459821421875 0 0.27232142812500004 0.0022321421875000002 0.29241071406249997 0.0446428578125 0.33482142812500004 0.0424107140625
2 0.359375 0.25446428593750003 0.33928571406249997 0.2790178578125 0.34375 0.35044642812500004 0.3727678578125 0.375 0.415178571875 0.3727678578125 0.4375 0.3459821421875 0.43303571406249997 0.2790178578125 0.40401785781250005 0.25 0.359375 0.25446428593750003
2 0.34821428593750003 0.43526785781250005 0.34821428593750003 0.46651785781250005 0.37946428593750003 0.48883928593750003 0.40178571406249997 0.47098214218749995 0.40178571406249997 0.43526785781250005 0.3727678578125 0.41071428593750003 0.34821428593750003 0.43526785781250005
2 0.28571428593750003 0.49776785781250005 0.28125 0.5424107140625 0.29241071406249997 0.5714285718750001 0.3258928578125 0.5825892859375 0.3616071421875 0.5602678578125 0.36607142812500004 0.5066964281249999 0.3147321421875 0.47321428593750003 0.28571428593750003 0.49776785781250005
2 0.1875 0.5290178578125 0.178571428125 0.578125 0.19866071406250002 0.6116071421875 0.2366071421875 0.6183035718750001 0.2633928578125 0.5915178578125 0.2678571421875 0.5558035718750001 0.2209821421875 0.5044642859375 0.1875 0.5290178578125
2 0.12946428593749998 0.30580357187499996 0.125 0.35044642812500004 0.14508928593749998 0.37946428593750003 0.1875 0.390625 0.2053571421875 0.33258928593750003 0.17633928593749998 0.29017857187499996 0.1540178578125 0.28571428593750003 0.12946428593749998 0.30580357187499996
2 0.069196428125 0.38392857187499996 0.0446428578125 0.40401785781250005 0.0357142859375 0.44866071406249997 0.069196428125 0.5 0.102678571875 0.49776785781250005 0.12053571406250001 0.47991071406249997 0.125 0.41741071406249997 0.100446428125 0.3883928578125 0.069196428125 0.38392857187499996
2 0.133928571875 0.453125 0.1540178578125 0.477678571875 0.178571428125 0.475446428125 0.196428571875 0.421875 0.149553571875 0.3928571421875 0.12946428593749998 0.421875 0.133928571875 0.453125
2 0.0669642859375 0.7165178578125 0.053571428125 0.7745535718750001 0.100446428125 0.8169642859374999 0.133928571875 0.8191964281249999 0.16071428593749998 0.7924107140625 0.15625 0.7299107140625 0.10491071406250001 0.6875 0.0669642859375 0.7165178578125
2 0 0.7611607140625 0.022321428125 0.7611607140625 0.0491071421875 0.703125 0.03125 0.6584821421875 0.0022321421875000002 0.6428571421875 0 0.7611607140625
2 0.0825892859375 0.8214285718750001 0.0491071421875 0.8459821421875 0.0357142859375 0.8950892859374999 0.060267857812500006 0.9464285718750001 0.0982142859375 0.953125 0.133928571875 0.9308035718750001 0.1428571421875 0.8727678578125 0.118303571875 0.8303571421875 0.0825892859375 0.8214285718750001
2 1 0.953125 0.9709821421875 0.9017857140625001 0.9129464281249999 0.8928571421875 0.8794642859374999 0.9263392859374999 0.8772321421875 1 1 0.9977678578125 1 0.953125
2 0.9625 0.4171875 0.07421875 0.16484375