0 0.57890625 0.64921875 0.10234375 0.1453125
0 0.49609375 0.51796875 0.071875 0.11484375
0 0.2953125 0.58359375 0.07890625 0.10078125
0 0.340625 0.6328125 0.06484375 0.071875
0 0.34296875 0.73671875 0.10546875 0.13359375
0 0.38984375 0.821875 0.0640625 0.0734375
0 0.33203125 0.9109375 0.10390625 0.13515625
0 0.571875 0.97109375 0.10234375 0.0578125
0 0.96953125 0.621875 0.0609375 0.134375
0 0.809375 0.49921875 0.0609375 0.07890625
0 0.478125 0.24765625 0.1140625 0.14140625
0 0.57265625 0.0484375 0.10078125 0.09609375
0 0.75546875 0.0703125 0.0703125 0.08515625
0 0.16640625 0.975 0.1015625 0.05