2 0.39955357187499996 0.491071428125 0.35044642812500004 0.5044642859375 0.3125 0.5424107140625 0.30357142812500004 0.578125 0.32142857187499996 0.6450892859375 0.35491071406249997 0.6696428578125 0.38392857187499996 0.6674107140625 0.428571428125 0.640625 0.44196428593750003 0.5915178578125 0.428571428125 0.5200892859375 0.39955357187499996 0.491071428125
2 0.47991071406249997 0.5223214281249999 0.446428571875 0.546875 0.446428571875 0.6361607140625 0.477678571875 0.6629464281249999 0.5401785718750001 0.6361607140625 0.5491071421875 0.5736607140625 0.5200892859375 0.5223214281249999 0.47991071406249997 0.5223214281249999
2 0.42633928593750003 0.6517857140625 0.375 0.6808035718750001 0.36607142812500004 0.7388392859375 0.39508928593750003 0.78125 0.4375 0.7834821421875 0.459821428125 0.7611607140625 0.46875 0.7120535718750001 0.45535714218749995 0.671875 0.42633928593750003 0.6517857140625
2 0.49776785781250005 0.6651785718750001 0.47321428593750003 0.6852678578125 0.47321428593750003 0.7566964281249999 0.493303571875 0.7857142859375 0.53125 0.7834821421875 0.5580357140625 0.7611607140625 0.5669642859375 0.7120535718750001 0.5424107140625 0.6696428578125 0.49776785781250005 0.6651785718750001
2 0.5491071421875 0.5825892859375 0.5446428578125 0.6629464281249999 0.59375 0.6763392859375 0.6160714281249999 0.6183035718750001 0.6026785718750001 0.5870535718750001 0.5691964281249999 0.5669642859375 0.5491071421875 0.5825892859375
2 0.5892857140625 0.5290178578125 0.6026785718750001 0.5647321421875 0.640625 0.59375 0.6785714281249999 0.5915178578125 0.6785714281249999 0.5290178578125 0.6316964281249999 0.48214285781250005 0.6004464281249999 0.477678571875 0.5892857140625 0.5290178578125
2 0.5133928578125 0.390625 0.5089285718750001 0.42633928593750003 0.5334821421875 0.46428571406249997 0.5714285718750001 0.46651785781250005 0.5892857140625 0.43973214218749995 0.5848214281249999 0.38616071406249997 0.5424107140625 0.3571428578125 0.5133928578125 0.390625
2 0.6763392859375 0.39732142812500004 0.6473214281249999 0.42633928593750003 0.6428571421875 0.475446428125 0.671875 0.5133928578125 0.7053571421875 0.5111607140625 0.7366071421875 0.475446428125 0.7366071421875 0.430803571875 0.7209821421875 0.40625 0.6763392859375 0.39732142812500004
2 0.7366071421875 0.578125 0.7366071421875 0.6272321421875 0.7566964281249999 0.6517857140625 0.7991071421875 0.6495535718750001 0.8214285718750001 0.6183035718750001 0.8169642859374999 0.5691964281249999 0.7611607140625 0.5401785718750001 0.7366071421875 0.578125
2 0.9241071421875 0.5513392859375 0.9553571421875 0.5691964281249999 0.8995535718750001 0.5892857140625 0.8660714281249999 0.6540178578125 0.8883928578125 0.7254464281249999 0.9375 0.7477678578125 1 0.6941964281249999 0.9977678578125 0.46875 0.9553571421875 0.484375 0.9241071421875 0.5513392859375
2 0.59375 0.984375 0.5959821421875 1 0.6964285718750001 0.9977678578125 0.6830357140625 0.9575892859374999 0.6495535718750001 0.9330357140625001 0.6183035718750001 0.9419642859374999 0.59375 0.984375
2 0.7120535718750001 0.8526785718750001 0.6785714281249999 0.8772321421875 0.6741071421875 0.9263392859374999 0.6986607140625 0.9642857140625001 0.7321428578125 0.9665178578125 0.7633928578125 0.9263392859374999 0.7633928578125 0.890625 0.7388392859375 0.8571428578125 0.7120535718750001 0.8526785718750001
2 0.5133928578125 0.9977678578125 0.43973214218749995 0.9330357140625001 0.412946428125 0.9419642859374999 0.37946428593750003 0.9888392859374999 0.5133928578125 0.9977678578125
2 0.21875 0.734375 0.2053571421875 0.8058035718750001 0.2388392859375 0.8526785718750001 0.27232142812500004 0.8549107140625001 0.30803571406249997 0.8191964281249999 0.3125 0.765625 0.26116071406249997 0.7053571421875 0.21875 0.734375
2 0.14508928593749998 0.6785714281249999 0.09375 0.703125 0.0758928578125 0.765625 0.109375 0.8303571421875 0.15178571406250002 0.8370535718750001 0.18303571406250002 0.8147321421875 0.2008928578125 0.7477678578125 0.18303571406250002 0.703125 0.14508928593749998 0.6785714281249999
2 0.3953125 0.29765625 0.18828125 0.1640625
2 0.94609375 0.0515625 0.10703125 0.10234375