0 0.94140625 0.36875 0.0875 0.09375
0 0.7625 0.32265625 0.08125 0.08125
0 0.4609375 0.53984375 0.0734375 0.08125
0 0.759375 0.70078125 0.140625 0.165625
0 0.5609375 0.85546875 0.13125 0.1578125
0 0.46328125 0.9578125 0.0796875 0.084375
0 0.3875 0.93984375 0.0828125 0.09375
0 0.234375 0.925 0.0703125 0.059375
0 0.15546875 0.7296875 0.11875 0.1359375
0 0.13125 0.59765625 0.1359375 0.1421875
0 0.03828125 0.51015625 0.0765625 0.1515625
0 0.03515625 0.409375 0.06875 0.078125
0 0.3203125 0.3125 0.10625 0.11875
0 0.4078125 0.31796875 0.1046875 0.10625
0 0.41875 0.2234375 0.0984375 0.1234375
0 0.35 0.18984375 0.065625 0.0765625
0 0.27734375 0.2328125 0.096875 0.109375
0 0.23828125 0.1328125 0.08125 0.08125
0 0.30234375 0.0625 0.065625 0.071875
0 0.38671875 0.13515625 0.071875 0.0765625
0 0.546875 0.16015625 0.0765625 0.09375
0 0.56640625 0.26875 0.0921875 0.1046875
0 0.51640625 0.20078125 0.134375 0.171875
0 0.45859375 0.0546875 0.1296875 0.109375
0 0.6640625 0.04453125 0.06875 0.05
0 0.82109375 0.08671875 0.0625 0.0546875
0 0.178125 0.02109375 0.103125 0.0421875
0 0.8234375 0.97109375 0.090625 0.0578125