2 0.5767434046875 0.9317621171875 0.6054062359375 0.911169459375 0.6173167140625 0.8261272125 0.583021590625 0.7798436953125 0.5360368609374999 0.77396636875 0.5007175765625 0.796907696875 0.4884175359375 0.8596319156250001 0.5274100046875 0.9192283375000001 0.5767434046875 0.9317621171875
2 0.4255487875 0.711152940625 0.46274926718750004 0.6680864296875 0.46212596718750004 0.6323775828125 0.43229444843750003 0.586016153125 0.3809240265625 0.5846803453125 0.3546877796875 0.6163930609375 0.35562272968749997 0.6699563296875 0.385298421875 0.7073905468749999 0.4255487875 0.711152940625
2 0.552211096875 0.29370022812499996 0.5894894890625 0.255097321875 0.5887882765625 0.21492487031250002 0.55895675625 0.168563440625 0.5209771515625 0.16699389375 0.4948188171875 0.203170215625 0.4955200296875 0.24334266875 0.529815153125 0.289626184375 0.552211096875 0.29370022812499996
2 0.7366766796875 0.629817765625 0.778496590625 0.5956005531249999 0.7818694203125001 0.533032159375 0.7521158140625 0.49113433593750006 0.7185998140625001 0.48948687812499997 0.6878220500000001 0.5168139 0.679751875 0.5660693875 0.6938439062499999 0.606008103125 0.7366766796875 0.629817765625
2 0.2645699203125 0.44159992656249997 0.29730679531250004 0.398611328125 0.30428619375 0.2868653578125 0.2745325875 0.24496753437500002 0.23208937500000001 0.2434759015625 0.18384675 0.2934326015625 0.1762440515625 0.3694697265625 0.21531443281249998 0.43352975312500003 0.2645699203125 0.44159992656249997
2 0.1683409984375 0.30040070625 0.218698559375 0.24370963906249998 0.218153171875 0.2124643984375 0.1974046890625 0.17487435625 0.154961478125 0.17338272187499998 0.1330330109375 0.1960903125 0.125196575 0.25873661875 0.13921069218749998 0.2942117265625 0.1683409984375 0.30040070625
2 0.787914578125 0 0.7597524 0.03334205 0.7519159640625 0.0959883546875 0.7770501390625 0.12903688124999999 0.8217641109375 0.1327213609375 0.8590425015625 0.09411845468749999 0.8622595078125 0.022622851562499997 0.8460062421875 0 0.787914578125 0
2 0.2490302828125 0.83032319375 0.29092810625 0.8005695859375 0.303072321875 0.7289181546875 0.273318715625 0.6870203328125 0.239802715625 0.6853728734375 0.2044055203125 0.703850596875 0.192339215625 0.7799656328125 0.22663434062499999 0.82624915 0.2490302828125 0.83032319375
2 0.0815948125 0.95826483125 0.1057161265625 0.9332864796875 0.10485908906250001 0.8841868156249999 0.0662561828125 0.8469084234375 0.0417453078125 0.8495687453125 0.0158207109375 0.8991358843749999 0.0208297046875 0.9303032124999999 0.050349571875 0.95881021875 0.0815948125 0.95826483125
2 0.2813662984375 0.8922682859375 0.327805640625 0.866900371875 0.327104428125 0.8267279203125 0.29100601875 0.8050331921874999 0.255998384375 0.8458289453125 0.2813662984375 0.8922682859375
2 1 0.7327319578125 0.9546808546875001 0.7130793203125 0.9195173953125 0.7449478609375 0.9113693093749999 0.78973974375 0.9256171656250001 0.8386056703125 0.946053996875 0.8583412890625001 0.9772992359374999 0.8577959015625 1 0.841486659375 1 0.7327319578125
2 0 0.3274726796875 0.005057484375 0.41041000624999996 0.042335878125 0.3718071015625 0.0457087078125 0.30923870781249996 0.036314021875000005 0.2826128984375 0 0.2593085984375 0 0.3274726796875
2 1 0.8861676171875 0.9775329749999999 0.8711867203124999 0.9440948875 0.8740028656250001 0.8877820890624999 0.9732150562499999 0.903755315625 0.9930285890624999 0.99302743125 0.9914703375 1 0.98425003125 1 0.8861676171875
2 0.4070270390625 0.289536975 0.3910538125 0.26972344375 0.36207933125 0.272461678125 0.344926121875 0.31294578125 0.35894023750000004 0.3484208875 0.3836069390625 0.3546877796875 0.40334255937499996 0.334250946875 0.4070270390625 0.289536975
2 0.05234375 0.06875 0.090625 0.1171875
2 0.690625 0.98046875 0.1078125 0.034375
2 0.0051015109375 0.7966287750000001 0.0090084328125 0.8925573453125001 0.0325064453125 0.8318701468749999 0.0051015109375 0.7966287750000001
2 0.51328125 0.3921875 0.1640625 0.1859375
2 0.7390625 0.82421875 0.1078125 0.1734375
2 0.09375 0.6296875 0.1859375 0.2140625