2 0.283099278125 0.4383550609375 0.2489455359375 0.42791321406250005 0.21140638906250003 0.4514483453125 0.1927796328125 0.49710451093749997 0.2110938421875 0.5517205265625 0.244119115625 0.5734880328124999 0.27661410000000003 0.5740862124999999 0.2980959734375 0.47328374375 0.283099278125 0.4383550609375
2 0.3909581875 0.45966017187499997 0.373351028125 0.43326992343750004 0.3421612734375 0.428402525 0.306280884375 0.4617813234375 0.288714703125 0.5497761375 0.3094626109375 0.588797278125 0.361644928125 0.5860779468749999 0.39438456875 0.54006825625 0.3909581875 0.45966017187499997
2 0.3697478828125 0.3458053953125 0.351433675 0.29118937968749997 0.28810246093749997 0.299836684375 0.2646761984375 0.3230182921875 0.253282646875 0.375554134375 0.2769945421875 0.420149721875 0.31524073750000003 0.4248403578125 0.356695575 0.3884975734375 0.3697478828125 0.3458053953125
2 0.46028526875000003 0.408497453125 0.43893917968749996 0.4019712984375 0.400094803125 0.42977564843750005 0.3909581875 0.45966017187499997 0.409449159375 0.52133263125 0.4378516875 0.5276820234375 0.4891501921875 0.48968048125 0.46028526875000003 0.408497453125
2 0.42460855625000005 0.28088331875 0.39525432031249996 0.292916028125 0.3736635765625 0.3329977421875 0.3895440859375 0.40320863593749995 0.4216855453125 0.38969393281250003 0.43770184062500006 0.3525762046875 0.42460855625000005 0.28088331875
2 0.454316315625 0.2829634921875 0.439958778125 0.3299248859375 0.4580962234375 0.3774844609375 0.5296123484375 0.3573347328125 0.5076271015625 0.2689185 0.454316315625 0.2829634921875
2 0.5459142765625 0.38799419999999996 0.5245681875 0.381468046875 0.489639503125 0.39646474375 0.4805028875 0.42634926718750005 0.5045683078125001 0.48505773750000003 0.547858665625 0.46561506093749994 0.5569952812500001 0.4357305375 0.5459142765625 0.38799419999999996
2 0.5023652015625 0.1716103078125 0.474560853125 0.13276593125 0.447640315625 0.1292037640625 0.41306515624999995 0.15831334375 0.407246053125 0.20788520156249998 0.42668873124999995 0.25117555625 0.45509125937499995 0.2575249484375 0.4883611890625 0.23268458593750002 0.5023652015625 0.1716103078125
2 0.33893857031249996 0.1870015078125 0.3213314109375 0.16061125781250002 0.284567209375 0.15870784531249998 0.24738158906250002 0.19635586249999998 0.241916009375 0.2600406015625 0.265274378125 0.29052330625 0.30464904375 0.28388828125 0.336083453125 0.2421478109375 0.33893857031249996 0.1870015078125
2 0.1300194609375 0 0.1047297796875 0.0827188265625 0.13182707968750002 0.0933374359375 0.1595225578125 0.07146105781249999 0.16996440468750001 0.03730731875 0.15012775312499999 0 0.1300194609375 0
2 0.52080234375 0.5693815171875001 0.4943032234375 0.5262679203125 0.477226353125 0.5210469984375 0.42165863124999997 0.5577433078125 0.40469063125 0.6132431375 0.42448683281250005 0.6706463796875 0.44304569687499995 0.6786545265624999 0.511421071875 0.6458739078125 0.52080234375 0.5693815171875001
2 0.5008024625 0.6729712078125 0.479456375 0.6664450546875 0.4363427796875 0.6929441734374999 0.423643996875 0.7497492328125 0.44308667343749997 0.7930395906250001 0.49918468281250006 0.7775126046875 0.5187631453125 0.713474340625 0.5008024625 0.6729712078125
2 0.6273969984375001 0.7093409078125 0.6055206234375 0.6816454281250001 0.5700616515625 0.6754728 0.5354864921875 0.7045823812500001 0.5146027984375 0.7728898625 0.5284710265625 0.8191442062500001 0.5555683265625 0.8297628156249999 0.620626190625 0.7772948656249999 0.6273969984375001 0.7093409078125
2 0.6376211046875 0.5537456609375 0.619660421875 0.5132425296875 0.5791572890625 0.5312032109375 0.5779609296875 0.5961931828125 0.59651979375 0.60420133125 0.6297897203125 0.5793609671875 0.6376211046875 0.5537456609375
2 0.34440535625 0.85623501875 0.320870225 0.8186958734375 0.28001356718750003 0.8225436734375 0.2567640671875 0.852781721875 0.24963973281250001 0.9066227953125001 0.2644596671875 0.9344950375 0.3027058625 0.9391856734375 0.3330118046875 0.9087708609374999 0.34440535625 0.85623501875
2 0.4505667421875 1 0.46641812656250003 0.99157166875 0.484691359375 0.931802621875 0.47396388125 0.8981791687499999 0.43554092187500004 0.8864320921875001 0.40357622343750005 0.9070032359375 0.3879134546875 0.958233846875 0.397158940625 0.989070078125 0.42764091718749997 1 0.4505667421875 1
2 0.14685189999999998 0.693134996875 0.1508764609375 0.741048096875 0.195825575 0.7314490874999999 0.19031901874999999 0.6807487625 0.14685189999999998 0.693134996875
2 0.7611018078125 0.40943509687499996 0.7349562140625 0.3804343859375 0.6888786328125 0.40135905625 0.6843647609375 0.44666169531250005 0.7004899250000001 0.47026471875000003 0.7301976859375 0.47234489375 0.759198396875 0.44619929999999997 0.7611018078125 0.40943509687499996
2 0.86949100625 0.4519095328125 0.8442971171875 0.40452672187500005 0.8229510296875 0.3980005671875 0.784106653125 0.425804915625 0.7697491140625 0.47276631093750004 0.786227803125 0.5104822203125 0.8188995515625 0.5181368421875 0.856438696875 0.49460170937500003 0.86949100625 0.4519095328125
2 0.9187912921875 0.67238588125 0.8995253765625 0.6361519671875 0.867030390625 0.635553784375 0.8380296796875 0.6616993796874999 0.829246590625 0.7056967859375 0.8457252796875 0.7434126953125 0.8741278109374999 0.7497620875 0.9060925078125001 0.729190940625 0.9187912921875 0.67238588125
2 1 0.409149028125 0.992659159375 0.4078711484375 0.953814784375 0.4356754984375 0.9483492046875 0.4993602390625 0.9730128046875001 0.525573725 1 0.5248977015625 1 0.409149028125
2 0.90077556875 0.23506324531249997 0.8748067374999999 0.21311897656249998 0.8316931421874999 0.239618096875 0.8186408343749999 0.282310271875 0.83713180625 0.3439827296875 0.8807756875000001 0.3386529375 0.911856571875 0.2827995828125 0.90077556875 0.23506324531249997
2 1 0.21995726875 0.98735628125 0.19617789218749998 0.9173221515625001 0.21911484374999998 0.909490765625 0.24473014843750002 0.9292869687499999 0.302133390625 0.968661634375 0.295498365625 0.99618035 0.266565546875 1 0.24627260468749998 1 0.21995726875
2 1 0.1302098921875 0.9046502828125 0.107870528125 0.89290320625 0.14629348749999999 0.9093818953125 0.184009396875 0.9407484140625 0.1959332359375 0.9799463140625001 0.1822417703125 1 0.13686575781250002 1 0.1302098921875
2 0.8212782109375001 0.10572246249999999 0.7908634 0.075416521875 0.7280624734375001 0.10523315156249999 0.7170224453125 0.171881878125 0.7420395703125 0.2122082484375 0.7955271203125001 0.20521969843750001 0.82008185 0.17071243281249998 0.8212782109375001 0.10572246249999999
2 0.8611164796875 0.9068393265625 0.8753382328124999 0.9672065546875 0.9143183953125 0.832073584375 0.8797432359374999 0.8611831640625001 0.8611164796875 0.9068393265625
2 0.04453125 0.8421875 0.0890625 0.096875
2 0.05078125 0.29921875 0.0515625 0.1015625
2 0.63984375 0.2265625 0.2 0.2890625