2 0 0.773387803125 0.0329901921875 0.827873040625 0.0512582703125 0.8365240046875 0.07970035156250001 0.8156275140625 0.097141503125 0.7649747312499999 0.08904743125 0.7267763125 0.0511970671875 0.699578825 0.01853391875 0.7190218875000001 0 0.76111623125 0 0.773387803125
2 0.12553079375 0.46312957031249996 0.10200588906250001 0.4148963671875 0.0724584328125 0.4047223625 0.0098301609375 0.45634129375 0.009273271875 0.5128077921875 0.0330070109375 0.53986605625 0.07528727187499999 0.5473420359375 0.1137641375 0.5110147140625 0.12553079375 0.46312957031249996
2 0.1905174421875 0.3155315140625 0.169899396875 0.2588561828125 0.1388985109375 0.25290324375 0.0864442453125 0.27497471875 0.083877034375 0.392128778125 0.127471503125 0.40950031875 0.1758439265625 0.3718587890625 0.1905174421875 0.3155315140625
2 0.39065619375 0.0633813921875 0.3696204796875 0.0490559328125 0.31135249531250003 0.08801166875000001 0.291143709375 0.1329899546875 0.29494710625 0.1767932578125 0.325530321875 0.225096071875 0.3523101421875 0.22959558124999999 0.40248405312499996 0.15244142656249998 0.39065619375 0.0633813921875
2 0.62017795 0.2675323734375 0.57665309375 0.2431025234375 0.5243380484375 0.2510573734375 0.5026758328125001 0.300256725 0.505234634375 0.3271061546875 0.5472364515625 0.362815384375 0.59526081875 0.36046541875 0.6269578171875 0.29583523437500003 0.62017795 0.2675323734375
2 0.613528896875 0.36911638125 0.5738770484375 0.3814315203125 0.5536682609375 0.42640980624999997 0.582937271875 0.46481705937499995 0.6168450140624999 0.4623278703125 0.6398214375 0.423024078125 0.613528896875 0.36911638125
2 0.5331894375 0.35561785 0.5078630468750001 0.346897275 0.48087439375 0.3635727 0.466200878125 0.41989997656250005 0.48426012187499995 0.4497258765625 0.5437727015625 0.4277240125 0.55131829375 0.3783854390625 0.5331894375 0.35561785
2 0.683571946875 0.138272009375 0.6254431859375 0.1631111203125 0.6167226109375 0.1884375109375 0.6318749953125 0.2267055421875 0.6558175687500001 0.2325888703125 0.69706206875 0.2019360421875 0.683571946875 0.138272009375
2 0.598150859375 0.6400302703125 0.5787077968750001 0.6073671234375 0.5491603406250001 0.59719311875 0.493799215625 0.6277067234375 0.4818933375 0.68970849375 0.497045721875 0.727976525 0.5378725546875 0.73967356875 0.5906052671875 0.6893688453125 0.598150859375 0.6400302703125
2 0.6107528531249999 0.507445378125 0.587088725 0.4733288015625 0.5490991390625 0.46024793906249994 0.5135291328125 0.48813313125 0.49608798125 0.5387859109375001 0.5153222093750001 0.592623996875 0.5590559015625 0.5958789125 0.603207259375 0.556783953125 0.6107528531249999 0.507445378125
2 0.6343389578124999 0.6926237609375 0.59482633125 0.690822275 0.5619543499999999 0.7314402734375001 0.5589082703125 0.753999028125 0.5826420078125001 0.78105729375 0.6150963218750001 0.7827891671875 0.63938695 0.753380934375 0.6343389578124999 0.6926237609375
2 0.537594109375 0.76790681875 0.506384390625 0.783128815625 0.4933035265625 0.8211184015624999 0.5224333140625 0.8736422781250001 0.554887628125 0.8753741546875 0.5822243390625 0.8234071671875001 0.537594109375 0.76790681875
2 0.5151661671875 0.8947476046875 0.48742019843750006 0.8450609734375 0.45496588437499996 0.8433290984375 0.42084930781249996 0.8669932265625 0.40340815625 0.9176460078125 0.43108451406250003 0.9743909499999999 0.46769028125 0.984634565625 0.507481353125 0.958202803125 0.5151661671875 0.8947476046875
2 0.739648340625 0.8941379218750001 0.6974376921875 0.8796036296875 0.66477454375 0.8990466906249999 0.65024025 0.9412573421875001 0.6752881953125 0.9782111656250001 0.7390218390625 0.9576627312499999 0.7506492734375 0.923894209375 0.739648340625 0.8941379218750001
2 0.6856794421875 0.78348528125 0.6612495921875 0.8270101390625 0.6749485484375 0.869499234375 0.7637301375 0.885904625 0.7730772140625 0.797053425 0.6856794421875 0.78348528125
2 0.8387515671875001 0.7228757390625 0.8422153171875 0.6579671109375 0.807480646875 0.60115255625 0.7581420734375001 0.593606965625 0.6955138015625 0.6452258953125 0.6762015515625001 0.7424496140625 0.7238082515625 0.7824495203125 0.7646350843749999 0.794146565625 0.8057403624999999 0.7776103625 0.8387515671875001 0.7228757390625
2 0.8856621546874999 0.8334587671874999 0.8664975374999999 0.7725623703125 0.835496653125 0.7666094296875 0.79570558125 0.7930411937499999 0.777985984375 0.8719272234375 0.7918241640625 0.9002996937500001 0.8355578546875 0.903554609375 0.8740347203125 0.8672272875000001 0.8856621546874999 0.8334587671874999
2 0.7529548578124999 0.546966415625 0.730744159375 0.508628771875 0.701196703125 0.49845476718750004 0.658498775 0.5333286609375001 0.6496389765624999 0.5727716765624999 0.6717800625 0.61816763125 0.6999437000000001 0.6255043875 0.748316125 0.5878628578125 0.7529548578124999 0.546966415625
2 0.6926405796874999 0.0776540578125 0.6817788703125001 0.03378114375 0.59735756875 0.004712559375 0.5817179046875001 0.015852714062500002 0.5583238125000001 0.097506378125 0.583232534375 0.148576828125 0.6198383015625 0.15882044374999998 0.6810131453125 0.111422578125 0.6926405796874999 0.0776540578125
2 0.322528625 0.6726069890625 0.3043997703125 0.6498394000000001 0.27761995 0.6453398906250001 0.23782887812500003 0.671771653125 0.2288298578125 0.7253312921874999 0.24834253125 0.750936128125 0.27650616875 0.7582728859375 0.3106227453125 0.7346087578125 0.322528625 0.6726069890625
2 0.84140625 0.36484375 0.23125 0.2421875
2 0.3390625 0.39921875 0.1875 0.24375
2 0.76953125 0.98203125 0.1671875 0.0359375
2 0.02578125 0.82421875 0.0515625 0.0890625