2 0.3515625 0.29453125 0.1703125 0.175
2 0.33984375 0.16875 0.153125 0.1703125
2 0.30859375 0.0734375 0.121875 0.10625
2 0.0390625 0.55546875 0.078125 0.1265625
2 0.45234375 0.6140625 0.16875 0.178125
2 0.6375 0.60859375 0.140625 0.15
2 0.66875 0.721875 0.16875 0.1796875
2 0.7515625 0.84375 0.1796875 0.19375
2 0.80078125 0.75 0.1421875 0.1546875
2 0.9 0.7171875 0.15 0.1578125
2 0.98125 0.571875 0.0375 0.14375
2 0.61015625 0.2125 0.1234375 0.1265625
2 0.78125 0.10546875 0.1703125 0.178125
2 0.19453125 0.8421875 0.134375 0.1453125
2 0.86328125 0.83828125 0.1296875 0.1078125
2 0.23984375 0.9796875 0.1015625 0.040625
2 0.3453125 0.91328125 0.2625 0.1734375
2 0.11875 0.29765625 0.2375 0.2953125