2 0.143406971875 0.43334286562499996 0.11711462343750001 0.4058906109375 0.0713163890625 0.41454365 0.038024368749999995 0.4536888421875 0.03990435625 0.52121958125 0.06771665 0.5555649046875 0.101248696875 0.5568448265625 0.14038048125 0.5048467890625 0.143406971875 0.43334286562499996
2 0.042543993749999995 0.2184978703125 0.026771265625000002 0.2190845296875 0.014171853125 0.3389599359375 0.0641698921875 0.2903484265625 0.042543993749999995 0.2184978703125
2 0.18261855 0.14568721406250001 0.155859559375 0.12267478750000001 0.1331937640625 0.12478139218749999 0.09990174375000001 0.16392658437500002 0.12094098281250001 0.22000441249999997 0.154006384375 0.22572416562500003 0.185898471875 0.1998984625 0.18261855 0.14568721406250001
2 0.47635399375 0.2124710640625 0.454968121875 0.181045621875 0.4283291421875 0.1782457515625 0.3999435953125 0.2134177578125 0.420516190625 0.273935415625 0.44470193281250003 0.2787218796875 0.46678107031250005 0.260842546875 0.47635399375 0.2124710640625
2 0.5866832890625 0.4440220765625 0.5608575874999999 0.4121299890625 0.521952421875 0.41926308125 0.4946201765625 0.4657679859375 0.4943935578125 0.5106329296875 0.534592053125 0.5552578484375 0.549898134375 0.5591110203125 0.5880966296875 0.5159926421875001 0.5866832890625 0.4440220765625
2 0.7233981328125 0.5526577859375 0.6931326 0.5202990546875 0.65329414375 0.5363118078125 0.6416146140625 0.562017496875 0.6434946 0.629548234375 0.6638271703124999 0.649640778125 0.6929193875 0.65045405625 0.726678053125 0.6068690343750001 0.7233981328125 0.5526577859375
2 0.9042042171875 0.1990845421875 0.865992315625 0.1569128609375 0.82510055625 0.16159271718749998 0.8006881953124999 0.2016711984375 0.8039681156249999 0.255882446875 0.828740515625 0.27644163593750004 0.8804985265624999 0.2751483078125 0.9088840734374999 0.2399763015625 0.9042042171875 0.1990845421875
2 0.624815396875 0.7218513718749999 0.5940832203124999 0.6939324703125 0.5479383546875 0.7272378984375 0.54327190625 0.7716361968750001 0.5710842 0.8059815203125 0.5952699406249999 0.8107679828125001 0.62809531875 0.7760626203125 0.624815396875 0.7218513718749999
2 0.5125397281249999 0.7437172953125 0.48192756406250004 0.7360109515625 0.45494195312499996 0.75786346875 0.45120879374999995 0.7933821078125 0.4825276265625 0.8370737374999999 0.5243526765625 0.8235142203124999 0.5294857703125 0.7746760921875 0.5125397281249999 0.7437172953125
2 0.5415387453125 0.8948981328125001 0.505086815625 0.9000446312499999 0.49188733906250004 0.9188572546874999 0.5035802734375 0.978441621875 0.5233261859375 0.9827614406249999 0.5463386125 0.9560024468749999 0.5415387453125 0.8948981328125001
2 0 0.7493368968749999 0.0203186734375 0.7929824953125 0.059570471874999996 0.7611970140625 0.06423692187499999 0.716798715625 0.041917759375 0.6942529328125 0.0060524890625 0.7151721609374999 0 0.7392146578125 0 0.7493368968749999
2 0.308334365625 0.8928317453125001 0.281228740625 0.89447170625 0.26265614375 0.9216973421875 0.2841620296875 0.973335340625 0.32154724843750004 0.9593091796875 0.326213696875 0.91491088125 0.308334365625 0.8928317453125001
2 0.14609375 0.06875 0.1796875 0.1375
2 0.71640625 0.3953125 0.171875 0.16875
2 0.17578125 0.6046875 0.1609375 0.2140625