2 0.7209821421875 0.8303571421875 0.6919642859375 0.8772321421875 0.7008928578125 0.9263392859374999 0.7299107140625 0.9598214281249999 0.7678571421875 0.9620535718750001 0.7946428578125 0.9308035718750001 0.7946428578125 0.8727678578125 0.7700892859375 0.8392857140625001 0.7209821421875 0.8303571421875
2 0.7366071421875 0.7745535718750001 0.7410714281249999 0.8102678578125 0.765625 0.8348214281249999 0.7901785718750001 0.8325892859374999 0.8169642859374999 0.8013392859374999 0.8125 0.765625 0.7566964281249999 0.7455357140625 0.7366071421875 0.7745535718750001
2 0.5133928578125 0.9352678578125 0.546875 0.9866071421875 0.5714285718750001 0.9888392859374999 0.59375 0.9620535718750001 0.5982142859375 0.9040178578125 0.5513392859375 0.8660714281249999 0.5133928578125 0.9352678578125
2 0.5736607140625 0.49553571406249997 0.5357142859375 0.5379464281249999 0.53125 0.5825892859375 0.5647321421875 0.6294642859375 0.5892857140625 0.6316964281249999 0.6205357140625 0.6138392859375 0.6339285718750001 0.5602678578125 0.6205357140625 0.515625 0.5736607140625 0.49553571406249997
2 0.3772321421875 0.7142857140625 0.35044642812500004 0.7232142859375 0.3303571421875 0.7566964281249999 0.33928571406249997 0.7924107140625 0.375 0.8102678578125 0.40625 0.7879464281249999 0.415178571875 0.7566964281249999 0.40625 0.7299107140625 0.3772321421875 0.7142857140625
2 0.33705357187499996 0.49553571406249997 0.30357142812500004 0.5334821421875 0.30357142812500004 0.5736607140625 0.34821428593750003 0.6183035718750001 0.375 0.6049107140625 0.3928571421875 0.5424107140625 0.3727678578125 0.5044642859375 0.33705357187499996 0.49553571406249997
2 0.078125 0.6473214281249999 0.024553571875 0.6651785718750001 0 0.703125 0.0044642859375000005 0.7745535718750001 0.037946428125 0.8035714281249999 0.0625 0.8013392859374999 0.084821428125 0.7924107140625 0.11160714218750001 0.7433035718750001 0.102678571875 0.6763392859375 0.078125 0.6473214281249999
2 0.125 0.48883928593750003 0.140625 0.5133928578125 0.178571428125 0.515625 0.2008928578125 0.453125 0.149553571875 0.428571428125 0.125 0.453125 0.125 0.48883928593750003
2 0.12276785781249999 0.28571428593750003 0.0982142859375 0.33258928593750003 0.10714285781249999 0.39955357187499996 0.13616071406250002 0.42410714218749995 0.2008928578125 0.421875 0.24107142812500001 0.35044642812500004 0.2232142859375 0.296875 0.19866071406250002 0.27232142812500004 0.12276785781249999 0.28571428593750003
2 0.149553571875 0.12053571406250001 0.11160714218750001 0.162946428125 0.10714285781249999 0.22544642812500001 0.131696428125 0.2633928578125 0.178571428125 0.26116071406249997 0.20982142812500001 0.22544642812500001 0.20982142812500001 0.16741071406250002 0.1852678578125 0.125 0.149553571875 0.12053571406250001
2 0.0290178578125 0.0446428578125 0.008928571875000001 0.0736607140625 0.008928571875000001 0.118303571875 0.069196428125 0.18303571406250002 0.0892857140625 0.180803571875 0.116071428125 0.131696428125 0.11160714218750001 0.0825892859375 0.078125 0.040178571875 0.0290178578125 0.0446428578125
2 0 0.2522321421875 0.0133928578125 0.2522321421875 0.0446428578125 0.22544642812500001 0.0491071421875 0.1897321421875 0.0022321421875000002 0.12946428593749998 0 0.2522321421875
2 0.36830357187499996 0.0446428578125 0.34821428593750003 0.0647321421875 0.34821428593750003 0.11383928593749999 0.3883928578125 0.13616071406250002 0.41071428593750003 0.109375 0.41071428593750003 0.069196428125 0.390625 0.0446428578125 0.36830357187499996 0.0446428578125
2 0.2053571421875 0.12276785781249999 0.21875 0.171875 0.25892857187499996 0.1852678578125 0.28571428593750003 0.1540178578125 0.2790178578125 0.0758928578125 0.22544642812500001 0.0892857140625 0.2053571421875 0.12276785781249999
2 0.3571428578125 0.180803571875 0.36607142812500004 0.2209821421875 0.40625 0.2388392859375 0.43303571406249997 0.203125 0.41741071406249997 0.1383928578125 0.3727678578125 0.15178571406250002 0.3571428578125 0.180803571875
2 0.10714285781249999 0.0513392859375 0.131696428125 0.0758928578125 0.16071428593749998 0.0736607140625 0.1875 0.055803571875 0.20982142812500001 0.0022321421875000002 0.10491071406250001 0 0.10714285781249999 0.0513392859375
2 0.44866071406249997 0.0446428578125 0.42410714218749995 0.069196428125 0.41964285781250005 0.12276785781249999 0.43526785781250005 0.147321428125 0.46428571406249997 0.14508928593749998 0.491071428125 0.1272321421875 0.5 0.0736607140625 0.475446428125 0.0446428578125 0.44866071406249997 0.0446428578125
2 0.6316964281249999 0.0803571421875 0.6026785718750001 0.10491071406250001 0.6026785718750001 0.171875 0.6272321421875 0.2008928578125 0.65625 0.19866071406250002 0.6875 0.16741071406250002 0.6875 0.11383928593749999 0.6763392859375 0.084821428125 0.6316964281249999 0.0803571421875
2 0.4375 0.180803571875 0.43303571406249997 0.24330357187499999 0.462053571875 0.28571428593750003 0.5133928578125 0.28794642812500004 0.5357142859375 0.180803571875 0.5066964281249999 0.147321428125 0.475446428125 0.1428571421875 0.4375 0.180803571875
2 0.7522321421875 0.2991071421875 0.7276785718750001 0.31919642812500004 0.7232142859375 0.3772321421875 0.7611607140625 0.415178571875 0.8035714281249999 0.412946428125 0.8415178578125 0.40625 0.8526785718750001 0.36830357187499996 0.8147321421875 0.31696428593750003 0.7522321421875 0.2991071421875
2 0.48660714218749995 0.412946428125 0.5357142859375 0.430803571875 0.5625 0.3772321421875 0.5111607140625 0.33928571406249997 0.48660714218749995 0.36830357187499996 0.48660714218749995 0.412946428125
2 0.8504464281249999 0.5044642859375 0.8169642859374999 0.5334821421875 0.8169642859374999 0.5959821421875 0.8415178578125 0.6294642859375 0.8794642859374999 0.6316964281249999 0.90625 0.6049107140625 0.9107142859374999 0.5558035718750001 0.8772321421875 0.5089285718750001 0.8504464281249999 0.5044642859375
2 0.5892857140625 0.390625 0.5892857140625 0.421875 0.6339285718750001 0.44866071406249997 0.65625 0.421875 0.65625 0.3772321421875 0.6183035718750001 0.35267857187499996 0.5892857140625 0.390625
2 0.8950892859374999 0.7053571421875 0.8526785718750001 0.7433035718750001 0.8526785718750001 0.8013392859374999 0.8816964281249999 0.84375 0.9196428578125 0.8504464281249999 0.96875 0.8236607140625001 0.9732142859374999 0.7924107140625 0.9419642859374999 0.734375 0.8950892859374999 0.7053571421875
2 0.8839285718750001 0.453125 0.8794642859374999 0.48883928593750003 0.90625 0.5379464281249999 0.9375 0.546875 0.96875 0.515625 0.9821428578125 0.430803571875 0.9129464281249999 0.41964285781250005 0.8839285718750001 0.453125
2 0 0.0513392859375 0.0133928578125 0.0513392859375 0.0513392859375 0 0 0.0022321421875000002 0 0.0513392859375
2 0.55078125 0.67734375 0.15 0.14453125
2 0.28984375 0.82265625 0.16875 0.240625