3 0.03984375 0.59921875 0.0796875 0.1296875
3 0.040625 0.2796875 0.0671875 0.15625
3 0.10234375 0.56328125 0.1 0.128125
3 0.134375 0.45703125 0.0953125 0.1171875
3 0.0953125 0.26484375 0.1 0.140625
3 0.184375 0.29765625 0.10625 0.1515625
3 0.33046875 0.2984375 0.0859375 0.1109375
3 0.24609375 0.69375 0.0953125 0.1140625
3 0.4828125 0.80078125 0.0921875 0.128125
3 0.6984375 0.934375 0.0875 0.1109375
3 0.7046875 0.3546875 0.103125 0.140625
3 0.8875 0.3046875 0.0921875 0.13125
3 0.76796875 0.2859375 0.096875 0.11875
3 0.7828125 0.12421875 0.125 0.1375
3 0.22421875 0.965625 0.090625 0.0453125