2 0.30078125 0.1875 0.146875 0.1578125
2 0.10859375 0.37578125 0.1390625 0.1484375
2 0.06328125 0.26171875 0.1265625 0.1546875
2 0.1078125 0.66640625 0.178125 0.1796875
2 0.178125 0.92109375 0.11875 0.1578125
2 0.58515625 0.66953125 0.1734375 0.18125
2 0.48125 0.8375 0.1578125 0.1734375
2 0.4734375 0.93125 0.153125 0.1375
2 0.6015625 0.80546875 0.1453125 0.15625
2 0.23984375 0.11015625 0.134375 0.1140625
2 0.49296875 0.1859375 0.1828125 0.1953125
2 0.5984375 0.21875 0.1703125 0.18125
2 0.5671875 0.07265625 0.13125 0.1453125
2 0.68359375 0.34140625 0.146875 0.159375
2 0.75859375 0.29609375 0.15 0.1734375
2 0.78203125 0.05390625 0.1390625 0.1078125
2 0.821875 0.13984375 0.159375 0.171875
2 0.77890625 0.48984375 0.1625 0.18125
2 0.86875 0.4453125 0.1734375 0.1921875
2 0.87265625 0.34140625 0.1484375 0.1609375
2 0.90078125 0.2625 0.1234375 0.153125
2 0.94609375 0.42890625 0.1078125 0.1859375
2 0.7671875 0.878125 0.121875 0.1203125
2 0.86796875 0.5578125 0.121875 0.128125