2 0 0.6931152609375 0.0003898578125 0.693865375 0.035213746875 0.7091038390625 0.0864031359375 0.6725563250000001 0.098790934375 0.6187436015625 0.0860338859375 0.589696828125 0.0461810296875 0.5794115546875 0 0.6074244390625 0 0.6931152609375
2 0 0.7990324171875 0.001583034375 0.7996914125 0.0358103328125 0.7620168578125 0.0391156734375 0.721112740625 0 0.701182309375 0 0.7990324171875
2 0 0.59128503125 0.0071520984375 0.5920928234375 0.0233660453125 0.5602711625000001 0.0106847765625 0.5212422296875 0 0.5226859484374999 0 0.59128503125
2 0.12566905 0.497158290625 0.1011304359375 0.442066971875 0.058199575 0.44273933750000005 0.03005250625 0.4684807703125 0.015789525 0.50630688125 0.031321459375 0.5643246484375 0.06922335156250001 0.568605471875 0.11343281093749999 0.531006696875 0.12566905 0.497158290625
2 0.2799853671875 0.42046444843749997 0.27938878125 0.3675514296875 0.1924758 0.375876096875 0.1557670828125 0.47742130937500005 0.175428284375 0.517501503125 0.21535691875000001 0.51780461875 0.2576154125 0.4742013921875 0.2799853671875 0.42046444843749997
2 0.1304141890625 0.2665931578125 0.10549668281249999 0.2614126328125 0.04920254375 0.3128954953125 0.058730028125 0.3728642265625 0.1247032109375 0.36138577656250004 0.145046421875 0.3116265421875 0.1304141890625 0.2665931578125
2 0.2598984234375 0.0419663421875 0.22605001875 0.029730103125 0.20098095312500003 0.04451389375 0.1765842546875 0.1022285453125 0.18236136875 0.13022405625 0.22626771250000002 0.13255391562500002 0.2604192328125 0.1048615203125 0.2598984234375 0.0419663421875
2 0.35348822343749997 0.074621571875 0.31258410625 0.07131623125 0.24623202968750002 0.1327054734375 0.2460804703125 0.152669790625 0.3359199 0.1533518015625 0.36008926093750004 0.1255836265625 0.35348822343749997 0.074621571875
2 0.45390639843749997 0.1282923796875 0.4391226078125 0.1032233140625 0.41322961718749995 0.09504056250000001 0.37412490625 0.117703990625 0.35783518124999997 0.159507809375 0.37149193281250004 0.2015389671875 0.394382696875 0.2106972015625 0.4394918578125 0.1860828109375 0.45390639843749997 0.1282923796875
2 0.45652008593750004 0.3099979796875 0.44383881562500005 0.27096904843749997 0.41794582656249996 0.262786296875 0.3668322140625 0.289351653125 0.34851574687500003 0.3351331796875 0.36022153281249997 0.3711598859375 0.39504541875 0.38639835 0.43617687343749995 0.359757215625 0.45652008593750004 0.3099979796875
2 0.5549776515625 0.4904346265625 0.54439890625 0.4374458265625 0.4825549890625 0.430986703125 0.45343243749999995 0.453725909375 0.4411204203125 0.49755647343750004 0.466786071875 0.5356856999999999 0.495605509375 0.5528751296875 0.5326834765624999 0.5341894109374999 0.5549776515625 0.4904346265625
2 0.4524473109375 0.5834939718750001 0.448090709375 0.6313780234374999 0.49004608593750004 0.6277034296874999 0.4934272078125 0.5768171546875 0.4524473109375 0.5834939718750001
2 0.353733478125 0.8313146671875 0.318085665625 0.7931096609375 0.255114709375 0.803612628125 0.198441675 0.9050062859375 0.309817490625 0.9617550984375001 0.3604102953125 0.8722945640624999 0.353733478125 0.8313146671875
2 0.42983073281250006 0.9327179687499999 0.4192519859375 0.8797291703125 0.39140803125 0.8655419671875 0.368365709375 0.8763480515625 0.325728321875 0.969862071875 0.374436296875 0.9971852171875 0.3995053625 0.9824014249999999 0.42983073281250006 0.9327179687499999
2 0.46744879531250005 0.71138685 0.44673633125 0.678286590625 0.39585005624999997 0.6749054703125 0.35366734218749996 0.7085265374999999 0.341355325 0.7523571015625 0.3569630390625 0.8003927109375001 0.398766859375 0.8166824359374999 0.45903870625 0.7672263140625 0.46744879531250005 0.71138685
2 0.82867205 0.8628717874999999 0.798801353125 0.8526622937500001 0.7797367390625001 0.8654951203125 0.77935784375 0.9154059140624999 0.8062263171874999 0.9265908906250001 0.82529093125 0.9137580640625 0.82867205 0.8628717874999999
2 0.8821155218750001 0.7924000906249999 0.8714609953125001 0.74939345 0.8316839203124999 0.7291260171875 0.8086415984374999 0.7399321015625 0.793999721875 0.8276690062500001 0.84075673125 0.8489877015625 0.863799053125 0.83818161875 0.8821155218750001 0.7924000906249999
2 0.9528999796875001 0.6731446375 0.9423212328125 0.6201558406250001 0.908472828125 0.6079196015624999 0.8613369234375 0.6365117015624999 0.84302045625 0.682293228125 0.85870395 0.7203466781250001 0.8935278359375 0.7355851421875 0.9285790609375001 0.7208771296875 0.9528999796875001 0.6731446375
2 0.82953455 0.3547571765625 0.812875571875 0.313701503125 0.77197145625 0.3103961609375 0.7357931921875001 0.34206626562500003 0.7371379250000001 0.42792798593750003 0.7619796546875001 0.44309067031250005 0.8111423 0.41052086406250005 0.82953455 0.3547571765625
2 0.705837071875 0.47460921718750004 0.68399756875 0.45847105 0.6347591421875001 0.5010230140624999 0.6463133703125 0.5570140390625 0.6881929703125 0.5633216046875 0.7144648546875 0.5215935640625 0.705837071875 0.47460921718750004
2 0.9412892578125 0.361595196875 0.922755096875 0.3045529125 0.8949111421874999 0.290365709375 0.845900053125 0.3029711984375 0.8212002390625001 0.40061448437499997 0.8309550625 0.4306367390625 0.87778785 0.44197327499999994 0.920946046875 0.41135443125000004 0.9412892578125 0.361595196875
2 1 0.2541788640625 0.9659132937500001 0.2739340703125 0.9536770546875 0.307782475 0.97138729375 0.34185821562499996 0.99030035 0.34898970625 1 0.34336820156250003 1 0.2541788640625
2 0.5664442515625 0 0.558387703125 0.0412374828125 0.58322943125 0.0564001703125 0.6102494593750001 0.0476208296875 0.63351911875 0.006868270312499999 0.6188917640625 0 0.5664442515625 0
2 0.17265625 0.08046875 0.09375 0.1375
2 0.08515625 0.2515625 0.1078125 0.1640625
2 0.5859375 0.25703125 0.2109375 0.2421875
2 0.59296875 0.96953125 0.1796875 0.0609375