0 0.81484375 0.959375 0.065625 0.078125
0 0.76640625 0.70078125 0.07265625 0.08828125
0 0.8390625 0.6421875 0.078125 0.11640625
0 0.57734375 0.54453125 0.07265625 0.075
0 0.53515625 0.43359375 0.078125 0.0875
0 0.26015625 0.653125 0.10390625 0.13046875
0 0.11484375 0.5953125 0.09453125 0.14140625
0 0.2046875 0.9140625 0.10390625 0.121875
0 0.115625 0.90078125 0.06328125 0.06796875
0 0.4703125 0.940625 0.065625 0.09296875
0 0.8875 0.26171875 0.06640625 0.09140625
0 0.78359375 0.16953125 0.06640625 0.075
0 0.82578125 0.07578125 0.0953125 0.11640625
0 0.97109375 0.9265625 0.0578125 0.11171875