2 0.5599800546875 0.3649794171875 0.5294832875 0.3375200046875 0.49264025624999996 0.359567721875 0.47691037031250005 0.4006258015625 0.48323767812499996 0.43605749843749997 0.51584670625 0.46117100625 0.544707975 0.45742324375 0.5712328171875 0.40909380625 0.5599800546875 0.3649794171875
2 0.7016784109375 0.467078421875 0.683135334375 0.49710790156250007 0.6847708328125 0.528315075 0.71292169375 0.5536622234374999 0.751643346875 0.524810434375 0.7239692484375 0.4659102078125 0.7016784109375 0.467078421875
2 0.8537423499999999 0.3831120796875 0.8314515124999999 0.38428029218750004 0.8086839109374999 0.419001584375 0.8166467187500001 0.4856404546875 0.8403394125 0.511221246875 0.8835192328125 0.48213581406249995 0.8905664249999999 0.4460031890625 0.8537423499999999 0.3831120796875
2 0.8647993828124999 0.25289064843750003 0.8425085453125 0.2540588625 0.8169182765624999 0.32022097031249996 0.8274701078125 0.35096085781249997 0.8598454953125 0.37161619687499997 0.8903517390625 0.35660619374999997 0.9004552453124999 0.2934909203125 0.8647993828124999 0.25289064843750003
2 0.9344566515625001 0.387822846875 0.89761361875 0.4098705640625 0.8900991406250001 0.4370868546875 0.8922019234375 0.4772103625 0.92973640625 0.5110065609375 0.980897990625 0.46362117343750003 0.9644861328125 0.4063659234375 0.9344566515625001 0.387822846875
2 0.4063090515625 0.290330346875 0.3842518578125 0.295956728125 0.3701669484375 0.325752565625 0.399719665625 0.3778487203125 0.43045955312500006 0.3672968875 0.43703946250000003 0.322247925 0.4063090515625 0.290330346875
2 0.28434094375 0.095553871875 0.24350702968750002 0.1267515671875 0.24607709843749997 0.17579140937499999 0.2934624859375 0.22695299531250002 0.33734323437499997 0.21124206406249998 0.3472130953125 0.1436686234375 0.28434094375 0.095553871875
2 0.941327075 0.0924155734375 0.9098862593750001 0.0895929046875 0.882193203125 0.11563150312499999 0.8800714624999999 0.16044682187499998 0.9014182515625 0.1839153515625 0.9396631390625 0.188616640625 0.9746275515624999 0.17337299687500002 0.9812074609374999 0.1283240359375 0.941327075 0.0924155734375
2 0.1022664796875 0.07603831093749999 0.0764615234375 0.0528034234375 0.041029825 0.059130732812499996 0.018262225 0.0938520234375 0.016140482812500002 0.13866734218750001 0.0581331328125 0.1722299 0.09121892499999999 0.1637903265625 0.1097620015625 0.133760846875 0.1022664796875 0.07603831093749999
2 0.35164282812500003 0.2708432203125 0.3112762 0.31095725 0.3359034640625 0.3543707109375 0.3560820390625 0.35554840468750004 0.3699333046875 0.321294396875 0.35164282812500003 0.2708432203125
2 0.181822046875 0.0159888265625 0.1771207578125 0.05423371406250001 0.21934704843750003 0.0922544390625 0.249386009375 0.068328103125 0.24728322500000002 0.028204595312500004 0.23532005625000002 0.013185115624999999 0.181822046875 0.0159888265625
2 0.24869456093750003 0.0124841875 0.25220867812500003 0.0368872875 0.28481770625 0.062000793750000005 0.331278003125 0.05286029531250001 0.3538119625 0.0136808359375 0.24869456093750003 0.0124841875
2 0 0.5130929546874999 0.0071104062499999995 0.6487675875 0.049346176562499997 0.644318896875 0.0937036875 0.5950548890625 0.0899654046875 0.5237242078125 0.044692279687499996 0.47021672031249995 0 0.4877628890625 0 0.5130929546874999
2 0.32390238125000004 0.5092288843749999 0.29292885 0.5153225515625001 0.2527958640625 0.5598947484375 0.27835769843749997 0.62114088125 0.3062749171875 0.6420298625 0.38042826875 0.6068507640624999 0.3590909578125 0.540912821875 0.32390238125000004 0.5092288843749999
2 0.44590840312499996 0.53412770625 0.4142339453125 0.5268468687500001 0.390999059375 0.5526518265625 0.389578246875 0.610841646875 0.42734637031249995 0.6490960140625 0.4756852859375 0.6331514406250001 0.481797909375 0.5791861453125 0.44590840312499996 0.53412770625
2 0.8285814515625001 0.628068175 0.7882337781250001 0.5832433781249999 0.7441193890625 0.5944961390625 0.713370021875 0.6475173859375001 0.7347073328125 0.713455328125 0.781625434375 0.755700578125 0.8100194171874999 0.7430364828125 0.8410024249999999 0.694473403125 0.8285814515625001 0.628068175
2 0.9252213671874999 0.7660566828125 0.8942573156250001 0.7296809359374999 0.85460109375 0.74070005625 0.8318334921874999 0.775421346875 0.8388617281249999 0.8242275484375 0.8576289687499999 0.841125646875 0.9127719578125 0.8270596953125 0.927090509375 0.8017220234375 0.9252213671874999 0.7660566828125
2 0.9519514156250001 0.8495936546875 0.9261464593750001 0.8263587671874999 0.876863496875 0.8669400812499999 0.88389173125 0.9157462828125 0.9024253312500001 0.9281862140625 0.9357447656250001 0.9242048109375001 0.9582787250000001 0.88502535 0.9519514156250001 0.8495936546875
2 0.9052385203125001 0.9392148109375 0.869330059375 0.9790952 0.9716342718750001 0.96926325 0.9502874828125 0.9457947203125 0.9052385203125001 0.9392148109375
2 0.7836997828125 0.9232323250000001 0.760231253125 0.9445791140625 0.7667922046875 0.98446898125 0.83788924375 0.9762725296875001 0.8228792421875 0.9457662859375 0.7836997828125 0.9232323250000001
2 0.5676049562500001 0.8943236656250001 0.5488282359375 0.9198949796875 0.57791366875 0.9630748 0.607952628125 0.9391484625000001 0.58989579375 0.8931554515625001 0.5676049562500001 0.8943236656250001
2 0.7836997828125 0.9232323250000001 0.7590535625 0.964757690625 0.717528196875 0.94011146875 0.6957046453125 0.950196015625 0.677628853125 0.989141834375 0.83788924375 0.9762725296875001 0.8228792421875 0.9457662859375 0.7836997828125 0.9232323250000001
2 0.68990149375 0.6688641750000001 0.636394003125 0.7141373 0.6230005453125 0.7997770546875 0.673432765625 0.8664254031249999 0.7163694640625 0.8753512171875 0.7586147125 0.828433115625 0.7591009546875 0.7524106234375 0.68990149375 0.6688641750000001
2 0.47728287031249994 0.8342362671875 0.432944315625 0.79856145 0.40173714218749995 0.8001969484375 0.3740440890625 0.8262355453125 0.381773253125 0.8884162484375 0.4108586859375 0.93159606875 0.45755262343750003 0.9269137359374999 0.48431110625 0.8830424671875001 0.47728287031249994 0.8342362671875
2 0.510551103125 1 0.5058820609375 0.953438578125 0.47092712499999995 0.9262128093750001 0.40898006562500006 0.9384001421875 0.40165391093749997 1 0.510551103125 1
2 0.344257728125 0.7696812234375 0.318686415625 0.750904503125 0.27738521562499996 0.7731858640625 0.2797216421875 0.8177675390625 0.30810614531249997 0.84757285625 0.3369674125 0.8438250953124999 0.3555104890625 0.8137956140625 0.344257728125 0.7696812234375
2 0.5676049562500001 0.8943236656250001 0.5488282359375 0.9198949796875 0.57791366875 0.9630748 0.607952628125 0.9391484625000001 0.58989579375 0.8931554515625001 0.5676049562500001 0.8943236656250001
2 0.70703125 0.26171875 0.1453125 0.20625