2 0 0.3567657640625 0.0104045765625 0.36379331875 0.03684000625 0.34654048125000003 0.047647540625 0.27992841562500004 0.018529292187499997 0.24917432968750003 0 0.250209821875 0 0.3567657640625
2 0.058695032812500006 0.31418324062499997 0.0473531125 0.3638042140625 0.0853704203125 0.39779729218750004 0.1056005046875 0.3883638484375 0.11181674374999999 0.343595915625 0.09483654687500001 0.307181765625 0.058695032812500006 0.31418324062499997
2 0.0386722234375 0.535329184375 0.019510909375 0.5787448125 0.044037862500000004 0.63134303125 0.0928518109375 0.6356725828124999 0.10688744375 0.5971099953125 0.08829319687500001 0.5466711046875 0.0386722234375 0.535329184375
2 0.2571571359375 0.433447996875 0.21886718906249997 0.4094336390625 0.1916247359375 0.41967410781250003 0.1878295703125 0.4854791484375 0.2072417359375 0.505981871875 0.2520096671875 0.5121981109375 0.2657726625 0.48361424687500004 0.2571571359375 0.433447996875
2 0.27872863125 0.4480180140625 0.2730467765625 0.5097770374999999 0.3132234109375 0.5378374109374999 0.333453496875 0.5284039671875 0.34344311250000004 0.4917280703125 0.3302362921875 0.46340595156250003 0.27872863125 0.4480180140625
2 0.296537640625 0.41754746249999997 0.30707253749999996 0.36091411875 0.284159634375 0.3223406390625 0.251529753125 0.310464334375 0.2221279703125 0.32663750625 0.2132180171875 0.3603470515625 0.23585828125 0.4088992546875 0.2722615390625 0.42886759375 0.296537640625 0.41754746249999997
2 0.299842 0.1869571796875 0.26937144687500003 0.1691481703125 0.23619628593750003 0.177229309375 0.23456044999999998 0.23710164531250003 0.253972615625 0.25760436875 0.2968538578125 0.259774590625 0.31250354062499996 0.23523674374999998 0.299842 0.1869571796875
2 0.32307111875 0.06775778906249999 0.29071387656250003 0.0459027625 0.2329899765625 0.07528275625 0.23890089374999998 0.1513391578125 0.2912155796875 0.173739465625 0.323311075 0.1686246796875 0.34571138281249997 0.11630999375 0.32307111875 0.06775778906249999
2 0.389923140625 0.1794322140625 0.3475871765625 0.157304546875 0.326277428125 0.1697043421875 0.3170948359375 0.213392609375 0.33407503437499997 0.2498067625 0.3866623609375 0.2622283453125 0.40258468281250004 0.227711778125 0.389923140625 0.1794322140625
2 0.3994498015625 0 0.354370484375 0.0186820953125 0.40668517031249996 0.041082403125 0.4393259453125 0.016010171875 0.4436867234375 0 0.3994498015625 0
2 0.5576420515625 0.29086668125 0.5716776859375 0.25230409531250003 0.5455366828125 0.1856811359375 0.5053600484375 0.15762076249999998 0.45195480468750004 0.17513534687500001 0.44061288281250005 0.22475631875 0.4651398359375 0.2773545375 0.51529519375 0.3056875515625 0.5576420515625 0.29086668125
2 0.594634165625 0.143083428125 0.5719939 0.0945312234375 0.529919684375 0.099373371875 0.51939568125 0.11905817656249999 0.534489190625 0.1514263125 0.5590270375 0.1670759953125 0.585189828125 0.15980187968749998 0.594634165625 0.143083428125
2 0.664234371875 0.0810735515625 0.633229434375 0.04627345 0.59331454375 0.045182890625 0.5841319515625 0.0888711578125 0.6064995765625001 0.1474020828125 0.6447895234375001 0.171416440625 0.6771576593749999 0.15632293125000002 0.664234371875 0.0810735515625
2 0.6369783 0 0.6318880250000001 0.022269987499999998 0.645094846875 0.050592106250000005 0.6817598484375 0.097530259375 0.7125030406249999 0.1053605484375 0.7276292328125 0.026883071874999998 0.7175238578124999 0 0.6369783 0
2 0.6717266562499999 0.28200030468750004 0.6873763375 0.257462459375 0.6728281078125 0.20513687812499998 0.6199790375 0.1657454796875 0.5900428703125 0.1649275609375 0.5687222265625 0.21427589375 0.602682621875 0.2871041984375 0.635312503125 0.298980503125 0.6717266562499999 0.28200030468750004
2 0.4319211 0.4332298265625 0.4645618734375 0.4081575953125 0.468891425 0.359343646875 0.43599979843750003 0.320497528125 0.400130925 0.31752027968749996 0.375309546875 0.3487978578125 0.376105675 0.3927587640625 0.40117790781249996 0.42539953906249994 0.4319211 0.4332298265625
2 0.590762740625 0.46752822812500006 0.60911703125 0.4171002296875 0.58324866875 0.3404985484375 0.5390260171875 0.3143248640625 0.495872134375 0.32213336406250004 0.4750967703125 0.3515242515625 0.4926004578125 0.441878034375 0.5524619000000001 0.48046240781250005 0.590762740625 0.46752822812500006
2 0.6722174640625 0.446785546875 0.639587584375 0.43490924062499997 0.618277834375 0.4473090359375 0.6244613921875 0.513386715625 0.6511585656250001 0.52310369375 0.6835267015625 0.508010184375 0.691356990625 0.47726699375 0.6722174640625 0.446785546875
2 0.8019735390625 0.33948425000000004 0.8241012062499999 0.2971482859375 0.8130537140625 0.2628934609375 0.772877078125 0.23483308906249997 0.737542590625 0.248846934375 0.72081324375 0.2763511328125 0.733474784375 0.324630696875 0.76987804375 0.3445990359375 0.8019735390625 0.33948425000000004
2 0.8340254578125 0.48216361093750004 0.850493059375 0.42768959687499997 0.828125434375 0.369158671875 0.7976548828125 0.35134965937499996 0.7482956546875 0.3669775546875 0.731021028125 0.4144392 0.753388653125 0.47297012499999996 0.8057033406249999 0.49537043125 0.8340254578125 0.48216361093750004
2 0.5599650781250001 0.644440625 0.574545990625 0.5859205937499999 0.550291678125 0.5233436515625 0.5138884203125 0.5033753125 0.47855393125 0.5173891562499999 0.4650526828125 0.5729428359375001 0.4798735515625 0.6152896937500001 0.5089918015625 0.6460437796875 0.5599650781250001 0.644440625
2 0.6858715156249999 0.787687053125 0.6980204624999999 0.7450784515625 0.6756528359375 0.6865475265625001 0.62577011875 0.648235790625 0.594481646875 0.6603629484375 0.581525678125 0.69595918125 0.5939145796874999 0.754217465625 0.6249195171874999 0.7890175687500001 0.6858715156249999 0.787687053125
2 0.574731478125 0.87153016875 0.5609575890625 0.93706256875 0.6165003734375001 0.9875123546875001 0.6388897859375 0.9721462046875 0.6434919765625 0.9133535359374999 0.606826971875 0.8664153812500001 0.574731478125 0.87153016875
2 0.42453804218749996 0.7765524078125 0.43373152968750006 0.695915603125 0.3989532140625 0.653023465625 0.366323334375 0.6411471625 0.3450135859375 0.6535469578125 0.32962564843750003 0.70505461875 0.35199327343750003 0.7635855453125 0.3902832203125 0.7875999 0.42453804218749996 0.7765524078125
2 0.1872407140625 0.653230740625 0.1718527765625 0.704738403125 0.19665236875 0.7473579 0.22928225000000002 0.7592342046875 0.2538418859375 0.7009868140625 0.231201621875 0.6524346109375 0.1872407140625 0.653230740625
2 0.28588291093749996 0.8806147125000001 0.300463821875 0.82209468125 0.283483625 0.7856805296875 0.258945778125 0.770030846875 0.223611290625 0.7840446921875001 0.21281464843750003 0.8137082187500001 0.22736287968750002 0.8660338 0.2597201203125 0.8878888281249999 0.28588291093749996 0.8806147125000001
2 0.1289170640625 0.8873108656250001 0.1440214671875 0.8827304640625 0.15967115 0.8581926171875001 0.1413495421875 0.7977750046875001 0.1030595953125 0.773760646875 0.0798631578125 0.7821144265625 0.1289170640625 0.8873108656250001
2 0.67421875 0.95234375 0.0796875 0.059375