1 0.7890625 0.91640625 0.109375 0.1359375
1 0.8875 0.62890625 0.0984375 0.14609375
1 0.95234375 0.4875 0.0953125 0.14375
1 0.840625 0.48515625 0.1 0.16953125
1 0.38671875 0.60078125 0.10078125 0.15234375
1 0.2875 0.90546875 0.09140625 0.121875
1 0.071875 0.65859375 0.0984375 0.13359375
1 0.03828125 0.55625 0.0765625 0.1203125
1 0.46328125 0.2109375 0.1 0.121875
1 0.4203125 0.09453125 0.08984375 0.1171875
1 0.321875 0.12421875 0.09765625 0.140625
1 0.71015625 0.06328125 0.103125 0.10859375
1 0.77421875 0.1671875 0.09609375 0.12734375