1 0.378125 0.97421875 0.140625 0.0515625
1 0.35859375 0.8328125 0.15 0.184375
1 0.45078125 0.61953125 0.1734375 0.19375
1 0.16796875 0.3984375 0.1671875 0.18125
1 0.06015625 0.3390625 0.1203125 0.18125
1 0.5296875 0.13046875 0.1609375 0.1421875
1 0.6234375 0.3453125 0.146875 0.15625
1 0.55546875 0.01484375 0.1109375 0.0296875
1 0.85859375 0.1515625 0.11875 0.14375
1 0.83828125 0.27109375 0.146875 0.1546875
1 0.93359375 0.31328125 0.103125 0.1515625
1 0.85390625 0.5640625 0.13125 0.1765625
1 0.68828125 0.69609375 0.1296875 0.1390625
1 0.9421875 0.67890625 0.115625 0.140625