0 0.8359375 0.871875 0.06953125 0.07265625
0 0.76953125 0.48359375 0.09609375 0.15390625
0 0.5984375 0.4171875 0.08515625 0.10078125
0 0.8796875 0.2640625 0.1109375 0.15703125
0 0.70703125 0.11796875 0.1953125 0.2359375
0 0.53515625 0.15390625 0.09609375 0.10625
0 0.42265625 0.0515625 0.10234375 0.103125
0 0.1046875 0.3015625 0.05859375 0.07578125
0 0.1390625 0.35078125 0.05625 0.0671875
0 0.2171875 0.46953125 0.07890625 0.090625
0 0.34453125 0.67578125 0.09921875 0.12265625
0 0.3078125 0.75390625 0.05625 0.06953125
0 0.45625 0.8734375 0.09296875 0.10703125
0 0.09609375 0.96796875 0.06171875 0.0640625
0 0.278125 0.97265625 0.08828125 0.05390625
0 0.01875 0.87734375 0.0375 0.1265625