2 0.890625 0.59375 0.20625 0.228125
2 0.796875 0.80078125 0.203125 0.209375
2 0.8390625 0.86796875 0.1109375 0.078125
2 0.9328125 0.39609375 0.134375 0.1484375
2 0.9625 0.32734375 0.071875 0.109375
2 0.70390625 0.47421875 0.1984375 0.20625
2 0.80390625 0.1625 0.1515625 0.1609375
2 0.1453125 0.39453125 0.153125 0.16875
2 0.10859375 0.5 0.1390625 0.15
2 0.10546875 0.71328125 0.1515625 0.1609375
2 0.0734375 0.60234375 0.146875 0.2015625
2 0.56328125 0.19609375 0.1484375 0.1515625
2 0.78828125 0.06484375 0.1265625 0.1296875
2 0.7171875 0.06875 0.153125 0.1375
2 0.3890625 0.14375 0.1703125 0.184375
2 0.4328125 0.08359375 0.171875 0.1671875
2 0.5359375 0.05546875 0.2375 0.1109375