2 0.921875 0.7857142859375 0.9017857140625001 0.8058035718750001 0.8973214281249999 0.8861607140625001 0.9375 0.9084821421875 0.96875 0.8816964281249999 0.9776785718750001 0.8370535718750001 0.9486607140625001 0.7901785718750001 0.921875 0.7857142859375
2 0.8549107140625001 0.7633928578125 0.8102678578125 0.7723214281249999 0.7767857140625 0.8191964281249999 0.7901785718750001 0.8861607140625001 0.84375 0.921875 0.8839285718750001 0.8950892859374999 0.8928571421875 0.8370535718750001 0.8883928578125 0.796875 0.8549107140625001 0.7633928578125
2 0.7254464281249999 0.8125 0.7053571421875 0.828125 0.7142857140625 0.890625 0.7299107140625 0.9151785718750001 0.7544642859375 0.9174107140625001 0.78125 0.8950892859374999 0.7767857140625 0.8415178578125 0.7611607140625 0.8169642859374999 0.7254464281249999 0.8125
2 0.6629464281249999 0.8080357140625001 0.6205357140625 0.8683035718750001 0.6205357140625 0.8950892859374999 0.6495535718750001 0.9419642859374999 0.6785714281249999 0.9441964281249999 0.7098214281249999 0.9174107140625001 0.7098214281249999 0.8727678578125 0.6964285718750001 0.8236607140625001 0.6629464281249999 0.8080357140625001
2 0.6004464281249999 0.7232142859375 0.5357142859375 0.8013392859374999 0.5491071421875 0.859375 0.5892857140625 0.8727678578125 0.6205357140625 0.859375 0.6473214281249999 0.8058035718750001 0.6339285718750001 0.7477678578125 0.6004464281249999 0.7232142859375
2 0.493303571875 0.6696428578125 0.477678571875 0.6986607140625 0.491071428125 0.7611607140625 0.5357142859375 0.7745535718750001 0.5803571421875 0.7299107140625 0.5803571421875 0.6897321421875 0.546875 0.65625 0.493303571875 0.6696428578125
2 0.7254464281249999 0.65625 0.6830357140625 0.6897321421875 0.6830357140625 0.734375 0.7120535718750001 0.78125 0.7544642859375 0.7879464281249999 0.78125 0.7700892859375 0.7946428578125 0.7075892859375 0.765625 0.6651785718750001 0.7254464281249999 0.65625
2 0.6428571421875 0.5959821421875 0.6383928578125 0.6361607140625 0.6629464281249999 0.6607142859375 0.6875 0.6584821421875 0.7142857140625 0.6316964281249999 0.7142857140625 0.5959821421875 0.6763392859375 0.5714285718750001 0.6428571421875 0.5959821421875
2 0.8861607140625001 0.41071428593750003 0.8571428578125 0.430803571875 0.8392857140625001 0.493303571875 0.8727678578125 0.5491071421875 0.9151785718750001 0.5513392859375 0.9508928578125 0.5111607140625 0.9508928578125 0.453125 0.9084821421875 0.41071428593750003 0.8861607140625001 0.41071428593750003
2 0.8214285718750001 0.35491071406249997 0.8303571421875 0.39508928593750003 0.8616071421875 0.40401785781250005 0.8883928578125 0.3772321421875 0.8727678578125 0.31696428593750003 0.8504464281249999 0.31696428593750003 0.8214285718750001 0.35491071406249997
2 0.7834821421875 0.2366071421875 0.75 0.27008928593750003 0.7544642859375 0.3415178578125 0.7946428578125 0.35491071406249997 0.84375 0.31919642812500004 0.8571428578125 0.28794642812500004 0.8325892859374999 0.2366071421875 0.7834821421875 0.2366071421875
2 0.6808035718750001 0.1428571421875 0.6517857140625 0.180803571875 0.6473214281249999 0.2209821421875 0.671875 0.25446428593750003 0.7008928578125 0.26116071406249997 0.7321428578125 0.2299107140625 0.7366071421875 0.180803571875 0.7075892859375 0.1428571421875 0.6808035718750001 0.1428571421875
2 0.5267857140625 0.203125 0.5178571421875 0.2522321421875 0.5379464281249999 0.29017857187499996 0.5803571421875 0.29241071406249997 0.6071428578125 0.2790178578125 0.6026785718750001 0.2165178578125 0.5558035718750001 0.178571428125 0.5267857140625 0.203125
2 0.5111607140625 0.2946428578125 0.48214285781250005 0.359375 0.5357142859375 0.39955357187499996 0.5669642859375 0.3772321421875 0.5714285718750001 0.33705357187499996 0.5558035718750001 0.30357142812500004 0.5111607140625 0.2946428578125
2 0.5580357140625 0.412946428125 0.5580357140625 0.44866071406249997 0.5982142859375 0.484375 0.6339285718750001 0.430803571875 0.609375 0.3883928578125 0.5825892859375 0.3883928578125 0.5580357140625 0.412946428125
2 0.47098214218749995 0.3928571421875 0.44196428593750003 0.421875 0.4375 0.47991071406249997 0.462053571875 0.5223214281249999 0.491071428125 0.5245535718750001 0.5267857140625 0.493303571875 0.53125 0.44866071406249997 0.49776785781250005 0.3928571421875 0.47098214218749995 0.3928571421875
2 0.359375 0.35267857187499996 0.3258928578125 0.38616071406249997 0.31696428593750003 0.475446428125 0.35491071406249997 0.5133928578125 0.39732142812500004 0.5111607140625 0.43303571406249997 0.475446428125 0.4375 0.412946428125 0.412946428125 0.36607142812500004 0.359375 0.35267857187499996
2 0.30803571406249997 0.22544642812500001 0.30803571406249997 0.27008928593750003 0.328125 0.2991071421875 0.35267857187499996 0.296875 0.38392857187499996 0.26116071406249997 0.38392857187499996 0.2299107140625 0.3415178578125 0.1875 0.30803571406249997 0.22544642812500001
2 0.35044642812500004 0 0.30803571406249997 0.0290178578125 0.2991071421875 0.0959821421875 0.33705357187499996 0.12946428593749998 0.36607142812500004 0.1272321421875 0.40178571406249997 0.100446428125 0.41071428593750003 0.060267857812500006 0.39732142812500004 0.0200892859375 0.35044642812500004 0
2 0.41964285781250005 0.0736607140625 0.46428571406249997 0.100446428125 0.49553571406249997 0.0736607140625 0.49553571406249997 0.0111607140625 0.42633928593750003 0 0.41964285781250005 0.0736607140625
2 0.36607142812500004 0.13616071406250002 0.3571428578125 0.17633928593749998 0.38169642812500004 0.2142857140625 0.415178571875 0.2209821421875 0.4375 0.194196428125 0.446428571875 0.131696428125 0.40848214218749995 0.10714285781249999 0.36607142812500004 0.13616071406250002
2 0.1741071421875 0.578125 0.1696428578125 0.6316964281249999 0.203125 0.6741071421875 0.24107142812500001 0.6808035718750001 0.25 0.5825892859375 0.2299107140625 0.5580357140625 0.2075892859375 0.5580357140625 0.1741071421875 0.578125
2 0.1383928578125 0.6897321421875 0.12946428593749998 0.7388392859375 0.162946428125 0.7857142859375 0.19196428593749998 0.7879464281249999 0.2232142859375 0.7477678578125 0.22767857187499999 0.7075892859375 0.171875 0.6651785718750001 0.1383928578125 0.6897321421875
2 0.2008928578125 0.8325892859374999 0.25892857187499996 0.8816964281249999 0.2991071421875 0.8549107140625001 0.3125 0.7745535718750001 0.2522321421875 0.7098214281249999 0.2008928578125 0.8325892859374999
2 0.33705357187499996 0.7857142859375 0.31696428593750003 0.8058035718750001 0.30803571406249997 0.8683035718750001 0.33258928593750003 0.8973214281249999 0.37053571406249997 0.8995535718750001 0.3928571421875 0.8727678578125 0.3928571421875 0.8147321421875 0.3727678578125 0.7901785718750001 0.33705357187499996 0.7857142859375
2 0.09375 0.8325892859374999 0.102678571875 0.8772321421875 0.131696428125 0.9107142859374999 0.15625 0.9084821421875 0.18303571406250002 0.8683035718750001 0.18303571406250002 0.8191964281249999 0.118303571875 0.7678571421875 0.09375 0.8325892859374999
2 0.0334821421875 0.90625 0.008928571875000001 0.9441964281249999 0.0133928578125 0.9933035718750001 0.0669642859375 0.9977678578125 0.084821428125 0.9799107140625001 0.084821428125 0.9352678578125 0.060267857812500006 0.90625 0.0334821421875 0.90625
2 0.36607142812500004 0.9977678578125 0.33705357187499996 0.9598214281249999 0.30133928593750003 0.9642857140625001 0.28571428593750003 0.9933035718750001 0.36607142812500004 0.9977678578125
2 0.29017857187499996 0.546875 0.29017857187499996 0.5825892859375 0.3147321421875 0.625 0.34375 0.6227678578125 0.37053571406249997 0.5915178578125 0.37053571406249997 0.5424107140625 0.3147321421875 0.5133928578125 0.29017857187499996 0.546875
2 0.44921875 0.9421875 0.125 0.115625