2 0.66953125 0.10546875 0.1453125 0.18125
2 0.73046875 0.034375 0.1015625 0.06875
2 0.85625 0.13359375 0.1140625 0.13125
2 0.78125 0.2703125 0.11875 0.14375
2 0.9 0.3671875 0.096875 0.1171875
2 0.859375 0.509375 0.1125 0.15
2 0.56171875 0.5703125 0.10625 0.1296875
2 0.46953125 0.55859375 0.1234375 0.1546875
2 0.42890625 0.66796875 0.1015625 0.1328125
2 0.51015625 0.89609375 0.121875 0.1515625
2 0.58046875 0.9578125 0.0953125 0.08125
2 0.2625 0.81171875 0.15625 0.2140625
2 0.165625 0.7109375 0.115625 0.14375
2 0.0953125 0.6046875 0.11875 0.1625
2 0.0296875 0.5546875 0.059375 0.153125
2 0.0453125 0.68828125 0.06875 0.121875
2 0.55234375 0.246875 0.1 0.125
2 0.47421875 0.046875 0.1296875 0.09375
2 0.45 0.23671875 0.1109375 0.1390625
2 0.3578125 0.19375 0.1234375 0.140625
2 0.32734375 0.30234375 0.125 0.1421875
2 0.27421875 0.46328125 0.125 0.1703125
2 0.20703125 0.36328125 0.1078125 0.159375
2 0.125 0.36796875 0.10625 0.1390625
2 0.0671875 0.1578125 0.134375 0.184375
2 0.0328125 0.08046875 0.065625 0.0734375
2 0.953125 0.7703125 0.09375 0.25
2 0.18359375 0.565625 0.14375 0.1921875
2 0.40234375 0.37734375 0.1453125 0.1484375
2 0.43046875 0.921875 0.1296875 0.15625
2 0.66796875 0.3125 0.1625 0.1421875