0 0.5296875 0.71953125 0.203125 0.2125
0 0.38125 0.8625 0.14375 0.1359375
0 0.3203125 0.68046875 0.153125 0.171875
0 0.05546875 0.81328125 0.1109375 0.1015625
0 0.371875 0.41171875 0.1875 0.2140625
0 0.69375 0.56171875 0.11875 0.13125
0 0.7109375 0.42265625 0.09375 0.10625
0 0.7953125 0.4875 0.1609375 0.1765625
0 0.89140625 0.3703125 0.1609375 0.1453125
0 0.82734375 0.15703125 0.153125 0.146875
0 0.9859375 0.5171875 0.028125 0.1
0 0.2703125 0.09609375 0.1875 0.1921875
0 0.18125 0.07578125 0.13125 0.1515625