0 0.328125 0.234375 0.053125 0.053125
0 0.28046875 0.3125 0.0640625 0.0765625
0 0.2078125 0.4 0.059375 0.0609375
0 0.203125 0.45234375 0.10625 0.0875
0 0.296875 0.04921875 0.10625 0.0875
0 0.5953125 0.11640625 0.0609375 0.071875
0 0.66171875 0.1359375 0.0671875 0.0828125
0 0.68046875 0.05234375 0.0609375 0.0765625
0 0.73671875 0.378125 0.046875 0.0703125
0 0.8984375 0.36171875 0.0640625 0.0703125
0 0.9546875 0.8546875 0.0765625 0.1046875
0 0.51953125 0.7890625 0.0625 0.0828125
0 0.37109375 0.88125 0.0765625 0.096875
0 0.3609375 0.96015625 0.0625 0.0796875
0 0.41796875 0.928125 0.0765625 0.10625
0 0.48203125 0.97578125 0.0515625 0.0484375