1 0.89921875 0.7171875 0.10234375 0.15703125
1 0.96640625 0.59140625 0.0671875 0.1203125
1 0.7703125 0.62734375 0.115625 0.14609375
1 0.6546875 0.5625 0.10546875 0.15703125
1 0.59375 0.49375 0.08359375 0.1125
1 0.5515625 0.5859375 0.09296875 0.121875
1 0.46015625 0.55859375 0.11171875 0.12421875
1 0.428125 0.65078125 0.11015625 0.13125
1 0.4890625 0.740625 0.11640625 0.13984375
1 0.5578125 0.83359375 0.10546875 0.1625
1 0.37109375 0.31640625 0.11640625 0.1359375
1 0.2625 0.07421875 0.08984375 0.14765625
1 0.175 0.0671875 0.1046875 0.134375