2 0.034375 0.54921875 0.06875 0.1515625
2 0.10390625 0.36015625 0.140625 0.1515625
2 0.25 0.3953125 0.1640625 0.1796875
2 0.28125 0.63359375 0.15 0.1734375
2 0.45546875 0.79140625 0.1828125 0.2
2 0.540625 0.73828125 0.1421875 0.1578125
2 0.584375 0.44296875 0.10625 0.1234375
2 0.4890625 0.121875 0.1359375 0.1640625
2 0.384375 0.084375 0.1390625 0.1578125
2 0.8875 0.28203125 0.1453125 0.1671875
2 0.959375 0.37265625 0.08125 0.1046875
2 0.9046875 0.41015625 0.1453125 0.159375
2 0.93359375 0.534375 0.1328125 0.2
2 0.96015625 0.64921875 0.0796875 0.1609375
2 0.91171875 0.6625 0.128125 0.1484375
2 0.83671875 0.70390625 0.146875 0.1546875
2 0.7859375 0.5984375 0.1171875 0.1296875
2 0.5375 0.97109375 0.128125 0.0578125
2 0.953125 0.7609375 0.09375 0.153125
2 0.8609375 0.1421875 0.0953125 0.14375
2 0.6328125 0.8703125 0.2140625 0.2421875