2 0.20846296562500002 0.2283160640625 0.1992185484375 0.1798807265625 0.1495217125 0.15233331875 0.1280959515625 0.1909864140625 0.140401190625 0.2338998828125 0.17323252656250002 0.259317103125 0.19468926250000002 0.25316448281250004 0.20846296562500002 0.2283160640625
2 0.2732259765625 0.3003073515625 0.2875994546875 0.2613543703125 0.2777552640625 0.22702359374999997 0.24063257968750001 0.202836896875 0.22193678125 0.2105199296875 0.2090937140625 0.24671197656250002 0.21893790625 0.28104275156249997 0.2517692421875 0.30645997187499996 0.2732259765625 0.3003073515625
2 0.214491690625 0.119770896875 0.2077702703125 0.1449192015625 0.23111925000000003 0.193954315625 0.2829462734375 0.20463622343750001 0.294858703125 0.157100546875 0.279492640625 0.11970894843749999 0.214491690625 0.119770896875
2 0.2515834015625 0.111457115625 0.28069219218749997 0.09149982031250001 0.285552340625 0.0436642546875 0.17826866875 0.074427353125 0.219082925 0.1114880890625 0.2515834015625 0.111457115625
2 0.4455415734375 0.3019827828125 0.4703280453125 0.2507555328125 0.4598531046875 0.1980288484375 0.4202693734375 0.1652594578125 0.3862384859375 0.1680513671875 0.36787354687499996 0.20118259218749998 0.375887440625 0.24532658437500002 0.40904963906249997 0.2961919984375 0.4455415734375 0.3019827828125
2 0.5358358515625 0.13908759375 0.5241613609375 0.11457003750000001 0.47815609531250003 0.099896671875 0.45733010937499996 0.12444520156250001 0.464113478125 0.1642978484375 0.49694481562500004 0.18971506875 0.522692896875 0.182331925 0.5358358515625 0.13908759375
2 0.43735196875 0 0.43574948124999996 0.00059591875 0.41861506562499995 0.038018490625 0.42845925781250005 0.072349265625 0.45576872343749997 0.0947056625 0.48151680468749997 0.08732251875 0.49835133125000003 0.0569522296875 0.4915679625 0.0170995828125 0.47325414375 0 0.43735196875 0
2 0.7083372890625 0.33576588125 0.6911099546874999 0.275687025 0.631000125 0.260413884375 0.6071133171875001 0.2904842859375 0.63415386875 0.352393440625 0.6614633343749999 0.3747498375 0.695794109375 0.3649056453125 0.7083372890625 0.33576588125
2 0.6222724109375 0.4324295921875 0.6439980609375 0.38672421562500003 0.63415386875 0.352393440625 0.5933396125 0.31533270468749997 0.5691219421875 0.3199549109375 0.544635359375 0.36412987812500003 0.5569405984375 0.407043346875 0.5910024593750001 0.4367519125 0.6222724109375 0.4324295921875
2 0.5802895796875001 0.45607846093750004 0.5407058484375 0.4233090703125 0.5091360078125 0.4346836734375 0.49200159374999997 0.47210624531249995 0.50799840625 0.5278937546875 0.5659780484375 0.560032396875 0.584642875 0.5198488875 0.5802895796875001 0.45607846093750004
2 0.6819373343749999 0.624309678125 0.703032234375 0.5602083890625 0.69072699375 0.5172949203125 0.6667782390625 0.48236437031249996 0.6078989328125 0.47138257499999997 0.5852426484375 0.505744325 0.5908264671875 0.5738060984375 0.632571359375 0.622210465625 0.6819373343749999 0.624309678125
2 0.0254133640625 0.545523746875 0.0052181265625 0.5884681890625 0.0162928421875 0.6270903109375 0.0393109609375 0.65067723125 0.07181143749999999 0.6506462578125001 0.09905895625 0.608001703125 0.0855231921875 0.5607968875 0.0637355984375 0.5415013140625 0.0254133640625 0.545523746875
2 0.7874005562499999 0.9354168390625001 0.858823040625 0.9172588671874999 0.837004471875 0.865462815625 0.803273471875 0.8612024437500001 0.7836780109375 0.890042321875 0.7874005562499999 0.9354168390625001
2 0.8056106249999999 0.7397832328125 0.7770706359374999 0.713135490625 0.7626661828125 0.719587996875 0.74736206875 0.7471973515625 0.7559757359375 0.7772367796874999 0.8004505890625 0.7946710796875001 0.8142242921875 0.7698226609375001 0.8056106249999999 0.7397832328125
2 1 0.6848361734374999 0.9619294109375 0.68567115625 0.93315148125 0.731076646875 0.9466872437499999 0.7782814609375001 0.9875014984374999 0.8153421984375001 1 0.8129567218749999 1 0.6848361734374999
2 1 0.434657978125 0.9837071578125001 0.3729096890625 0.95243720625 0.377232009375 0.9401939140625 0.39931949375000003 0.952499153125 0.4422329609375 1 0.46856310937499995 1 0.434657978125
2 0.908655046875 0.443194571875 0.92608935 0.3987197171875 0.9150146343750001 0.36009759531249996 0.8662174609375001 0.31139334375 0.827895225 0.315415775 0.8138216343750001 0.347316475 0.8402624125000001 0.42333019531250005 0.8718632265625 0.44445606875 0.908655046875 0.443194571875
2 0.8934030312499999 0.2037478359375 0.870746746875 0.238109584375 0.8763305656249999 0.306171359375 0.9251277390625001 0.3548756125 0.97050225625 0.3511530671875 0.933255678125 0.19696446875 0.8934030312499999 0.2037478359375
2 0.0625 0.12578125 0.125 0.0703125
2 0.28515625 0.94453125 0.1828125 0.1109375
2 0.1765625 0.49375 0.2 0.190625