2 0.140625 0.371875 0.1546875 0.178125
2 0.0421875 0.3953125 0.0796875 0.16015625
2 0.05234375 0.2609375 0.084375 0.1234375
2 0.159375 0.22890625 0.12734375 0.13984375
2 0.3 0.17421875 0.11953125 0.15390625
2 0.26328125 0.4203125 0.09140625 0.13671875
2 0.32421875 0.353125 0.13203125 0.1375
2 0.4890625 0.17890625 0.11328125 0.134375
2 0.503125 0.29609375 0.125 0.12109375
2 0.7 0.32734375 0.13671875 0.121875
2 0.6828125 0.4390625 0.13515625 0.13828125
2 0.72421875 0.55078125 0.128125 0.1515625
2 0.71015625 0.6765625 0.1203125 0.13984375
2 0.92109375 0.30234375 0.10390625 0.1375
2 0.7828125 0.41328125 0.0953125 0.13125
2 0.396875 0.1765625 0.1109375 0.14609375
2 0.37578125 0.61875 0.1171875 0.2296875
2 0.55859375 0.871875 0.1703125 0.2078125
2 0.7609375 0.2125 0.15390625 0.1359375
2 0.17734375 0.05078125 0.171875 0.1015625
2 0.06015625 0.8984375 0.1203125 0.203125