2 0 0.297003678125 0.0008655296874999999 0.29685580625 0.0224037625 0.258136371875 0.0212470484375 0.21580023750000002 0 0.1751491234375 0 0.2139792484375 0.004659609375 0.22896376406250002 0 0.23077794375 0 0.297003678125
2 0.1416004078125 0.27888805625 0.15360722031250001 0.2531393625 0.1398653390625 0.2153838546875 0.0996190296875 0.1896505671875 0.07578278125 0.1959508546875 0.059773696875000004 0.230282446875 0.069320521875 0.2695648296875 0.10384489999999999 0.2926299375 0.1416004078125 0.27888805625
2 0.1791785359375 0.31034327500000003 0.1488492140625 0.2857512921875 0.1250129671875 0.29205158125 0.10061376875000001 0.3294369234375 0.1158825265625 0.3713874875 0.1431580953125 0.38758935625 0.1778598515625 0.36545736406249996 0.1791785359375 0.31034327500000003
2 0.10408390468749999 0.45644532499999996 0.0830932171875 0.41182658125 0.0346495796875 0.39620306875 0.0087235078125 0.42939335468750006 0.01674345625 0.46448068124999997 0.052794709375000005 0.49174084375 0.0920770921875 0.48219401875 0.10408390468749999 0.45644532499999996
2 0.13233880781250001 0.5601804296874999 0.1205247796875 0.5929851453125 0.1457105234375 0.6360770140625001 0.23171688281249997 0.6309026249999999 0.21511403593749998 0.5918130265625 0.1504531234375 0.551211959375 0.13233880781250001 0.5601804296874999
2 0.22964246406250002 0.7100457453125 0.2350096390625 0.8031081265625 0.29394861875 0.8410410125000001 0.32426253437499997 0.813379871875 0.31394456875 0.7458734 0.26492257656249996 0.70908181875 0.22964246406250002 0.7100457453125
2 0.1761864109375 0.5109656515625 0.1681818671875 0.528131446875 0.18764568125 0.5685551359375001 0.2358965328125 0.5771226265625 0.22996640781250002 0.5151453015625 0.1984957828125 0.50047030625 0.1761864109375 0.5109656515625
2 0.389100825 0.8087838375 0.3936968578125 0.8736221296875 0.42822123593750006 0.8966872359375 0.4491965171875 0.8890528578125 0.4444076984375 0.8171585453124999 0.411410196875 0.79828849375 0.389100825 0.8087838375
2 0.6234918453125 0.858870103125 0.6492251312499999 0.8186237937499999 0.6293757484375 0.7640880609375 0.5731049500000001 0.72043324375 0.5309616 0.7286459765625 0.5096161546875 0.7744214328125001 0.5325192890625 0.837347278125 0.5742924734375 0.867275621875 0.6234918453125 0.858870103125
2 0.62230431875 0.7120277234375 0.6400330656250001 0.6889472109375 0.6217105578125001 0.638606534375 0.579937371875 0.608678190625 0.5461841374999999 0.613837175 0.5202580640625001 0.6470274609375 0.53247306875 0.6805879125 0.5872169921875 0.720047671875 0.62230431875 0.7120277234375
2 0.5541578640625 0.49216513281249996 0.5326042265625001 0.47863144375 0.5060998 0.4906536640625 0.4969539515625 0.5177364484375 0.5122227078125 0.5596870125 0.544834640625 0.5644450187500001 0.5667584406249999 0.5398376296875 0.5541578640625 0.49216513281249996
2 0.4307815703125 0.5251934484375 0.456900428125 0.49905918437499996 0.444299853125 0.45138668906249996 0.39013428437500003 0.43309499375 0.37184259062499997 0.48726056250000005 0.4307815703125 0.5251934484375
2 0.2980358296875 0.47374227968750005 0.3300694046875 0.45733221874999996 0.347027009375 0.40602761562499995 0.32450944531250003 0.357213815625 0.2642363734375 0.32214189531250004 0.23925882187499997 0.338359171875 0.2306913296875 0.3866100234375 0.258175090625 0.46212103750000005 0.2980358296875 0.47374227968750005
2 0.3019456609375 0.1516406484375 0.28858934999999997 0.1279971859375 0.25731150937499997 0.12037821562499999 0.23710736875 0.1562366828125 0.24932237499999998 0.1897971328125 0.27659794375 0.2059990015625 0.29337816875 0.1998915 0.3019456609375 0.1516406484375
2 0.42077214218750003 0.21053340937499998 0.43430583125 0.18897977187499998 0.423987865625 0.1214733 0.3879366109375 0.0942131359375 0.3431250828125 0.10814780312500001 0.3271159984375 0.14247939375000002 0.34543850625 0.19282007031249998 0.3872116921875 0.2227484140625 0.42077214218750003 0.21053340937499998
2 0.4756934453125 0.20479607031249997 0.5092538953125 0.192581065625 0.49454808906250003 0.11954544687499999 0.444963146875 0.113838921875 0.44422281874999997 0.1901210765625 0.4756934453125 0.20479607031249997
2 0.5647227421875 0.1035055484375 0.520844325 0.048214082812499996 0.5040641 0.054321584374999995 0.48958189062499996 0.0928482328125 0.507518828125 0.12907686406250002 0.5279311609375 0.152527540625 0.5572965546875001 0.14183941093750002 0.5647227421875 0.1035055484375
2 0.43656746562500004 0 0.472207903125 0.025534546875 0.4872131046875 0 0.43656746562500004 0
2 0.48353601562500004 0.285080496875 0.45473357031250006 0.26468357187499997 0.420980334375 0.269842553125 0.40077619374999995 0.3057010203125 0.41681609062499997 0.3758756734375 0.4803202921875 0.37414060625 0.498804771875 0.3270310609375 0.48353601562500004 0.285080496875
2 0.6927179781249999 0.8598032171875 0.6639155328124999 0.8394062906249999 0.6374111046875 0.851428509375 0.6210164484375 0.8716480578124999 0.6347583296875 0.9094035640625 0.684921628125 0.93627815625 0.7064598578125 0.8975587218750001 0.6927179781249999 0.8598032171875
2 0.5970028234375 0.9231454453125 0.5932087453125 0.9910374875000001 0.66052243125 0.9736635 0.6408658328125 0.9261837890625 0.5970028234375 0.9231454453125
2 0.7983501203125 0.7976022921875 0.7684063703125 0.787122353125 0.7419019421875 0.7991445749999999 0.72283910625 0.8250860531249999 0.7381078640625 0.8670366171874999 0.7951343984375 0.8866624015625 0.8120920015624999 0.8353577984375 0.7983501203125 0.7976022921875
2 0.7830659578125 0.7033986046875 0.79224261875 0.7808220671874999 0.8153231312500001 0.7985508125 0.84202034375 0.7935846140625 0.8429534578125001 0.72435848125 0.8110972609375 0.69557144375 0.7830659578125 0.7033986046875
2 0.8694424796875 0.6600831390625 0.8841174734375 0.6286125124999999 0.8745706500000001 0.58933013125 0.8327974640625 0.5594017874999999 0.8188782046874999 0.5668433796875 0.797532759375 0.6126188359375 0.8040258328125001 0.64351110625 0.8442721421874999 0.6692443921875 0.8694424796875 0.6600831390625
2 0.91201761875 0.8227418156249999 0.8679618250000001 0.81264745 0.8414573953125 0.82466966875 0.8334528546875 0.8418354656249999 0.8544435437500001 0.886454209375 0.9206159234375001 0.878997209375 0.92842768125 0.854775390625 0.91201761875 0.8227418156249999
2 0.9428790765624999 0.7117424984375 0.91140845 0.69706750625 0.889099078125 0.7075628484375 0.8688949375 0.743421315625 0.8773004578125001 0.7926206875 0.9499659109374999 0.816055959375 0.964255334375 0.7704732875 0.9428790765624999 0.7117424984375
2 0.791541009375 0.341629021875 0.8050746984374999 0.320075384375 0.79705475 0.28498805625 0.7682523046874999 0.26459113125 0.741747875 0.2766133515625 0.726880096875 0.3010279546875 0.7375682265625 0.3303933484375 0.7606487390625001 0.34812209375 0.791541009375 0.341629021875
2 0.7825417265625 0.21900846093749998 0.790947246875 0.26820783125 0.81116679375 0.2846024875 0.84950065625 0.292028671875 0.8632271312500001 0.2775310578125 0.8416580874999999 0.21174424531249997 0.7825417265625 0.21900846093749998
2 0.6620422718750001 0 0.6463258515625 0.040548890625 0.6600677328125 0.078304396875 0.6976458609375 0.1097596171875 0.7243430734375 0.10479341874999999 0.7527445421875 0.058825178125 0.7462514687499999 0.0279329078125 0.719512 0 0.6620422718750001 0
2 0.2033796078125 1 0.184715184375 0.9781900015625 0.1393252984375 0.9709566000000001 0.1528765515625 1 0.2033796078125 1
2 0.7671875 0.42421875 0.1890625 0.2484375
2 0.16875 0.8625 0.1953125 0.2453125