2 1 0.7745535718750001 0.9620535718750001 0.7544642859375 0.9285714281249999 0.796875 0.9285714281249999 0.8504464281249999 0.953125 0.8883928578125 0.9866071421875 0.890625 1 0.8772321421875 1 0.7745535718750001
2 0.8995535718750001 0.625 0.8705357140625001 0.6629464281249999 0.8660714281249999 0.7254464281249999 0.8861607140625001 0.7633928578125 0.9241071421875 0.7700892859375 0.96875 0.7388392859375 0.9732142859374999 0.7120535718750001 0.9508928578125 0.6540178578125 0.8995535718750001 0.625
2 0.9441964281249999 0.49553571406249997 0.9196428578125 0.5111607140625 0.9017857140625001 0.5736607140625 0.9308035718750001 0.625 0.9642857140625001 0.6316964281249999 0.9910714281249999 0.6049107140625 0.9955357140625001 0.5424107140625 0.9665178578125 0.5 0.9441964281249999 0.49553571406249997
2 0.8058035718750001 0.5401785718750001 0.7723214281249999 0.5736607140625 0.7678571421875 0.6183035718750001 0.7991071421875 0.671875 0.8392857140625001 0.6897321421875 0.8705357140625001 0.6361607140625 0.8705357140625001 0.5870535718750001 0.8504464281249999 0.5535714281249999 0.8058035718750001 0.5401785718750001
2 0.6540178578125 0.59375 0.6205357140625 0.6272321421875 0.6205357140625 0.6763392859375 0.6495535718750001 0.71875 0.6785714281249999 0.7209821421875 0.7098214281249999 0.6852678578125 0.7142857140625 0.6316964281249999 0.6986607140625 0.5982142859375 0.6540178578125 0.59375
2 0.5178571421875 0.7075892859375 0.5424107140625 0.7410714281249999 0.5669642859375 0.7388392859375 0.59375 0.6808035718750001 0.5513392859375 0.6517857140625 0.5223214281249999 0.671875 0.5178571421875 0.7075892859375
2 0.5625 0.7522321421875 0.5580357140625 0.8013392859374999 0.5870535718750001 0.8348214281249999 0.6116071421875 0.8325892859374999 0.6339285718750001 0.8058035718750001 0.6339285718750001 0.7700892859375 0.6004464281249999 0.7232142859375 0.5625 0.7522321421875
2 0.5223214281249999 0.8325892859374999 0.493303571875 0.8258928578125 0.45535714218749995 0.9174107140625001 0.48883928593750003 0.9553571421875 0.5133928578125 0.953125 0.491071428125 0.9441964281249999 0.515625 0.9508928578125 0.5491071421875 0.9084821421875 0.5223214281249999 0.8325892859374999
2 0.1272321421875 0.7946428578125 0.10714285781249999 0.8191964281249999 0.11160714218750001 0.8772321421875 0.140625 0.90625 0.1696428578125 0.9040178578125 0.2008928578125 0.8683035718750001 0.19196428593749998 0.8236607140625001 0.149553571875 0.7901785718750001 0.1272321421875 0.7946428578125
2 0.03125 0.9263392859374999 0.03125 0.9799107140625001 0.046875 1 0.0982142859375 0.9977678578125 0.11160714218750001 0.9308035718750001 0.0915178578125 0.9017857140625001 0.060267857812500006 0.8973214281249999 0.03125 0.9263392859374999
2 0.5870535718750001 0.4375 0.5357142859375 0.48883928593750003 0.5357142859375 0.5290178578125 0.5535714281249999 0.5736607140625 0.5915178578125 0.6071428578125 0.6116071421875 0.6049107140625 0.6651785718750001 0.5691964281249999 0.6785714281249999 0.5022321421875 0.640625 0.446428571875 0.5870535718750001 0.4375
2 0.6651785718750001 0.41741071406249997 0.6696428578125 0.45758928593750003 0.7142857140625 0.48883928593750003 0.7410714281249999 0.41741071406249997 0.7165178578125 0.3928571421875 0.6897321421875 0.3928571421875 0.6651785718750001 0.41741071406249997
2 0.6004464281249999 0.25892857187499996 0.5625 0.30580357187499996 0.5580357140625 0.35044642812500004 0.5959821421875 0.40178571406249997 0.6294642859375 0.40401785781250005 0.6517857140625 0.390625 0.6651785718750001 0.33258928593750003 0.6428571421875 0.2790178578125 0.6004464281249999 0.25892857187499996
2 0.453125 0.2053571421875 0.41964285781250005 0.2522321421875 0.428571428125 0.30580357187499996 0.48660714218749995 0.35044642812500004 0.5580357140625 0.27455357187499996 0.5535714281249999 0.24330357187499999 0.5111607140625 0.2008928578125 0.453125 0.2053571421875
2 0.33928571406249997 0.3459821421875 0.33928571406249997 0.40401785781250005 0.3772321421875 0.45089285781250005 0.41071428593750003 0.44866071406249997 0.45089285781250005 0.38616071406249997 0.446428571875 0.3415178578125 0.38616071406249997 0.2946428578125 0.33928571406249997 0.3459821421875
2 0.25669642812500004 0.46428571406249997 0.21875 0.48883928593750003 0.2053571421875 0.5245535718750001 0.2232142859375 0.578125 0.2633928578125 0.5915178578125 0.2946428578125 0.5691964281249999 0.30357142812500004 0.5066964281249999 0.2790178578125 0.46875 0.25669642812500004 0.46428571406249997
2 0.2232142859375 0.390625 0.2232142859375 0.42633928593750003 0.24330357187499999 0.45089285781250005 0.2678571421875 0.44866071406249997 0.28571428593750003 0.430803571875 0.28571428593750003 0.390625 0.2477678578125 0.3616071421875 0.2232142859375 0.390625
2 0.118303571875 0.47321428593750003 0.084821428125 0.5066964281249999 0.0803571421875 0.5647321421875 0.100446428125 0.5982142859375 0.125 0.6049107140625 0.15625 0.5870535718750001 0.1696428578125 0.5200892859375 0.14508928593749998 0.48214285781250005 0.118303571875 0.47321428593750003
2 0 0.44866071406249997 0.022321428125 0.44866071406249997 0.053571428125 0.42633928593750003 0.0625 0.3727678578125 0.015625 0.33482142812500004 0 0.3415178578125 0 0.44866071406249997
2 0 0.5602678578125 0.0178571421875 0.5602678578125 0.0357142859375 0.5379464281249999 0.0357142859375 0.484375 0.0022321421875000002 0.45089285781250005 0 0.5602678578125
2 0.069196428125 0.178571428125 0.022321428125 0.234375 0.0178571421875 0.28794642812500004 0.0513392859375 0.34375 0.09375 0.35044642812500004 0.1383928578125 0.30133928593750003 0.1383928578125 0.24330357187499999 0.10491071406250001 0.1875 0.069196428125 0.178571428125
2 0 0.2165178578125 0.022321428125 0.2299107140625 0.0669642859375 0.162946428125 0.0334821421875 0.125 0 0.13616071406250002 0 0.2165178578125
2 0.055803571875 0.0178571421875 0.0357142859375 0.046875 0.0357142859375 0.0915178578125 0.060267857812500006 0.12053571406250001 0.0892857140625 0.12276785781249999 0.116071428125 0.087053571875 0.11160714218750001 0.0513392859375 0.0825892859375 0.0178571421875 0.055803571875 0.0178571421875
2 0.203125 0.0357142859375 0.1741071421875 0.10491071406250001 0.19866071406250002 0.15178571406250002 0.2366071421875 0.1540178578125 0.2678571421875 0.131696428125 0.27232142812500004 0.0825892859375 0.2477678578125 0.0357142859375 0.203125 0.0357142859375
2 0.2946428578125 0.22544642812500001 0.28571428593750003 0.27008928593750003 0.3147321421875 0.31696428593750003 0.33928571406249997 0.31919642812500004 0.375 0.2834821421875 0.37946428593750003 0.2522321421875 0.33705357187499996 0.196428571875 0.2946428578125 0.22544642812500001
2 0.5334821421875 0.03125 0.5089285718750001 0.060267857812500006 0.5044642859375 0.118303571875 0.5245535718750001 0.1428571421875 0.5669642859375 0.1540178578125 0.5892857140625 0.12276785781249999 0.5892857140625 0.0825892859375 0.5558035718750001 0.0357142859375 0.5334821421875 0.03125
2 0.875 0.9977678578125 0.9553571421875 0.9977678578125 0.9508928578125 0.9174107140625001 0.9174107140625001 0.8973214281249999 0.875 0.9441964281249999 0.875 0.9977678578125
2 0.430803571875 0.53125 0.40178571406249997 0.5736607140625 0.40178571406249997 0.6450892859375 0.444196428125 0.6964285718750001 0.47321428593750003 0.6941964281249999 0.5044642859375 0.6540178578125 0.5044642859375 0.6183035718750001 0.47321428593750003 0.546875 0.430803571875 0.53125
2 0 0.0647321421875 0.0133928578125 0.0647321421875 0.0334821421875 0 0 0.0022321421875000002 0 0.0647321421875
2 0.80078125 0.08671875 0.1359375 0.1640625
2 0.75 0.7125 0.1078125 0.16953125