0 0.30625 0.66171875 0.2046875 0.2296875
0 0.18671875 0.709375 0.0796875 0.0828125
0 0.15234375 0.765625 0.084375 0.090625
0 0.096875 0.7296875 0.090625 0.096875
0 0.09609375 0.64609375 0.08125 0.0875
0 0.07578125 0.5390625 0.08125 0.0921875
0 0.2890625 0.84609375 0.171875 0.19375
0 0.0625 0.42578125 0.125 0.2328125
0 0.240625 0.2875 0.0671875 0.0796875
0 0.32578125 0.28203125 0.0875 0.096875
0 0.22265625 0.23203125 0.0703125 0.08125
0 0.19609375 0.196875 0.075 0.0875
0 0.178125 0.13671875 0.109375 0.1234375
0 0.42890625 0.1375 0.078125 0.078125
0 0.49375 0.5546875 0.1484375 0.159375
0 0.446875 0.74921875 0.109375 0.1171875
0 0.55078125 0.8078125 0.11875 0.1328125
0 0.6046875 0.5765625 0.1171875 0.1390625
0 0.753125 0.69296875 0.128125 0.140625
0 0.875 0.7015625 0.19375 0.1875
0 0.93359375 0.5953125 0.1328125 0.165625
0 0.96328125 0.428125 0.0734375 0.175
0 0.81796875 0.9140625 0.0859375 0.1015625
0 0.765625 0.9515625 0.11875 0.096875