2 0 0.5397788218749999 0.0353848703125 0.551270615625 0.07093742656249999 0.52719725625 0.09633766875000001 0.46991717499999996 0.088531190625 0.422789409375 0.0295782328125 0.424308321875 0 0.449986309375 0 0.5397788218749999
2 0.1242377109375 0.3128439375 0.10989368906250001 0.28752067812500004 0.08808917968749999 0.2809831328125 0.042557309375000005 0.3048065125 0.0171570671875 0.3620865921875 0.028232318750000002 0.3983121046875 0.060939078125000004 0.4081184234375 0.11066266093749999 0.3764115828125 0.1242377109375 0.3128439375
2 0.224972840625 0.437191384375 0.211128775 0.39190949218750004 0.1654239078125 0.38277613125 0.13196720625 0.4029077609375 0.1089128 0.44626679375 0.11135465 0.50823854375 0.15521364375 0.5113343203125 0.20795601874999997 0.47870454218749997 0.224972840625 0.437191384375
2 0.333841409375 0.5557512234375 0.31999734375 0.5104693328125001 0.2784841859375 0.49345251093750003 0.24896921718749998 0.5156799953125 0.22776068437500002 0.565076615625 0.23858595624999998 0.61128144375 0.2652551296875 0.6229336375 0.3107870015625 0.5991102578125 0.333841409375 0.5557512234375
2 0.39960092343750003 0.6412773421875 0.383411025 0.6099164953125 0.332341528125 0.6156271203125 0.3287457921875 0.6794447453125 0.34937738125 0.6929428125 0.3867758125 0.6749070406250001 0.39960092343750003 0.6412773421875
2 0.3263999578125 0.6933657906249999 0.3065183078125 0.649929775 0.25494885 0.6755990296875 0.238182009375 0.7071328718750001 0.24531553125 0.7412625296875001 0.26594711875 0.754760596875 0.30728728125 0.7388206796875 0.3263999578125 0.6933657906249999
2 0.35291516562499997 0.790890096875 0.3241501375 0.7831796343749999 0.26487021718750003 0.8376139171875 0.27452256875000003 0.8907792703125 0.2993458703125 0.896393878125 0.27544550624999997 0.8937980624999999 0.296077096875 0.9072961296875001 0.34345484375 0.8895103375 0.35291516562499997 0.790890096875
2 0.6756133328125 1 0.6970186218750001 0.966268975 0.6908080390625 0.9351581109374999 0.6731952421875 0.920737103125 0.6200298906249999 0.93038945625 0.5911878781250001 0.96561505 0.599243884375 1 0.6756133328125 1
2 0.4548430984375 0.50885440625 0.4737057953125 0.4733788328125 0.45247823125000003 0.4039465984375 0.40098575625 0.3866797984375 0.341282859375 0.4181366578125 0.321670221875 0.48355017812499995 0.3522041453125 0.5402342828125 0.368894003125 0.5516364968749999 0.4181176265625 0.5398882875 0.4548430984375 0.50885440625
2 0.3827769859375 0.31632462656250004 0.359126603125 0.30374949375 0.325919884375 0.313901809375 0.3160365828125 0.389544625 0.370124871875 0.38291106406250003 0.3929292984375 0.349531346875 0.3827769859375 0.31632462656250004
2 0.5359854765625001 0.2991927578125 0.5244872484374999 0.239989821875 0.47760946249999997 0.23781698437499998 0.43275054687500003 0.2746384703125 0.417329621875 0.33216853125 0.43075070625 0.3544729984375 0.4613616125 0.368221046875 0.5189686546875001 0.34070591562499997 0.5359854765625001 0.2991927578125
2 0.6797146109375001 0.261852278125 0.630567971875 0.23066443125 0.573210909375 0.24820024531249998 0.5545981921875 0.2736965015625 0.582036340625 0.3742396 0.6542373859375 0.3620684140625 0.687271109375 0.31895935937500003 0.6797146109375001 0.261852278125
2 0.714209296875 0.43946109062499994 0.6969234625 0.3721247125 0.621703621875 0.3852188359375 0.596803340625 0.42254028281249995 0.602936940625 0.4965872046875 0.631451990625 0.514276984375 0.686963178125 0.4907035859375 0.714209296875 0.43946109062499994
2 0.7535686484374999 0.6221845515625 0.7315911453124999 0.5826902656249999 0.7097866374999999 0.57615271875 0.6702923515625 0.5981302234375 0.6488338390624999 0.6575061578125 0.665946675 0.6918857968750001 0.7077098140625 0.6989233031250001 0.7486269984375 0.6600059593750001 0.7535686484374999 0.6221845515625
2 0.7957357328125 0.5333706281249999 0.7876792734375 0.4962221765625 0.7405515078125 0.50402865625 0.7216888109374999 0.5395042296875 0.7290723125 0.563654571875 0.7497039 0.5771526406249999 0.7789688906250001 0.564904471875 0.7957357328125 0.5333706281249999
2 0.8634371375000001 0.700827128125 0.8495930734374999 0.6555452374999999 0.8217509812499999 0.6508535671875 0.7822566953125001 0.6728310703125 0.762644059375 0.7382445921875 0.78185275 0.7686824984375 0.8066760499999999 0.7742971078124999 0.8401327515625001 0.754165478125 0.8634371375000001 0.700827128125
2 1 0.58257093125 0.94602144375 0.5930544953125 0.9287546437499999 0.6445469687500001 0.9458674796875 0.67892660625 0.96557613125 0.6894058828125 1 0.624664 1 0.58257093125
2 0.917275446875 0.7041728843749999 0.892125184375 0.751473646875 0.8974128296874999 0.7795657203124999 0.9131797515625 0.787949140625 0.9625573390625 0.690328821875 0.917275446875 0.7041728843749999
2 1 0.4106678375 0.995552996875 0.40956206249999993 0.9397918296875 0.4431147765625 0.9125457109375 0.4943572703125 0.9289086093750001 0.55867485625 0.9694988296875 0.5726728859375 1 0.5543196640625 1 0.4106678375
2 0.9800940062500001 0.22943441718750002 0.9406767031250001 0.20847586406250002 0.8969907078125001 0.2383368296875 0.8778780312500001 0.28379171875 0.8949908671875001 0.31817135625000004 0.9295435015625 0.334015259375 0.9732294984375001 0.3041542953125 0.9800940062500001 0.22943441718750002
2 0.8102146890625 0.3539929234375 0.786391309375 0.308461053125 0.7227466812500001 0.33782205625 0.7120174265625 0.3675100234375 0.726784428125 0.4158107078125 0.749511871875 0.42536704687500004 0.7971395968749999 0.3976019375 0.8102146890625 0.3539929234375
2 0.698558275 0.107547853125 0.6905018187499999 0.07039940156249999 0.6686973109375 0.06386185625 0.6171278546875001 0.0895311109375 0.59826515625 0.125006684375 0.6033028218750001 0.163078071875 0.6459888984375 0.1731343703125 0.6752538875 0.1608862015625 0.698558275 0.107547853125
2 0.55213645625 0.6111473640625 0.5464258328125 0.5600778671875 0.5016439015625 0.5539633 0.44051810625 0.6023599984375 0.423751265625 0.6338938421875 0.43248068125000005 0.6840404 0.45705400156250003 0.699634325 0.5186027734375 0.67421505 0.55213645625 0.6111473640625
2 0.428125 0.04921875 0.196875 0.0984375
2 0.1796875 0.5703125 0.175 0.2