2 0.88828125 0.6890625 0.1453125 0.15625
2 0.92734375 0.58515625 0.128125 0.1546875
2 0.8140625 0.57578125 0.1625 0.1828125
2 0.75078125 0.35703125 0.1515625 0.171875
2 0.659375 0.4421875 0.140625 0.1703125
2 0.6 0.5265625 0.1421875 0.165625
2 0.6921875 0.78125 0.1171875 0.140625
2 0.58984375 0.7765625 0.1390625 0.146875
2 0.48359375 0.9234375 0.1484375 0.153125
2 0.32421875 0.7546875 0.1390625 0.1625
2 0.15 0.90703125 0.1375 0.1859375
2 0.3234375 0.275 0.146875 0.16875
2 0.3953125 0.16484375 0.1921875 0.228125
2 0.15625 0.1140625 0.134375 0.09375