2 0.8705357140625001 0.6941964281249999 0.8705357140625001 0.7433035718750001 0.8995535718750001 0.7678571421875 0.9285714281249999 0.765625 0.9598214281249999 0.6897321421875 0.9308035718750001 0.6607142859375 0.8950892859374999 0.6607142859375 0.8705357140625001 0.6941964281249999
2 0.8102678578125 0.5446428578125 0.7723214281249999 0.578125 0.7678571421875 0.640625 0.8102678578125 0.7008928578125 0.84375 0.703125 0.8794642859374999 0.671875 0.8883928578125 0.6183035718750001 0.8549107140625001 0.5535714281249999 0.8102678578125 0.5446428578125
2 0.6830357140625 0.5513392859375 0.7165178578125 0.59375 0.75 0.5915178578125 0.7901785718750001 0.5245535718750001 0.7633928578125 0.444196428125 0.7254464281249999 0.428571428125 0.6830357140625 0.5513392859375
2 0.625 0.42633928593750003 0.6205357140625 0.475446428125 0.6450892859375 0.5089285718750001 0.6785714281249999 0.5111607140625 0.7008928578125 0.475446428125 0.7008928578125 0.430803571875 0.6674107140625 0.39732142812500004 0.625 0.42633928593750003
2 0.9352678578125 0.15625 0.9107142859374999 0.1897321421875 0.9107142859374999 0.22544642812500001 0.9553571421875 0.26116071406249997 0.9821428578125 0.2299107140625 0.9866071421875 0.1897321421875 0.9620535718750001 0.15625 0.9352678578125 0.15625
2 0.40848214218749995 0.6428571421875 0.37053571406249997 0.6986607140625 0.37946428593750003 0.7477678578125 0.40401785781250005 0.7723214281249999 0.446428571875 0.7790178578125 0.5 0.7254464281249999 0.5 0.671875 0.475446428125 0.6383928578125 0.40848214218749995 0.6428571421875
2 0.36830357187499996 0.5267857140625 0.33258928593750003 0.53125 0.30357142812500004 0.5915178578125 0.30357142812500004 0.640625 0.34821428593750003 0.6674107140625 0.39508928593750003 0.6517857140625 0.415178571875 0.6183035718750001 0.40625 0.5602678578125 0.36830357187499996 0.5267857140625
2 0.19866071406250002 0.6160714281249999 0.19196428593749998 0.6763392859375 0.22544642812500001 0.7098214281249999 0.2633928578125 0.7165178578125 0.2946428578125 0.6808035718750001 0.29017857187499996 0.6183035718750001 0.27008928593750003 0.5982142859375 0.19866071406250002 0.6160714281249999
2 0.069196428125 0.24107142812500001 0.0267857140625 0.27008928593750003 0.0178571421875 0.3147321421875 0.0424107140625 0.36607142812500004 0.0892857140625 0.3727678578125 0.12053571406250001 0.33258928593750003 0.125 0.29241071406249997 0.10491071406250001 0.25446428593750003 0.069196428125 0.24107142812500001
2 0.1540178578125 0.178571428125 0.125 0.203125 0.12053571406250001 0.25669642812500004 0.14508928593749998 0.2946428578125 0.165178571875 0.296875 0.196428571875 0.2834821421875 0.20982142812500001 0.24330357187499999 0.196428571875 0.194196428125 0.1540178578125 0.178571428125
2 0.3859375 0.02578125 0.11328125 0.0515625
2 1 0.0022321421875000002 0.9665178578125 0 0.9732142859374999 0.0513392859375 1 0.069196428125 1 0.0022321421875000002
2 0.45546875 0.4078125 0.19140625 0.20234375
2 0.09140625 0.58046875 0.14609375 0.209375