2 0.2231878 0.2926862296875 0.1939683546875 0.2683729015625 0.168364790625 0.2774206546875 0.13706379375 0.34413744999999996 0.19627789843750001 0.39716056875 0.2283487453125 0.37337299687500003 0.2353364125 0.33587564531249997 0.2231878 0.2926862296875
2 0.3105859421875 0.377004978125 0.27619481874999996 0.3490704015625 0.24179832812500002 0.3596685859375 0.2177398265625 0.41604202656249994 0.261693725 0.48535539375000003 0.308244196875 0.47941386875 0.33100709375 0.4414014953125 0.3105859421875 0.377004978125
2 0 0.3664293828125 0.032584084375 0.3557603109375 0.054571768750000006 0.3133514765625 0.0496656515625 0.259818703125 0.007001987499999999 0.21067702656249998 0 0.21428196718749998 0 0.3664293828125
2 0.26149793125 0.03434104375 0.17175804374999998 0.052431184374999995 0.1898535515625 0.1036383125 0.229156159375 0.1465729015625 0.2705349515625 0.137010128125 0.2780376421875 0.1152880046875 0.26149793125 0.03434104375
2 0.3752855859375 0.036942982812500004 0.3253740609375 0.0366774234375 0.34165894531249996 0.0904703890625 0.37346422968750004 0.116594340625 0.415103215625 0.0956528015625 0.4045050328125 0.0612563109375 0.3752855859375 0.036942982812500004
2 0.46682230625 0 0.39313163281249996 0.02246335625 0.4363103171875 0.0873802625 0.465274934375 0.08453959531250001 0.4932095109375 0.050148471875 0.482283984375 0 0.46682230625 0
2 0.6110905015625 0.3716160375 0.5766940109375 0.382214221875 0.5642744703125 0.427469090625 0.5676301578125 0.47220893750000004 0.6017610890625 0.5115222796875 0.634346953125 0.503509934375 0.649092140625 0.47144445625 0.6110905015625 0.3716160375
2 0.710653359375 0.383525925 0.6734162015625 0.365159490625 0.6478126375000001 0.37420724375000003 0.6366887 0.4011010453125 0.6459912796875 0.45385860312500004 0.6777965640625 0.47998255468749995 0.7140036796875 0.46679853125 0.727198434375 0.425940128125 0.710653359375 0.383525925
2 0.709856678125 0.5332605 0.669518659375 0.49730821406250003 0.6131344875 0.55031523125 0.6438989953124999 0.621954246875 0.6777750984375001 0.63411359375 0.71113618125 0.6304977125 0.7207096890625 0.594810984375 0.709856678125 0.5332605
2 0.6133893140625 0.5774692265625 0.5753769421875 0.5547063296875 0.537099009375 0.5818549578125001 0.5301113421875 0.6193523078125 0.5769112734374999 0.679097534375 0.61751485 0.665138296875 0.6330352515625 0.6374692796875 0.6133893140625 0.5774692265625
2 0.5057819125 0.76417003125 0.46337307812499995 0.74218235 0.4359588890625 0.7538159421875 0.42250394062499996 0.8060531125000001 0.4279304453125 0.8368283546875 0.47085430156249997 0.8745912656250001 0.5034401671875 0.8665789203125 0.5210313875 0.8249453015625001 0.5057819125 0.76417003125
2 0.3857979046875 0.687863628125 0.3485553796875 0.708029953125 0.3325145921875 0.7584564984375 0.3506100984375 0.8096636281249999 0.38603663125 0.8306159015624999 0.41810747656249997 0.8068283265625 0.431562428125 0.7545911578125 0.3857979046875 0.687863628125
2 0.47605818125 0.64701595625 0.44761395000000004 0.627099090625 0.4072652 0.6682123234375 0.44165095625 0.734679659375 0.47863328593750004 0.7258921 0.48975722343749994 0.6989982984374999 0.47605818125 0.64701595625
2 0.1061633765625 1 0.15921507031249998 0.983939525 0.149392103125 0.9539394968750001 0.10620805156249999 0.927555353125 0.0738770125 0.962721690625 0.0823891453125 1 0.1061633765625 1
2 0.873518290625 0.8058573171875001 0.8331749078125 0.8084377890625 0.810412009375 0.8464501625 0.8173889453125 0.8860183312500001 0.8727269765625 0.9170591328125001 0.9133305546875 0.9030998953125 0.9236792765624999 0.87180963125 0.873518290625 0.8058573171875001
2 0.8900955671874999 0.6170749609375 0.8469007843749999 0.667756334375 0.8642210765625 0.714567 0.8996476093749999 0.7355192734375 0.9324936703125 0.7161281625 0.9319840140625001 0.661820175 0.8900955671874999 0.6170749609375
2 0.7798808625 0.9560961812500001 0.8846207625 0.93309455625 0.8106614703125 0.9121369156249999 0.7798808625 0.9560961812500001
2 0.9423703031249999 0.36080059375 0.9612410265625 0.41640418593749995 0.9863242031249999 0.4301139625 0.974186321875 0.3098590265625 0.9540146296875 0.31114926249999997 0.9423703031249999 0.36080059375
2 0.5078125 0.4296875 0.16875 0.2578125
2 0.29765625 0.9015625 0.1953125 0.196875
2 0.0453125 0.5484375 0.090625 0.165625
2 0.13984375 0.10859375 0.14375 0.1203125