2 0.10297678437499999 0.550138503125 0.1302111859375 0.5236205593750001 0.144287875 0.4689339765625 0.11144804374999999 0.4152905234375 0.06422011093749999 0.41188024062500006 0.04319870625 0.43125095 0.0348210796875 0.5034397625 0.0714914953125 0.5478649812499999 0.10297678437499999 0.550138503125
2 0.0060448734375 0.60390610625 0.031005753125 0.608873453125 0.0537867421875 0.582666921875 0.05098402656249999 0.5425862234375 0.0292309078125 0.5194938203125 0.0004394421875 0.5237447093750001 0.0060448734375 0.60390610625
2 0.15946873125 0.846025734375 0.1997519515625 0.8141201406249999 0.20781816718749999 0.737477915625 0.1752897484375 0.6882878734375 0.1328266375 0.6890195890624999 0.100313478125 0.7360450015625 0.099908434375 0.7942507562500001 0.1205247953125 0.8330858046875 0.15946873125 0.846025734375
2 0.274697703125 0.573932103125 0.29779010625 0.5521789828125 0.2928075015625 0.48092440937500003 0.280584028125 0.46611600312499996 0.247339153125 0.470678303125 0.22694057500000003 0.4989558328125 0.23067752968750002 0.5523967640625 0.25243065 0.5754891671875 0.274697703125 0.573932103125
2 0.3643887484375 0.57661066875 0.39990714375 0.5405630765625 0.40062360156250004 0.48681073281250004 0.369029421875 0.4509809234375 0.325943484375 0.44280581874999997 0.301402909375 0.47584817187499995 0.3063855140625 0.5471027453125 0.3236852234375 0.5705065609375 0.3643887484375 0.57661066875
2 0.33779243281250004 0.7082508890625 0.36885741875 0.672514709375 0.36863963593750004 0.6054021328125 0.3513399265625 0.58199831875 0.29903575781249997 0.5699926265624999 0.26206918749999997 0.6173294515625 0.26487190312500003 0.65741015 0.29708890781249997 0.70214678125 0.33779243281250004 0.7082508890625
2 0.42374652187499995 0.6574885218750001 0.4465275125 0.631281990625 0.443413384375 0.5867478828125 0.416895440625 0.55951348125 0.39701079687499996 0.5631415453125 0.37598939374999996 0.5825122515625 0.3740272859375 0.618450953125 0.3922612328125 0.655215 0.42374652187499995 0.6574885218750001
2 0.42370074375 0.368842159375 0.39624856249999996 0.3282475265625 0.349332040625 0.32929065468749996 0.32282935625000003 0.3982717078125 0.3550463625 0.4430083390625 0.38684306562500004 0.449735271875 0.42267287500000006 0.4181410921875 0.42370074375 0.368842159375
2 0.1538958953125 0.318343353125 0.1801960578125 0.278465175 0.175524865625 0.2116640109375 0.15314891875 0.17966478749999998 0.128810865625 0.1836042625 0.0947406421875 0.20836262187500001 0.09433559687500001 0.2665683765625 0.11940536875 0.3050920109375 0.1538958953125 0.318343353125
2 0.2775482734375 0.2627072734375 0.259828259375 0.20129375781249997 0.22326673281249998 0.19042482656249998 0.17926181875 0.26510494375000004 0.18651794531250002 0.304874228125 0.21717788593749998 0.32734380625 0.2524937609375 0.3203990921875 0.2775482734375 0.2627072734375
2 0.295237765625 0.131689878125 0.248741546875 0.1707427078125 0.286657615625 0.23298156875 0.325804075 0.2168186203125 0.343820240625 0.1864700921875 0.32734588124999997 0.14287022031250002 0.295237765625 0.131689878125
2 0.2291683171875 0.17882418125 0.2640638890625 0.13386976875 0.26322328281249996 0.057850368750000006 0.226864278125 0.0178785609375 0.1668989375 0.024309339062499997 0.1432925984375 0.0707119265625 0.147963790625 0.137513090625 0.1751045609375 0.17365431250000002 0.2291683171875 0.17882418125
2 0.2337001 0.019638146875 0.26498286875 0.051014546875 0.30029874218749997 0.0440698328125 0.32276832031249997 0.013409890625 0.2337001 0.019638146875
2 0.072458328125 0.11370423125 0.1128504390625 0.11535492656249999 0.13180084375 0.0983666296875 0.12443582500000001 0.02504105625 0.04220343125 0.033028898437499996 0.04614290625 0.057366953124999995 0.0975128390625 0.0560124109375 0.1006269671875 0.1005465203125 0.072458328125 0.11370423125
2 0 0.058391310937499996 0.029777435937500003 0.0473233703125 0.0264607859375 0.031892139062500005 0 0.034729835937499995 0 0.058391310937499996
2 0 0.21482046875 0.0139564203125 0.20506122968749999 0.0185034625 0.1420906515625 0 0.13097615625 0 0.21482046875
2 0.8132968671875 0.1804922109375 0.79143485625 0.12384352031250001 0.7504199203125 0.11328600156249999 0.7099341781249999 0.174294471875 0.7139825453124999 0.232188815625 0.7449538984374999 0.25911180312500004 0.784723184375 0.251855675 0.8132968671875 0.1804922109375
2 0.6674079546875 0.4301162640625 0.7106964125 0.40918849062499996 0.7443463328125 0.3464204359375 0.7317025562499999 0.2936023296875 0.6725625625 0.2798370515625 0.6384923390624999 0.30459540937499996 0.627623409375 0.3411569359375 0.6412014234375001 0.4073352734375 0.6674079546875 0.4301162640625
2 0.786824703125 0.4419041734375 0.7751151640625 0.4024463 0.7337888140625 0.3874353734375 0.6879154234375 0.43539502187499995 0.695794375 0.48407113125 0.726142903125 0.5020872953125 0.7656007765624999 0.490377759375 0.786824703125 0.4419041734375
2 0.6298033000000001 0.3723308125 0.6074273546875 0.3403315890625 0.5783244765625 0.340129065625 0.5493304890624999 0.37348283125 0.5524446171874999 0.4180169421875 0.606617265625 0.4567430984375 0.633228840625 0.4213183328125 0.6298033000000001 0.3723308125
2 0.583041446875 0.69557659375 0.6233246671875 0.663671 0.632947946875 0.6092958312500001 0.609949175 0.568389784375 0.5490495953125001 0.5614603296875 0.52388619375 0.5855958625000001 0.519650565625 0.653019853125 0.5515561578125 0.6933030734375001 0.583041446875 0.69557659375
2 0.6926323937500001 0.79084255 0.7275279640625001 0.7458881374999999 0.728244421875 0.69213579375 0.7117700609375001 0.648535921875 0.6567720640625 0.630005821875 0.615663496875 0.6821074687500001 0.6200232765625 0.744455221875 0.6474754578125 0.7850498578125 0.6926323937500001 0.79084255
2 0.5956547046875 0.555963790625 0.6228891046875 0.5294458468750001 0.6156329781250001 0.48967656093749995 0.5932570312500001 0.45767733593750004 0.545717684375 0.44981364375000005 0.52946110625 0.47332634999999995 0.5335094734375 0.5312206921875 0.564480828125 0.5581436796875 0.5956547046875 0.555963790625
2 0.6140128015624999 0.7224995812499999 0.5878062703125 0.6997185906250001 0.55901480625 0.7039694812499999 0.53665411875 0.7681857109375 0.559652890625 0.80909175625 0.58637335625 0.8072232796875 0.6174383421875 0.7714871015625 0.6140128015624999 0.7224995812499999
2 0.4494696375 0.8973498859375001 0.47193921406249995 0.8666899453125 0.472655671875 0.8129376015625001 0.445826315625 0.7812497890625 0.42148826093749997 0.7851892671875 0.3934285125 0.831903265625 0.395608403125 0.8630771421875 0.42274917187499994 0.8992183640625001 0.4494696375 0.8973498859375001
2 0.4655236953125 0.9029400593749999 0.44098311875 0.9359824124999999 0.4450314859375 0.9938767546875 0.5192912984375 0.9998719703125 0.5259093390625 0.9345189796875 0.4990799828125 0.9028311671875 0.4655236953125 0.9029400593749999
2 0.9381775609374999 0.6864062125 0.9164244421875001 0.6633138093750001 0.882868153125 0.6634227 0.8621581624999999 0.68724681875 0.8614417062499999 0.7409991625 0.9111609421875 0.78003673125 0.9383953437500001 0.7535187875 0.9381775609374999 0.6864062125
2 1 0.5791538640625 0.99336281875 0.57961798125 0.9706907203125 0.6393808 1 0.676605253125 1 0.5791538640625
2 0.8216419015625 0.55582438125 0.8012433234375 0.584101909375 0.8088108625 0.6283246078125 0.8661912703124999 0.64892570625 0.877262721875 0.583261303125 0.8551981890624999 0.5557154890625 0.8216419015625 0.55582438125
2 0.1859375 0.9578125 0.11875 0.084375
2 0.62734375 0.91171875 0.134375 0.16875
2 0.9203125 0.425 0.159375 0.2
2 0.5484375 0.209375 0.2046875 0.2140625