0 0.70078125 0.79609375 0.06484375 0.0875
0 0.934375 0.6734375 0.0546875 0.05078125
0 0.9640625 0.75078125 0.071875 0.0953125
0 0.796875 0.96328125 0.03984375 0.0734375
0 0.39140625 0.796875 0.0546875 0.0609375
0 0.2140625 0.74296875 0.0703125 0.1046875
0 0.52421875 0.55 0.096875 0.121875
0 0.25625 0.48828125 0.075 0.0875
0 0.5375 0.33984375 0.08359375 0.125
0 0.6984375 0.28515625 0.05234375 0.09140625
0 0.665625 0.48515625 0.0453125 0.09453125
0 0.7296875 0.48203125 0.0640625 0.146875
0 0.796875 0.503125 0.08125 0.134375
0 0.903125 0.490625 0.0640625 0.09140625
0 0.89609375 0.38125 0.05 0.06953125
0 0.90859375 0.29296875 0.08828125 0.08984375
0 0.815625 0.3140625 0.06640625 0.07890625
0 0.8265625 0.071875 0.053125 0.0890625
0 0.52578125 0.09296875 0.06484375 0.08203125
0 0.40703125 0.07890625 0.103125 0.11328125
0 0.16875 0.21015625 0.06015625 0.07578125