2 0.8765625 0.80859375 0.1015625 0.1375
2 0.7921875 0.859375 0.18125 0.203125
2 0.71796875 0.73671875 0.178125 0.1859375
2 0.675 0.85078125 0.13125 0.1453125
2 0.584375 0.78828125 0.2203125 0.246875
2 0.4796875 0.88515625 0.1796875 0.1921875
2 0.42734375 0.959375 0.1296875 0.08125
2 0.353125 0.95625 0.090625 0.0859375
2 0.259375 0.8859375 0.134375 0.13125
2 0.184375 0.81953125 0.1734375 0.178125
2 0.25703125 0.68515625 0.1578125 0.1734375
2 0.65 0.4171875 0.1171875 0.125
2 0.89140625 0.1859375 0.140625 0.121875
2 0.4046875 0.3609375 0.1875 0.2
2 0.1484375 0.42421875 0.1640625 0.18125
2 0.11796875 0.559375 0.1921875 0.2046875
2 0.0296875 0.55859375 0.059375 0.1203125
2 0.05859375 0.64375 0.1171875 0.16875
2 0.9671875 0.37421875 0.065625 0.1546875
2 0.9515625 0.54140625 0.096875 0.1984375
2 0.07265625 0.76484375 0.1453125 0.1640625