2 0.6546875 0.84375 0.1125 0.1375
2 0.7171875 0.6875 0.1390625 0.15625
2 0.621875 0.72421875 0.090625 0.1125
2 0.6734375 0.5671875 0.1 0.128125
2 0.78046875 0.39296875 0.09765625 0.1375
2 0.68671875 0.37265625 0.09609375 0.15078125
2 0.5984375 0.453125 0.07578125 0.11953125
2 0.96796875 0.3625 0.0640625 0.1078125
2 0.9453125 0.17109375 0.10625 0.14609375
2 0.8625 0.2359375 0.0921875 0.115625
2 0.85390625 0.125 0.0859375 0.10546875
2 0.6828125 0.13203125 0.12734375 0.16640625
2 0.51640625 0.12734375 0.11640625 0.15078125
2 0.440625 0.2265625 0.0859375 0.10078125
2 0.45 0.365625 0.0875 0.109375
2 0.38359375 0.4125 0.08125 0.1203125
2 0.46875 0.54921875 0.12578125 0.16796875
2 0.39609375 0.690625 0.11171875 0.1171875
2 0.27109375 0.66328125 0.09609375 0.13828125
2 0.1453125 0.89609375 0.11171875 0.134375
2 0.22890625 0.9609375 0.11953125 0.07734375
2 0.26796875 0.228125 0.13828125 0.1375
2 0.22265625 0.075 0.13515625 0.15
2 0.9265625 0.9234375 0.11171875 0.140625
2 0.65078125 0.0328125 0.1171875 0.065625
2 0.403125 0.98125 0.09140625 0.0375
2 0.16328125 0.6 0.13515625 0.234375