2 0.934375 0.78203125 0.13125 0.1921875
2 0.915625 0.6625 0.1359375 0.1578125
2 0.83671875 0.50078125 0.1859375 0.2078125
2 0.9265625 0.41640625 0.146875 0.2140625
2 0.8203125 0.35546875 0.1515625 0.1671875
2 0.9125 0.29296875 0.1296875 0.153125
2 0.8640625 0.1140625 0.134375 0.1640625
2 0.7578125 0.12734375 0.1515625 0.1546875
2 0.6921875 0.24921875 0.165625 0.196875
2 0.63984375 0.12890625 0.1484375 0.1640625
2 0.71015625 0.06328125 0.1828125 0.1265625
2 0.60859375 0.05 0.1453125 0.1
2 0.46484375 0.1453125 0.15625 0.175
2 0.38984375 0.08359375 0.1640625 0.1671875
2 0.346875 0.2296875 0.159375 0.1859375
2 0.446875 0.58515625 0.1625 0.1953125
2 0.27109375 0.29453125 0.140625 0.175
2 0.03515625 0.21953125 0.0703125 0.1671875
2 0.0921875 0.11484375 0.1203125 0.0796875
2 0.9875 0.56484375 0.025 0.1390625
2 0.965625 0.8671875 0.06875 0.075
2 0.53515625 0.02265625 0.1140625 0.0453125
2 0.259375 0.7953125 0.2109375 0.2203125