2 0.12293792343750001 0.48782585 0.1471149796875 0.44662588124999997 0.141674384375 0.402315784375 0.11819845312499999 0.3759624890625 0.0935558703125 0.3767393125 0.0663472203125 0.411564796875 0.0673568078125 0.456418953125 0.10078287500000001 0.49054614687500003 0.12293792343750001 0.48782585
2 0 0.530581309375 0.0045430140625 0.5675811859375 0.04356674375 0.574034203125 0.07994870937500001 0.5223400359375 0.0739640546875 0.47359893125 0.04551305625 0.44335868749999996 0.0109203328125 0.436361609375 0 0.44488238906250005 0 0.530581309375
2 0.0137920265625 0.64290835 0.0252172765625 0.7359595515625 0.06462800156250001 0.8188278515625 0.0959563640625 0.799238871875 0.12946380156249998 0.669185946875 0.1074658203125 0.599921971875 0.0570925359375 0.5926135984374999 0.0137920265625 0.64290835
2 0.21303322812499997 0.562221959375 0.242185353125 0.524908940625 0.24117576718749997 0.48005478437500004 0.20720563906249997 0.44149658125 0.18310711562499998 0.44670441250000004 0.15037933750000002 0.4732119390625 0.147501971875 0.5230411625 0.1770410921875 0.5621434265625 0.21303322812499997 0.562221959375
2 0.35341761250000003 0.9362945453125 0.3775946671875 0.8950945750000001 0.3688897140625 0.824198421875 0.340438715625 0.7939581765625 0.30693411406250004 0.79582311875 0.25702635625000003 0.8289378921875 0.2512716296875 0.928596340625 0.2742034984375 0.9505186265625 0.35341761250000003 0.9362945453125
2 0.510684859375 0.6786005328125 0.563158684375 0.6114371000000001 0.55554185 0.549402965625 0.5132537625 0.5163638890625 0.47974916093750003 0.51822883125 0.443678490625 0.554142434375 0.442977365625 0.6216956984374999 0.475548078125 0.6671724453125 0.510684859375 0.6786005328125
2 0.432954365625 0.39353797031250004 0.404503365625 0.36329772656250003 0.38040484218750004 0.3685055578125 0.361514153125 0.39781191250000003 0.36306779843750003 0.4470970796875 0.41756079531249995 0.46964195625 0.4383949625 0.437848065625 0.432954365625 0.39353797031250004
2 0.35646055 0.42991710000000005 0.34938777499999996 0.372313975 0.3123075203125 0.3633734234375 0.27118324843749997 0.43139221250000004 0.274991665625 0.4624092796875 0.307873675 0.4921054640625 0.3339156734375 0.48441009687500003 0.35646055 0.42991710000000005
2 0.4198969359375 0.28719374062499997 0.4089372125 0.2345656828125 0.3563876890625 0.20953327187499998 0.3169741296875 0.254852953125 0.32350284375 0.30802506875 0.35801703125 0.35101428281249997 0.409012909375 0.3267615296875 0.4198969359375 0.28719374062499997
2 0.4967805796875 0.1990419109375 0.5309077765625 0.165615840625 0.5337851390624999 0.11578661718750001 0.4987268921875 0.06836639375 0.46522228906249996 0.070231334375 0.430239740625 0.1150069578125 0.43622439531249996 0.1637480625 0.47019452343749996 0.2023062671875 0.4967805796875 0.1990419109375
2 0.6819490953125 0.2235330984375 0.6604951734375 0.1587001328125 0.5979955109375 0.12589382031250002 0.5463770421875 0.1817077 0.5606011234375 0.2609218140625 0.5890521234375 0.2911620578125 0.6450230703125001 0.27079625625000003 0.6819490953125 0.2235330984375
2 0.6425327000000001 0.3970407625 0.6774367156250001 0.3882572765625 0.7065888421875 0.35094425625 0.6950850578125001 0.2938851921875 0.6475106046875 0.2727397296875 0.6161822406249999 0.2923287109375 0.6008672046875 0.332440559375 0.6046756203125 0.36345762656249997 0.6425327000000001 0.3970407625
2 0.7385397984375001 0.29979415 0.783161190625 0.27857299062499996 0.7955231656249999 0.19609452031250002 0.78285273125 0.166165571875 0.7358223359375 0.14945112031250002 0.7000629640625 0.1695841609375 0.6842038671874999 0.20526499999999998 0.69073258125 0.25843711406250003 0.7385397984375001 0.29979415
2 0.8807976328124999 0.3228073890625 0.9132926484375 0.2760882921875 0.9079305859375 0.1957860609375 0.85623641875 0.15940409375 0.823275875 0.1657000453125 0.7971553453125 0.20938754999999998 0.8019733484374999 0.28525877187500004 0.8403744859375 0.323272915625 0.8807976328124999 0.3228073890625
2 0.79917168125 0.4272838421875 0.8272356875 0.3811088046875 0.8223391515625 0.3412297171875 0.7659026796874999 0.321172375 0.7375273765625 0.38312797656250003 0.79917168125 0.4272838421875
2 0.7932627234375 0.47073858281250003 0.778960109375 0.42751660625000004 0.7363607234375 0.41025809375 0.7008341140625001 0.45060270625000004 0.7073628281250001 0.5037748234375 0.739700778125 0.529039996875 0.7740607359375 0.5158255015625001 0.7932627234375 0.47073858281250003
2 0.87962814375 0.478125490625 0.8462020750000001 0.44399829375 0.81767254375 0.4497501875 0.794894903125 0.48403161250000004 0.7992473796875 0.5194796890625 0.8276983781249999 0.5497199328125 0.8548284953125 0.5508865859375 0.87962814375 0.478125490625
2 0.94741700625 0.37085020625 0.9913372734375001 0.41718231093749997 0.9785911390625 0.29505751562500004 0.9652981109375001 0.2966896953125 0.9458633609374999 0.321565040625 0.94741700625 0.37085020625
2 1 0.5128216125 0.9875260203125 0.514353225 0.9591507187499999 0.5763088265625 0.9773402828125001 0.614555734375 1 0.6255612640625 1 0.5128216125
2 0.8556024828125001 0.70371715 0.8941606859375 0.669747021875 0.8986702296875 0.6332108265625 0.8641560406250001 0.5902216124999999 0.8207013015625 0.5843126546875 0.7896057 0.62411320625 0.7945022359375 0.66399229375 0.8135471578125 0.6908896484375 0.8556024828125001 0.70371715
2 1 0.6922285296874999 0.9719753843750001 0.6624414843750001 0.9373826640624999 0.65544440625 0.9079977749999999 0.6725458515625 0.9062085296875001 0.7312370968749999 0.9352035890625 0.76590835 0.9806018046875 0.769329775 1 0.7404778609375 1 0.6922285296874999
2 1 0.7982719828125 0.9866649921875 0.78207874375 0.949273440625 0.7889187546875001 0.927039859375 0.8276311875 0.9257161406250001 0.926745578125 0.9442170031250001 0.9492119234375 1 0.9423626328125 1 0.7982719828125
2 0.8700564906249999 0.93133081875 0.9141338234375 0.9056786499999999 0.92540768125 0.814338159375 0.9177123140625 0.7882961625 0.870137859375 0.7671507 0.8255164671875 0.788371859375 0.8091133109375 0.8196216890624999 0.8332875328125 0.9066097031250001 0.8700564906249999 0.93133081875
2 0.78641136875 0.9460989609375 0.8119093062499999 0.9339725828125 0.82722434375 0.893860734375 0.8063144812499999 0.833458778125 0.759828146875 0.8211753343750001 0.732619496875 0.8560008187499999 0.7325409625 0.89199295625 0.7501864687500001 0.9258088531249999 0.78641136875 0.9460989609375
2 0.747160546875 0.6630584046875 0.7679947125 0.6312645140625001 0.7669851265625 0.5864103593750001 0.7429651359375 0.5556260546875 0.708916475 0.5530599875 0.6850507140625 0.5784793921875 0.6821733515624999 0.62830861875 0.7067374015625 0.6635239312500001 0.747160546875 0.6630584046875
2 0.04296875 0.16328125 0.0859375 0.2265625
2 0.3640625 0.96015625 0.109375 0.0796875