0 0.73515625 0.77890625 0.128125 0.14296875
0 0.64140625 0.5796875 0.16953125 0.19375
0 0.5953125 0.73671875 0.14296875 0.1421875
0 0.6140625 0.9046875 0.15 0.190625
0 0.4265625 0.7234375 0.12265625 0.14453125
0 0.43359375 0.921875 0.19453125 0.15546875
0 0.21796875 0.91015625 0.06328125 0.08046875
0 0.1546875 0.75859375 0.12421875 0.21015625
0 0.28203125 0.65859375 0.1703125 0.19296875
0 0.328125 0.52109375 0.1578125 0.225
0 0.46640625 0.5 0.1125 0.221875
0 0.58671875 0.428125 0.16484375 0.2125
0 0.57578125 0.24765625 0.15703125 0.18125
0 0.79453125 0.18984375 0.1203125 0.146875
0 0.66640625 0.09765625 0.18046875 0.1953125
0 0.51015625 0.0859375 0.15625 0.171875
0 0.21875 0.10546875 0.1515625 0.1828125
0 0.16328125 0.29921875 0.13359375 0.14140625
0 0.06484375 0.36953125 0.1296875 0.17109375
0 0.84921875 0.6453125 0.10703125 0.16640625
0 0.5296875 0.63359375 0.1328125 0.15078125
0 0.51328125 0.83203125 0.11953125 0.17734375