2 0.2237800359375 0.8435745203125 0.17119162500000001 0.7903321859375 0.14402249218750002 0.7986386249999999 0.104701203125 0.85357286875 0.2041673984375 0.9089880406249999 0.2216071984375 0.8904523062499999 0.2237800359375 0.8435745203125
2 0.32182333281250003 0.9159295328124999 0.2663121453125 0.9395029312500001 0.3493384625 0.973536575 0.343377859375 0.9324463921874999 0.32182333281250003 0.9159295328124999
2 0.6934808375 0.8683216921874999 0.679636775 0.8230398015624999 0.629990175 0.811810584375 0.5786706984375 0.827500521875 0.5734790671875001 0.8753012468750001 0.5940336734375 0.9317353718750001 0.6306821640625 0.9436375453125001 0.67017645 0.9216600406250001 0.6934808375 0.8683216921874999
2 0.573133071875 0.8093877656249999 0.562980759375 0.776181046875 0.5311969375000001 0.7693935203125 0.49170265156250004 0.791371025 0.4734359296875 0.8827807625 0.51008441875 0.8946829359375 0.5516745609375 0.8687637015625 0.573133071875 0.8093877656249999
2 0.6297211625 0.7029610484375 0.6198188296875 0.6597750109375 0.540657259375 0.6707732796875 0.5467908609375 0.7448202 0.56742245 0.7583182703125 0.610858465625 0.7384366203125 0.6297211625 0.7029610484375
2 0.37377770312499997 0.675579996875 0.3503773015625 0.6530255484375 0.270542775 0.651025709375 0.247065390625 0.67140731875 0.3007497359375 0.7606251859375 0.3488004375 0.7558374999999999 0.37579657499999997 0.7145743234374999 0.37377770312499997 0.675579996875
2 0.2956350875 0.765489853125 0.2664470796875 0.7348019671875 0.2374320703125 0.73707081875 0.21068591093750003 0.7683546828125001 0.22310707812500002 0.8305764124999999 0.26487021718750003 0.8376139171875 0.297653959375 0.8044841796875 0.2956350875 0.765489853125
2 0.1160074015625 0.7609902125 0.077013075 0.7630090859374999 0.060246234375 0.794542928125 0.069475609375 0.8247308562500001 0.08826132343750001 0.8321913390625 0.1156804390625 0.8139055859375001 0.1160074015625 0.7609902125
2 0 0.7389961703125 0.0085807625 0.7443193875 0.0357498984375 0.7360129484375 0.0525167390625 0.70447910625 0.0465561359375 0.663388925 0 0.6616175 0 0.7389961703125
2 0 0.6459528609375 0.0368268 0.6531596296875 0.0624000390625 0.6288362890625 0.060381168750000005 0.5898419640625 0.025655534375 0.5410413187499999 0 0.56996789375 0 0.6459528609375
2 0.129044428125 0.47972349375 0.09172298125 0.4548232125 0.0440952546875 0.48258832187499995 0.0312701421875 0.5162180203125 0.0652458359375 0.5949566109375 0.10910482968749999 0.5980523875 0.14288849374999998 0.5250053859375 0.129044428125 0.47972349375
2 0.22566482968749998 0.56901834375 0.1981497 0.5114113015624999 0.148926078125 0.5231595109375 0.12562168906249999 0.5764978609375 0.13065935625 0.6145692484375 0.17309545312500002 0.6346048625 0.206302171875 0.62445255 0.22566482968749998 0.56901834375
2 0.195111875 0.39350538749999997 0.175653203125 0.37304679687500003 0.1240837453125 0.39871605 0.107066925 0.44022920781249997 0.1436384328125 0.49506743750000004 0.179613965625 0.49397150312500004 0.2045142484375 0.4566500546875 0.195111875 0.39350538749999997
2 0.295904953125 0.356087925 0.2664669671875 0.335379353125 0.21230169375000002 0.38494896875 0.2122247109375 0.42788502656249994 0.2344521953125 0.4573999953125 0.2565066828125 0.45395822499999994 0.2997697015625 0.4011198359375 0.295904953125 0.356087925
2 0.3497622953125 0.47826253281250003 0.3361682109375 0.423001325 0.299269740625 0.42107846875000005 0.252314971875 0.4618416859375 0.241335734375 0.5015089703125 0.256352715625 0.5398303375 0.2809260359375 0.5554242609375 0.3285537625 0.5276591515625 0.3497622953125 0.47826253281250003
2 0.433615534375 0.439422171875 0.4081192765625 0.42080945625000005 0.35629984062500003 0.45645802656249995 0.3603375859375 0.5344466765625 0.40000486874999996 0.5454259140625 0.4411720328125 0.49652925468750003 0.433615534375 0.439422171875
2 0.37116285625 0.58065150625 0.3552229375 0.5393113453125 0.28973243437499996 0.562634765625 0.2727156125 0.6041479234375 0.2819449890625 0.63433585 0.322535209375 0.6483338796875 0.3601836203125 0.6203187890625 0.37116285625 0.58065150625
2 0.5782866390625 0.5239293375 0.5686342859375 0.4707639859375 0.53710044375 0.45399714375 0.49970201249999996 0.4720329171875 0.4743017703125 0.529312996875 0.48328116562499995 0.569480240625 0.509950340625 0.581132434375 0.5657115078125 0.54757971875 0.5782866390625 0.5239293375
2 0.7457431390625 0.45622793125000005 0.7358408046875 0.4130418953125 0.716132153125 0.4025626203125 0.6485457953125 0.42982777031249997 0.62943311875 0.4752826578125 0.6402583890625 0.5214874875 0.6669275625 0.53313968125 0.7184970203125001 0.5074704265625 0.7457431390625 0.45622793125000005
2 0.732975978125 0.328092721875 0.7107484937499999 0.2985777515625 0.66387070625 0.29640491406249997 0.6331828203125001 0.3255929203125 0.6219536031249999 0.37523952031249996 0.635124709375 0.40752330312499996 0.68711714375 0.404831471875 0.7196509078125 0.3816810515625 0.732975978125 0.328092721875
2 0.813118434375 0.1583483375 0.7927368265625 0.134870953125 0.743513203125 0.1466191609375 0.720458796875 0.1899781953125 0.7280152953125001 0.247085278125 0.748396903125 0.2705626609375 0.7862183125 0.2755043109375 0.8129644703125001 0.2442204484375 0.813118434375 0.1583483375
2 0.870475496875 0.1408125234375 0.8372687781250001 0.1509648359375 0.8205019359374999 0.1824986796875 0.8313272062499999 0.2287035078125 0.8691486156250001 0.23364515937500002 0.895894771875 0.202361296875 0.870475496875 0.1408125234375
2 0.8445173453124999 0.37981614375 0.8287504234374999 0.3714327234375 0.8036771421875001 0.37579743125 0.7890061562499999 0.40338954375 0.799831428125 0.44959437031249994 0.823731790625 0.4521901875 0.8483820921874999 0.42484805468750003 0.8445173453124999 0.37981614375
2 0.93306225625 0.313133690625 0.938253884375 0.2653329671875 0.9120846703125001 0.23372214218749998 0.87887795 0.24387445468750002 0.849535978125 0.29905867812500003 0.8643029796875 0.3473593625 0.8809928375 0.358761578125 0.910257828125 0.346513409375 0.93306225625 0.313133690625
2 0.870475496875 0.1408125234375 0.8372687781250001 0.1509648359375 0.8205019359374999 0.1824986796875 0.8313272062499999 0.2287035078125 0.8691486156250001 0.23364515937500002 0.895894771875 0.202361296875 0.870475496875 0.1408125234375
2 1 0.2584847640625 0.9603083734375 0.261891196875 0.9448874453125 0.31942125625 1 0.32771686093749997 1 0.2584847640625
2 1 0.3437246703125 0.9734024953124999 0.33711103593749997 0.940195775 0.3472633484375 0.9210830984375 0.3927182375 0.9361000796875001 0.43103960625 0.9806320312500001 0.447133490625 1 0.43547935937500004 1 0.3437246703125
2 1 0.20263496406249998 0.952328896875 0.1818066890625 0.9526748921875001 0.2477201703125 1 0.245269984375 1 0.20263496406249998
2 1 0.462540103125 0.9471753312500001 0.46726511875 0.932004384375 0.5148158640625 0.9454254703125 0.5371203296875 0.976036375 0.550868378125 1 0.5384972625 1 0.462540103125
2 0.973440559375 0.5747687406249999 0.9421566968749999 0.5480225828124999 0.9071041015624999 0.5521373109375001 0.8801079640625 0.593400490625 0.8779351265625 0.6402782765625 0.9043543203125 0.6619097843749999 0.93890695625 0.6777536890625 0.9744595125 0.6536803296875 0.973440559375 0.5747687406249999
2 0.328477634375 0.0523437421875 0.31647944687499996 0.0130994359375 0.257276509375 0.0245976640625 0.251834896875 0.0823777046875 0.2764082171875 0.097971628125 0.31171079375 0.08387758437500001 0.328477634375 0.0523437421875
2 0.1245456421875 0.1410997140625 0.134024996875 0.161308325 0.1881132875 0.154674765625 0.21535940468749998 0.10343227031249999 0.20361119687499998 0.05420864843749999 0.17065445625 0.054381645312500004 0.1245456421875 0.1410997140625
2 0.885933634375 0.8391916359374999 0.9278507375 0.7603570296875 0.9216401546874999 0.7292461640625 0.8859146015625001 0.7203627828125 0.8443244609375 0.7462820171875 0.8273076390625 0.7877951750000001 0.8341911796874999 0.8319041500000001 0.885933634375 0.8391916359374999
2 0.130275296875 0.3109980625 0.1222188390625 0.2738496125 0.073245196875 0.27561850312499997 0.048344915625 0.312939953125 0.0554784359375 0.3470696109375 0.09003107031249999 0.3629135140625 0.11535432968749999 0.348569490625 0.130275296875 0.3109980625
2 0.71640625 0.62265625 0.234375 0.25
2 0.3984375 0.24296875 0.23125 0.2578125