2 0.6495535718750001 0.1741071421875 0.6160714281249999 0.2165178578125 0.625 0.2834821421875 0.6696428578125 0.3102678578125 0.7232142859375 0.25669642812500004 0.7142857140625 0.17633928593749998 0.6941964281249999 0.15625 0.6495535718750001 0.1741071421875
2 0.7522321421875 0.21875 0.7276785718750001 0.25669642812500004 0.7276785718750001 0.30133928593750003 0.7678571421875 0.31919642812500004 0.7991071421875 0.2834821421875 0.7991071421875 0.2477678578125 0.7745535718750001 0.21875 0.7522321421875 0.21875
2 0.9263392859374999 0.125 0.8883928578125 0.149553571875 0.875 0.2209821421875 0.9084821421875 0.2678571421875 0.9375 0.27455357187499996 0.9732142859374999 0.234375 0.9776785718750001 0.1852678578125 0.9642857140625001 0.14508928593749998 0.9263392859374999 0.125
2 0.7477678578125 0.48214285781250005 0.7098214281249999 0.5424107140625 0.7142857140625 0.6227678578125 0.7678571421875 0.6629464281249999 0.8526785718750001 0.5691964281249999 0.84375 0.5022321421875 0.7924107140625 0.46428571406249997 0.7477678578125 0.48214285781250005
2 0.8727678578125 0.5848214281249999 0.8125 0.6227678578125 0.7857142859375 0.6763392859375 0.7946428578125 0.7254464281249999 0.8236607140625001 0.7544642859375 0.8616071421875 0.7566964281249999 0.9151785718750001 0.7209821421875 0.9285714281249999 0.6808035718750001 0.9107142859374999 0.609375 0.8727678578125 0.5848214281249999
2 0.7120535718750001 0.6517857140625 0.6875 0.6897321421875 0.6875 0.7299107140625 0.7120535718750001 0.7678571421875 0.7455357140625 0.7700892859375 0.7767857140625 0.7388392859375 0.7767857140625 0.6897321421875 0.7522321421875 0.6607142859375 0.7120535718750001 0.6517857140625
2 0.6629464281249999 0.7857142859375 0.5870535718750001 0.8214285718750001 0.5625 0.8683035718750001 0.5758928578125 0.9352678578125 0.609375 0.9598214281249999 0.6383928578125 0.9575892859374999 0.6741071421875 0.9263392859374999 0.6875 0.8504464281249999 0.6830357140625 0.8013392859374999 0.6629464281249999 0.7857142859375
2 0.5825892859375 0.6517857140625 0.5446428578125 0.6852678578125 0.5401785718750001 0.7388392859375 0.5736607140625 0.7991071421875 0.6205357140625 0.8058035718750001 0.65625 0.765625 0.6607142859375 0.7120535718750001 0.6227678578125 0.65625 0.5825892859375 0.6517857140625
2 0.39955357187499996 0.6964285718750001 0.37053571406249997 0.7299107140625 0.37053571406249997 0.7834821421875 0.39508928593750003 0.8169642859374999 0.42410714218749995 0.8191964281249999 0.459821428125 0.7834821421875 0.46428571406249997 0.7299107140625 0.43526785781250005 0.6964285718750001 0.39955357187499996 0.6964285718750001
2 0.453125 0.5178571421875 0.415178571875 0.5647321421875 0.415178571875 0.609375 0.43526785781250005 0.6383928578125 0.477678571875 0.6450892859375 0.5044642859375 0.6138392859375 0.5089285718750001 0.5558035718750001 0.48883928593750003 0.5223214281249999 0.453125 0.5178571421875
2 0.32366071406249997 0.32142857187499996 0.29017857187499996 0.36383928593750003 0.28571428593750003 0.430803571875 0.33705357187499996 0.49553571406249997 0.375 0.49776785781250005 0.40625 0.46651785781250005 0.41964285781250005 0.38169642812500004 0.390625 0.33482142812500004 0.32366071406249997 0.32142857187499996
2 0.2366071421875 0.1897321421875 0.2232142859375 0.2522321421875 0.265625 0.2991071421875 0.29017857187499996 0.30133928593750003 0.32142857187499996 0.26116071406249997 0.32142857187499996 0.2165178578125 0.265625 0.1696428578125 0.2366071421875 0.1897321421875
2 0.19866071406250002 0.27232142812500004 0.16071428593749998 0.33705357187499996 0.15625 0.40401785781250005 0.1897321421875 0.44196428593750003 0.2455357140625 0.44866071406249997 0.28125 0.421875 0.28125 0.31919642812500004 0.234375 0.27678571406249997 0.19866071406250002 0.27232142812500004
2 0.16071428593749998 0.060267857812500006 0.1852678578125 0.0803571421875 0.2142857140625 0.078125 0.25 0.046875 0.25 0.0022321421875000002 0.1540178578125 0 0.16071428593749998 0.060267857812500006
2 0.44609375 0.171875 0.15703125 0.18125
2 0.64375 0.509375 0.1296875 0.21484375