2 0.6515625 0.16953125 0.115625 0.1375
2 0.78203125 0.15 0.096875 0.11875
2 0.859375 0.28671875 0.121875 0.153125
2 0.8078125 0.41640625 0.10625 0.121875
2 0.71171875 0.38046875 0.121875 0.1421875
2 0.625 0.33984375 0.1109375 0.1328125
2 0.465625 0.3046875 0.134375 0.1515625
2 0.55859375 0.1078125 0.1421875 0.1703125
2 0.42265625 0.16875 0.0984375 0.11875
2 0.384375 0.2828125 0.1015625 0.1203125
2 0.325 0.17890625 0.15 0.1578125
2 0.25703125 0.10625 0.1375 0.1328125
2 0.19921875 0.31640625 0.103125 0.1234375
2 0.25703125 0.42734375 0.1296875 0.1296875
2 0.3673551625 0.5242146625 0.400978615625 0.5349421421875 0.42528869062499997 0.5228415390625 0.4393336828125 0.46953075312500003 0.410863259375 0.42221583437500004 0.37445258125 0.4100063609375 0.3456965265625 0.43046863750000003 0.336274278125 0.4683613078125 0.3673551625 0.5242146625
2 0.108591640625 0.5939900765624999 0.143520325 0.6089867734375 0.1678304015625 0.5968861703125 0.186144609375 0.5422701546875001 0.161943403125 0.49365000468750003 0.1255327265625 0.4814405328125 0.08806147343750001 0.5115697109374999 0.087000896875 0.5539083625 0.108591640625 0.5939900765624999
2 0.8489198609375 0.5800551640625 0.8822986593750001 0.544174775 0.8748208 0.504446584375 0.8430328640625 0.47681899687499996 0.7940591875 0.5151330859375001 0.805806265625 0.5535560453125 0.8489198609375 0.5800551640625
2 0.7974036156250001 0.6634951296875 0.8375532234374999 0.695568696875 0.8704017343749999 0.68085763125 0.8798239828125001 0.6429649609375 0.8693821359375 0.6088112203125 0.8346302140624999 0.58675808125 0.8002997093750001 0.60425636875 0.788267 0.63361060625 0.7974036156250001 0.6634951296875
2 0.7678585546875001 0.9409533 0.774316815625 0.9086350765625 0.7527260734375 0.8685533624999999 0.7192793828124999 0.8507694406249999 0.6896395140625 0.9065139249999999 0.71662794375 0.95661606875 0.7678585546875001 0.9409533
2 0.6107813156249999 0.9539646312500001 0.6444047671875001 0.964692109375 0.6666346703125 0.9228837453125 0.6240513640625001 0.8752153015624999 0.60122328125 0.8845286796874999 0.5947650203125 0.916846903125 0.6107813156249999 0.9539646312500001
2 0.44390138593749995 0.8509321406250001 0.47883007031249997 0.8659288374999999 0.5031401453125001 0.8538282359375 0.5138676249999999 0.8202047828125 0.4995100859375 0.7732433875 0.45491449843750004 0.7495314921875 0.42894566718749993 0.7714757624999999 0.426579859375 0.809545196875 0.44390138593749995 0.8509321406250001
2 0.17670213125 1 0.16830565 0.9725363484375 0.14043340625 0.9577164140625 0.12039255 0.9685117859375 0.1334531296875 1 0.17670213125 1
2 0.85390625 0.87109375 0.0796875 0.0953125
2 0.803125 0.91328125 0.090625 0.0546875
2 0.95390625 0.77890625 0.0921875 0.2078125