0 0.32421875 0.31875 0.1921875 0.225
0 0.21015625 0.25859375 0.075 0.08125
0 0.18203125 0.19921875 0.08125 0.0890625
0 0.1234375 0.22890625 0.0859375 0.0953125
0 0.11328125 0.3125 0.0765625 0.0859375
0 0.08203125 0.4171875 0.075 0.090625
0 0.3265625 0.13359375 0.1609375 0.190625
0 0.05625 0.52421875 0.1125 0.2328125
0 0.21953125 0.684375 0.0625 0.078125
0 0.30390625 0.69921875 0.0828125 0.0953125
0 0.19609375 0.7375 0.065625 0.08125
0 0.165625 0.76953125 0.06875 0.0859375
0 0.1421875 0.82734375 0.103125 0.121875
0 0.30078125 0.98125 0.0921875 0.0375
0 0.39140625 0.853125 0.075 0.075
0 0.5 0.4453125 0.140625 0.15625
0 0.4734375 0.24609375 0.1046875 0.1140625
0 0.5828125 0.19921875 0.1109375 0.13125
0 0.61171875 0.434375 0.109375 0.1375
0 0.771875 0.334375 0.121875 0.1375
0 0.89453125 0.3390625 0.1875 0.178125
0 0.9390625 0.45078125 0.121875 0.1609375
0 0.96015625 0.625 0.0796875 0.171875
0 0.859375 0.12109375 0.0796875 0.1015625
0 0.8140625 0.0625 0.1125 0.125