2 0.228125 0.3875 0.1875 0.21796875
2 0.15859375 0.51328125 0.109375 0.12890625
2 0.21484375 0.65703125 0.10390625 0.13671875
2 0.40703125 0.41328125 0.0828125 0.1203125
2 0.69140625 0.35078125 0.1078125 0.12890625
2 0.5828125 0.5421875 0.11796875 0.14921875
2 0.4703125 0.63359375 0.09609375 0.13828125
2 0.05234375 0.10546875 0.10078125 0.1203125
2 0.265625 0.5390625 0.10390625 0.12578125
2 0.52734375 0.76953125 0.0921875 0.1171875
2 0.45 0.7546875 0.07890625 0.10390625
2 0.27109375 0.82734375 0.0953125 0.12421875
2 0.028125 0.9140625 0.05625 0.171875
2 0.196875 0.0703125 0.084375 0.11171875
2 0.76171875 0.03828125 0.08515625 0.071875
2 0.98125 0.090625 0.0375 0.1359375
2 0.6703125 0.60703125 0.121875 0.15859375
2 0.58125 0.88203125 0.0953125 0.12265625
2 0.05703125 0.95703125 0.0796875 0.0859375
2 0.03359375 0.0265625 0.0671875 0.053125