1 0.778125 0.6921875 0.08203125 0.1203125
1 0.82421875 0.82578125 0.103125 0.15546875
1 0.94453125 0.871875 0.10234375 0.13984375
1 0.953125 0.628125 0.09296875 0.14765625
1 0.96328125 0.4390625 0.0734375 0.11875
1 0.95859375 0.08203125 0.08203125 0.11875
1 0.775 0.0515625 0.13046875 0.103125
1 0.62734375 0.40546875 0.11953125 0.15390625
1 0.5125 0.54375 0.09921875 0.12734375
1 0.42265625 0.93828125 0.0953125 0.1234375
1 0.3125 0.83828125 0.10625 0.13515625
1 0.3921875 0.73046875 0.10390625 0.16875
1 0.3125 0.62578125 0.084375 0.184375
1 0.2140625 0.5453125 0.10234375 0.15625
1 0.253125 0.37265625 0.1390625 0.17265625
1 0.0234375 0.43125 0.046875 0.134375