2 0.409865778125 0.9315283781250001 0.338837646875 0.9079637500000001 0.318400815625 0.9276993703124999 0.308304915625 0.99449763125 0.4220879078125 0.998716203125 0.42921183437500005 0.974283240625 0.409865778125 0.9315283781250001
2 0.5300714828124999 0.951486440625 0.491312753125 0.9976920453125 0.5807406937499999 0.990323084375 0.5567752046875001 0.9564175203125 0.5300714828124999 0.951486440625
2 0.66302439375 1 0.7414305015625 0.9931279343750001 0.7131572328125 0.9502172484375 0.6819899046875 0.9452082546874999 0.6567311515625 1 0.66302439375 1
2 0.8396072374999999 0.74033856875 0.8067145390625001 0.70627718125 0.7573811359375 0.7188109609375 0.7187782312500001 0.7560893531249999 0.735853528125 0.8010370609375 0.779788375 0.8419886390625001 0.8178458921875 0.8359554859375 0.84305798125 0.79844335625 0.8396072374999999 0.74033856875
2 0.7056211515624999 0.7424647984375 0.6814998390625 0.717486446875 0.6500987734375 0.725868271875 0.6248866843750001 0.7633804015625001 0.65011006875 0.8531199921875 0.6881675859375 0.8470868406250001 0.7134575875 0.8051111046875 0.7056211515624999 0.7424647984375
2 0.7077247890625 0.6219474421875 0.679295696875 0.5879639671875 0.6137553296875 0.6337020953125 0.6528370078125 0.6968937890625 0.6773478828124999 0.6995541125 0.7070235765625 0.66211989375 0.7077247890625 0.6219474421875
2 0.46724676093750006 0.7137466453125 0.43615734531249994 0.704274046875 0.364116353125 0.7387362921875 0.3524509078125 0.7675549484374999 0.44078807343750004 0.8226764687499999 0.4814279984375 0.796596046875 0.4867486421875 0.747574296875 0.46724676093750006 0.7137466453125
2 0.43843940000000003 0.8293329203124999 0.3985006875 0.815240890625 0.3736781609375 0.8304349921874999 0.3640497359375 0.8704516203124999 0.40336515000000006 0.9202524953125 0.443771340625 0.907562890625 0.4579412828125 0.8631605718750001 0.43843940000000003 0.8293329203124999
2 0.276347165625 0.906872975 0.2425195171875 0.92637485625 0.2418962171875 0.962083703125 0.26382468281250004 0.9847912937500001 0.283949865625 0.982910096875 0.3000789171875 0.9541693546875001 0.276347165625 0.906872975
2 0.1941210671875 0.8853453671875 0.17015557812499998 0.8514398046875 0.10038534531250001 0.883709203125 0.10414773749999999 0.92395956875 0.13962284687499998 0.9379736843750001 0.173060934375 0.9407898328125001 0.1934977671875 0.9210542125 0.1941210671875 0.8853453671875
2 0.14908415 0.77963255 0.0959883546875 0.7519159640625 0.079236003125 0.816365553125 0.1052385125 0.8614690875000001 0.1568426734375 0.8467424609374999 0.16858603125 0.8134601984375 0.14908415 0.77963255
2 0 0.8706428671875001 0.024270309375 0.8957755078125 0.048859096875 0.8939722234374999 0.0649102359375 0.8696950843750001 0.06130366875 0.820517509375 0.0372602671875 0.791075553125 0 0.8156258375000001 0 0.8706428671875001
2 0.160270825 0.65034380625 0.11571267968750001 0.645101075 0.0858811609375 0.6914625046875 0.089721465625 0.7272492640625 0.155740603125 0.7819812203125001 0.1962247046875 0.7648280109375001 0.193163525 0.68440519375 0.160270825 0.65034380625
2 0.286899246875 0.68604135625 0.23623003593749997 0.6472047140625 0.19770504375 0.6800195015625 0.20115578437499998 0.7381242890624999 0.2229284265625 0.7697590921875 0.26983524375 0.7683453703125 0.29481359375 0.7442240578125 0.286899246875 0.68604135625
2 0.17999515 0.5435289171875 0.1533693390625 0.53413423125 0.1190742140625 0.5804177484374999 0.12275869531250001 0.6251317171874999 0.18024018125000002 0.6573898203125 0.21179707187500002 0.6400807859375 0.21703980312499999 0.595522640625 0.17999515 0.5435289171875
2 0.252815265625 0.46443061406249997 0.217184334375 0.45934370781249995 0.1914268578125 0.528101078125 0.21085082656249998 0.5663923343749999 0.2440551765625 0.5825992984374999 0.2621433375 0.56952013125 0.2767028421875 0.50279978125 0.252815265625 0.46443061406249997
2 0.356268621875 0.5488382656249999 0.319068140625 0.5057717546875 0.285318403125 0.52081003125 0.2619875125 0.57844734375 0.270213509375 0.6187756203125 0.300991275 0.6461026421875 0.32996575781250004 0.6488408765625 0.35979727499999997 0.602479446875 0.356268621875 0.5488382656249999
2 0.41334925 0.47616267656250005 0.382181921875 0.47115368281250003 0.352194578125 0.526442325 0.39119834062500003 0.5940976234375 0.43152661875 0.585871625 0.44600821249999995 0.52361488125 0.41334925 0.47616267656250005
2 0.42182028125000004 0.6303518578125 0.3888496703125 0.6007540765625 0.341085815625 0.6512674609375 0.344770296875 0.69598143125 0.3666987625 0.7186890218750001 0.4092198859375 0.7127337828125 0.43004628125 0.670680134375 0.42182028125000004 0.6303518578125
2 0.580617596875 0.4857798046875 0.5478807234375 0.44279120625 0.5121718765625001 0.44216790625 0.48703770156250004 0.4752164296875 0.49041053124999995 0.5377848234375 0.5166467781249999 0.5694975390625 0.5456991734375001 0.56777216875 0.580150121875 0.5125614390625 0.580617596875 0.4857798046875
2 0.6990866375 0.3494337515625 0.6706575421875 0.3154502765625 0.6483395140625 0.3150607140625 0.600497746875 0.37003770625 0.604104315625 0.41921528124999996 0.6347262546875 0.45546951562500004 0.6637786484375 0.45374414375 0.6980737734375 0.40746062812500006 0.6990866375 0.3494337515625
2 0.6295388453124999 0.24106061250000002 0.5963344953124999 0.22485364843750003 0.5535796328125 0.24419970625 0.5394876046875 0.28413841875 0.5520213828125 0.333471821875 0.5784134562500001 0.35625732499999996 0.6235169875000001 0.330254815625 0.6419947125000001 0.29485761875 0.6295388453124999 0.24106061250000002
2 0.623883959375 0.053433345312500005 0.595065303125 0.041767900000000004 0.556540309375 0.0745826859375 0.555683271875 0.12368235000000001 0.588342234375 0.1711345546875 0.6171608890625 0.18280000000000002 0.6531034734375 0.1700324828125 0.6627318984375 0.13001585468750002 0.623883959375 0.053433345312500005
2 0.6670283828125 0.011769259375 0.6420500328125 0.035890570312499995 0.6414267328125 0.0715994171875 0.6720486734375 0.1078536515625 0.7079912578124999 0.09508613593750001 0.7176196796875 0.055069507812499995 0.6670283828125 0.011769259375
2 0.7524048734375001 0.2365077984375 0.73455045 0.2361961484375 0.7141915296875 0.25146816250000004 0.7136461421875 0.282713403125 0.74426808125 0.3189676359375 0.7667419375 0.3104299875 0.776292446875 0.2748769671875 0.7524048734375001 0.2365077984375
2 0.8010257656249999 0.13689475 0.7839504671874999 0.09194704218750001 0.7462825125 0.075662165625 0.7213041609374999 0.099783478125 0.7202133859375001 0.1622739578125 0.75529893125 0.1986061046875 0.7753462015625 0.201188515625 0.795860946875 0.1769892890625 0.8010257656249999 0.13689475
2 0.6670283828125 0.011769259375 0.6420500328125 0.035890570312499995 0.6414267328125 0.0715994171875 0.6720486734375 0.1078536515625 0.7079912578124999 0.09508613593750001 0.7176196796875 0.055069507812499995 0.6670283828125 0.011769259375
2 0.840407796875 0.0549802984375 0.8020386281249999 0.078867875 0.8144165828125001 0.1371284875 0.89076535625 0.11167136562499999 0.889507459375 0.055837335937499996 0.840407796875 0.0549802984375
2 0.921309384375 0.15238920625000002 0.9016516765624999 0.1274887671875 0.8478546703125 0.139944634375 0.82287631875 0.164065946875 0.8264828874999999 0.2132435234375 0.8572606531250001 0.2405705453125 0.9042453828125 0.23469321875000002 0.924915953125 0.20156678125 0.921309384375 0.15238920625000002
2 0.7585712578125 0.0111346625 0.7888036359374999 0.069706925 0.83390716875 0.043704415625 0.8457284406250001 0.0059585484375 0.7585712578125 0.0111346625
2 0.959689846875 0.2557533515625 0.9354906218749999 0.23523860624999998 0.8835748125 0.2678196546875 0.8916449859375 0.3170751453125 0.9137292765625 0.3308555234375 0.9472452765625 0.329208065625 0.9678379343750001 0.300545234375 0.959689846875 0.2557533515625
2 0.955782925 0.35168191875 0.9157662984374999 0.34205349375 0.8864022546875001 0.3616332890625 0.8810816109375 0.410655040625 0.9004276687500001 0.453409903125 0.9337878421875001 0.4606896546875 0.9717674468749999 0.459120109375 0.9925159296875 0.421530065625 0.955782925 0.35168191875
2 0.143940765625 0.17900487812500002 0.115433759375 0.14948500781250001 0.0679036421875 0.186607575 0.0892867203125 0.240560409375 0.1182612015625 0.2432986421875 0.143317465625 0.2147137234375 0.143940765625 0.17900487812500002
2 0.002530396875 0.3506702140625 0.02015108125 0.3643726828125 0.065332528125 0.3339065671875 0.066345390625 0.275879690625 0.0335306046875 0.23735469843749998 0.0042444734375 0.2524708875 0.002530396875 0.3506702140625
2 0.997859165625 0.62701175625 0.9994174156250001 0.5377396421875 0.9797597093749999 0.512839203125 0.9438950374999999 0.5211431140625 0.9186050375000001 0.5631188500000001 0.9222895171875001 0.6078328203125001 0.948447853125 0.6440091421874999 0.997859165625 0.62701175625
2 0.2593186171875 0 0.2755668828125 0.0562833796875 0.320436678125 0.0436716875 0.3191204609375 0 0.2593186171875 0
2 0.08476779375 0.49944954375000006 0.06072439375000001 0.47000758749999993 0.017891618749999998 0.4938172484375 0.012648889062499998 0.5383753953125 0.0344994421875 0.5655465921875 0.072479046875 0.563977046875 0.0885301859375 0.5396999078125 0.08476779375 0.49944954375000006
2 0.7484375 0.51171875 0.1640625 0.2
2 0.29296875 0.31640625 0.153125 0.215625