2 0.38203125 0.8578125 0.1265625 0.1484375
2 0.30390625 0.709375 0.1546875 0.1703125
2 0.40234375 0.7359375 0.1015625 0.121875
2 0.334375 0.58515625 0.1125 0.1375
2 0.21015625 0.42265625 0.1109375 0.146875
2 0.30078125 0.39296875 0.1109375 0.159375
2 0.396875 0.46328125 0.0875 0.1265625
2 0.02890625 0.41171875 0.0578125 0.1140625
2 0.04140625 0.21875 0.0828125 0.15625
2 0.11171875 0.275 0.103125 0.125
2 0.10859375 0.1640625 0.096875 0.1140625
2 0.2796875 0.153125 0.14375 0.178125
2 0.44453125 0.13125 0.13125 0.1625
2 0.53046875 0.221875 0.0953125 0.109375
2 0.5359375 0.3609375 0.0984375 0.1171875
2 0.60625 0.40078125 0.09375 0.128125
2 0.5359375 0.5453125 0.1421875 0.1796875
2 0.6234375 0.67890625 0.1234375 0.128125
2 0.74453125 0.63828125 0.109375 0.146875
2 0.89453125 0.85703125 0.125 0.1453125
2 0.81796875 0.9296875 0.1265625 0.0890625
2 0.70234375 0.20546875 0.1515625 0.1515625
2 0.73125 0.06484375 0.15 0.1296875
2 0.11953125 0.94453125 0.1265625 0.1109375
2 0.3015625 0.05078125 0.1234375 0.078125
2 0.646875 0.96875 0.0953125 0.046875
2 0.8453125 0.5640625 0.159375 0.246875