0 0.6265625 0.921875 0.1359375 0.15625
0 0.4046875 0.8109375 0.06796875 0.08671875
0 0.82734375 0.51796875 0.10859375 0.14765625
0 0.70546875 0.47109375 0.09453125 0.12265625
0 0.9296875 0.15234375 0.08203125 0.0984375
0 0.93125 0.03515625 0.071875 0.06953125
0 0.75390625 0.07421875 0.1078125 0.1484375
0 0.6203125 0.203125 0.07578125 0.10546875
0 0.59765625 0.06953125 0.11953125 0.1390625
0 0.48984375 0.17734375 0.059375 0.078125
0 0.38671875 0.26875 0.07421875 0.10078125
0 0.3328125 0.35 0.0828125 0.10546875
0 0.253125 0.34296875 0.053125 0.0734375
0 0.25 0.17265625 0.06640625 0.08515625
0 0.0875 0.46953125 0.0671875 0.1
0 0.36171875 0.4796875 0.0609375 0.0625