1 0.053125 0.25 0.10625 0.1625
1 0.08828125 0.3828125 0.1609375 0.1765625
1 0.23203125 0.2796875 0.09375 0.1015625
1 0.23828125 0.18984375 0.1109375 0.1234375
1 0.325 0.12109375 0.1296875 0.146875
1 0.40234375 0.27890625 0.153125 0.1578125
1 0.47421875 0.4921875 0.14375 0.15625
1 0.0984375 0.71953125 0.1375 0.1609375
1 0.47578125 0.684375 0.1390625 0.1515625
1 0.54765625 0.85546875 0.165625 0.1796875
1 0.475 0.98046875 0.134375 0.0390625
1 0.803125 0.85 0.140625 0.1390625
1 0.6828125 0.73359375 0.1546875 0.1859375
1 0.8703125 0.60390625 0.178125 0.1875
1 0.9640625 0.48984375 0.071875 0.1640625
1 0.74375 0.365625 0.146875 0.159375
1 0.678125 0.2625 0.121875 0.125