2 0.600041659375 0.7033614125 0.5921515578125 0.6387638984375 0.5654190515625 0.62197505 0.511687484375 0.649363290625 0.4817413640625 0.69467165 0.48510638906250003 0.7474809312499999 0.5211268203125 0.7708484140625 0.57235808125 0.7545638875 0.600041659375 0.7033614125
2 0.5293986187499999 0.5986075671875 0.5165079015625 0.5562174828125 0.48977539375 0.539428634375 0.43604382656249996 0.566816875 0.416070153125 0.61167848125 0.4289608703125 0.65406856875 0.46679709062499997 0.6733577234375 0.5112407328125 0.6393908484375 0.5293986187499999 0.5986075671875
2 0.29005995156250003 0.6093295875 0.2673482015625 0.6822927375 0.29815903593750004 0.700897375 0.3847549953125 0.6710376124999999 0.39564972656249997 0.6465676453125 0.38320576093750003 0.614150003125 0.29005995156250003 0.6093295875
2 0.2146828484375 0.4658172328125 0.1793469359375 0.43542436406249996 0.1147206359375 0.4872825703125 0.12216398749999999 0.5419076406250001 0.147765225 0.5557494296875001 0.1912865796875 0.5458057703125 0.21533858125 0.502759953125 0.2146828484375 0.4658172328125
2 0 0.7701514 0.01571698125 0.7755036015625 0.07284235624999999 0.7569565359375 0.09281603125 0.7120949296875 0.0812943515625 0.655654071875 0.0409578234375 0.64746863125 0 0.6761862359374999 0 0.7701514
2 0.24776370625 0.8250630015624999 0.2326104515625 0.7767787984375001 0.20995627187500002 0.7618057406250001 0.173460303125 0.7724339171875 0.14532997187500002 0.8136639484374999 0.14643245625 0.8605791125 0.174296234375 0.88031501875 0.22371170468749998 0.8681088203125 0.24776370625 0.8250630015624999
2 0.778762259375 1 0.79205468125 0.9745483421875001 0.78550483125 0.9398681640625 0.758772325 0.923079315625 0.7082255828124999 0.9323384562499999 0.6918834859375 0.96904340625 0.6938560500000001 1 0.778762259375 1
2 0.684915671875 0.8804226765625 0.6645240328125 0.8713437328125 0.6380005078125001 0.8815251609375 0.6198426218749999 0.9223084406250001 0.645206090625 0.9531480609375 0.6769392125 0.94772948125 0.6919122718749999 0.9250753015625 0.684915671875 0.8804226765625
2 0.7578425546875 0.6123555171875 0.7364998421875 0.671267896875 0.770019965625 0.70573909375 0.8266985921875 0.677219584375 0.8460165328125001 0.5954152578125 0.7898134453125001 0.58993910625 0.7578425546875 0.6123555171875
2 0.749116521875 0.43987690312499994 0.6808874312500001 0.4559236609375 0.66272954375 0.49670694062500004 0.6669880703125 0.5694611093749999 0.703008503125 0.5928285921875001 0.8208908328125 0.54757780625 0.8317855640625 0.5231078390625 0.749116521875 0.43987690312499994
2 0.6529948671875 0.4801558609375 0.6144741296875 0.46789209062500003 0.5784249109374999 0.4884927140625 0.5530038703125 0.5455893046875 0.5810766296875001 0.5922954859375 0.6121252328125 0.5939022921875 0.649990240625 0.569223340625 0.6529948671875 0.4801558609375
2 0.8722084484374999 0.3993889625 0.8813161781250001 0.3350292171875 0.8670564234375 0.306689903125 0.8190099890625 0.30484533125 0.7870391 0.327261740625 0.7675121765624999 0.3820957921875 0.7996632625 0.4306177625 0.84363136875 0.4306465484375 0.8722084484374999 0.3993889625
2 1 0.3172030171875 0.9921731218750001 0.2890939125 0.9672564046875 0.2682267359375 0.92486631875 0.2811174515625 0.8867635437500001 0.322794234375 0.8817341421875 0.3889697671875 0.911175940625 0.4216251765625 0.9705638562500001 0.40897222656250004 1 0.3674133484375 1 0.3172030171875
2 0.9106353484374999 0.20881003437499998 0.8616954140624999 0.1870205703125 0.827461984375 0.20354286406250002 0.7984093671875 0.2687961125 0.8196945078125 0.29781994375 0.874766328125 0.3003490375 0.8990273125 0.28427349375 0.9106353484374999 0.20881003437499998
2 0.1800681140625 0 0.1873159109375 0.0333705453125 0.2233363421875 0.05673802812499999 0.303144684375 0.009195915624999999 0.3040406890625 0 0.1800681140625 0
2 1 0.18018297187500001 0.9890746515625001 0.17531869375 0.952103146875 0.21994253437500003 0.97972915625 0.2566762703125 1 0.24889502187499998 1 0.18018297187500001
2 0.2125 0.26875 0.1921875 0.2421875
2 0.31484375 0.8453125 0.2640625 0.278125