0 0.334375 0.771875 0.0578125 0.0671875
0 0.1609375 0.56328125 0.1015625 0.15625
0 0.03984375 0.57734375 0.0796875 0.1140625
0 0.2859375 0.959375 0.121875 0.08125
0 0.7796875 0.83046875 0.1125 0.109375
0 0.96015625 0.73828125 0.0796875 0.1703125
0 0.80078125 0.69140625 0.0765625 0.0859375
0 0.78125 0.60703125 0.0796875 0.071875
0 0.803125 0.54765625 0.0640625 0.0734375
0 0.615625 0.68203125 0.0859375 0.096875
0 0.52578125 0.64765625 0.096875 0.096875
0 0.5234375 0.7421875 0.09375 0.1015625
0 0.63125 0.30546875 0.0734375 0.0828125
0 0.7578125 0.359375 0.0640625 0.090625
0 0.5296875 0.13984375 0.0671875 0.0828125
0 0.31484375 0.3125 0.1 0.1078125
0 0.2421875 0.27421875 0.15625 0.1765625
0 0.18125 0.21328125 0.1015625 0.0828125
0 0.165625 0.07734375 0.0796875 0.078125
0 0.53671875 0.03125 0.1265625 0.0625
0 0.28515625 0.0578125 0.08125 0.0703125
0 0.37421875 0.97265625 0.0890625 0.0546875
0 0.5921875 0.7359375 0.05 0.0671875