2 0.25390625 0.196875 0.11015625 0.1328125
2 0.32109375 0.12734375 0.09296875 0.1203125
2 0.13046875 0.3328125 0.09765625 0.13671875
2 0.1828125 0.46875 0.10546875 0.15703125
2 0.28046875 0.3515625 0.109375 0.1375
2 0.2625 0.50234375 0.0859375 0.12734375
2 0.30859375 0.68671875 0.0921875 0.1390625
2 0.20703125 0.66875 0.084375 0.103125
2 0.36015625 0.53828125 0.09921875 0.12109375
2 0.0359375 0.5609375 0.071875 0.121875
2 0.025 0.678125 0.04921875 0.13046875
2 0.25078125 0.81171875 0.1 0.1296875
2 0.06796875 0.95859375 0.09921875 0.08203125
2 0.4828125 0.47109375 0.096875 0.11796875
2 0.509375 0.61328125 0.09296875 0.1140625
2 0.33125 0.88203125 0.1140625 0.1453125
2 0.27578125 0.95546875 0.125 0.08828125
2 0.58203125 0.571875 0.09296875 0.1171875
2 0.66171875 0.5125 0.10625 0.13984375
2 0.775 0.4828125 0.09453125 0.12578125
2 0.834375 0.06328125 0.09296875 0.1203125
2 0.75625 0.109375 0.0875 0.1125
2 0.96875 0.08515625 0.0625 0.12890625
2 0.640625 0.940625 0.10390625 0.11875
2 0.76796875 0.8765625 0.08515625 0.11015625
2 0.02109375 0.9171875 0.0421875 0.121875