2 0.871875 0.65390625 0.115625 0.13125
2 0.940625 0.42265625 0.11875 0.1453125
2 0.79140625 0.17734375 0.175 0.203125
2 0.771875 0.3875 0.1765625 0.203125
2 0.78984375 0.6046875 0.1328125 0.153125
2 0.58046875 0.80625 0.1078125 0.11875
2 0.7140625 0.84921875 0.11875 0.1484375
2 0.46015625 0.91484375 0.1125 0.1296875
2 0.5875 0.54375 0.1296875 0.146875
2 0.6828125 0.57109375 0.11875 0.125
2 0.6953125 0.46953125 0.115625 0.125
2 0.69921875 0.0859375 0.1171875 0.134375
2 0.5515625 0.11875 0.1265625 0.1421875
2 0.6109375 0.03828125 0.121875 0.0765625
2 0.57421875 0.24296875 0.103125 0.121875
2 0.4515625 0.24375 0.121875 0.1359375
2 0.759375 0.0546875 0.10625 0.109375
2 0.8765625 0.1390625 0.1109375 0.153125
2 0.92890625 0.2828125 0.09375 0.15625
2 0.95390625 0.56953125 0.090625 0.103125
2 0.37109375 0.290625 0.15 0.175
2 0.446875 0.11875 0.1125 0.1359375
2 0.24609375 0.290625 0.140625 0.1671875
2 0.24453125 0.1015625 0.1078125 0.1140625
2 0.1125 0.29140625 0.1140625 0.13125
2 0.0328125 0.45078125 0.065625 0.1515625
2 0.03046875 0.33671875 0.0609375 0.1390625
2 0.021875 0.1859375 0.04375 0.134375
2 0.4125 0.95234375 0.1375 0.0953125
2 0.2828125 0.878125 0.1578125 0.196875
2 0.16328125 0.9625 0.1109375 0.075
2 0.11875 0.89375 0.0828125 0.134375
2 0.671875 0.93671875 0.109375 0.0890625
2 0.0234375 0.55234375 0.046875 0.1078125
2 0.65859375 0.3625 0.125 0.1484375
2 0.70078125 0.25234375 0.13125 0.15
2 0.80859375 0.2921875 0.1296875 0.140625