2 0.66875 0.1625 0.121875 0.1328125
2 0.59140625 0.13125 0.146875 0.178125
2 0.53046875 0.05078125 0.1203125 0.1015625
2 0.50234375 0.1671875 0.121875 0.1578125
2 0.47890625 0.29453125 0.1796875 0.2
2 0.35859375 0.225 0.1265625 0.1515625
2 0.39609375 0.371875 0.1203125 0.1375
2 0.40234375 0.4671875 0.115625 0.1234375
2 0.47421875 0.50859375 0.1390625 0.1953125
2 0.5703125 0.50078125 0.1578125 0.196875
2 0.40625 0.565625 0.1234375 0.1375
2 0.46640625 0.653125 0.1140625 0.1265625
2 0.1734375 0.4734375 0.15625 0.175
2 0.0828125 0.553125 0.165625 0.2375
2 0.090625 0.71953125 0.1359375 0.178125
2 0.6484375 0.95078125 0.1078125 0.075
2 0.35 0.053125 0.1203125 0.0859375
2 0.16484375 0.940625 0.1578125 0.11875
2 0.525 0.96015625 0.140625 0.0796875
2 0.3078125 0.58984375 0.1734375 0.20625
2 0.82890625 0.88125 0.2109375 0.1453125
2 0.821875 0.06015625 0.15625 0.1203125