0 0.69609375 0.9390625 0.125 0.121875
0 0.61640625 0.93203125 0.0984375 0.1359375
0 0.6046875 0.75 0.10546875 0.18125
0 0.6796875 0.82109375 0.12421875 0.14765625
0 0.82890625 0.76015625 0.1515625 0.190625
0 0.88828125 0.63203125 0.13515625 0.17890625
0 0.96640625 0.3125 0.0671875 0.16875
0 0.89296875 0.2078125 0.11875 0.16015625
0 0.8390625 0.33125 0.10234375 0.12109375
0 0.7125 0.334375 0.14765625 0.15703125
0 0.6671875 0.4421875 0.08828125 0.134375
0 0.528125 0.43125 0.1125 0.134375
0 0.46328125 0.3109375 0.12421875 0.13046875
0 0.56640625 0.2703125 0.14140625 0.1484375
0 0.63984375 0.17734375 0.1265625 0.11328125
0 0.74453125 0.15546875 0.09296875 0.1359375
0 0.58671875 0.0625 0.1203125 0.125
0 0.48828125 0.1203125 0.11015625 0.1453125
0 0.40546875 0.09296875 0.08125 0.096875
0 0.284375 0.07265625 0.16015625 0.1453125
0 0.190625 0.47421875 0.09140625 0.1234375
0 0.03828125 0.171875 0.07578125 0.11171875