1 0.17578125 0.88984375 0.1203125 0.1453125
1 0.103125 0.59453125 0.1109375 0.1546875
1 0.05234375 0.44765625 0.1046875 0.1515625
1 0.16171875 0.45546875 0.1140625 0.178125
1 0.60390625 0.61015625 0.1140625 0.1609375
1 0.6765625 0.92265625 0.1015625 0.1296875
1 0.9125 0.6953125 0.109375 0.1421875
1 0.9546875 0.59609375 0.0875 0.1265625
1 0.56171875 0.215625 0.1109375 0.1296875
1 0.61484375 0.103125 0.1 0.125
1 0.71015625 0.14140625 0.109375 0.1484375
1 0.328125 0.05234375 0.1125 0.1046875
1 0.25546875 0.14453125 0.10625 0.1359375