0 0.34921875 0.56796875 0.1453125 0.175
0 0.17265625 0.56640625 0.1703125 0.225
0 0.28359375 0.7171875 0.1953125 0.246875
0 0.41015625 0.75625 0.1921875 0.246875
0 0.57421875 0.76953125 0.1625 0.19375
0 0.64375 0.65625 0.171875 0.1796875
0 0.7046875 0.5484375 0.1640625 0.175
0 0.95234375 0.2375 0.0953125 0.184375
0 0.65625 0.175 0.11875 0.140625
0 0.5390625 0.24453125 0.19375 0.2484375
0 0.4375 0.2265625 0.1109375 0.1609375
0 0.53984375 0.0890625 0.171875 0.1375
0 0.45234375 0.040625 0.1765625 0.08125