1 0.71953125 0.82421875 0.115625 0.1421875
1 0.63671875 0.89453125 0.1171875 0.1421875
1 0.76328125 0.6421875 0.115625 0.1578125
1 0.65703125 0.35 0.121875 0.15
1 0.56640625 0.33671875 0.1078125 0.1703125
1 0.39609375 0.678125 0.1203125 0.1296875
1 0.0328125 0.87734375 0.065625 0.1140625
1 0.03671875 0.55703125 0.0734375 0.1703125
1 0.31328125 0.25625 0.115625 0.159375
1 0.28828125 0.125 0.121875 0.146875
1 0.39921875 0.05 0.1265625 0.1
1 0.26484375 0.0375 0.1140625 0.075
1 0.1703125 0.04296875 0.134375 0.0859375
1 0.17421875 0.140625 0.1484375 0.1671875