2 0.7822926171875 0.7232485953125 0.7439394109374999 0.6947705531249999 0.7083781124999999 0.700323396875 0.67930029375 0.75278116875 0.6830228390624999 0.7981556859375 0.7170847 0.8278642515625 0.7676812 0.8342548125 0.8007504765625001 0.7876187984375 0.7822926171875 0.7232485953125
2 0.832796196875 0.632137728125 0.799695946875 0.646273265625 0.78289239375 0.7091440312499999 0.8050108500000001 0.7538877984375 0.8540769375 0.76303929375 0.8877459906249999 0.702298715625 0.8686883578125 0.652033078125 0.832796196875 0.632137728125
2 0.6246813609374999 0.7080683750000001 0.6489300046875 0.7359466421875 0.682960890625 0.733154734375 0.73439510625 0.6533874953125001 0.6377933421875001 0.6323235703125001 0.61606769375 0.678028946875 0.6246813609374999 0.7080683750000001
2 0.7925507421875 0.5484719499999999 0.7584888828125 0.5187633843749999 0.7229275828125 0.524316228125 0.70549328125 0.5687910828125 0.71227665 0.608643728125 0.7487995578125 0.6469349875 0.7717867046875 0.6380214328125 0.7999648609375 0.6067205078125 0.7925507421875 0.5484719499999999
2 0.7090919312499999 0.4841636953125 0.6602947578125 0.43545944218750005 0.638838025 0.44161206249999996 0.6054998328125001 0.527800834375 0.6141135 0.5578402625 0.6610494015625 0.58385725625 0.6840365484375 0.574943703125 0.7060930562500001 0.5546865171875 0.7090919312499999 0.4841636953125
2 0.9053253109374999 0.48826919999999996 0.8712634515625 0.45856063281250004 0.8387629750000001 0.45859160625 0.8005026875000001 0.5276149921875 0.8122081515625 0.584633025 0.8775399640625 0.6100192703125 0.9048184562499999 0.5998751921875 0.9225526453124999 0.5483480562499999 0.9053253109374999 0.48826919999999996
2 0.9935823218750001 0.439740940625 0.9947818734375 0.4115318109375 0.9701713953125 0.325704875 0.908531153125 0.31319266875 0.8763925125 0.37117231093749997 0.8782847593750001 0.42636004375000003 0.9326038046875 0.47812512187499995 0.9654041671875 0.471041865625 0.9935823218750001 0.439740940625
2 0.8300254125000001 0.29855027500000003 0.80427733125 0.30593341875 0.781321159375 0.34734745 0.7991792421875 0.4258222171875 0.8574278 0.4184081 0.8727009406249999 0.35829827187499996 0.8603957015624999 0.3153848015625 0.8300254125000001 0.29855027500000003
2 0.7254407296875 0.265842834375 0.7389764921875 0.3130476484375 0.783751234375 0.3234296671875 0.80517699375 0.284776571875 0.7928717562500001 0.2418631046875 0.7410447312499999 0.231181196875 0.7254407296875 0.265842834375
2 0.5125632859375 1 0.5304885453125 0.9626432328125001 0.5249357015625 0.9270819328125001 0.5034479921874999 0.9007340765625 0.4614341875 0.8918824687500001 0.43418666874999995 0.9345270250000001 0.44895295625 0.9860231859375 0.4649778390625 1 0.5125632859375 1
2 0.1507311109375 0.45618122968749997 0.1302050140625 0.4736774796875 0.130897709375 0.5570743421875 0.160668225 0.5880134328125 0.20757315312500002 0.581529953125 0.22776838906250002 0.5385855109375 0.2142326265625 0.49138069375000004 0.1507311109375 0.45618122968749997
2 0.11132337343750001 0.28635765625 0.0721014765625 0.3115369359375 0.06081979375 0.37746852343750004 0.0939819921875 0.42833393593749997 0.14181755625 0.4331940859375 0.1711952625 0.37368402968750003 0.145985009375 0.3019616578125 0.11132337343750001 0.28635765625
2 0.1971503109375 0.261747178125 0.1671108828125 0.27036084531250004 0.1613510703125 0.3393532546875 0.2021653265625 0.3764139921875 0.2263829953125 0.371791784375 0.24720898125000001 0.347243253125 0.24102538906249998 0.29328604375 0.1971503109375 0.261747178125
2 0 0.292895509375 0.050313881250000005 0.29224136093749997 0.071739640625 0.25358826562500003 0.058203878125 0.20638345 0.025372540625000002 0.18096623125 0 0.188241690625 0 0.292895509375
2 0.24576164218750002 0.1154485765625 0.21169978125000002 0.08574000781249999 0.1761384828125 0.09129285312499999 0.153182309375 0.132706884375 0.164257025 0.17132900625 0.1995494109375 0.2053289203125 0.2292889515625 0.203767534375 0.2562365828125 0.16817526249999998 0.24576164218750002 0.1154485765625
2 0.199725403125 0.0682747328125 0.24543078125 0.0900003828125 0.2684179265625 0.0810868265625 0.28708275156249996 0.040903320312500005 0.199725403125 0.0682747328125
2 0.4757260203125 0.12381445312499999 0.5097878812500001 0.153523021875 0.52848368125 0.1458399890625 0.5443875703125001 0.10412607031250001 0.5216693390625 0.0734868671875 0.4864079265625 0.0719874296875 0.4757260203125 0.12381445312499999
2 0.8828125 0.8859375 0.1046875 0.071875
2 0.64453125 0.96484375 0.0890625 0.0484375