2 0.61835216875 0.37034935625 0.6556305625000001 0.4089522609375 0.6914173203125 0.40511195468750005 0.725790359375 0.35436483281250003 0.717953921875 0.2917185265625 0.6827125515625 0.2643135921875 0.640191428125 0.27026883125 0.6149014265625 0.31224456875 0.61835216875 0.37034935625
2 0.7287736265625 0.43925125625000006 0.7615884125 0.4777762484375 0.801838778125 0.4740138546875 0.8271287796875001 0.43203811875 0.8233663859375 0.3917877546875 0.7928223578125 0.3510699140625 0.7638478765625 0.34833168125 0.7296306640625 0.39015159062500004 0.7287736265625 0.43925125625000006
2 0.6020785890625 0.53526903125 0.63920115625 0.5827991484374999 0.6773365859375 0.572302390625 0.705053171875 0.5192065968749999 0.69298686875 0.443091559375 0.662131190625 0.42022814375 0.6330787953125 0.421953515625 0.598705759375 0.4727006375 0.6020785890625 0.53526903125
2 0.48519039218750004 0.8368464124999999 0.50954544375 0.8484339453124999 0.5436068296875 0.8155412453125 0.5625520296875 0.7533624140625 0.5455546421874999 0.7039511015625 0.49715619218749996 0.6629216109375 0.47014082031250004 0.675844953125 0.45065023281250005 0.769269025 0.48519039218750004 0.8368464124999999
2 0.9924052890624999 0.9394641609375001 0.9934181515624999 0.8814372859375 0.9627962109375 0.845183053125 0.9292023 0.8512941171874999 0.8993707796875 0.8976555453125 0.9073630421875001 0.951374640625 0.944953084375 0.9721231234375001 0.9924052890624999 0.9394641609375001
2 0.20634319531249998 0.9525331906250001 0.24800728125 0.9956776140624999 0.29726277031250004 0.9876074406249999 0.3225527703125 0.9456317046875 0.3194915921875 0.8652088890625 0.2800982640625 0.8198716171875 0.242118659375 0.821441165625 0.198584671875 0.8854232796874999 0.20634319531249998 0.9525331906250001
2 0.1833126578125 0.865064359375 0.23546220624999997 0.8190924921875 0.214079128125 0.7651396609375001 0.180641040625 0.7623235125 0.155428953125 0.79983564375 0.1833126578125 0.865064359375
2 0.2279600109375 0.9930952062499999 0.1842589046875 0.9387528109375 0.1483942328125 0.947056721875 0.1364171375 0.9937298015625 0.2279600109375 0.9930952062499999
2 0.21705109843749998 0.7227743624999999 0.2885467046875 0.71955735625 0.30451993125 0.699743825 0.30561070625000003 0.63725334375 0.2437435265625 0.600453721875 0.19863999375000002 0.6264562312499999 0.1929297875 0.6977960109375 0.21705109843749998 0.7227743624999999
2 0.2860309109375 0.6078892984375 0.30646774374999997 0.5881536796875 0.3117883875 0.539131928125 0.27678075468749996 0.49833617500000005 0.23614082656250002 0.5244165984375 0.23082018437500001 0.57343835 0.2860309109375 0.6078892984375
2 0.1457000234375 0.589812434375 0.1698213375 0.614790784375 0.2011444890625 0.6108725671874999 0.221737146875 0.5822097359375 0.2223604484375 0.546500890625 0.1960462890625 0.5192517796875 0.1626082 0.5164356328124999 0.1420155421875 0.5450984640625001 0.1457000234375 0.589812434375
2 0.1387206265625 0.478066465625 0.20285856562500001 0.5126732390625001 0.24161729531249998 0.466467634375 0.2424743328125 0.41736797187499997 0.21200821875 0.3721865265625 0.155940453125 0.3868352390625 0.13519197031250002 0.4244252828125 0.1387206265625 0.478066465625
2 0.1098127609375 0.34361290312500004 0.1382418546875 0.37759637968750004 0.17849221875000001 0.3738339859375 0.21725095 0.32762838125 0.21787425 0.29191953437499996 0.183178265625 0.233269359375 0.1407350546875 0.23476099375 0.10612828125 0.29889893437500004 0.1098127609375 0.34361290312500004
2 0.06345133281250001 0.313781384375 0.09704524375 0.30767031875 0.12037613437500001 0.25003300624999997 0.0853685015625 0.20923725625 0.06532123281249999 0.20665484531249997 0.04003123125 0.24863058124999998 0.06345133281250001 0.313781384375
2 0 0.4980001703125 0.0330078078125 0.52310338125 0.0688724796875 0.5147994687499999 0.089698875 0.47274582187499997 0.08585856875 0.4369590625 0.055314540625 0.3962412234375 0.0217985421875 0.39788868125 0.001205884375 0.4265515140625 0 0.49563660781249996 0 0.4980001703125
2 0.105493684375 0.2073560578125 0.13227531875 0.2078235328125 0.15733158281249998 0.17923861562500001 0.1580327953125 0.1390661640625 0.1184836421875 0.1026561046875 0.0780774546875 0.115345709375 0.0684490296875 0.15536233593749998 0.105493684375 0.2073560578125
2 0.1097514078125 0 0.1021874703125 0.013072339062499999 0.1144096 0.0802601625 0.165078809375 0.11909680625 0.21276475156250002 0.07304702656249999 0.20118481093749999 0 0.1097514078125 0
2 0.36195623593750004 0.22299504374999998 0.395004759375 0.24812921875 0.4470763953125 0.206620959375 0.443469828125 0.15744338125 0.4126920625 0.130116359375 0.38363966718750003 0.13184173125 0.35850549374999996 0.16489025625 0.36195623593750004 0.22299504374999998
2 0.556462396875 0.0790462921875 0.593740790625 0.117649196875 0.6206003375 0.113653065625 0.6458124265625 0.0761409359375 0.633668209375 0.0044895046875 0.5600576703125 0.000972146875 0.5530895671875 0.0164778984375 0.556462396875 0.0790462921875
2 0.8650078796875 0.1804287359375 0.882862303125 0.1807403859375 0.912304259375 0.1566969859375 0.917858640625 0.09428441875 0.8801127734374999 0.082463146875 0.8737679703125 0.062260053125000006 0.8377474734374999 0.079491175 0.8279632250000001 0.1284350140625 0.8650078796875 0.1804287359375
2 0.43359375 0.49609375 0.134375 0.2078125
2 0.93828125 0.98125 0.1046875 0.0375
2 0.03046875 0.69296875 0.0609375 0.1859375