2 0.6685933515625 0.1427996265625 0.6837251140625 0.1850363921875 0.7199810796875 0.2105039171875 0.76762953125 0.198623825 0.7876853703125 0.159116190625 0.7714852421875 0.0941410296875 0.7162883765625 0.0572926640625 0.691924146875 0.0610668703125 0.6740399671875 0.09083114375 0.6685933515625 0.1427996265625
2 0.7377837546875 0.309586671875 0.7729597125 0.33072251874999997 0.790286421875 0.326402484375 0.8081822437499999 0.2782314953125 0.79846216875 0.2392463984375 0.7584203515625 0.2078213625 0.7210610875000001 0.2148355953125 0.7075085875 0.243519859375 0.7377837546875 0.309586671875
2 0.627366734375 0.27270337499999997 0.6582110140624999 0.2949192296875 0.703165265625 0.263006584375 0.7021085453125 0.221861471875 0.6490949828125 0.156863025 0.6133499109375 0.17957813281249999 0.6111549625 0.22613493125 0.627366734375 0.27270337499999997
2 0.701446284375 0.41296617031249994 0.7415113875 0.40757777187500005 0.758315559375 0.373481821875 0.7475154734375 0.33016505 0.6944902671875 0.28357332031250004 0.6576535453125001 0.32036346875 0.6738536734375 0.3853386296875 0.701446284375 0.41296617031249994
2 0.605092659375 0.39558124375000003 0.6354144015625 0.388021184375 0.638155175 0.334426865625 0.5981133578125 0.3030018296875 0.56561995625 0.3203052515625 0.5720883640625 0.3647020328125 0.605092659375 0.39558124375000003
2 0.4953146140625 0.204406684375 0.527238903125 0.2309542171875 0.56947566875 0.2158224546875 0.5895431515625 0.1579081015625 0.5755030421875 0.101596296875 0.52679786875 0.072331278125 0.49159862499999996 0.088008865625 0.4704627765625 0.12318482187499999 0.4953146140625 0.204406684375
2 0.407601059375 0.22167517656250002 0.44277701562500005 0.2428110234375 0.46876707968750003 0.23633097187500002 0.486651259375 0.20656670156249998 0.4693711234375 0.1372598640625 0.4412326875 0.11666984218750001 0.4082051015625 0.122604065625 0.3870692546875 0.1577800234375 0.407601059375 0.22167517656250002
2 0.5315073781249999 0 0.5490253671875001 0.023080278125 0.5890904734375 0.017691879687500002 0.5952207578125 0 0.5315073781249999 0
2 0.4478344265625 0 0.42289582968749995 0.006217890625 0.469963525 0.056595471875000004 0.5100286296875 0.05120707343749999 0.528992815625 0.025774478125 0.524632790625 0 0.4478344265625 0
2 0 0.5432477609374999 0.02355624375 0.55437741875 0.061461331249999994 0.5403256640625 0.084768840625 0.49540634375000003 0.05883699375 0.40985280625 0.018795175 0.37842776875 0 0.381956578125 0 0.5432477609374999
2 0.0408363796875 0.62368425625 0.024032209375 0.6577802046875 0.04131234375 0.7270870421875 0.080819978125 0.7471428828125 0.1143933890625 0.7341711375 0.12903754375 0.6914118328125001 0.1117457640625 0.6405117125 0.0738639640625 0.61775003125 0.0408363796875 0.62368425625
2 0.1923170078125 0.78835785625 0.22479876562499998 0.7894611515625 0.243762953125 0.76402855625 0.241626225 0.7185517671875 0.2243228015625 0.686058365625 0.18318933125 0.6687083687500001 0.156107615625 0.689263459375 0.15282101718750002 0.7498952984375 0.1923170078125 0.78835785625
2 0.33458845625 0.9622289921875 0.378416125 0.9996115421875 0.40765785781249997 0.98771980625 0.42447367187499996 0.9352171390624999 0.3974385296875 0.8821453578125 0.36928844843749997 0.8799620546875 0.349255896875 0.882656253125 0.3248683796875 0.9232438984375 0.33458845625 0.9622289921875
2 0.5148850828125 1 0.5013289265624999 0.9666654625 0.46019545624999997 0.949315465625 0.42932788750000006 0.9639130453125 0.41673868125 1 0.5148850828125 1
2 1 0.8009339125 0.9583732812499999 0.769894340625 0.9085298828124999 0.82833123125 0.9436709109375 0.9046872328125 1 0.8906428140625 1 0.8009339125
2 0.806857721875 0.6604408921875 0.8420336796875001 0.681576740625 0.876164559375 0.6431607578125 0.844809384375 0.57276226875 0.8052784624999999 0.5895198640625 0.79280596875 0.6225358046875 0.806857721875 0.6604408921875
2 0.7890317609374999 0.5981715765625 0.812327625 0.571658971875 0.8134425640625 0.5207704953125 0.7853157703125 0.48177375624999996 0.7420106390625001 0.474167121875 0.7181805921875 0.48931052812500003 0.7051389875 0.566177425 0.7890317609374999 0.5981715765625
2 0.5005050734375 0.5573859921875 0.5529960984375 0.5926085249999999 0.5898211765625 0.57422509375 0.6087970078125 0.53038578125 0.5817735093749999 0.45890728281250004 0.5438917078125 0.4361456 0.5119441328125001 0.44641150312500005 0.48754497187499996 0.5054058640625 0.5005050734375 0.5573859921875
2 0.7423701703125001 0.7616370890625 0.7781035984375 0.7573286984375 0.8089944515624999 0.7059176828125 0.7949659859375 0.631199159375 0.766293365625 0.599239940625 0.7202823921875 0.590007471875 0.674782315625 0.6289576375 0.677987409375 0.6971728234375 0.7423701703125001 0.7616370890625
2 0.9964297343749999 0.5165552531250001 0.9607428812500001 0.4472367734375 0.920654490625 0.4894386078125 0.9558071609375001 0.547387890625 0.9964297343749999 0.5165552531250001
2 0.11796875 0.3515625 0.184375 0.24375
2 0.43359375 0.3734375 0.165625 0.2140625