2 0.8897971671875 0.29158829062499997 0.844704665625 0.28851004687500004 0.81993933125 0.3405196390625 0.8506640390625 0.40515680468750004 0.92697105625 0.413901725 0.9326596359374999 0.359705903125 0.9127565734375 0.3145914984375 0.8897971671875 0.29158829062499997
2 0.7838406421874999 0.454958265625 0.76255575625 0.494830096875 0.7785542671875 0.5421088296875001 0.8145215453124999 0.5655580437500001 0.8548612859375 0.5508537515625 0.849728221875 0.477135165625 0.8289331453125 0.45803651093750003 0.7838406421874999 0.454958265625
2 1 0.628524375 0.9935535328125 0.616894640625 0.9575862531249999 0.593445425 0.9259257312500001 0.600786621875 0.908545396875 0.6384941234375 0.9288725640625 0.693581959375 0.974813278125 0.7166070703125 1 0.7093823328125 1 0.628524375
2 1 0.7885517984375 0.9526582781249999 0.7595133421875 0.93139529375 0.7764038671875 0.92963316875 0.805454053125 0.9434892515625 0.8258469281249999 1 0.792096084375 1 0.7885517984375
2 0.7969221953125001 0.833078615625 0.8289630203125 0.881673465625 0.92093205 0.8357984593750001 0.8598629390625 0.7624601765625 0.8269081984375 0.7628623796875 0.7982602140624999 0.79405499375 0.7969221953125001 0.833078615625
2 0.7653492765625 0.748494584375 0.7215728953125 0.729374025 0.689912371875 0.736715221875 0.674272259375 0.76835384375 0.7093256234374999 0.8408001140625 0.7409642453124999 0.8564402234375 0.767426 0.8443243640625001 0.783936221875 0.8096513015625 0.7653492765625 0.748494584375
2 0.6265305640625 1 0.667136153125 0.976479821875 0.651985853125 0.94914795625 0.5804534984374999 0.9352042656249999 0.5457147296875 0.9876379640625 0.55060136875 1 0.6265305640625 1
2 0.3597576796875 0.467996015625 0.3155571921875 0.43890202343749996 0.286060996875 0.45014777187500005 0.280350515625 0.5273249015625 0.3158717875 0.563781990625 0.3431817515625 0.571612996875 0.363574625 0.5577569125 0.3800848484375 0.5230838515625 0.3597576796875 0.467996015625
2 0.48990212031249997 0.40351216093750003 0.46040592656249996 0.414757909375 0.46814932656249997 0.4793731734375 0.4889444015625 0.49847182968750003 0.528838134375 0.496775409375 0.543608134375 0.468171228125 0.5215407421875 0.419152271875 0.48990212031249997 0.40351216093750003
2 0.8508830546875 0.1753437359375 0.877279103125 0.23217179687499997 0.9340633609375001 0.2517383625 0.8578658515625 0.12808690625000002 0.8508830546875 0.1753437359375
2 0.304172059375 0.10067540625 0.32068228125 0.06600234375 0.31030664531249996 0.033471709375000006 0.22353638281250002 0.0841213796875 0.271641425 0.11105104218749999 0.304172059375 0.10067540625
2 0.167088625 0.1664534765625 0.2165097828125 0.17734082499999998 0.23690265781250003 0.163484740625 0.2416992234375 0.13530466562500001 0.2122468328125 0.1005878 0.1463154515625 0.12437351249999999 0.167088625 0.1664534765625
2 0.2480169953125 0.3308687765625 0.21466005312499997 0.298316240625 0.1773766546875 0.2909093390625 0.15046889375 0.3160330734375 0.14781475625 0.3710990078125 0.1837601328125 0.4175295296875 0.2297227453125 0.41757333281250003 0.254466178125 0.388545046875 0.2480169953125 0.3308687765625
2 0.1683828421875 0.17339246875 0.1475220609375 0.2232377328125 0.163520571875 0.270516465625 0.203392403125 0.29180135156250003 0.2376632609375 0.275356834375 0.25200915468749996 0.2367792203125 0.227777434375 0.1838557125 0.1683828421875 0.17339246875
2 0.05078125 0.32578125 0.1015625 0.2359375
2 0.60390625 0.1125 0.2421875 0.225
2 0.53046875 0.64140625 0.20625 0.253125