2 0.338993609375 0.583821009375 0.3164101828125 0.5278997609375 0.27110754375 0.5233858890625 0.2352271546875 0.5567646875000001 0.21825915468749998 0.6122645171875 0.2350913703125 0.664093309375 0.28187600156250003 0.6713944078125 0.32724653125000003 0.62224396875 0.338993609375 0.583821009375
2 0.30373831406249996 0.4166554484375 0.2627048953125 0.4134468046875 0.22125005625 0.449789590625 0.215430953125 0.49936144687499995 0.2302508859375 0.5272336890625 0.2599586484375 0.5293138625 0.3184903578125 0.4981920015625 0.30373831406249996 0.4166554484375
2 0.45961919375000004 0.49465674843749996 0.44035328125 0.45842283437500003 0.419007190625 0.45189667968749997 0.3870424953125 0.472467825 0.37268495625 0.5194292203125 0.39473809531250004 0.554181140625 0.42314062343750003 0.56053053125 0.45083610468749996 0.53865415625 0.45961919375000004 0.49465674843749996
2 0.4464170390625 0.362243109375 0.40164468906249995 0.3788985609375 0.403058790625 0.43535009843749994 0.4314613203125 0.44169948750000004 0.45488758125000006 0.4185178828125 0.4464170390625 0.362243109375
2 0.6158126234375 0.4723858703125 0.5965467078125 0.43615195625 0.5499388390625 0.43590730000000005 0.5140584484375 0.46928609843749997 0.49709044843749994 0.524785928125 0.5293407765625 0.571991978125 0.5701974359374999 0.5681441781250001 0.599198146875 0.541998584375 0.6158126234375 0.4723858703125
2 0.08906700937499999 0.1339494390625 0.060351931250000004 0.2278722265625 0.07647709531249999 0.2514752515625 0.1061848578125 0.253555425 0.1450292328125 0.2257510765625 0.153812325 0.18175366875 0.12731320468750001 0.1386400734375 0.08906700937499999 0.1339494390625
2 0.158306221875 0 0.14636137968750002 0.0534324828125 0.16580405781250002 0.096722840625 0.207014240625 0.10698792343750001 0.2497743109375 0.0663759203125 0.2615213875 0.0279529625 0.2502327671875 0 0.158306221875 0
2 1 0.326847921875 0.962312240625 0.323900896875 0.920503878125 0.346130796875 0.9094638500000001 0.4127795234375 0.9315169890625 0.4475314453125 0.972727171875 0.4577965296875 1 0.43189376093750004 1 0.326847921875
2 1 0.21243358125 0.9975534734375 0.2086320203125 0.9663637187499999 0.2037646203125 0.931788559375 0.2328742015625 0.9177845453125 0.2939484796875 0.936873696875 0.32312595312500003 0.97773035625 0.319278153125 1 0.3005288546875 1 0.21243358125
2 0.905412371875 0.5329157984374999 0.872033575 0.497035409375 0.815160621875 0.5380009359375 0.8106467484375001 0.583303575 0.8267719140625 0.6069066000000001 0.8733797828125001 0.60715125625 0.9005449750000001 0.564105553125 0.905412371875 0.5329157984374999
2 0.987588084375 0.6000538359375 0.9679686453125 0.5497070374999999 0.9312044421874999 0.5478036265624999 0.8936652953124999 0.5713387578125 0.8698176140625 0.6340717921875 0.890565521875 0.67309293125 0.9275064890625 0.6820527843749999 0.966350865625 0.654248434375 0.987588084375 0.6000538359375
2 0.8152425765625001 0.7667710640625 0.7976354171875 0.740380815625 0.756601996875 0.7371721734375 0.72629605625 0.7675869843750001 0.7162077328125 0.815853609375 0.73102766875 0.843725853125 0.7748483140625 0.8454525015625001 0.812033934375 0.8078044859375 0.8152425765625001 0.7667710640625
2 0.8719118515625001 0.88679846875 0.8513407046875001 0.854833771875 0.82442016875 0.8512716046875 0.78296533125 0.8876143890625 0.800151071875 0.9535560656250001 0.8242843828125 0.9586002265625 0.865739221875 0.9222574421875 0.8719118515625001 0.88679846875
2 0.868122003125 1 0.8869085484375001 0.9217271546875001 0.8064325703125 0.9788178468750001 0.812295434375 1 0.868122003125 1
2 0.5528715937500001 1 0.57138094375 0.9536380203125001 0.5616051703125 0.9016324656249999 0.5300618906250001 0.8826521843749999 0.502012884375 0.8904156765625 0.45124466874999997 0.9495865421874999 0.442108053125 0.9794710656250001 0.45526923124999996 0.99749964375 0.4625411265625 1 0.5528715937500001 1
2 0.3495583875 0.8928224609375001 0.2988580625 0.8983290140625 0.27762084531250003 0.9525236156249999 0.3501975453125 0.9747125390625 0.364555084375 0.9277511437499999 0.3495583875 0.8928224609375001
2 0.7057646796875 0.1170890984375 0.6427460140625 0.025464225 0.609122559375 0.036191703125 0.5793469046874999 0.087775840625 0.58668898125 0.1553762734375 0.615621796875 0.18289498906249999 0.6384498796875 0.19220836875 0.6733785640625001 0.177211671875 0.7057646796875 0.1170890984375
2 0.658340890625 0.0278979234375 0.69651919375 0.0862528703125 0.710808840625 0.09295578593750001 0.7565328953125 0.057918231249999994 0.658340890625 0.0278979234375
2 0.1883886921875 0.8855623390625 0.145275096875 0.912061459375 0.23492866874999999 0.93947130625 0.2212372015625 0.900273403125 0.1883886921875 0.8855623390625
2 0.40078125 0.70078125 0.2046875 0.225
2 0.353125 0.13125 0.175 0.2078125
2 0.065625 0.653125 0.13125 0.296875