2 0.37144743281250003 0.8676483171875 0.3260148609375 0.8647182328125 0.2904753890625 0.8852369578125 0.28923699062499997 0.9588534281250001 0.368011471875 0.97533921875 0.39081071562499997 0.9074999578125 0.37144743281250003 0.8676483171875
2 0.44707091718749997 1 0.46034165937499993 0.9584830984374999 0.44413510624999997 0.92409906875 0.392389078125 0.9102337625000001 0.3541987578125 0.8630265500000001 0.2904753890625 0.8852369578125 0.284924821875 0.9576979859374999 0.43477730000000003 1 0.44707091718749997 1
2 0.5705864828125 1 0.579390703125 0.9626515828125 0.55340436875 0.9302688375000001 0.5079717968749999 0.927338753125 0.473278165625 0.961949425 0.46308254531250004 1 0.5705864828125 1
2 0.504361784375 0.8200707734374999 0.4534615984375 0.8202974171875 0.42854775 0.8529068046875 0.42561766562500003 0.898339378125 0.458649975 0.9302992015625 0.5130164859375 0.917136053125 0.5268817921875 0.865390025 0.504361784375 0.8200707734374999
2 0.5428313390625 0.754119478125 0.530936953125 0.7208908890625 0.5019072140625 0.7084906265625001 0.46090012968750005 0.7321660765625 0.4501915515625 0.7893797140625 0.4694415109375 0.8037812625 0.5012050578125 0.8146031625000001 0.5312769171875 0.7972411671875 0.5428313390625 0.754119478125
2 0.4076890625 0.74101705625 0.34574033437499996 0.7221070609375 0.315358875 0.7578731750000001 0.31758680156249997 0.8185531390625 0.3917395140625 0.8522876046875 0.4144558015625 0.8537526468750001 0.42023301249999995 0.832191803125 0.4076890625 0.74101705625
2 0.3095816640625 0.7794340203125001 0.284441171875 0.7611432234375 0.2489016984375 0.781661946875 0.233035109375 0.82362819375 0.2634469328125 0.8826164734375 0.3048769375 0.8659869984374999 0.3195880859375 0.8283329203124999 0.3095816640625 0.7794340203125001
2 0.43457383125 0.6234330546875 0.40342948593749994 0.5758029203125 0.3615765609375 0.585386421875 0.317216471875 0.6474484687500001 0.3312254640625 0.715906928125 0.39232835 0.720724975 0.4258665375 0.6904264734375001 0.43457383125 0.6234330546875
2 0.335899825 0.5345995593749999 0.2897347328125 0.5430276171874999 0.278406953125 0.6370494890625 0.3129043046875 0.6462930265625 0.349485896875 0.5960120421874999 0.335899825 0.5345995593749999
2 0.1488456078125 0.6462404359375 0.1253968 0.6561335374999999 0.1126869375 0.70356739375 0.13162729687500002 0.736373059375 0.18799509375 0.732989690625 0.2045942046875 0.6796653 0.1488456078125 0.6462404359375
2 0.24184758906249998 0.4285173859375 0.2224843078125 0.38866574531250003 0.1763192140625 0.3970938046875 0.1546754125 0.4606208953125 0.16730231874999998 0.4824913390625 0.20137674843750003 0.484688903125 0.2349149359375 0.4543904 0.24184758906249998 0.4285173859375
2 0.1700057609375 0.38615858125 0.1624235421875 0.3540854375 0.12708035 0.33074995 0.06273778125 0.38976859375 0.0606535390625 0.449293115625 0.10115474375 0.48787599375 0.1242939515625 0.49638700937499997 0.1445860328125 0.481026296875 0.1700057609375 0.38615858125
2 0.276488625 0.557965409375 0.2499660484375 0.493086596875 0.17634957812500002 0.4918481984375 0.1264085578125 0.53161688125 0.12201343281249999 0.599765740625 0.170829375 0.6590636203125 0.21237270000000003 0.6678842359375 0.26809093125 0.6065547078125 0.276488625 0.557965409375
2 0.48814709218749996 0.4321192609375 0.46027279375 0.41540682812499996 0.42704420781249997 0.4273012140625 0.4045545640625 0.47673635625 0.4349663890625 0.5357246359375 0.48070856093750003 0.520250603125 0.49773059374999995 0.4739721859375 0.48814709218749996 0.4321192609375
2 0.5852427359375 0.518218953125 0.5162480328125 0.499731878125 0.465151571875 0.54381273125 0.4478199390625 0.6084952640625 0.46487233437500003 0.6569712421875 0.5245101796875 0.6845055765625 0.5800321312500001 0.6670302578125 0.6120749125 0.564693646875 0.5852427359375 0.518218953125
2 0.6856084250000001 0.6352363484375 0.6662451453125 0.5953847062500001 0.64037213125 0.5884520531249999 0.6056785015624999 0.6230627281250001 0.5961253656250001 0.6759641953125 0.615065725 0.7087698609374999 0.6479847125 0.7152795937499999 0.6705876765625 0.69129454375 0.6856084250000001 0.6352363484375
2 0.7870769656250001 0.91200026875 0.7754921796875001 0.8603675640624999 0.7398393859375 0.8554361953124999 0.695365978125 0.892048153125 0.688123725 0.9363252843750001 0.7102208125 0.9745985609375 0.7345154609375 0.9787974078125 0.773521259375 0.945342178125 0.7870769656250001 0.91200026875
2 0.7876050718750001 0.590928853125 0.7507968375 0.5903096531250001 0.7195695328125 0.61198381875 0.6949956484375 0.7209434828125 0.7070033546875 0.7796221625 0.7430790703125 0.7915995046875001 0.766837478125 0.7633022875 0.7876050718750001 0.590928853125
2 0.787740621875 0.3575658546875 0.7468164953125 0.31193700468749996 0.703808128125 0.325832675 0.6887873796874999 0.3818908703125 0.703105971875 0.4319452109375 0.7458047390625 0.43645365937499997 0.778187484375 0.41046732500000005 0.787740621875 0.3575658546875
2 0.8313378234375 0.21210755625000002 0.8088178171875 0.1667883046875 0.7633852421875 0.16385822187500002 0.723224003125 0.20162562031250003 0.7136708656249999 0.2545270890625 0.734612509375 0.29711253437499996 0.7784667203125 0.2973088140625 0.8209388437499999 0.2509170765625 0.8313378234375 0.21210755625000002
2 1 0.2786553765625 0.9456821421875 0.30282901562500003 0.9352831625 0.3416385359375 0.9582260921874999 0.3940037625 1 0.38741545624999996 1 0.2786553765625
2 0.6072709578125 0.013415959375 0.5914043671875 0.055382206249999996 0.6080338421875 0.0968122109375 0.6589340265625 0.0965855671875 0.6919359703125 0.033790998437500004 0.6072709578125 0.013415959375
2 0.508048328125 0 0.5232555062500001 0.050987081249999996 0.565531353125 0.0484495546875 0.58844391875 0.0060603859375 0.5632610125 0 0.508048328125 0
2 0.6024003171875 0.238577540625 0.588195046875 0.2139732921875 0.552542253125 0.209041921875 0.53109473125 0.228714803125 0.5212319937500001 0.30002039062499997 0.544371203125 0.30853140625000003 0.595158065625 0.282854671875 0.6024003171875 0.238577540625
2 0.11633650625 0 0.11005018124999999 0.023460884374999998 0.143701690625 0.018612471875 0.1583475203125 0 0.11633650625 0
2 0.55390625 0.33203125 0.15625 0.1515625