0 0.76953125 0.509375 0.12734375 0.12109375
0 0.76640625 0.6296875 0.078125 0.1078125
0 0.6578125 0.596875 0.13828125 0.16171875
0 0.5921875 0.65625 0.07578125 0.09765625
0 0.50546875 0.71484375 0.12734375 0.196875
0 0.74765625 0.9421875 0.128125 0.115625
0 0.88046875 0.925 0.11015625 0.15
0 0.925 0.80234375 0.14765625 0.21484375
0 0.234375 0.90390625 0.13828125 0.1921875
0 0.45234375 0.371875 0.140625 0.1796875
0 0.375 0.32265625 0.10625 0.16171875
0 0.20078125 0.18359375 0.11015625 0.13671875
0 0.428125 0.04453125 0.09765625 0.0890625