2 0.0375 0.6890625 0.075 0.15625
2 0.22109375 0.61328125 0.1125 0.14375
2 0.07578125 0.42421875 0.0921875 0.1171875
2 0.02578125 0.3359375 0.046875 0.140625
2 0.25390625 0.3921875 0.0765625 0.1265625
2 0.08515625 0.25546875 0.128125 0.165625
2 0.29296875 0.79453125 0.1078125 0.125
2 0.4390625 0.88359375 0.1484375 0.2046875
2 0.359375 0.6390625 0.1203125 0.1609375
2 0.54765625 0.58984375 0.09375 0.134375
2 0.48359375 0.2984375 0.0953125 0.125
2 0.86875 0.325 0.09375 0.1265625
2 0.76875 0.5203125 0.10625 0.1359375
2 0.92734375 0.67265625 0.09375 0.1234375
2 0.878125 0.890625 0.1078125 0.140625
2 0.759375 0.79140625 0.071875 0.09375
2 0.64140625 0.56875 0.1203125 0.14375
2 0.56875 0.46328125 0.10625 0.1328125
2 0.66328125 0.153125 0.1109375 0.1453125
2 0.4375 0.20390625 0.1140625 0.134375
2 0.4625 0.6265625 0.1125 0.1421875
2 0.26875 0.928125 0.1046875 0.1375
2 0.34375 0.89921875 0.078125 0.115625
2 0.134375 0.0875 0.1234375 0.146875
2 0.28125 0.1859375 0.0984375 0.11875
2 0.94453125 0.275 0.1046875 0.1265625
2 0.96171875 0.15234375 0.0765625 0.1578125
2 0.88359375 0.06171875 0.0796875 0.1078125
2 0.9578125 0.87578125 0.075 0.1609375
2 0.66953125 0.446875 0.096875 0.1234375
2 0.559375 0.1359375 0.1046875 0.121875
2 0.8234375 0.415625 0.109375 0.1203125
2 0.34140625 0.98046875 0.10625 0.0359375
2 0.41796875 0.728125 0.1015625 0.1109375
2 0.40546875 0.08046875 0.1671875 0.1609375