2 0.22392342968749998 0.5099042421875 0.27901150625 0.506087125 0.3045934015625 0.4836929796875 0.313352896875 0.4456416390625 0.2940393359375 0.38620060624999997 0.23370101718749997 0.3377423125 0.1926762609375 0.3487250484375 0.1668800296875 0.399353003125 0.17908155625 0.46579890468749996 0.22392342968749998 0.5099042421875
2 0.358609803125 0.6210449046875001 0.37734758125 0.5703633671875 0.36079310000000003 0.5194139109375 0.32847425625 0.499403759375 0.2916952859375 0.50900695625 0.2701448453125 0.5582553703124999 0.28394024687499997 0.60071325 0.323263959375 0.6278354375 0.358609803125 0.6210449046875001
2 0.1814519109375 0.7114651875 0.19467152968749998 0.643800496875 0.1711121796875 0.5857390046875001 0.1177787296875 0.5443927453125 0.08237930156249999 0.5582417328125 0.05520353125000001 0.6046238984375 0.0674050578125 0.6710697984375 0.11935896718750001 0.70817026875 0.1814519109375 0.7114651875
2 0.09092446093749999 0.5484242 0.11804664843749998 0.5091004859375 0.102978875 0.44827991406249995 0.0580298328125 0.4182914796875 0.0212508640625 0.427894675 0.0054329171875 0.4658924328125 0.0191211515625 0.52246721875 0.058444864062500004 0.5495894046875 0.09092446093749999 0.5484242
2 0.47755909062499996 0.38759378437500003 0.45537928125000005 0.33377808125 0.4130285671875 0.33345657812499996 0.3744949734375 0.3882231515625 0.389669915625 0.43492682031249996 0.43175270781249997 0.470540584375 0.4658261796875 0.4453873578125 0.47755909062499996 0.38759378437500003
2 0.3808168890625 0.299329521875 0.403693290625 0.26138534999999996 0.3900050546875 0.20481056562500002 0.3506813421875 0.177688378125 0.312522834375 0.1830457875 0.2965977203125 0.2351604484375 0.3131522015625 0.2861099046875 0.34122525625 0.30749959531250004 0.3808168890625 0.299329521875
2 0.4051936359375 0.063748690625 0.3673566296875 0.0267553875 0.3390692359375 0.033599503125 0.33290807031249997 0.1013177765625 0.3496768875 0.124033425 0.39335355625 0.13565916718749998 0.4133637078125 0.103340321875 0.4051936359375 0.063748690625
2 0.5000204578125 0.2183516859375 0.5368530093749999 0.2016900375 0.551345 0.152388040625 0.5207807812499999 0.0872145109375 0.48267585625000003 0.08551346875 0.45003550781249996 0.10785402968749999 0.44552180156250004 0.14452583125000001 0.4579376640625 0.1827379234375 0.5000204578125 0.2183516859375
2 0.43281991875000003 0 0.4056223046875 0.0072810734375000005 0.42620823906250005 0.0850847984375 0.4501426765625 0.0937371265625 0.5053379203125 0.07580310312500001 0.514097415625 0.0377517625 0.49507213125 0 0.43281991875000003 0
2 0.7780728078125 0.0411674875 0.7345033062499999 0.015424839062500001 0.6977243375 0.0250280375 0.6761738953124999 0.0742764515625 0.6983537046875 0.1280921546875 0.77153655625 0.158294925 0.7987659109374999 0.1048543078125 0.7780728078125 0.0411674875
2 0.8744399203125001 0.1788409140625 0.8506662359374999 0.1490132296875 0.8111817718750001 0.1430663984375 0.7813540875 0.166840084375 0.794935153125 0.23753177343749998 0.8441299843750001 0.26614066875 0.8794758281249999 0.259350134375 0.8744399203125001 0.1788409140625
2 0.8763416625 0.3002677234375 0.8243877515625 0.263167253125 0.791854571875 0.271390909375 0.7789028734375 0.30376333906249997 0.7940778140625 0.35046700625 0.8277761984374999 0.374722946875 0.8673678312499999 0.366552871875 0.8763416625 0.3002677234375
2 0.7605401796875 0.30503571093750004 0.722863925 0.2468670515625 0.66926255625 0.24081305312499998 0.6417652828125 0.32954593125 0.6808210765625 0.3919603796875 0.7047555140624999 0.40061270625 0.7615446328125001 0.3586906640625 0.7605401796875 0.30503571093750004
2 0.9513190828125 0.4660142078125 0.9755750234375 0.43231582187499995 0.966132578125 0.3743614984375 0.9324341921875 0.35010555781249997 0.8971419296875001 0.3498376390625 0.8755914890625001 0.399086053125 0.8921459703125001 0.45003550781249996 0.93009014375 0.47291190937499994 0.9513190828125 0.4660142078125
2 0.6544081484375 0.895762390625 0.682749125 0.8818598218749999 0.7085989390625 0.8241734171875 0.6781418875 0.7448829828125 0.62029473125 0.740208525 0.5817611359375 0.7949751 0.58006009375 0.8330800249999999 0.6149772671875 0.8827571078125 0.6544081484375 0.895762390625
2 0.5564335203125 0.9698425265624999 0.583555709375 0.9305188140625 0.5741132624999999 0.8725644890625001 0.5292713890625 0.8284591499999999 0.47975505625 0.8422009671874999 0.45831178125000005 0.8773324765625 0.4691337671875 0.9395325890624999 0.5083503125 0.9807716796875001 0.5564335203125 0.9698425265624999
2 0.8179713359375 0.9224159625 0.800090896875 0.8601622671875001 0.7662853453125 0.85002323125 0.7351317046875 0.8624926765625001 0.7302429109374999 0.9485736421875 0.8179713359375 0.9224159625
2 0.9640625 0.52421875 0.071875 0.1765625
2 0.7546875 0.746875 0.21875 0.275
2 0.55703125 0.55234375 0.190625 0.225