2 0.8976820640625001 0.54505705625 0.9095583703125 0.5776869359375 0.94381319375 0.5887344265625 0.9742837453125001 0.5709254171875 0.9979927796875 0.48839103125000005 0.9853094499999999 0.46277351875 0.9513272640625001 0.4617047484375 0.926255034375 0.49434552343749993 0.8976820640625001 0.54505705625
2 0.8159438078125 0.4773871140625 0.8386167531250001 0.539680521875 0.8688255609375 0.5488413265625 0.909002196875 0.520780953125 0.9297557718749999 0.4762747671875 0.924619196875 0.4344731890625 0.8752599703125 0.41884529375 0.8388567109375 0.43881363437500004 0.8159438078125 0.4773871140625
2 0.678859146875 0.211505921875 0.6988274859375 0.2479091796875 0.7209442578124999 0.25329660625 0.7533015 0.23144157812500002 0.7740550749999999 0.1869353921875 0.7654177625 0.1632045703125 0.7300832749999999 0.149190725 0.6977260328125 0.171045753125 0.678859146875 0.211505921875
2 0.553792415625 0.4585855921875 0.5610992125 0.5432684140624999 0.6034460703125 0.558089284375 0.6651942 0.5154588921875 0.6934945296875 0.45476863749999996 0.6818799703125 0.39516894375 0.636566759375 0.38142773750000003 0.568885925 0.42621745781250003 0.553792415625 0.4585855921875
2 0.561677175 0.6740714703124999 0.5883961390625 0.7382515671875 0.653394153125 0.7414687718749999 0.7097439624999999 0.684006615625 0.733452996875 0.6014722296875 0.71429168125 0.5580566015625 0.65495373125 0.542701346875 0.601024996875 0.57912639375 0.561677175 0.6740714703124999
2 0.734521765625 0.5674900453125 0.742897334375 0.61819068125 0.773106140625 0.6273514859375 0.8151694656249999 0.5952450953125 0.8321496640625 0.5588309437500001 0.8173070046875001 0.5272807265624999 0.787905221875 0.511107553125 0.749615275 0.535121909375 0.734521765625 0.5674900453125
2 0.7722991171875 0.6343638546875 0.7631383125 0.6645726609375 0.7874253078125 0.71284133125 0.8343525671875 0.712557796875 0.855651421875 0.6880090562500001 0.882337703125 0.6413435421875 0.86910909375 0.5957685859375 0.8289215656250001 0.586880421875 0.8176014328125 0.6111565234375 0.7722991171875 0.6343638546875
2 0.6701235 0.7689729703125 0.6900918390624999 0.8053762296875 0.7950047453125 0.807502875 0.8025515000000001 0.79131880625 0.7639562328125 0.694508828125 0.7226890390625 0.6826543125 0.6865584203124999 0.712601375 0.6701235 0.7689729703125
2 0.6874199140624999 0.890331690625 0.71116163125 0.9186429140625 0.7615896296875 0.9002886234374999 0.780456515625 0.8598284546875 0.7734332515625 0.82207289375 0.7561695203125 0.8115597859375001 0.7057415234375 0.8299140765624999 0.6874199140624999 0.890331690625
2 0.4069033390625 0.784153634375 0.42309830000000004 0.8286489250000001 0.47973164218750003 0.8181140296875 0.496711840625 0.7816998765625 0.48348323125 0.7361249203125 0.46621949999999995 0.7256118140625001 0.4257702265625 0.7436934640625 0.4069033390625 0.784153634375
2 0.492622246875 0.632019040625 0.5047711921875 0.67462764375 0.53498 0.6837884468750001 0.5595178468750001 0.6681387640625001 0.5897048640625 0.60340249375 0.581067553125 0.579671671875 0.5398003578125 0.5678171546875 0.50932980625 0.585626165625 0.492622246875 0.632019040625
2 0.44971921562499995 0.5602921890625 0.48667864843749997 0.5972298312500001 0.5403347421875 0.5508260625 0.5511095953125 0.506592515625 0.5322209203125 0.4731556109375 0.48313433281249996 0.4675064390625 0.45104973125000003 0.4993401890625 0.44971921562499995 0.5602921890625
2 0.3726158328125 0.6622605296875 0.40336991875 0.691378778125 0.42818040625 0.68570781875 0.4683461453125 0.6206989093749999 0.4346148125 0.5557117859375 0.38715316718750004 0.5729864124999999 0.3642402640625 0.6115598921875 0.3726158328125 0.6622605296875
2 0.307377859375 0.7599102156249999 0.375331334375 0.7250992171874999 0.38044612187500004 0.693003721875 0.353192771875 0.645814715625 0.315437209375 0.65283798125 0.2906376171875 0.695457478125 0.307377859375 0.7599102156249999
2 0.294181934375 0.8251808703125001 0.318468928125 0.873449540625 0.3427450296875 0.8847696718750001 0.3888543703125 0.8545499703124999 0.4061072078125 0.8281145406249999 0.3944926484375 0.76851484375 0.3491794375 0.7547736390625001 0.309002803125 0.7828340125000001 0.294181934375 0.8251808703125001
2 0.148023621875 0.8850967828125 0.16634522812500002 0.82467916875 0.1555485890625 0.7950156390625 0.093789565625 0.8006974937500001 0.068182946875 0.8503293609375 0.148023621875 0.8850967828125
2 0 0.665801896875 0.015268510937499999 0.6680295375 0.0654238703125 0.639696525 0.072697984375 0.613533734375 0.049218012500000005 0.558252696875 0.0160428546875 0.55017155625 0 0.5573430390625 0 0.665801896875
2 0.1532912125 0.4565461 0.1797266421875 0.47379893749999996 0.22449457343749998 0.4675826984375 0.2611595765625 0.4206445453125 0.23442971875000002 0.319515909375 0.1964015171875 0.3165604515625 0.1424836765625 0.3899340359375 0.1532912125 0.4565461
2 0.3007800390625 0.33567819062500004 0.3088829671875 0.37640010468749996 0.3531165125 0.38717495625 0.377654359375 0.371525275 0.3984079359375 0.32701908749999997 0.385451965625 0.2914228546875 0.3520041671875 0.27336299375 0.3215336140625 0.29117200312499997 0.3007800390625 0.33567819062500004
2 0.3064945765625 0.5082828234375001 0.3588092609375 0.4858825171875 0.36526545781249997 0.42978356093750003 0.3153718453125 0.4311467578125 0.29650495781249997 0.47160692656250003 0.3064945765625 0.5082828234375001
2 0.3903050078125 0.28629717499999996 0.4509843671875 0.27764896562499997 0.4679645640625 0.24123481406249997 0.4528492671875 0.199705875 0.4094227453125 0.181918653125 0.3848848984375 0.1975683359375 0.3903050078125 0.28629717499999996
2 0.5484375 0.10625 0.221875 0.2125
2 0.875 0.7625 0.1875 0.2546875
2 0.89609375 0.26015625 0.1890625 0.1578125