2 0.5915178578125 0.5491071421875 0.5669642859375 0.5736607140625 0.5580357140625 0.6808035718750001 0.5825892859375 0.7142857140625 0.6383928578125 0.7209821421875 0.6785714281249999 0.671875 0.6785714281249999 0.5959821421875 0.6540178578125 0.5580357140625 0.5915178578125 0.5491071421875
2 0.703125 0.5669642859375 0.6830357140625 0.5870535718750001 0.6875 0.6852678578125 0.7366071421875 0.703125 0.7723214281249999 0.6674107140625 0.7723214281249999 0.6049107140625 0.7522321421875 0.5803571421875 0.703125 0.5669642859375
2 0.7254464281249999 0.45535714218749995 0.6919642859375 0.48883928593750003 0.6919642859375 0.5379464281249999 0.7120535718750001 0.5625 0.7544642859375 0.5647321421875 0.7857142859375 0.5379464281249999 0.7857142859375 0.5022321421875 0.7522321421875 0.45535714218749995 0.7254464281249999 0.45535714218749995
2 0.5848214281249999 0.444196428125 0.5758928578125 0.5066964281249999 0.6004464281249999 0.5446428578125 0.6517857140625 0.5424107140625 0.6830357140625 0.5022321421875 0.6830357140625 0.45758928593750003 0.6227678578125 0.415178571875 0.5848214281249999 0.444196428125
2 0.491071428125 0.5736607140625 0.491071428125 0.6049107140625 0.5446428578125 0.6272321421875 0.5669642859375 0.5691964281249999 0.5513392859375 0.5446428578125 0.5200892859375 0.5401785718750001 0.491071428125 0.5736607140625
2 0.41741071406249997 0.5535714281249999 0.3883928578125 0.6004464281249999 0.3928571421875 0.6450892859375 0.428571428125 0.6584821421875 0.477678571875 0.6272321421875 0.477678571875 0.578125 0.444196428125 0.5491071421875 0.41741071406249997 0.5535714281249999
2 0.475446428125 0.6339285718750001 0.41964285781250005 0.671875 0.3928571421875 0.765625 0.43526785781250005 0.8348214281249999 0.5133928578125 0.8459821421875 0.5491071421875 0.7924107140625 0.5580357140625 0.6986607140625 0.5334821421875 0.6517857140625 0.475446428125 0.6339285718750001
2 0.3147321421875 0.8571428578125 0.29017857187499996 0.8950892859374999 0.29017857187499996 0.9352678578125 0.3147321421875 0.9598214281249999 0.33928571406249997 0.9575892859374999 0.36607142812500004 0.9308035718750001 0.36607142812500004 0.890625 0.3459821421875 0.8616071421875 0.3147321421875 0.8571428578125
2 0.1897321421875 0.8392857140625001 0.1383928578125 0.8861607140625001 0.133928571875 0.9575892859374999 0.1540178578125 1 0.2321428578125 0.9977678578125 0.2678571421875 0.9620535718750001 0.2633928578125 0.8772321421875 0.234375 0.8392857140625001 0.1897321421875 0.8392857140625001
2 0.1428571421875 0.9977678578125 0.11383928593749999 0.9419642859374999 0.0736607140625 0.9464285718750001 0.040178571875 0.9933035718750001 0.1428571421875 0.9977678578125
2 0 0.859375 0.0290178578125 0.8928571421875 0.053571428125 0.890625 0.0892857140625 0.859375 0.0982142859375 0.8013392859374999 0.0647321421875 0.7544642859375 0.037946428125 0.7455357140625 0 0.7745535718750001 0 0.859375
2 0.1696428578125 0.6540178578125 0.16071428593749998 0.703125 0.19866071406250002 0.7633928578125 0.2366071421875 0.765625 0.27678571406249997 0.6941964281249999 0.2633928578125 0.6495535718750001 0.2165178578125 0.6294642859375 0.1696428578125 0.6540178578125
2 0.1383928578125 0.5825892859375 0.147321428125 0.6227678578125 0.19196428593749998 0.6361607140625 0.2321428578125 0.6049107140625 0.19866071406250002 0.5223214281249999 0.16741071406250002 0.5357142859375 0.1383928578125 0.5825892859375
2 0.12276785781249999 0.415178571875 0.0803571421875 0.444196428125 0.071428571875 0.5111607140625 0.109375 0.5535714281249999 0.1383928578125 0.5513392859375 0.178571428125 0.5022321421875 0.18303571406250002 0.462053571875 0.162946428125 0.428571428125 0.12276785781249999 0.415178571875
2 0.055803571875 0.12053571406250001 0.0267857140625 0.1584821421875 0.022321428125 0.2075892859375 0.0424107140625 0.24107142812500001 0.0892857140625 0.2477678578125 0.125 0.2075892859375 0.12053571406250001 0.16741071406250002 0.0915178578125 0.125 0.055803571875 0.12053571406250001
2 0.7879464281249999 0.071428571875 0.75 0.11383928593749999 0.7455357140625 0.1584821421875 0.7611607140625 0.1875 0.7946428578125 0.19866071406250002 0.8303571421875 0.17633928593749998 0.84375 0.13616071406250002 0.8258928578125 0.0959821421875 0.7879464281249999 0.071428571875
2 0.6852678578125 0.25892857187499996 0.6428571421875 0.28794642812500004 0.6339285718750001 0.36383928593750003 0.6629464281249999 0.40178571406249997 0.7142857140625 0.40401785781250005 0.7455357140625 0.3727678578125 0.7455357140625 0.29241071406249997 0.7165178578125 0.2633928578125 0.6852678578125 0.25892857187499996
2 0.8861607140625001 0.375 0.8303571421875 0.38616071406249997 0.8125 0.475446428125 0.8169642859374999 0.515625 0.8616071421875 0.5424107140625 0.890625 0.5401785718750001 0.9375 0.49776785781250005 0.9419642859374999 0.430803571875 0.8861607140625001 0.375
2 0.9241071421875 0.2299107140625 0.9575892859374999 0.27232142812500004 0.9955357140625001 0.27455357187499996 1 0.140625 0.9620535718750001 0.12946428593749998 0.9285714281249999 0.171875 0.9241071421875 0.2299107140625
2 0.8526785718750001 0.0290178578125 0.8392857140625001 0.0959821421875 0.9017857140625001 0.131696428125 0.9776785718750001 0.0825892859375 0.9709821421875 0.0044642859375000005 0.890625 0 0.8526785718750001 0.0290178578125
2 0.703125 0 0.6875 0.015625 0.6875 0.0736607140625 0.7120535718750001 0.102678571875 0.7410714281249999 0.10491071406250001 0.7767857140625 0.0736607140625 0.7767857140625 0.015625 0.765625 0 0.703125 0
2 0.8080357140625001 0.024553571875 0.828125 0 0.7723214281249999 0.0022321421875000002 0.7879464281249999 0.0267857140625 0.8080357140625001 0.024553571875
2 0.26796875 0.5109375 0.15703125 0.16875