0 0.321875 0.71171875 0.1890625 0.2078125
0 0.2375 0.596875 0.2734375 0.3640625
0 0.396875 0.478125 0.2359375 0.2484375
0 0.41796875 0.6109375 0.190625 0.2078125
0 0.49453125 0.71640625 0.1859375 0.203125
0 0.62578125 0.77578125 0.228125 0.2640625
0 0.36171875 0.9015625 0.1484375 0.1640625
0 0.0515625 0.821875 0.103125 0.09375
0 0.63515625 0.45625 0.2703125 0.3015625
0 0.9234375 0.34765625 0.1140625 0.1203125
0 0.67421875 0.109375 0.190625 0.1890625
0 0.32734375 0.28984375 0.16875 0.2046875
0 0.23671875 0.38203125 0.1453125 0.16875
0 0.1453125 0.46640625 0.1515625 0.1703125
0 0.54609375 0.6109375 0.128125 0.1328125