2 0.4734375 0.0578125 0.1328125 0.1109375
2 0.403125 0.14453125 0.14375 0.1875
2 0.24453125 0.37578125 0.1265625 0.15390625
2 0.2640625 0.50625 0.14921875 0.159375
2 0.2515625 0.76640625 0.14140625 0.175
2 0.228125 0.921875 0.153125 0.15625
2 0.8859375 0.03125 0.103125 0.0609375
2 0.97109375 0.03515625 0.0578125 0.06875
2 0.69609375 0.67578125 0.1609375 0.22578125
2 0.64609375 0.8046875 0.121875 0.17265625
2 0.40703125 0.95625 0.1234375 0.0875
2 0.81640625 0.7125 0.14140625 0.2109375
2 0.89296875 0.5953125 0.10859375 0.134375
2 0.88515625 0.78046875 0.09375 0.17265625
2 0.57265625 0.025 0.12890625 0.05
2 0.95234375 0.83828125 0.09453125 0.17421875
2 0.92890625 0.95625 0.1421875 0.0875
2 0.01640625 0.72890625 0.0328125 0.13359375
2 0.91484375 0.23984375 0.16953125 0.23125
2 0.603125 0.259375 0.14921875 0.21796875
2 0.37890625 0.3875 0.15625 0.1984375