2 0.28476083750000003 0.6831827265625 0.26129230625 0.6618359375 0.2249260375 0.6733412999999999 0.198420153125 0.7099506890625 0.2038318484375 0.7772904875 0.24607709843749997 0.8242085906250001 0.286901534375 0.812936871875 0.3117624421875 0.7650652421874999 0.28476083750000003 0.6831827265625
2 0.2284117203125 0.521529959375 0.1929800234375 0.51520265 0.1336219890625 0.5389143015625 0.11157427187499999 0.5757573328125 0.20544839062500003 0.6611444890625 0.27137685624999996 0.6400123859375 0.2896673328125 0.5895612078125 0.2284117203125 0.521529959375
2 0.41735660625 0.7974216703125 0.3938880765625 0.7760748828125 0.3457922828125 0.7981415562499999 0.338764046875 0.84694775625 0.3594193859375 0.8793231421875 0.39320610624999996 0.8743882109375001 0.4194783484375 0.8422369890624999 0.41735660625 0.7974216703125
2 0.3291562609375 0.9023243875 0.293257278125 0.9049134140625 0.2622932265625 0.9412891609375 0.2554986328125 0.98563719375 0.3601487484375 0.9933568796875001 0.3610738421875 0.9330547953125 0.3291562609375 0.9023243875
2 0.593303584375 1 0.6147315859375 0.9977581750000001 0.6320874921875 0.96513966875 0.62597486875 0.9111743734375001 0.5891318359375 0.88912665625 0.5443259968749999 0.9337178109375 0.542924140625 0.960466815625 0.57047721875 1 0.593303584375 1
2 0.4773966109375 0.675396690625 0.445011746875 0.6535826171875 0.41052410000000006 0.6718920515625 0.4002059078125 0.6981737703124999 0.41922574843750005 0.7617563296875 0.45723699375000004 0.761513209375 0.478817425 0.7335865125 0.4773966109375 0.675396690625
2 0.5052948749999999 0.5695688828125001 0.4736109359375 0.53438030625 0.4346651203125 0.5524560984375 0.4236460015625 0.59211231875 0.4306931953125 0.6282449453125001 0.45650762968749997 0.647479471875 0.4764525625 0.6507599484375 0.5029584484375 0.6141505578124999 0.5052948749999999 0.5695688828125001
2 0.6162438625 0.41444863125 0.5883171671875 0.3928682 0.5613345187500001 0.3959245109375 0.5444458984375 0.419626684375 0.537651303125 0.46397471718750005 0.55361483125 0.5005746281250001 0.5913924359375 0.5047896749999999 0.617197390625 0.4815547875 0.6162438625 0.41444863125
2 0.6178224921875 0.1284249796875 0.5861385546875 0.0932364015625 0.5500059296875001 0.10028359687499999 0.5190418765625 0.13665934375 0.5199954046874999 0.2037655 0.554025246875 0.2368418140625 0.587578325 0.23636505 0.61877601875 0.195531134375 0.6178224921875 0.1284249796875
2 0.8210290578125001 0.17483788125 0.7980278140625 0.144574759375 0.771045165625 0.1476310703125 0.7492310921875001 0.18001593437500002 0.7598018828125 0.23421487343749997 0.7811581484375 0.2532157578125 0.808374440625 0.245701278125 0.8233844421875001 0.2151950328125 0.8210290578125001 0.17483788125
2 0.9334083390625001 0.12037686562500001 0.910650215625 0.1281249875 0.8766203734375001 0.0950486734375 0.85409589375 0.0983386265625 0.8275900093749999 0.1349480171875 0.829244465625 0.1886796703125 0.862807021875 0.23067232031249998 0.9078559828125 0.2240924109375 0.9430350796875 0.1499390609375 0.9334083390625001 0.12037686562500001
2 0.8202902171875 0.01833473125 0.8268701234375 0.06338369375 0.8522172734375 0.0915345546875 0.91087438125 0.0811974078125 0.916257640625 0.021128965625000003 0.8202902171875 0.01833473125
2 0.9334557312499999 0.33272393125 0.90646360625 0.2933108296875 0.8705646218749999 0.29589985625000004 0.848984190625 0.323826553125 0.8464141218749999 0.372866396875 0.8715276281250001 0.405475425 0.9048470640625 0.40945682968749997 0.9308856625 0.38176377499999997 0.9334557312499999 0.33272393125
2 0.30482566875 0.1723720765625 0.265178925 0.203822371875 0.2665997390625 0.2620121921875 0.2837314796875 0.2763212640625 0.3297150125 0.25190868593750004 0.3320514390625 0.2073270109375 0.30482566875 0.1723720765625
2 0.72578125 0.49296875 0.15 0.20625
2 0.0875 0.19140625 0.153125 0.203125
2 0.3203125 0.62265625 0.1484375 0.2421875