2 0.8303571421875 0.9977678578125 0.8102678578125 0.9464285718750001 0.7589285718750001 0.9486607140625001 0.7566964281249999 1 0.8303571421875 0.9977678578125
2 0.8013392859374999 0.8303571421875 0.7723214281249999 0.8504464281249999 0.7678571421875 0.9040178578125 0.7834821421875 0.9330357140625001 0.8214285718750001 0.9397321421875 0.8616071421875 0.9084821421875 0.8660714281249999 0.8772321421875 0.8325892859374999 0.8348214281249999 0.8013392859374999 0.8303571421875
2 0.8839285718750001 0.7566964281249999 0.8839285718750001 0.8013392859374999 0.9084821421875 0.8348214281249999 0.9330357140625001 0.8370535718750001 0.9553571421875 0.8102678578125 0.9598214281249999 0.7611607140625 0.9174107140625001 0.7232142859375 0.8839285718750001 0.7566964281249999
2 0.6383928578125 0.859375 0.6294642859375 0.9129464281249999 0.6584821421875 0.9598214281249999 0.7053571421875 0.9665178578125 0.7276785718750001 0.9308035718750001 0.7232142859375 0.8772321421875 0.6674107140625 0.8392857140625001 0.6383928578125 0.859375
2 0.491071428125 0.9352678578125 0.48660714218749995 0.9933035718750001 0.5714285718750001 0.9977678578125 0.5758928578125 0.9174107140625001 0.5513392859375 0.8973214281249999 0.515625 0.90625 0.491071428125 0.9352678578125
2 0.5558035718750001 0.7053571421875 0.5133928578125 0.734375 0.5 0.8013392859374999 0.5334821421875 0.8616071421875 0.5714285718750001 0.859375 0.6026785718750001 0.8415178578125 0.6160714281249999 0.7700892859375 0.6026785718750001 0.7299107140625 0.5558035718750001 0.7053571421875
2 0.5870535718750001 0.7142857140625 0.5513392859375 0.7053571421875 0.5290178578125 0.71875 0.5022321421875 0.7723214281249999 0.453125 0.75 0.428571428125 0.7745535718750001 0.41741071406249997 0.8482142859374999 0.47098214218749995 0.8526785718750001 0.5022321421875 0.8125 0.5290178578125 0.8571428578125 0.5714285718750001 0.859375 0.6026785718750001 0.8415178578125 0.6160714281249999 0.8013392859374999 0.6116071421875 0.7477678578125 0.5870535718750001 0.7142857140625
2 0.3459821421875 0.71875 0.3125 0.7477678578125 0.30803571406249997 0.796875 0.33705357187499996 0.8348214281249999 0.37053571406249997 0.8415178578125 0.40178571406249997 0.8191964281249999 0.415178571875 0.765625 0.39955357187499996 0.7321428578125 0.3459821421875 0.71875
2 0.2366071421875 0.9263392859374999 0.2321428578125 0.9665178578125 0.25669642812500004 1 0.2946428578125 0.9977678578125 0.32142857187499996 0.9308035718750001 0.30133928593750003 0.8973214281249999 0.27455357187499996 0.8883928578125 0.2366071421875 0.9263392859374999
2 0.19196428593749998 0.9084821421875 0.22767857187499999 0.9084821421875 0.27232142812500004 0.859375 0.24330357187499999 0.8080357140625001 0.19196428593749998 0.828125 0.19196428593749998 0.9084821421875
2 0.22767857187499999 0.6897321421875 0.2522321421875 0.71875 0.27232142812500004 0.7165178578125 0.29017857187499996 0.6674107140625 0.27008928593750003 0.6339285718750001 0.2477678578125 0.6294642859375 0.22767857187499999 0.6897321421875
2 0.11383928593749999 0.6785714281249999 0.10714285781249999 0.7477678578125 0.13616071406250002 0.7901785718750001 0.16071428593749998 0.7924107140625 0.19196428593749998 0.7477678578125 0.1875 0.703125 0.16741071406250002 0.6785714281249999 0.11383928593749999 0.6785714281249999
2 0.3883928578125 0.5647321421875 0.38392857187499996 0.6049107140625 0.40848214218749995 0.6383928578125 0.43303571406249997 0.6361607140625 0.459821428125 0.5736607140625 0.446428571875 0.5424107140625 0.421875 0.5357142859375 0.3883928578125 0.5647321421875
2 0.28571428593750003 0.5602678578125 0.28125 0.609375 0.3147321421875 0.65625 0.34821428593750003 0.6584821421875 0.375 0.5915178578125 0.36607142812500004 0.5602678578125 0.31919642812500004 0.53125 0.28571428593750003 0.5602678578125
2 0.234375 0.3125 0.2008928578125 0.3459821421875 0.196428571875 0.39955357187499996 0.22544642812500001 0.43303571406249997 0.25 0.43526785781250005 0.27678571406249997 0.41741071406249997 0.28125 0.359375 0.2633928578125 0.32366071406249997 0.234375 0.3125
2 0.0982142859375 0.14508928593749998 0.084821428125 0.19866071406250002 0.109375 0.2321428578125 0.165178571875 0.2388392859375 0.18303571406250002 0.2075892859375 0.1741071421875 0.149553571875 0.1272321421875 0.125 0.0982142859375 0.14508928593749998
2 0.46875 0.140625 0.459821428125 0.1897321421875 0.493303571875 0.2455357140625 0.5178571421875 0.24330357187499999 0.5491071421875 0.19866071406250002 0.53125 0.14508928593749998 0.493303571875 0.125 0.46875 0.140625
2 0.5915178578125 0.0669642859375 0.5401785718750001 0.12276785781249999 0.5401785718750001 0.171875 0.5736607140625 0.2142857140625 0.6071428578125 0.2165178578125 0.6294642859375 0.203125 0.6428571421875 0.118303571875 0.6294642859375 0.087053571875 0.5915178578125 0.0669642859375
2 0.5066964281249999 0 0.5044642859375 0.069196428125 0.5491071421875 0.100446428125 0.59375 0.0513392859375 0.59375 0.015625 0.5825892859375 0 0.5066964281249999 0
2 0.703125 0.11160714218750001 0.6830357140625 0.131696428125 0.6830357140625 0.17633928593749998 0.6986607140625 0.2008928578125 0.7276785718750001 0.19866071406250002 0.7544642859375 0.16741071406250002 0.7544642859375 0.131696428125 0.734375 0.11160714218750001 0.703125 0.11160714218750001
2 0.7053571421875 0.060267857812500006 0.7254464281249999 0.0982142859375 0.7589285718750001 0.10491071406250001 0.7857142859375 0.078125 0.7857142859375 0.037946428125 0.7388392859375 0.0044642859375000005 0.7053571421875 0.060267857812500006
2 1 0.8727678578125 0.953125 0.8571428578125 0.9330357140625001 0.8772321421875 0.9285714281249999 0.9352678578125 0.9486607140625001 0.9776785718750001 1 0.9888392859374999 1 0.8727678578125
2 0.98359375 0.684375 0.0328125 0.15625