2 0.21953125 0.11875 0.1046875 0.14765625
2 0.31484375 0.52734375 0.121875 0.1453125
2 0.2890625 0.6609375 0.1109375 0.15546875
2 0.40390625 0.6859375 0.14140625 0.17734375
2 0.43984375 0.91875 0.1578125 0.1625
2 0.50625 0.66328125 0.0859375 0.12109375
2 0.73671875 0.675 0.1375 0.15625
2 0.79375 0.95625 0.103125 0.0875
2 0.89296875 0.9515625 0.10859375 0.096875
2 0.46796875 0.25546875 0.11953125 0.1734375
2 0.53515625 0.12734375 0.1234375 0.14765625
2 0.5859375 0.24609375 0.14453125 0.159375
2 0.63671875 0.134375 0.11640625 0.14609375
2 0.61796875 0.0375 0.11875 0.07421875
2 0.71328125 0.0625 0.1234375 0.125
2 0.7234375 0.26328125 0.11015625 0.1484375
2 0.93046875 0.159375 0.12734375 0.13125
2 0.94375 0.26015625 0.10078125 0.10546875
2 0.3015625 0.0328125 0.1125 0.065625
2 0.81171875 0.49375 0.140625 0.21953125
2 0.95703125 0.871875 0.0859375 0.175
2 0.1265625 0.01953125 0.134375 0.03828125