2 0.78392039375 0.5192135359375001 0.812363765625 0.5332645828125 0.8371230375 0.511512453125 0.8250720875 0.45931405468750003 0.8016471468749999 0.437231840625 0.777556440625 0.45195704843750006 0.7768906734375001 0.4887644703125 0.78392039375 0.5192135359375001
2 0.6637941484375001 0.5148748609375 0.6975916328125 0.532271528125 0.7400832515625 0.4880987046875 0.7310450390625001 0.44894990625000003 0.6945705 0.42988042968749995 0.663452871875 0.4439370734375 0.651410315625 0.4810801765625 0.6637941484375001 0.5148748609375
2 0.58616511875 0.5259243625 0.6417063375 0.4787388015625 0.62396839375 0.4415984953125 0.5938522125000001 0.4302245046875 0.573775690625 0.432568678125 0.5516962734375 0.48577411875000004 0.58616511875 0.5259243625
2 0.692562009375 0.42118069687500004 0.725355246875 0.434227496875 0.7645012453125 0.3954087859375 0.7310338484375001 0.32982790624999997 0.6935578609374999 0.3361890640625 0.677165440625 0.3743364125 0.692562009375 0.42118069687500004
2 0.7404021453125 0.32079249375 0.7521118171875 0.3020531 0.7420693593750001 0.2585544359375 0.72165715625 0.249521821875 0.6721386140625001 0.29302608124999996 0.6925536140624999 0.33183919687499996 0.7404021453125 0.32079249375
2 0.6490493546875 0.2823206546875 0.6978993328125 0.2458433171875 0.6674446734374999 0.19331203749999998 0.6466995859375 0.2026831328125 0.6306428453125 0.2522072703125 0.6490493546875 0.2823206546875
2 0.5640521265625 0.221763803125 0.5921626140625 0.2542185609375 0.622611678125 0.24718884062500002 0.642682603125 0.1852836671875 0.61691069375 0.11334443125 0.56939784375 0.1357679234375 0.555346796875 0.1642112953125 0.5640521265625 0.221763803125
2 0.6560622875 0.13408671875 0.6845028609375 0.118357265625 0.6975496625 0.085564028125 0.667095 0.033032748437499995 0.6232634546875 0.0614789171875 0.6279518000000001 0.1016319609375 0.6560622875 0.13408671875
2 0.7032478484375 0.1896279375 0.727341353125 0.20468323125 0.7557791296875 0.1591732765625 0.7360326921875 0.1133332390625 0.708260684375 0.12203576875 0.6962181281250001 0.15917887343749998 0.7032478484375 0.1896279375
2 0.8521559453125 0.24917494687500003 0.8923089875000001 0.24448660156250002 0.9026759359375 0.18024005468749998 0.8471263234374999 0.138084115625 0.8053032671875 0.1752300171875 0.8069788750000001 0.2023334625 0.8521559453125 0.24917494687500003
2 0.846790640625 0.1267073265625 0.8849323953124999 0.0835387484375 0.8768984281250001 0.0487398171875 0.8424323812500001 0.038370071875 0.8049591921875001 0.0745117296875 0.8129931578124999 0.109310659375 0.846790640625 0.1267073265625
2 0.507977246875 0 0.5151825609375 0.049777639062500004 0.533921953125 0.0614873109375 0.5653752640625 0.0588074578125 0.5847804234375 0.03370970625 0.574419225 0 0.507977246875 0
2 0.40376724218750004 0.16255247343749998 0.4322106109375 0.176603521875 0.4660024984375 0.1344391875 0.45696428593749994 0.095290390625 0.41948550156250003 0.071871046875 0.39940898125 0.07421521875 0.38502505 0.1210623015625 0.40376724218750004 0.16255247343749998
2 0.40210282499999994 0.2545710296875 0.429209065625 0.282675921875 0.46501224375000005 0.278991821875 0.4800675359375 0.2548983171875 0.48608741406249995 0.221436515625 0.46834947031249996 0.184296209375 0.417823884375 0.193670103125 0.4061142125 0.21240949531250003 0.40210282499999994 0.2545710296875
2 0.2418235359375 0.2549207015625 0.276625265625 0.2766672359375 0.314434134375 0.25190236875 0.317774159375 0.18698725624999998 0.3063945734375 0.15754243750000002 0.262224546875 0.1448313171875 0.2388024046875 0.152529603125 0.2190643625 0.19603106406249998 0.2418235359375 0.2549207015625
2 0.3351792203125 0.24253127343749997 0.354922859375 0.2585908125 0.384367678125 0.24721122499999998 0.4007601 0.209063875 0.38870915 0.156865478125 0.356584478125 0.1367917546875 0.3321580890625 0.14014017343750002 0.322456909375 0.1675792984375 0.3351792203125 0.24253127343749997
2 0.007258039062500001 0.23118526093749997 0.060130596875 0.2716683890625 0.0905796609375 0.26463866875000003 0.1089805734375 0.23519105312500002 0.098266753125 0.1689388125 0.061792214062499996 0.149869334375 0.015616495312500001 0.15823898125 0.0005612015625 0.1823324859375 0.007258039062500001 0.23118526093749997
2 0.1043202078125 0.49284301093750005 0.15551715625 0.5062226937500001 0.172580940625 0.49082892187500005 0.1779294578125 0.43461354375 0.1625328875 0.3877692578125 0.13676657187500002 0.375391021875 0.10029483125000001 0.38610204375 0.0835695265625 0.44265310468749997 0.1043202078125 0.49284301093750005
2 0.2555584875 0.42356404062499997 0.28600755312500004 0.41653432031250004 0.3000585984375 0.38809095 0.2997201203125 0.3469336625 0.2709410671875 0.32150582656250004 0.23547357343750003 0.3365667140625 0.222426771875 0.3693599515625 0.2555584875 0.42356404062499997
2 0.41415937031250005 0.366330425 0.386046084375 0.30409516718749996 0.34623152031250004 0.34994080156249996 0.369659259375 0.40180351718749996 0.41415937031250005 0.366330425
2 0.4188533109375 0.46604446875 0.39274851875 0.41250894374999997 0.3539382 0.46270444531250005 0.385061425 0.5082088031249999 0.4188533109375 0.46604446875
2 0.26794791562500003 0.5169197265625 0.2940471140625 0.5108942515625 0.3027440484375 0.4791052609375 0.26459390156249996 0.43293233906250006 0.24117175937500002 0.440630625 0.231470578125 0.4680697484375 0.26794791562500003 0.5169197265625
2 0.404810659375 0.583829340625 0.434258275 0.602230253125 0.45935043125 0.5620744125 0.434582765625 0.49448504218749995 0.4034651359375 0.508541684375 0.39142258124999996 0.5456847890625001 0.404810659375 0.583829340625
2 0.17627903125 0.6755346 0.2100737171875 0.6631507671875 0.2164292765625 0.641065753125 0.20939955625 0.6106166890625 0.18162475 0.5895387203125 0.15719836250000002 0.5928871390625 0.1461600515625 0.634380109375 0.17627903125 0.6755346
2 0.0671910953125 0.62970295625 0.10098857812499999 0.647099621875 0.130433396875 0.635720034375 0.14348019843749998 0.6029267984375 0.13243349531249998 0.5550782671875 0.10767142656249999 0.5470498984375001 0.07655379531249999 0.561106540625 0.059157128125 0.5949040250000001 0.0671910953125 0.62970295625
2 0.30579036249999997 0.849520859375 0.338250715625 0.8809713718750001 0.376725353125 0.8193990812499999 0.36065742031250003 0.7498012203125 0.33723248125 0.72771900625 0.2974151203125 0.743784140625 0.2853725640625 0.78092724375 0.30579036249999997 0.849520859375
2 0.12911865312499998 0.88801788125 0.16157620781249998 0.8896878921875 0.1890097375 0.8398280734375 0.1823129 0.7909752984375 0.1518610375 0.7682245171875 0.12308478437499999 0.7725771828125 0.09431132812500001 0.806710346875 0.10100816406249999 0.8555631218749999 0.12911865312499998 0.88801788125
2 0.5534054578125 0.8702435625 0.59991965625 0.9030312031250001 0.6380642078125 0.8896431249999999 0.6544566296875 0.8514957750000001 0.6360473234375 0.791601890625 0.5985685375 0.768182546875 0.5620967968749999 0.7788935703125001 0.543363 0.8267448984374999 0.5534054578125 0.8702435625
2 0.6527782234374999 0.79461183125 0.6832272890625 0.7875821109375 0.7059780671875 0.7571302484375 0.6949313640625 0.70928171875 0.6353647687499999 0.6497263140625 0.6112740624999999 0.664451521875 0.615968003125 0.7641655640625 0.6527782234374999 0.79461183125
2 0.5534054578125 0.8702435625 0.59991965625 0.9030312031250001 0.6380642078125 0.8896431249999999 0.6557937593750001 0.8374419296875001 0.64240568125 0.799297378125 0.6029184046875 0.7671783015625 0.5620967968749999 0.7788935703125001 0.543363 0.8267448984374999 0.5534054578125 0.8702435625
2 0.7578575703125 0.9123855093750001 0.779606903125 0.9073642812499999 0.789308084375 0.87992515625 0.7822783640625001 0.8494760921875001 0.75450355625 0.8283981218750001 0.723721609375 0.8538315531249999 0.724392971875 0.87658513125 0.7578575703125 0.9123855093750001
2 0.4780758328125 0.424881584375 0.50752345 0.4432824984375 0.5403138890625 0.42654879843750004 0.5523564453125 0.3894056953125 0.5403054953125 0.33720729843749997 0.5115264421875 0.3117794625 0.47940456718749996 0.321486240625 0.45632090468750003 0.3703418140625 0.4780758328125 0.424881584375
2 0.9374776640625001 0.20198658749999998 0.9143772140624999 0.0721591625 0.8852708734375 0.1246960375 0.8943090859374999 0.163844834375 0.9374776640625001 0.20198658749999998