2 0.9671875 0.56796875 0.065625 0.1390625
2 0.93515625 0.41171875 0.128125 0.14375
2 0.85703125 0.209375 0.1203125 0.13125
2 0.7546875 0.0390625 0.146875 0.078125
2 0.6375 0.10546875 0.15 0.1640625
2 0.521875 0.140625 0.1421875 0.159375
2 0.6234375 0.2828125 0.134375 0.1484375
2 0.7140625 0.396875 0.1578125 0.1765625
2 0.80546875 0.47265625 0.1390625 0.15625
2 0.9046875 0.5328125 0.1390625 0.1625
2 0.98671875 0.69609375 0.0265625 0.1359375
2 0.58359375 0.5234375 0.1421875 0.1546875
2 0.53515625 0.42890625 0.1234375 0.1359375
2 0.42109375 0.3921875 0.1359375 0.15
2 0.31796875 0.35625 0.1578125 0.1828125
2 0.34921875 0.25703125 0.1296875 0.1390625
2 0.35078125 0.071875 0.146875 0.140625
2 0.27421875 0.1140625 0.13125 0.1375
2 0.2640625 0.2 0.1328125 0.146875
2 0.19453125 0.24375 0.1203125 0.1234375
2 0.16796875 0.15703125 0.140625 0.13125
2 0.0640625 0.2765625 0.1265625 0.1390625
2 0.16953125 0.371875 0.1546875 0.16875
2 0.1765625 0.5390625 0.15 0.1640625
2 0.41484375 0.77109375 0.14375 0.1578125
2 0.5140625 0.7765625 0.171875 0.190625
2 0.37265625 0.85390625 0.1140625 0.1265625
2 0.2765625 0.85390625 0.10625 0.1125
2 0.1921875 0.76953125 0.1296875 0.1390625
2 0.27421875 0.93125 0.1515625 0.1375
2 0.18828125 0.9171875 0.1328125 0.165625
2 0.01171875 0.5796875 0.0234375 0.103125
2 0.0109375 0.221875 0.021875 0.075
2 0.28828125 0.54296875 0.1984375 0.2140625
2 0.74609375 0.82109375 0.1921875 0.190625