2 0.9234375 0.5609375 0.153125 0.24375
2 0.97890625 0.7328125 0.0421875 0.13125
2 0.9375 0.7765625 0.125 0.125
2 0.86328125 0.4328125 0.1640625 0.1734375
2 0.759375 0.06875 0.165625 0.1375
2 0.55625 0.0796875 0.240625 0.159375
2 0.528125 0.334375 0.2828125 0.309375
2 0.55546875 0.20078125 0.2015625 0.215625
2 0.44921875 0.04296875 0.1421875 0.0859375
2 0.48828125 0.51171875 0.18125 0.1984375
2 0.26875 0.46171875 0.18125 0.1921875
2 0.18984375 0.3625 0.1734375 0.178125
2 0.14921875 0.45703125 0.1546875 0.16875
2 0.29765625 0.8 0.184375 0.20625
2 0.20078125 0.778125 0.2 0.1984375
2 0.1703125 0.6484375 0.2265625 0.240625
2 0.08984375 0.71640625 0.1671875 0.2234375
2 0.071875 0.596875 0.14375 0.19375
2 0.20390625 0.89609375 0.1828125 0.2078125
2 0.55703125 0.7203125 0.2453125 0.253125