0 0.80390625 0.21796875 0.15 0.184375
0 0.95703125 0.26953125 0.0859375 0.2078125
0 0.88359375 0.36015625 0.1171875 0.140625
0 0.7484375 0.325 0.11875 0.1375
0 0.66484375 0.31328125 0.0796875 0.078125
0 0.5859375 0.2875 0.0875 0.1
0 0.4359375 0.12734375 0.15 0.1828125
0 0.3015625 0.13359375 0.0640625 0.0734375
0 0.128125 0.0375 0.13125 0.075
0 0.22890625 0.440625 0.1140625 0.14375
0 0.0890625 0.50078125 0.1140625 0.140625
0 0.6453125 0.5921875 0.0953125 0.1421875
0 0.7671875 0.54609375 0.06875 0.0875
0 0.83125 0.54375 0.1140625 0.15
0 0.5 0.81640625 0.115625 0.128125