1 0.9015625 0.70703125 0.10546875 0.13671875
1 0.97109375 0.63671875 0.0578125 0.13046875
1 0.78515625 0.63203125 0.11015625 0.12890625
1 0.50703125 0.93515625 0.11640625 0.1234375
1 0.28203125 0.81171875 0.0984375 0.13046875
1 0.3921875 0.4875 0.1265625 0.184375
1 0.259375 0.49765625 0.09296875 0.16015625
1 0.475 0.08828125 0.1171875 0.1484375
1 0.50546875 0.2828125 0.13515625 0.184375
1 0.825 0.06015625 0.109375 0.1203125
1 0.9734375 0.05703125 0.053125 0.1140625
1 0.03515625 0.3125 0.06953125 0.109375
1 0.09609375 0.1359375 0.12578125 0.153125