2 0 0.5135835234374999 0.0387345796875 0.5229873125 0.0707054421875 0.475907975 0.060997009375 0.41851615937500003 0.033950225 0.3838510984375 0 0.373951371875 0 0.5135835234374999
2 0.2129186734375 0.7418127015625 0.24055785937500002 0.6958133703125 0.229757775 0.6524965984375 0.1902617828125 0.614034040625 0.1669775609375 0.622139925 0.1355641671875 0.6437750265625 0.13554088125 0.6805884625 0.1669077 0.7325802328125001 0.2129186734375 0.7418127015625
2 0.0693925640625 0.8397106531249999 0.100712809375 0.965329296875 0.14564377343749998 0.9702300875000001 0.1700312921875 0.92964244375 0.1603228578125 0.87225063125 0.1100034953125 0.8272847343749999 0.08130758906249999 0.83213895 0.0693925640625 0.8397106531249999
2 0.238183890625 1 0.2360398859375 0.991400865625 0.2030355875 0.9605216546875001 0.1656763265625 0.9675358890625001 0.1450863046875 0.9956743250000001 0.14616481718750002 1 0.238183890625 1
2 0.36888234531249997 0.6661189609375 0.40302486875000004 0.609296259375 0.3824930640625 0.5454011078125001 0.3321620578125 0.51884193125 0.30021448125 0.5291078328125 0.2720411140625 0.5637379640625 0.281761190625 0.6027230609374999 0.31853969531250004 0.6579665015625 0.36888234531249997 0.6661189609375
2 0.428585540625 0.42578655000000004 0.44864138125 0.3862789140625 0.4400246 0.31481206093749997 0.4238011859375 0.2866503359375 0.369672684375 0.272540365625 0.3295726484375 0.3331489171875 0.3446927671875 0.39379240000000004 0.3993438078125 0.4376782875 0.428585540625 0.42578655000000004
2 0.522790790625 0.41610140468749995 0.5580016796875 0.3820171 0.5504649078125 0.31488192187499997 0.513140575 0.2666760015625 0.4617062734375 0.2725985828125 0.44328791250000005 0.29099365625 0.443264625 0.3278070921875 0.4670364546875 0.4046972765625 0.522790790625 0.41610140468749995
2 0.622918621875 0.4578505609375 0.5958834796875 0.40477878125 0.553658359375 0.401503825 0.5200616609375001 0.45128900625 0.5319417546875 0.49893745625 0.5638660437499999 0.525484990625 0.6104344859374999 0.5092732203125 0.622918621875 0.4578505609375
2 0.7010969796875 0.9651677062499999 0.8023513921875001 0.9376216703125 0.7520320296875 0.8926557734375 0.7276677984375 0.8964299812500001 0.7027460999999999 0.9256484281249999 0.7010969796875 0.9651677062499999
2 0.6278892734375 0.3024792890625 0.6609401453125 0.25973162968749997 0.6599067109375001 0.1817730796875 0.63611159375 0.1416963328125 0.584143109375 0.136249715625 0.545134725 0.182783228125 0.55375150625 0.2542500828125 0.5743065984375 0.2813317984375 0.6278892734375 0.3024792890625
2 0.4168218828125 0.1940709203125 0.4347060609375 0.1643066484375 0.42823765468749997 0.1199098671875 0.40172505156250005 0.0966140015625 0.3730291453125 0.10146821875 0.3567708015625 0.12852664687499998 0.3697309015625 0.180506775 0.39083182031249997 0.20055097187499998 0.4168218828125 0.1940709203125
2 0.2669554453125 0.0450981953125 0.3075198015625 0.10629914843749999 0.355714078125 0.087381534375 0.3508831484375 0.0218721921875 0.2669554453125 0.0450981953125
2 0.0763616421875 0.0926185671875 0.1277610125 0.141916140625 0.1645860921875 0.12353270937500001 0.1770702296875 0.07211005000000001 0.0763616421875 0.0926185671875
2 0.3589191734375 0.1555967203125 0.33781825625 0.13555252499999998 0.3188657125 0.14257840156249998 0.288520684375 0.186951896875 0.29932076875 0.23026866875000002 0.337736753125 0.26439955 0.3783709703125 0.21516019375 0.3589191734375 0.1555967203125
2 0.7235340625 0.5845957859375 0.6721346890625 0.535298215625 0.634775428125 0.542312446875 0.6130937546874999 0.5845259265625 0.6249622031250001 0.6505810953125 0.6947682937499999 0.699890309375 0.7321508421875 0.6560626421875 0.7235340625 0.5845957859375
2 1 0.7043060234375 0.9421731546875 0.7049191796875001 0.9107597609375 0.726554278125 0.9215482015625 0.7882777703125 0.9621474890625 0.79425856875 0.9816225718749999 0.8170086078125 0.9957092546874999 0.7996935421875 1 0.7992118515625 1 0.7043060234375
2 0.93087381875 0.5950130546875 0.993166421875 0.54037365625 0.9866863718750001 0.5143835921875 0.9331153390625 0.4748293828125 0.8870927234374999 0.48400363437499994 0.8426726546875001 0.5272854765625 0.8523927312499999 0.5662705734375 0.8908087124999999 0.600401453125 0.93087381875 0.5950130546875
2 0.8862106531249999 0.16675775312500002 0.851034696875 0.1456219046875 0.7562836203125001 0.162344571875 0.7443336656249999 0.22513642812499998 0.7757004859375 0.2771281984375 0.8736915859375 0.273400565625 0.904594084375 0.2035828328125 0.8862106531249999 0.16675775312500002
2 0.56640625 0.61953125 0.1546875 0.2046875
2 0.271875 0.80390625 0.16875 0.2125
2 0.1265625 0.2828125 0.1796875 0.2265625