2 0.41074744843750005 0.3695735359375 0.38737734375 0.33525488124999997 0.3496877328125 0.32723822187499996 0.3173661609375 0.357378575 0.31150238125 0.3973768703125 0.36133028125 0.4415534640625 0.4001105 0.41833916093749995 0.41074744843750005 0.3695735359375
2 0.4072773609375 0.2131071171875 0.36447464375 0.28755152968750003 0.372307165625 0.3190940953125 0.4139909390625 0.34065125625000003 0.44830959375 0.3172811515625 0.4543291734375 0.2728212921875 0.4072773609375 0.2131071171875
2 0.464130440625 0.37590471718749996 0.4265682953125 0.4281971015625 0.4491593921875 0.4848235859375 0.5104032453125 0.4579267234375 0.5035055296875 0.3996147609375 0.4842853890625 0.37437504062500004 0.464130440625 0.37590471718749996
2 0.5390422578125 0.4053227375 0.5205727875 0.422545796875 0.5233205390625 0.471778825 0.560542746875 0.493180184375 0.5814767 0.469342678125 0.5830347140625001 0.424727015625 0.5390422578125 0.4053227375
2 0.5529934890625 0.517485096875 0.520700253125 0.4828548421875 0.4871606046875 0.4839171140625 0.458209990625 0.5454442328125 0.470348278125 0.5816041671875001 0.5077262859375 0.5985439593749999 0.54666230625 0.570868090625 0.5529934890625 0.517485096875
2 0.5834171109375 0.6056541484375 0.6457232359375 0.612296934375 0.6800418890625 0.5889268296875 0.69560780625 0.52693230625 0.6393212609375001 0.4758296609375 0.6099315765625 0.48597086875000006 0.5748339171875 0.531648803125 0.5646643734375 0.5670297296875 0.5834171109375 0.6056541484375
2 0.583856178125 0.6570400609375 0.5560245078125 0.6225656046875 0.5224848609375 0.623627878125 0.4844553109375 0.689304959375 0.4965936 0.72546489375 0.525048475 0.742093084375 0.5775249953125 0.710423053125 0.583856178125 0.6570400609375
2 0.42901856406250005 0.8057447484375 0.4634930203125 0.7779130796875 0.46998000468749995 0.72006851875 0.4552214296875 0.6949846015625 0.40860868593750005 0.6866563375 0.38090448125 0.712490928125 0.3745733 0.7658739203125 0.38917607187500003 0.7954194046875 0.42901856406250005 0.8057447484375
2 0.211110034375 0.5859523875 0.18200361874999998 0.6519410734375 0.2010679578125 0.681642359375 0.23644888437499997 0.691811903125 0.275852309375 0.650751334375 0.2532612109375 0.59412485 0.211110034375 0.5859523875
2 0.144696403125 0.8248515453125 0.12163790156250001 0.781609759375 0.0837924890625 0.7780546640625 0.058836035937499996 0.8531222843749999 0.0779003765625 0.8828235687499999 0.113437103125 0.8885315468749999 0.1386768234375 0.8693114062499999 0.144696403125 0.8248515453125
2 0.5339615984375 1 0.5383481640625 0.9368723203125 0.494355709375 0.917468040625 0.46156673281250005 0.9609930953125 0.469243453125 0.9969972265625 0.512456790625 1 0.5339615984375 1
2 0.8859095937499999 1 0.8995792265624999 0.9539537921875001 0.85558676875 0.9345495156249999 0.8357150875 0.9919266703125 0.83983835 1 0.8859095937499999 1
2 0.958571065625 0.7996685921875 0.9128647937500001 0.8293415421875 0.9019162453125 0.8870303015625 0.9208247843749999 0.921193153125 0.9740519750000001 0.9319859015624999 0.989334625 0.8141439 0.958571065625 0.7996685921875
2 0.900032509375 0.621177609375 0.9343511624999999 0.5978075046875 0.9446765078125001 0.5579650109375 0.9216180046875 0.514723225 0.8839283953124999 0.5067065656249999 0.8473010578125001 0.5322295515625 0.837287315625 0.5631489125 0.8648073828125 0.6065465 0.900032509375 0.621177609375
2 0.9836408640625001 0.46551853125 0.9558091937500001 0.4310440765625 0.9313484796875 0.4279563859375 0.908105840625 0.4539467765625 0.9067036296875 0.494100871875 0.9479199984375001 0.5290427328125 0.9777770859375 0.5055168265625001 0.9836408640625001 0.46551853125
2 0.8377830562499999 0.48499360312500006 0.876563275 0.4617793 0.8872002234374999 0.413013675 0.8596801546874999 0.36961608749999997 0.835219440625 0.366528396875 0.79874790625 0.38758981718749996 0.7884225609375 0.427432309375 0.8005608484375 0.46359224374999997 0.8377830562499999 0.48499360312500006
2 0.9406398875 0.28980363593749997 0.9177371859375001 0.24210028437500003 0.8843533421875 0.238700990625 0.8471027984375 0.2820702421875 0.8452331828125 0.3356090359375 0.8556859921875001 0.3560755875 0.8999900515625001 0.3665567328125 0.9406398875 0.28980363593749997
2 1 0.2675904765625 0.9538687859375001 0.29473260625000003 0.93446450625 0.3387250625 0.9367448546875 0.40134279062499995 0.9905669156249999 0.45905988437499995 1 0.3233070484375 1 0.2675904765625
2 0.9448181874999999 0.23411195937499998 0.9749868765624999 0.20166292187499998 0.9806948546875001 0.16612619374999998 0.9576363515624999 0.12288440781250001 0.919790940625 0.1193293125 0.8963925015624999 0.14978126875 0.8946786859375001 0.1988584984375 0.9180487890625001 0.2331771515625 0.9448181874999999 0.23411195937499998
2 0.8512810984374999 0.2263785640625 0.8905287218750001 0.18977956406250002 0.8974831109375 0.11855030625 0.8827245359375 0.0934663859375 0.8450349234375001 0.0854497265625 0.8128691531250001 0.11112851406249999 0.80622636875 0.1734346390625 0.8142146921875 0.20051563906249997 0.8512810984374999 0.2263785640625
2 0.4471481921875 0.15866185 0.47269951250000003 0.13051857656250002 0.47903069531250003 0.077135584375 0.46427212031250004 0.052051665625 0.42673831250000005 0.0395734390625 0.38964357031249996 0.0784811234375 0.38362399062499997 0.122940984375 0.4026883296875 0.1526422703125 0.4471481921875 0.15866185
2 0.57627868125 0.042562 0.607821246875 0.0347294765625 0.6244494375 0.0062746 0.51291028125 0.0023795671875 0.54520351875 0.037009825 0.57627868125 0.042562
2 0.660736740625 0.7579989390625 0.6459781671875 0.732915021875 0.595059659375 0.7199693921875 0.5574975125 0.772261775 0.6154695359375 0.8390578015625 0.6333158015625 0.83968100625 0.6639518953125 0.7938472703125 0.660736740625 0.7579989390625
2 1 0.019389115625 0.99475943125 0.0192061109375 0.9785703078125 0.0990468984375 1 0.1220274296875 1 0.019389115625