2 0.6139501890625 0.3764648625 0.5848406078124999 0.4110400203125 0.58935448125 0.456342659375 0.6265401015625 0.49399067499999993 0.6592118484375 0.48633605312499995 0.6799597562499999 0.4473149140625 0.6711766671875 0.40331750624999996 0.6139501890625 0.3764648625
2 0.7691778484375 0.662788078125 0.737566675 0.6281040499999999 0.7008024734375 0.6300074609374999 0.675608584375 0.677390271875 0.6883073671875 0.7341953343750001 0.7241877578125 0.76757413125 0.7525902890625 0.7612247390625 0.7746434265625 0.72647281875 0.7691778484375 0.662788078125
2 0.5947381046875 0.748797528125 0.6284294515625 0.8131893187499999 0.6720733328125 0.8185191109375 0.6918695359375 0.7611158703124999 0.654085734375 0.6909728687500001 0.6126987890625 0.7082943953124999 0.5947381046875 0.748797528125
2 0.6405031375 0.66945001875 0.639306778125 0.604460046875 0.600108875 0.59076858125 0.5873691156249999 0.648348584375 0.61767505625 0.6787633953125 0.6405031375 0.66945001875
2 1 0.6396984984375 0.9860241359374999 0.631503515625 0.9582197875 0.6703478921875 0.9640388906249999 0.7199197484375001 0.99416806875 0.7573910015624999 1 0.757753425 1 0.6396984984375
2 0.978994609375 0.799376128125 0.9977302359375001 0.7843115390625 0.9477369625 0.750579215625 0.9097354203125001 0.8018777187499999 0.9309726390625 0.8560723187500001 0.9573628890625001 0.8736794765625 0.975921753125 0.8656713296874999 0.9920469171875 0.8420683046875 0.978994609375 0.799376128125
2 0.9401092562500001 0.8859568421875 0.923739434375 0.8629519968749999 0.8858467640625 0.8535297500000001 0.8615366890624999 0.8656303515625 0.8461864671875 0.914671921875 0.9401092562500001 0.8859568421875
2 0.759252228125 0.88989945 0.77099930625 0.928322409375 0.8419172484375 0.9159771515624999 0.8351464406250001 0.8480231937499999 0.808756190625 0.8304160359375 0.7746024499999999 0.8408578828125 0.759252228125 0.88989945
2 0.7176885203125 0.9142774171875001 0.702691821875 0.949206103125 0.7736097671875 0.9368608453125 0.7390346078125 0.9077512640625001 0.7176885203125 0.9142774171875001
2 0.49260153281249996 1 0.4774838625 0.9760446843749999 0.44943485625 0.9682811921875001 0.417891578125 0.987261475 0.41453555 1 0.49260153281249996 1
2 0.3305359203125 0.9229375765625001 0.3376602546875 0.97677865 0.40063794531249997 0.9995388390625 0.4128474171875 0.9631281609375 0.39979510937499996 0.9204359859375 0.35798674531249997 0.8982060828125 0.3305359203125 0.9229375765625001
2 0.4126437390625 0.8021352296875 0.38875508124999997 0.853787259375 0.39919692812499996 0.887941 0.44492098437500005 0.9229785546875 0.47889796406249996 0.9195931500000001 0.48659356249999997 0.8378798328125001 0.4451387234375 0.8015370484375 0.4126437390625 0.8021352296875
2 0.506498634375 0.719755840625 0.4901288140625 0.6967509953125 0.4479669265625 0.688633978125 0.42573702343750003 0.7304423421874999 0.4374841015625 0.7688653015625 0.46648481249999996 0.79501089375 0.4991565609375 0.787356271875 0.51694048125 0.7539095812500001 0.506498634375 0.719755840625
2 0.3805842328125 0.559850396875 0.35539034531249997 0.6072332109375 0.3654786671875 0.655499834375 0.416777171875 0.6935013765625 0.4438744703125 0.6828827656249999 0.45738917343749996 0.65074130625 0.4476543765625 0.588361796875 0.3805842328125 0.559850396875
2 0.342473821875 0.67186965625 0.3563420515625 0.6256153109375 0.33641006406249996 0.5756899296875 0.29128418749999996 0.5731473609375 0.2867293375 0.6422297859375 0.342473821875 0.67186965625
2 0.3732562203125 0.345016390625 0.3429502796875 0.3146015796875 0.30061162812500003 0.3135410046875 0.27968695625 0.35961858593749996 0.30057065 0.42792606875 0.335145809375 0.4570356484375 0.363548340625 0.45068625625000003 0.387260234375 0.40609066875 0.3732562203125 0.345016390625
2 0.8704567734375 0.2840381296875 0.83672445 0.334031403125 0.83139465625 0.37767528437500003 0.859511553125 0.4391030890625 0.8975809874999999 0.4414688953125 0.8881997171875 0.3649765015625 0.9020679453125 0.3187221578125 0.8704567734375 0.2840381296875
2 0.7753235625 0.5301976749999999 0.793175375 0.550415296875 0.8356907890624999 0.5444194296875 0.8475467374999999 0.5221216359375 0.8302252109375001 0.48073468906250005 0.7910273078125 0.46704322343750004 0.7753235625 0.5301976749999999
2 0.20286795624999998 0.5511621156250001 0.2055872859375 0.49897979687499994 0.166389384375 0.48528833281250006 0.15305144375 0.5103733484374999 0.163493290625 0.544527090625 0.20286795624999998 0.5511621156250001
2 0.08943459687500001 0.5695032390625 0.07906064375 0.589013809375 0.0921129515625 0.631705984375 0.1185032 0.6493131437499999 0.13706206406250002 0.641304996875 0.1440506140625 0.5878174484375001 0.115049903125 0.5616718546875 0.08943459687500001 0.5695032390625
2 0.1386669890625 0.29536258125 0.12229716875 0.2723577359375 0.0801352796875 0.26424071875 0.0625281203125 0.29063096875 0.0657367640625 0.3316643890625 0.0821065828125 0.35466923281249996 0.127055696875 0.36426824375 0.1431808609375 0.3406652203125 0.1386669890625 0.29536258125
2 0.1929704578125 0.213404609375 0.1766006375 0.190399765625 0.1442824140625 0.183941503125 0.11944205156250001 0.21721143281250002 0.12004023281250001 0.2497064171875 0.144771725 0.27715724218750004 0.184323153125 0.27673582343750003 0.2017535484375 0.2574020171875 0.1929704578125 0.213404609375
2 0.22360300937500002 0.061657162499999994 0.23125763125 0.094328909375 0.2749015140625 0.099658703125 0.294697715625 0.0422554625 0.22360300937500002 0.061657162499999994
2 0.030006220312499998 0.1231797734375 0.0577017015625 0.14505615 0.08052978125 0.135742771875 0.1025829203125 0.10099084843749999 0.030006220312499998 0.1231797734375
2 1 0.8466392046875001 0.9918701562500001 0.8491247468750001 0.978532215625 0.874209765625 1 0.8676464046874999 1 0.8466392046875001
2 0.15625 0.915625 0.14375 0.16875
2 0.7015625 0.02734375 0.16875 0.0546875