2 0.49921875 0.7421875 0.1421875 0.15625
2 0.33359375 0.81484375 0.121875 0.1296875
2 0.175 0.75703125 0.1734375 0.1921875
2 0.2640625 0.7125 0.13125 0.14375
2 0.4296875 0.64921875 0.140625 0.15
2 0.128125 0.5734375 0.1484375 0.1640625
2 0.05390625 0.58671875 0.1078125 0.1703125
2 0.1484375 0.47890625 0.1484375 0.1640625
2 0.48125 0.94921875 0.153125 0.1015625
2 0.31953125 0.43515625 0.125 0.1390625
2 0.23984375 0.41328125 0.125 0.1375
2 0.034375 0.296875 0.06875 0.165625
2 0.3515625 0.3484375 0.1421875 0.1515625
2 0.265625 0.3015625 0.1265625 0.134375
2 0.2265625 0.21484375 0.1421875 0.1453125
2 0.365625 0.22109375 0.1453125 0.15
2 0.25234375 0.103125 0.1171875 0.103125
2 0.08203125 0.1828125 0.096875 0.084375
2 0.03515625 0.2296875 0.0703125 0.10625
2 0.5703125 0.9625 0.128125 0.075
2 0.68203125 0.75703125 0.15625 0.1828125
2 0.69609375 0.88984375 0.140625 0.1546875
2 0.6171875 0.5671875 0.1234375 0.1328125
2 0.7390625 0.68828125 0.13125 0.15
2 0.825 0.8125 0.165625 0.1765625
2 0.6953125 0.5015625 0.146875 0.1625
2 0.58671875 0.4203125 0.1484375 0.159375
2 0.8125 0.61328125 0.1390625 0.15
2 0.940625 0.61015625 0.11875 0.1453125
2 0.9125 0.47578125 0.1375 0.1453125
2 0.965625 0.4734375 0.06875 0.146875
2 0.63203125 0.31640625 0.1703125 0.184375
2 0.5390625 0.2515625 0.175 0.184375
2 0.4328125 0.02421875 0.11875 0.0484375
2 0.853125 0.134375 0.084375 0.1140625