2 0.8140625 0.81796875 0.1453125 0.16875
2 0.89375 0.81796875 0.1046875 0.159375
2 0.50078125 0.7234375 0.146875 0.146875
2 0.32890625 0.909375 0.140625 0.14375
2 0.39765625 0.71640625 0.1296875 0.1515625
2 0.51484375 0.48828125 0.1625 0.1953125
2 0.5546875 0.353125 0.146875 0.1671875
2 0.8171875 0.23203125 0.1234375 0.14375
2 0.953125 0.1484375 0.09375 0.09375
2 0.7703125 0.0859375 0.1265625 0.084375
2 0.5625 0.05625 0.14375 0.1125
2 0.45234375 0.26875 0.128125 0.1453125
2 0.39296875 0.1546875 0.1390625 0.1875
2 0.30703125 0.6765625 0.13125 0.146875
2 0.37734375 0.32578125 0.1140625 0.1375
2 0.2921875 0.28515625 0.10625 0.1375
2 0.1828125 0.86484375 0.1359375 0.1390625
2 0.12109375 0.4640625 0.1296875 0.165625
2 0.07734375 0.8421875 0.15 0.1375
2 0.0265625 0.803125 0.053125 0.15625
2 0.03515625 0.4671875 0.0703125 0.1375
2 0.05 0.334375 0.0734375 0.121875
2 0.19921875 0.07890625 0.1453125 0.1578125
2 0.875 0.7140625 0.1296875 0.14375
2 0.95390625 0.59375 0.0921875 0.128125
2 0.8625 0.95546875 0.071875 0.0890625
2 0.53671875 0.90546875 0.2015625 0.1890625
2 0.6265625 0.55078125 0.184375 0.2140625