2 0.30752687343749996 0.71675634375 0.29462875781250003 0.691442365625 0.26352870156249997 0.6860313734375 0.22983031562499998 0.7102873125 0.2202807015625 0.7541247328125 0.23461194062500002 0.7822513734375 0.267145121875 0.79047503125 0.29797725937499997 0.7605937640625 0.30752687343749996 0.71675634375
2 0.49702100937499993 1 0.5170708312500001 0.9819904703125 0.529379525 0.9296614734374999 0.512128453125 0.8888510515625001 0.45858066875 0.9019635031250001 0.43618652343750003 0.9275453984375 0.425150203125 0.961511703125 0.44163511718750004 1 0.49702100937499993 1
2 0.5602516078125 0.7190731140625 0.540134290625 0.672637365625 0.490671540625 0.6659539999999999 0.44858874687499994 0.7015677640625 0.434793346875 0.74402564375 0.4605895765625 0.794653596875 0.4917432171875 0.8071230437500001 0.5283078484375 0.78849243125 0.5602516078125 0.7190731140625
2 0.60138353125 0.7441727578124999 0.5801545921875 0.73727505625 0.5492152875 0.75303941875 0.5270354765625 0.8068551218750001 0.5555907890625 0.8489915 0.5908294640625 0.8416651296875 0.6158755234375 0.7934747546875001 0.60138353125 0.7441727578124999
2 0.6902235765625 0.7307923875 0.6466540765625 0.7565350343749999 0.6342382140625 0.7947471265625 0.657275365625 0.8538666562499999 0.6756380578125001 0.8551390281250001 0.7160733921875 0.78847879375 0.6902235765625 0.7307923875
2 0.8087841390625 0.7270687984374999 0.776197375 0.7117866890625 0.7368736609375001 0.738908878125 0.7174529328125 0.7842330046875 0.7136358140625 0.8393210812499999 0.7379453375 0.88007791875 0.8042840703125 0.8781625406250001 0.836334996875 0.8228601296875 0.8087841390625 0.7270687984374999
2 0.8635507140625001 0.6885352046875 0.83123186875 0.7085453546875 0.8201955468750001 0.7425116593750001 0.8462061125 0.821373421875 0.8984279421875 0.8195652125 0.9205005843749999 0.751632603125 0.8635507140625001 0.6885352046875
2 0.9748384874999999 0.6566313906250001 0.93221985625 0.621660634375 0.90828541875 0.6303129609375 0.8859984437499999 0.6700117609375 0.9132813796875 0.7305108312499999 0.9486272250000001 0.7373013640625 0.9748384874999999 0.6566313906250001
2 0.4573881875 0.5589120125 0.43175270781249997 0.529459415625 0.3950273234375 0.5269146703125 0.351564990625 0.566774221875 0.3393634640625 0.6332201234375 0.3679187734375 0.6753565 0.43001171875 0.6720615828125001 0.46344218593750003 0.6125133828125 0.4573881875 0.5589120125
2 0.275355140625 0.5701763078125001 0.2467462453125 0.5209814781250001 0.2030695765625 0.532607221875 0.1878946359375 0.5793108890625 0.200846334375 0.61168331875 0.24187109062499998 0.62266605625 0.265698359375 0.5998968234375 0.275355140625 0.5701763078125001
2 0.3352647890625 0.46525039531249995 0.30267802499999996 0.44996828750000006 0.2633543109375 0.47709047499999996 0.256563778125 0.5124363187500001 0.2880925046875 0.574314928125 0.33182275625 0.5697476375 0.3540025671875 0.515931934375 0.3352647890625 0.46525039531249995
2 0.4136978796875 0.3827722140625 0.3853569046875 0.3688696453125 0.316527009375 0.4145688578125 0.35538210625 0.5116861453125 0.4072824328125 0.4675272234375 0.42532362343749996 0.4264488828125 0.4136978796875 0.3827722140625
2 0.2083734015625 0.48739026093750004 0.185497003125 0.4494460875 0.158642734375 0.44541463437499995 0.105309284375 0.48676089375 0.093000590625 0.5390898890625 0.11306432656250001 0.5784671859375 0.1527095421875 0.5936957125 0.19054654843750002 0.5567024093749999 0.2083734015625 0.48739026093750004
2 0.1481286140625 0.3621999171875 0.1083226453125 0.32579603437500004 0.057962610937500006 0.3868845265625 0.05839128125 0.44335214375 0.0797273890625 0.464366746875 0.1304625109375 0.452687421875 0.1526423203125 0.3988717171875 0.1481286140625 0.3621999171875
2 0.07758403750000001 0.1820286640625 0.131238990625 0.18303311718749998 0.1593120484375 0.1616434265625 0.1757593625 0.0965770671875 0.1528829625 0.058632892187499994 0.1162111625 0.0631466 0.07758403750000001 0.1820286640625
2 0.5729480578125 0.1599151078125 0.5515583671875001 0.1318420515625 0.4938719609375 0.15769186562499998 0.4858090546875 0.2114004015625 0.5016270015625001 0.24939815781250002 0.5397855109374999 0.25475556875 0.5692381078125 0.22912008749999999 0.5729480578125 0.1599151078125
2 0.688642371875 0.150566190625 0.6685250515625001 0.1041304421875 0.621928553125 0.10307240312499999 0.5854710875 0.13581991875 0.5759214734375 0.1796573390625 0.5960923765625 0.23315154218749998 0.634250884375 0.23850895 0.6735745984375 0.2113867640625 0.688642371875 0.150566190625
2 0.723184459375 0.0514799421875 0.682588371875 0.096964821875 0.70286644375 0.164575928125 0.7536015640625 0.1528966015625 0.775781375 0.099080896875 0.723184459375 0.0514799421875
2 0.7417215406250001 0.2616932140625 0.717358434375 0.21387792499999997 0.6905041656249999 0.209846471875 0.64279604375 0.24832648281249997 0.631866890625 0.296409690625 0.6448185890625 0.3287821203125 0.6815975578125 0.3383853171875 0.7265465984375 0.3083968828125 0.7417215406250001 0.2616932140625
2 0.70166129375 0.377762615625 0.6523592953125 0.3922546046875 0.6500288859375 0.4572137984375 0.6769367374999999 0.46830370312499997 0.7120146625 0.43980197499999996 0.70166129375 0.377762615625
2 1 0.146576025 0.997781140625 0.145395840625 0.9780924921875 0.15542770781249998 0.96727050625 0.217627821875 0.9888209484375 0.2668762328125 1 0.27124970937500004 1 0.146576025
2 0.3515625 0.92109375 0.1296875 0.1328125
2 0.53984375 0.01953125 0.1078125 0.0390625