2 1 0.081502771875 0.9583252265625 0.073101796875 0.9487624531250001 0.114480590625 0.9642828546875 0.14214960625 0.9986793453124999 0.152747790625 1 0.151978028125 1 0.081502771875
2 1 0.1660336890625 0.9919572359375 0.1651619640625 0.9552404671874999 0.20628592812500002 0.9539555984374999 0.2649903796875 0.973097246875 0.297831075 1 0.29870938125 1 0.1660336890625
2 0.8471770781249999 0.459220709375 0.8751116546875 0.4936118328125 0.910283359375 0.499813553125 0.9462249125 0.4630860515625 0.9599239578125 0.41110370781250005 0.93767608125 0.3573161078125 0.8919008249999999 0.3469781171875 0.8492371640625 0.3961197953125 0.8471770781249999 0.459220709375
2 0.6400121875 0.32296255 0.669242365625 0.3757147421875 0.719153890625 0.37544918125 0.7506989828124999 0.3379464640625 0.75353428125 0.2704490859375 0.7222386515625 0.24226505 0.67000148125 0.25572 0.644663478125 0.296583771875 0.6400121875 0.32296255
2 0.5437996515625 0.25159983124999996 0.58776965 0.297884740625 0.623716571875 0.2996899984375 0.6715519109375 0.246927071875 0.674132384375 0.20658369062499998 0.64309158125 0.1512456578125 0.5869729687499999 0.148150165625 0.543534090625 0.2016883046875 0.5437996515625 0.25159983124999996
2 0.7033464640625 0.143737603125 0.7232633265625 0.1721818328125 0.7496421062499999 0.1768331234375 0.7848084453124999 0.14450208281250002 0.761264965625 0.072353415625 0.7366968109375 0.0702879640625 0.7059269359375 0.10339421875000002 0.7033464640625 0.143737603125
2 0.4359481578125 0.16911853906250002 0.4762969078125 0.2102317703125 0.5086225796875 0.20686535 0.56007916875 0.1592741046875 0.5548967578124999 0.08582983281249999 0.5171338453125001 0.042905976562499996 0.4690329453125 0.045757375 0.4299905296875 0.10007073124999999 0.4359481578125 0.16911853906250002
2 0.33688958750000003 0.088187678125 0.363273734375 0.1313717265625 0.3948241921875 0.13240176875 0.4152507109375 0.1065380109375 0.4237780765625 0.058176917187499996 0.402825803125 0.022750384375 0.37023993593750004 0.0147380390625 0.3417957078125 0.034654903125 0.33688958750000003 0.088187678125
2 0.2745799890625 0.1973294078125 0.3118225125 0.2174957328125 0.345438421875 0.1939576203125 0.36198349687500003 0.15154341875 0.328871878125 0.082240784375 0.28697806406250004 0.0884532375 0.2598348015625 0.1652639296875 0.2745799890625 0.1973294078125
2 0.465980384375 0.410138065625 0.49908663750000004 0.440907940625 0.5495131843750001 0.42486715156250004 0.5668334765624999 0.3780564875 0.51691121875 0.30125652812500003 0.473466975 0.3162619078125 0.458992715625 0.3726407140625 0.465980384375 0.410138065625
2 0.378847803125 0.5443683390625 0.39953988125 0.56841610625 0.4693575375 0.5195292578124999 0.46986719218750006 0.46522126874999997 0.4349503140625 0.431865553125 0.405985696875 0.42902488749999995 0.3744406046875 0.46652760468750004 0.378847803125 0.5443683390625
2 0.40730813125000004 0.6400497546875 0.43576309531249996 0.6971984078125 0.49421271874999995 0.7256372718749999 0.5433436640625 0.691235415625 0.5712621390625 0.610028259375 0.53633989375 0.5381397859375 0.5060796734374999 0.5169380515625 0.48151151875 0.5148726 0.43083014531249997 0.5580673828125 0.40730813125000004 0.6400497546875
2 0.59143383125 0.611318496875 0.6214284921875 0.58260870625 0.6351275375000001 0.5306263625 0.5996902703125 0.4745131171875 0.552624778125 0.4843468171875 0.538925734375 0.5363291625 0.59143383125 0.611318496875
2 0.804285421875 0.728180178125 0.8234270703125001 0.7610208734375 0.8593739921875001 0.7628261296875001 0.8997120078125 0.72687384375 0.88081981875 0.6283463953124999 0.8570268796875 0.6218844796874999 0.805570290625 0.6694757265625 0.804285421875 0.728180178125
2 0.8392184 0.877134171875 0.8663723937500001 0.877389 0.8971422703125 0.8442827453125 0.9041192062500001 0.8047145765625 0.8831669312500001 0.76928804375 0.8490306343749999 0.7700686250000001 0.8174855437499999 0.80757134375 0.8392184 0.877134171875
2 0.7220696906249999 0.8859432 0.7412113406249999 0.9187838921875 0.76759011875 0.9234351828125 0.8019812421875001 0.8955006078125001 0.8053369296874999 0.8507607593750001 0.7807634078125 0.8101625484375001 0.751798790625 0.8073218828125001 0.725425378125 0.8412033515624999 0.7220696906249999 0.8859432
2 0.5681827453125 0.7817451515625 0.55267844375 0.8696744140625 0.582429009375 0.9451841375000001 0.6256184265625 0.9573327515625 0.677075015625 0.9097415062499999 0.704218278125 0.8329308125000001 0.6910181546875 0.75353965 0.6416162828124999 0.6994972203125001 0.602568503125 0.715277815625 0.5940411375 0.7636389109375 0.5681827453125 0.7817451515625
2 0.191631975 0.66775096875 0.23689221093750001 0.6938641859375 0.2785258296875 0.67627296875 0.2966213375 0.6250658390625 0.29325491718749996 0.5927401671875 0.253941575 0.5586092375 0.20247962031250002 0.567667725 0.1768867890625 0.6356854890625 0.191631975 0.66775096875
2 0.10291139687499999 0.5410448515625 0.12722472499999998 0.570264296875 0.1631716453125 0.5720695546875 0.1939415203125 0.5389633 0.195226390625 0.4802588484375 0.1683272234375 0.45285002656250006 0.1393626046875 0.4500093609375 0.1026458375 0.4911333265625 0.10291139687499999 0.5410448515625
2 0.29661597031250003 0.5865330796875 0.3542850125 0.580835646875 0.37470616562500003 0.5164391296875 0.34418575156250003 0.48385862968750004 0.30487777656250004 0.488260459375 0.27927957812500004 0.5177454671875 0.29661597031250003 0.5865330796875
2 0.05546875 0.709375 0.1109375 0.2