2 0.7068818984374999 0.5993954125000001 0.665874815625 0.5757199625 0.6443139718750001 0.5814971718749999 0.6217939625 0.626816425 0.6278807734375 0.6667813859375 0.6614189609375 0.697079890625 0.6900257796875 0.6917256 0.7152795937499999 0.6479847125 0.7068818984374999 0.5993954125000001
2 0.827395984375 0.617943215625 0.8118389921875 0.5943810875 0.76451845625 0.5816408578125001 0.7441130546875 0.5917302390625 0.7219026453125 0.6554536078125001 0.7400801203125 0.7060441921875 0.783511409375 0.7128938890625001 0.827169340625 0.6688434015625 0.827395984375 0.617943215625
2 0.8172762390624999 0.69229220625 0.78582229375 0.721518225 0.78675109375 0.7767305796875 0.822600165625 0.8156534203125 0.8652989328125 0.8111449734375 0.8819284078124999 0.76971496875 0.8645967750000001 0.7050324359375 0.8172762390624999 0.69229220625
2 0.8983616062499999 0.6844307546875 0.8746861546875 0.7254378375 0.88739601875 0.7728716953125 0.9088435421875 0.792544578125 0.951542309375 0.7880361296875 0.9546160796875001 0.713264215625 0.926545503125 0.6861224406249999 0.8983616062499999 0.6844307546875
2 0.999678325 0.8814388031249999 0.9491181046875001 0.8048618843750001 0.9146207531250001 0.814105421875 0.8929465875 0.8453327249999999 0.9075444140625001 0.90843689375 0.999678325 0.8814388031249999
2 0.5579957890625 1 0.5684614375 0.9969830203125 0.537460778125 0.9244086703125 0.4842497078125 0.9155576890624999 0.4444810265625 0.965498709375 0.45000344375 1 0.5579957890625 1
2 0.45968395937500006 0.4530305421875 0.4209877609375 0.4379794296875 0.3888012953125 0.4558473046875 0.3729043390625 0.5086354515625 0.3879250875 0.564693646875 0.432398496875 0.6013056031249999 0.4469133671875 0.595105471875 0.4922629828125 0.5228710875 0.45968395937500006 0.4530305421875
2 0.25050229062499996 0.4744173359375 0.220317109375 0.48250543125 0.188017321875 0.5258233984375 0.210816565625 0.5936626578124999 0.2706506859375 0.609982534375 0.306220521875 0.5357468640625 0.284886321875 0.4906238921875 0.25050229062499996 0.4744173359375
2 0.12344810937499999 0.5177049390625 0.10208354374999999 0.567336359375 0.11248252343750001 0.606145878125 0.14486526875 0.6321322140625 0.182096425 0.6244670390625 0.19672461562500002 0.592816815625 0.1750808140625 0.529289725 0.12344810937499999 0.5177049390625
2 0.222122115625 0.42887144218750006 0.1788041484375 0.3965716546875 0.1517756921875 0.3991921375 0.13325825468750002 0.4249518296875 0.1350328953125 0.466072234375 0.17088196718749998 0.504995075 0.1994887859375 0.4996407859375 0.22820892499999998 0.4688364046875 0.222122115625 0.42887144218750006
2 0.2904146609375 0.3042718296875 0.25572103125 0.2696611578125 0.22438040625000003 0.273437084375 0.2015508 0.3003522171875 0.1981674296875 0.35672001249999996 0.2394841125 0.39879958125 0.28333832187499997 0.3986033015625 0.2991219546875 0.371265246875 0.2904146609375 0.3042718296875
2 0.57889519375 0 0.578771503125 0.0005401828125 0.5957935359375 0.0468185984375 0.6391115046875 0.07911838593750001 0.6774981015625 0.07576538125 0.7047532015625 0.0222447125 0.700463753125 0 0.57889519375 0
2 0.7901203703124999 0.1079822125 0.7578205828125 0.15130017812500002 0.766218278125 0.19988947968749998 0.799756465625 0.23018798281250002 0.8381430625 0.2268349765625 0.858238865625 0.1983414796875 0.8541533390625 0.1485967375 0.7901203703124999 0.1079822125
2 0.60390625 0.4921875 0.2046875 0.196875
2 0.221875 0.79296875 0.228125 0.2625