2 0.607562084375 0.4563198359375 0.66075468125 0.4765472375 0.6924969828124999 0.45958061250000004 0.7047251015625 0.3855491671875 0.6730235078125 0.3403355 0.6358498359375 0.33069565 0.59288818125 0.3495780328125 0.582596175 0.40373868437500005 0.607562084375 0.4563198359375
2 0.511662671875 0.5552968359375 0.5392168484375001 0.5710202125 0.57255900625 0.5582213578124999 0.5860507265625 0.5123962453125 0.574851728125 0.48322185624999997 0.5255110015625 0.454343015625 0.49665251250000003 0.472593596875 0.48829661875 0.5068834546875001 0.511662671875 0.5552968359375
2 0.4420334796875 0.6728810265625 0.48369082187499995 0.6879726046875 0.5054977265625 0.6700379234375 0.5148216765625 0.6258126671875 0.49562339375000003 0.5757994296875 0.4478825234375 0.5510883578125 0.4167720234375 0.5821581484375 0.4186674265625 0.624467646875 0.4420334796875 0.6728810265625
2 0.3601965234375 0.83340651875 0.3835829296875 0.850729753125 0.446731278125 0.8408350640625001 0.4602229984375 0.7950099515625 0.433993484375 0.7142224703125 0.39778786875 0.6946472234375001 0.3657296671875 0.7045622640625 0.33556686875 0.7567868062499999 0.3601965234375 0.83340651875
2 0.3790178421875 0.969638609375 0.4322104390625 0.9898660125 0.47134057812499996 0.9485449234375001 0.46784531874999996 0.9020676546875 0.43037609843749997 0.8542860765625001 0.3922343703125 0.854581621875 0.35760825625 0.8702642921875 0.35405193281249997 0.9170574609375001 0.3790178421875 0.969638609375
2 0.547246565625 1 0.5421519546875 0.9835276484375 0.494411084375 0.958816575 0.437978065625 0.9924339249999999 0.437824025 1 0.547246565625 1
2 0.6604290109375001 0.9739895687500001 0.77264289375 0.9237418500000001 0.735173675 0.8759602703124999 0.69640014375 0.86215265 0.6592061171875 0.8836029453125 0.645082596875 0.9153248921875001 0.6604290109375001 0.9739895687500001
2 0.761056346875 0.5073825453125 0.8059134046875001 0.5308096625000001 0.8334879374999999 0.51544289375 0.8444117421874999 0.47538540781250005 0.826813315625 0.42953994062499995 0.7890078421875 0.4057969234375 0.751813815625 0.42724721875 0.7418580640625 0.45736930937500003 0.761056346875 0.5073825453125
2 0.85661950625 0.4324441078125 0.910780159375 0.4427361140625 0.9188405062499999 0.3703045265625 0.90444179375 0.3327945984375 0.869836034375 0.3173871203125 0.8419456015625 0.3257023046875 0.829085684375 0.385630584375 0.85661950625 0.4324441078125
2 1 0.407330478125 0.9707898546875 0.33123545 0.9435515796875 0.32256365468750003 0.9191767625 0.3462659625 0.9204403624999999 0.37447229531250004 0.938670590625 0.43442092812500005 0.9745603078125 0.4469445921875 1 0.4275018359375 1 0.407330478125
2 0.5372294453124999 0.179667528125 0.5689717453124999 0.16270090312500002 0.5731598703125 0.1300109015625 0.525755253125 0.081261265625 0.5020325921875 0.08797659375 0.486941015625 0.12963393750000002 0.5372294453124999 0.179667528125
2 0.42404750468749997 0.2398506453125 0.476272046875 0.27001344375 0.5012786640625 0.2604143015625 0.5138023281249999 0.22452458593750002 0.49140433124999994 0.166175809375 0.459366484375 0.14500070625 0.435643821875 0.15171603281249998 0.41284850625 0.21067625625000003 0.42404750468749997 0.2398506453125
2 0.3484365578125 0.19236461093749999 0.384326275 0.204888275 0.42023634374999996 0.18632179375 0.4295602953125 0.1420965375 0.4093939546875 0.10201869687500001 0.37318833906250004 0.08244345 0.34016208125 0.1022938890625 0.33083813125 0.14651914375 0.3484365578125 0.19236461093749999
2 0.38742421562499996 0.36867454374999997 0.43164947187499997 0.37799849375 0.4624440703125 0.3398771203125 0.45798075625 0.303335246875 0.4038404578125 0.261953096875 0.3801177953125 0.26866842343749997 0.3672578765625 0.328596703125 0.38742421562499996 0.36867454374999997
2 0.24647397187500003 0.2506319703125 0.29966656875000003 0.270859371875 0.3298293671875 0.21863483281249999 0.31063108437500003 0.1686215953125 0.2644900703125 0.1480782921875 0.23819949375 0.160561246875 0.2272756890625 0.20061873437500002 0.24647397187500003 0.2506319703125
2 0.1554148375 0.29993198906249996 0.1970721796875 0.315023565625 0.22304685468750002 0.295489028125 0.23653857500000003 0.24966391406250002 0.2099728078125 0.1929149953125 0.1586959703125 0.18390694531250001 0.11861812812500001 0.204073284375 0.1326805859375 0.265621775 0.1554148375 0.29993198906249996
2 0.22555370468749997 0.3829918375 0.272978675 0.40065132812500004 0.30314147343750003 0.3484267859375 0.2871429046875 0.3067490890625 0.24516966093749998 0.2846059296875 0.213743259375 0.3086241375 0.2085870796875 0.35124953593749997 0.22555370468749997 0.3829918375
2 0.14636607968749998 0.41338911874999995 0.1822557953125 0.425912784375 0.2027787453125 0.41086191562499996 0.20601916718750002 0.3570171640625 0.1932203109375 0.3236750046875 0.15701469375 0.3040997578125 0.12238858125 0.319782428125 0.11626434375000001 0.37234322343750004 0.14636607968749998 0.41338911874999995
2 0.24597488125 0.5233917 0.2866641671875 0.548418671875 0.32514215156250004 0.5240845625 0.33126638750000004 0.4715237671875 0.31526781875 0.42984607031250005 0.27906220312499996 0.4102708234375 0.24026831718750002 0.4275533484375 0.22420868437500002 0.4791460890625 0.24597488125 0.5233917
2 0 0.24409294374999999 0.047409434375 0.28639956093749996 0.0682482828125 0.2784002765625 0.0785402875 0.224239625 0.05997380625 0.188329553125 0.025368045312499997 0.1729220765625 0 0.18816954375 0 0.24409294374999999
2 0 0.3941653828125 0.0351609609375 0.3915211515625 0.0544203078125 0.3482639515625 0.03938979375 0.2966508578125 0 0.2713182203125 0 0.3941653828125
2 0.22421875 0.66953125 0.23125 0.253125
2 0.73125 0.7 0.1984375 0.2359375