2 0.4515625 0.1328125 0.10234375 0.1265625
2 0.19765625 0.221875 0.09921875 0.11796875
2 0.196875 0.096875 0.10078125 0.12421875
2 0.03359375 0.06484375 0.0671875 0.1296875
2 0.1015625 0.034375 0.096875 0.06875
2 0.07421875 0.48515625 0.13203125 0.13671875
2 0.02890625 0.75 0.0578125 0.15546875
2 0.01875 0.21171875 0.0375 0.1046875
2 0.50546875 0.68984375 0.12578125 0.140625
2 0.340625 0.79765625 0.10859375 0.14140625
2 0.2890625 0.88984375 0.1109375 0.12265625
2 0.46328125 0.81953125 0.1015625 0.12421875
2 0.42890625 0.03671875 0.1140625 0.07265625
2 0.6265625 0.2125 0.128125 0.15625
2 0.7078125 0.28671875 0.12109375 0.14296875
2 0.74140625 0.14140625 0.08984375 0.11953125
2 0.73359375 0.43359375 0.10234375 0.128125
2 0.8203125 0.42421875 0.09765625 0.1453125
2 0.95859375 0.18515625 0.08203125 0.1546875
2 0.94375 0.309375 0.1125 0.1375
2 0.75703125 0.60859375 0.109375 0.14921875
2 0.85703125 0.60625 0.11796875 0.15625
2 0.9046875 0.5140625 0.10390625 0.1296875
2 0.96328125 0.45390625 0.0734375 0.134375
2 0.95390625 0.63359375 0.0921875 0.16171875
2 0.58203125 0.95546875 0.09375 0.0890625
2 0.92421875 0.9484375 0.10234375 0.103125
2 0.28359375 0.9828125 0.1109375 0.03359375
2 0.96796875 0.025 0.06328125 0.05
2 0.809375 0.7078125 0.0875 0.1