2 0.6190115640625 0.539822221875 0.661926053125 0.5598335765625 0.693959628125 0.5434235171874999 0.70786348125 0.4837288 0.6620726171875 0.41013023125 0.633462959375 0.396789328125 0.601236596875 0.40614336875 0.587718315625 0.47995012812500004 0.6190115640625 0.539822221875
2 0.3955322734375 0.63066361875 0.43691988593750003 0.6464799171875 0.46209022343750006 0.6373186640624999 0.479047828125 0.5860140609375 0.45500338906250004 0.5330052046875 0.41342298906249997 0.5101328828125 0.378528446875 0.52520885625 0.36690720625 0.56506959375 0.3955322734375 0.63066361875
2 0.53993006875 0.7467602921875 0.5750173953125 0.73874034375 0.591219265625 0.7114647749999999 0.5801455640625 0.6679873359374999 0.52406755 0.6313885390625 0.4908926703125 0.657715590625 0.4981568828125 0.71683195 0.53993006875 0.7467602921875
2 0.5004857140625 0.8537573406250001 0.5537027625000001 0.8890220453125 0.6009896875 0.862309425 0.6068889984375 0.8197805062500001 0.5817032531249999 0.7766886359375 0.5317327406250001 0.756870065625 0.4995063796875 0.7662241062499999 0.48369008124999996 0.8076117187499999 0.5004857140625 0.8537573406250001
2 0.5872480578125 1 0.703807084375 0.955533778125 0.649626109375 0.884988959375 0.6069044046875 0.8720336265625 0.5720098640625 0.8871095984374999 0.5478034515625 0.9315509640625 0.56627358125 1 0.5872480578125 1
2 0.815739515625 0.9171691 0.8967796765625 0.8852974984375 0.8815109203124999 0.843346934375 0.8456524515625 0.82314279375 0.8134260921875001 0.8324968328125 0.797224221875 0.8597724015624999 0.815739515625 0.9171691
2 0.25145051406249996 0.939647946875 0.291311253125 0.9512691890625 0.3166589703125 0.8969108359375 0.291473225 0.8538189656249999 0.265917315625 0.8488681765624999 0.24627612499999998 0.8536415875 0.2319867 0.8992242578124999 0.25145051406249996 0.939647946875
2 0.4713826359375 0.4605325359375 0.5158240015625 0.484738946875 0.545189396875 0.4740508171875 0.5915123953125 0.4120580859375 0.5369458484375 0.3274012234375 0.4885022125 0.3117777109375 0.4511322765625 0.3396316359375 0.4473381984375 0.407523678125 0.4713826359375 0.4605325359375
2 0.36647541562499997 0.39419818125 0.4009997921875 0.4172632890625 0.4345602421875 0.405048284375 0.448078525 0.3312415234375 0.3969513015625 0.2690868203125 0.357861703125 0.285689665625 0.3420454046875 0.3270772796875 0.36647541562499997 0.39419818125
2 0.46580726875 0.308161009375 0.5014575453125001 0.2690560046875 0.501827709375 0.23091492812499997 0.47664196406250003 0.187823059375 0.4354471359375 0.17906278281250002 0.40304339687499996 0.2336139234375 0.43433664375000003 0.293486015625 0.46580726875 0.308161009375
2 0.5735754578125001 0.375829453125 0.6119093203125 0.38325563906250004 0.6319206765625001 0.34034115 0.6174076546875 0.2743615546875 0.5968025359375 0.24385485468749998 0.5540808312500001 0.23089952187499999 0.508706353125 0.27591924218749997 0.5167263015625 0.31100656875 0.5735754578125001 0.375829453125
2 0.6326455984375 0.2118058734375 0.6812820187499999 0.234485409375 0.7131074015625 0.15876620156250001 0.6905898374999999 0.1099524015625 0.656258246875 0.0939433171875 0.6186955249999999 0.1147412203125 0.611654909375 0.167187128125 0.6326455984375 0.2118058734375
2 0.7728483374999999 0.329429421875 0.8075500921875 0.307297428125 0.8298440578124999 0.2445489625 0.7928288796875 0.18200868750000002 0.731414503125 0.15685375625 0.6929186671875 0.2468777921875 0.7287925421875 0.3193350546875 0.7728483374999999 0.329429421875
2 0.8094163203125 0.16884516249999998 0.8240913125 0.1373745375 0.8126320437500001 0.079785053125 0.7382469281249999 0.045098704687500005 0.7043163109374999 0.0954547859375 0.7195850687500001 0.13740535 0.8094163203125 0.16884516249999998
2 0.9517242921875001 0.31183183593749997 0.9160277953125 0.1941774734375 0.895438084375 0.215923896875 0.8996485468750001 0.2666501421875 0.9517242921875001 0.31183183593749997
2 0.6587066140625 0 0.6638618109375 0.0104123546875 0.7041081203124999 0.0361456421875 0.750253740625 0.019350010937500002 0.7576483578125 0 0.6587066140625 0
2 0.4500672921875 0 0.461727965625 0.0554782953125 0.49205728593750003 0.0800702796875 0.5595637578125 0.0697523125 0.5715705718749999 0.04400361875 0.564844878125 0 0.4500672921875 0
2 0.035775478124999996 0.3340329578125 0.0729680359375 0.35137613125 0.1090038828125 0.326383171875 0.11012978124999999 0.2642130625 0.09219284375 0.2279844296875 0.0490855671875 0.2009170515625 0.018386084375 0.21446614843749998 0.0056235359375 0.264243875 0.035775478124999996 0.3340329578125
2 0.934375 0.82265625 0.13125 0.1234375