2 0.21130131406250002 0 0.221629221875 0.0330157140625 0.2729991546875 0.034370256249999995 0.276908803125 0 0.21130131406250002 0
2 0.22243931093749997 0.149427225 0.25278784062500004 0.131411059375 0.2609782046875 0.0782815390625 0.24741545 0.048244425 0.210028575 0.0389173 0.16776798906249998 0.0672884609375 0.16113468749999998 0.098150925 0.191576846875 0.14279392500000002 0.22243931093749997 0.149427225
2 0.138027025 0.1726132578125 0.11586886249999999 0.13749990625 0.0915308078125 0.13356042968749998 0.0673952765625 0.15872383125 0.059516325 0.2073999390625 0.09917671875 0.248212353125 0.13491289687500002 0.21714736874999999 0.138027025 0.1726132578125
2 0.39965676875 0.07902851718750001 0.373979434375 0.030243518749999997 0.3276857375 0.020293565625000003 0.3029273796875 0.0543637890625 0.3036438375 0.108116134375 0.356664465625 0.14986278749999998 0.38701299375 0.13184662187500001 0.39965676875 0.07902851718750001
2 0.4632742203125 0 0.4534091125 0.07831205937499999 0.476501515625 0.10006517968749999 0.5127516296875 0.093649659375 0.5392695734374999 0.06641525781249999 0.5477713515625 0.0088323296875 0.47597027968749994 0 0.4632742203125 0
2 0.458657353125 0.2912504375 0.502988940625 0.2652616875 0.521020365625 0.1993947609375 0.4918238578125 0.13693811875 0.4538141578125 0.13651781406250002 0.4213946296875 0.1521515671875 0.4030517921875 0.22247190468750003 0.41360930937499996 0.26348684218749996 0.458657353125 0.2912504375
2 0.51957219375 0.188105528125 0.4959658546875 0.141702940625 0.4538141578125 0.13651781406250002 0.4213946296875 0.1521515671875 0.40523168125 0.19129802812500002 0.4059481390625 0.24505037187499998 0.42810630156249996 0.28016372500000003 0.4631107640625 0.29156185 0.48631205624999996 0.27975868125000003 0.516769478125 0.2281862265625 0.5641999328125 0.253878821875 0.5904064640625 0.23109783281250001 0.606678303125 0.158395084375 0.5535487859375 0.15020471875000002 0.51957219375 0.188105528125
2 0.66890190625 0.29252660625 0.704326671875 0.26591503125 0.7122056234375 0.21723892500000003 0.6859054609374999 0.1773607484375 0.6529719984375 0.16834503437499998 0.6202410578124999 0.1884322 0.6031438703124999 0.24093889218750003 0.6163952125 0.27542941875000004 0.66890190625 0.29252660625
2 0.799747296875 0.053303326562499996 0.7775891328125 0.0181899734375 0.7395794328124999 0.0177696703125 0.7081877750000001 0.0827023578125 0.7258925281249999 0.11750429843750002 0.75199016875 0.1282795953125 0.792491171875 0.0930726125 0.799747296875 0.053303326562499996
2 0.7775586140625 0.21062088281250002 0.8301741968749999 0.19416178125 0.835779628125 0.114000384375 0.800152340625 0.11150908281250001 0.752192690625 0.1573824734375 0.7775586140625 0.21062088281250002
2 0.74222748125 0.29989162343750003 0.7209882953125 0.3476334921875 0.7386930484375 0.38243543281250003 0.7606486890624999 0.3884459078125 0.7848931125 0.32972621874999997 0.7624235359375 0.2990662765625 0.74222748125 0.29989162343750003
2 0.9091835734375 0.28024002187499997 0.883194825 0.23590843437500003 0.858856771875 0.231968959375 0.8245687671875 0.274323178125 0.82590805 0.31916869999999997 0.844235628125 0.34506381875000003 0.897676559375 0.348800771875 0.9091835734375 0.28024002187499997
2 0.6231068859375 0.4034415765625 0.6009487234375 0.3683282234375 0.57629925625 0.368842159375 0.5452190109374999 0.4293214359375 0.556399353125 0.46142954999999997 0.58042599375 0.46982243749999997 0.615850759375 0.44321086249999997 0.6231068859375 0.4034415765625
2 0.72584675 0.40615066093749996 0.695716003125 0.35705425 0.6624711265625 0.3524919484375 0.63107946875 0.417424634375 0.6378064015625 0.4492213359375 0.6825430328125 0.48143834375 0.7179677984375 0.45482676718750004 0.72584675 0.40615066093749996
2 0.7518986125 0.7055723234375 0.7876347890625001 0.6745073374999999 0.7958251546875 0.62137781875 0.7692135812500001 0.585953053125 0.7448755265625 0.5820135765625001 0.716909409375 0.59795874375 0.70840763125 0.6555416734375 0.723729971875 0.6924146125 0.7518986125 0.7055723234375
2 0.8931468515625 0.82956663125 0.8709886875 0.794453278125 0.8157881687499999 0.7838805015625 0.7957946359375 0.8138087265625 0.8006530921874999 0.8723258953125 0.8457011359375001 0.900089490625 0.8760496640625 0.8820733234375 0.8931468515625 0.82956663125
2 0.5184375078125 0.8123147765625 0.488929584375 0.7543115421875 0.46428011874999997 0.7548254765625 0.4299921140625 0.797179696875 0.44406880312499997 0.8518662796875001 0.4805214390625 0.8745536375 0.5061051437499999 0.8606794703125 0.5184375078125 0.8123147765625
2 0.37849803125000003 0.9255968984375 0.43360491718749994 0.8735105078125001 0.43703045781250005 0.8245229890625 0.40658829843750005 0.7798799890625 0.37334342187499997 0.7753176859375001 0.35014212968749997 0.7871208546874999 0.33086505312500003 0.870801425 0.3420453953125 0.9029095390625 0.37849803125000003 0.9255968984375
2 0.458441646875 0.9983149062500001 0.46549525156250005 0.9294427437499999 0.42314103281250004 0.8951547390625001 0.37518138125 0.9410281296875 0.372690078125 0.9766554171875 0.3827336609375 0.9930208875 0.458441646875 0.9983149062500001
2 0.2702768859375 0.8732774687499999 0.29171859375000003 0.8546384765624999 0.294832721875 0.8101043671875001 0.28095855468750003 0.7845206609375001 0.251855675 0.784723184375 0.2229553203125 0.814028584375 0.2204640171875 0.849655871875 0.239103009375 0.8710975781249999 0.2702768859375 0.8732774687499999
2 0.2141421296875 0.8760649234375 0.1855531875 0.9009169125 0.182750471875 0.9409976109375 0.22717569062499998 0.977668028125 0.264468934375 0.9243359859375 0.24707559375 0.8850806359375 0.2141421296875 0.8760649234375
2 0.0337424578125 0 0.027220946875000002 0.09326194843749999 0.072891815625 0.11211872187500001 0.0943335234375 0.09347973125 0.10283530156250001 0.035896801562500004 0.088806384375 0 0.0337424578125 0
2 0.03046875 0.28203125 0.04375 0.1578125