2 0.55703125 0.12890625 0.18125 0.2078125
2 0.46328125 0.059375 0.1609375 0.11875
2 0.465625 0.20625 0.18125 0.2015625
2 0.36015625 0.2125 0.153125 0.178125
2 0.4828125 0.346875 0.171875 0.190625
2 0.3421875 0.31484375 0.1625 0.171875
2 0.1859375 0.26328125 0.134375 0.153125
2 0.0921875 0.196875 0.1796875 0.1890625
2 0.0296875 0.32265625 0.059375 0.1640625
2 0.21015625 0.55234375 0.1578125 0.178125
2 0.4484375 0.525 0.1609375 0.18125
2 0.59140625 0.56484375 0.1984375 0.2296875
2 0.68359375 0.34609375 0.1796875 0.196875
2 0.8078125 0.38984375 0.1484375 0.16875
2 0.73046875 0.5 0.19375 0.2171875
2 0.834375 0.53203125 0.125 0.146875
2 0.78828125 0.63515625 0.1546875 0.1671875
2 0.8765625 0.7125 0.1234375 0.13125
2 0.83984375 0.87265625 0.1234375 0.1
2 0.89296875 0.209375 0.1171875 0.18125
2 0.81640625 0.0234375 0.0890625 0.046875
2 0.26875 0.07734375 0.10625 0.0765625
2 0.7171875 0.9171875 0.1453125 0.1078125
2 0.165625 0.70390625 0.221875 0.25625
2 0.65234375 0.08203125 0.2140625 0.1640625
2 0.9203125 0.521875 0.159375 0.209375