2 0.84140625 0.82578125 0.1171875 0.1390625
2 0.9203125 0.8 0.09375 0.171875
2 0.6609375 0.884375 0.1296875 0.16875
2 0.54609375 0.90703125 0.1203125 0.1421875
2 0.62265625 0.54453125 0.140625 0.1671875
2 0.7109375 0.49921875 0.134375 0.1625
2 0.37578125 0.44296875 0.1109375 0.1328125
2 0.2875 0.47109375 0.096875 0.1171875
2 0.25078125 0.83515625 0.115625 0.13125
2 0.2375 0.9328125 0.11875 0.075
2 0.03984375 0.46015625 0.0796875 0.1484375
2 0.4890625 0.12890625 0.09375 0.1109375
2 0.50625 0.0296875 0.06875 0.059375
2 0.0265625 0.8921875 0.053125 0.06875
2 0.9578125 0.19140625 0.084375 0.2296875
2 0.53203125 0.73046875 0.15 0.2203125
2 0.09375 0.0984375 0.09375 0.196875