2 0.1890625 0.0203125 0.096875 0.040625
2 0.2609375 0.03046875 0.075 0.0609375
2 0.24921875 0.109375 0.1015625 0.11875
2 0.33125 0.0703125 0.115625 0.140625
2 0.4234375 0.06640625 0.0953125 0.11875
2 0.41328125 0.21015625 0.10625 0.1421875
2 0.51875 0.153125 0.1125 0.15
2 0.4171875 0.35078125 0.1234375 0.15625
2 0.053125 0.5671875 0.0921875 0.13125
2 0.175 0.62421875 0.10625 0.128125
2 0.6875 0.6828125 0.1078125 0.15
2 0.6296875 0.21640625 0.1234375 0.153125
2 0.78359375 0.23515625 0.1046875 0.1359375
2 0.8765625 0.16875 0.1265625 0.165625
2 0.9296875 0.27734375 0.0953125 0.121875
2 0.771875 0.89375 0.1015625 0.153125
2 0.8375 0.92578125 0.10625 0.1484375
2 0.90703125 0.903125 0.0890625 0.1328125
2 0.9421875 0.959375 0.071875 0.08125
2 0.659375 0.91875 0.153125 0.1625
2 0.60390625 0.375 0.1609375 0.1875
2 0.23046875 0.93828125 0.165625 0.1046875
2 0.15546875 0.31328125 0.2140625 0.2515625