2 0.10144505 0.7775763 0.061819968749999996 0.8193874531249999 0.08604049687500001 0.873801409375 0.11050729687500001 0.8826890734375 0.1483671578125 0.8434949656249999 0.13376298281250001 0.791759621875 0.10144505 0.7775763
2 0.0772144015625 0.8868866343749999 0.08627665 0.9919994093750001 0.119754246875 0.9536571265625 0.11123598750000001 0.909834484375 0.0772144015625 0.8868866343749999
2 0.3325453890625 0.7849551328125 0.2968201515625 0.753242753125 0.27929109531249996 0.75665005625 0.2553682859375 0.809052525 0.26741698125 0.8476410781249999 0.2935874328125 0.86529326875 0.3260285015625 0.85671344375 0.340211821875 0.824395509375 0.3325453890625 0.7849551328125
2 0.3281116765625 0.6334642374999999 0.3070521796875 0.6421056328125 0.29019024843749996 0.6840399203125 0.3091766859375 0.7349234375 0.3388775765625 0.747341540625 0.3713802109375 0.727380140625 0.37771239687499997 0.6897665484375 0.3281116765625 0.6334642374999999
2 0.4408807640625 0.8275666625 0.391156909375 0.794027496875 0.366566975 0.8079029796875 0.35676591874999997 0.8393690890625001 0.3808633125 0.9165461921875 0.42730300000000004 0.909793153125 0.4502508484375 0.8757715671874999 0.4408807640625 0.8275666625
2 0.48945507499999996 0.7499071359375 0.4606675796875 0.730489725 0.42457293749999997 0.7670667890625 0.4627920859375 0.8233075328125 0.4873204515625 0.8208136218750001 0.5006519468749999 0.7841134249999999 0.48945507499999996 0.7499071359375
2 0.6402788453125 0.7069464375 0.5844690734375 0.6654945703124999 0.5511146109375 0.6810737062500001 0.5307222390625 0.7282420843749999 0.55043736875 0.806271015625 0.5975441796875 0.8380449593750001 0.63442908125 0.8172317343750001 0.6531793687499999 0.7499172546875 0.6402788453125 0.7069464375
2 0.5466606625 0.8570313984375 0.5187249921875 0.8419962515625 0.4799517375 0.8881896687499999 0.488469996875 0.9320123109375 0.5224300140625 0.966341734375 0.54695838125 0.9638478234375001 0.568202578125 0.9210617109375001 0.5466606625 0.8570313984375
2 1 0.7092183000000001 0.9890331968750001 0.6527989875 0.965479790625 0.6369120140625 0.918978534375 0.655046628125 0.9038202546875 0.7057454437499999 0.9219548671875 0.7522466984375 0.9656543734374999 0.7664915859375 1 0.7209345609375 1 0.7092183000000001
2 0.6762604703124999 0.529408228125 0.61235329375 0.5281869984374999 0.6035271984375 0.5412722234375 0.632253125 0.5720712078125 0.6424750359375 0.6246583796875 0.6912854984375 0.6651968515625 0.7240344046875 0.5997091578125 0.716367971875 0.5602687796875 0.6762604703124999 0.529408228125
2 0.563665965625 0.46488537812499997 0.518139671875 0.4646391078125 0.4995740875 0.49780886874999997 0.508944171875 0.546013775 0.5560509828125 0.5777877203124999 0.58855361875 0.55782631875 0.5845407578125 0.4903887046875 0.563665965625 0.46488537812499997
2 0.42684081406249996 0.5096728625 0.402066178125 0.5576930671875 0.4412602859375 0.5955529281249999 0.46682518125000005 0.5632965624999999 0.45477648437499996 0.5247080093750001 0.42684081406249996 0.5096728625
2 0.35564672656249996 0.23699752031250002 0.31012043437500003 0.23675125000000002 0.28193849375 0.2672423984375 0.286074490625 0.3119168671875 0.3182077203125 0.36024490781249996 0.3531427 0.376193446875 0.3945329984375 0.3317652484375 0.3939274421875 0.281856690625 0.35564672656249996 0.23699752031250002
2 0.259842471875 0.3056462484375 0.222044178125 0.3334587828125 0.2157119921875 0.3710723734375 0.2652511453125 0.438756259375 0.29416177656250003 0.435410521875 0.3189364109375 0.38739031874999996 0.259842471875 0.3056462484375
2 0.081514003125 0.25390078437499997 0.0393950140625 0.27118357187500003 0.02338490625 0.317500125 0.06951675625 0.3676549515625 0.10195782499999999 0.35907512656249996 0.1284361125 0.31981945 0.081514003125 0.25390078437499997
2 0 0.1418033890625 0.029480940625 0.161688534375 0.062773834375 0.157490971875 0.0786608078125 0.1339375671875 0.07811681875000001 0.0726474359375 0 0.09384922343749999 0 0.1418033890625
2 0.09120204374999999 0.08147353125 0.0874253359375 0.132233915625 0.10555994843750001 0.1787351703125 0.12394083125 0.17971013125 0.1626525171875 0.1448982875 0.1140267578125 0.07021509375 0.09120204374999999 0.08147353125
2 0.1946727328125 0.05226518125 0.20574647031249998 0.10923461718750001 0.23629918437500003 0.1260349828125 0.2714804328125 0.0964572296875 0.2665541796875 0.0360189234375 0.1946727328125 0.05226518125
2 0.3147590859375 0.026648839062500002 0.2884655 0.03175979375 0.2778126171875 0.058843637500000004 0.28194861250000003 0.1035181046875 0.3089708890625 0.1255525609375 0.34056013125 0.1125904703125 0.3512130140625 0.0855066265625 0.3147590859375 0.026648839062500002
2 0.126321725 0.0632773515625 0.1672810515625 0.0985201671875 0.1874887203125 0.085496509375 0.19029046875 0.05311700781249999 0.126321725 0.0632773515625
2 0.8150456609375001 0.2841346859375 0.7727419671875 0.33556219375 0.7890497937500001 0.39606206718750003 0.8256884250000001 0.420775134375 0.873164640625 0.3842596390625 0.8769413484375 0.3334992546875 0.8150456609375001 0.2841346859375
2 0.245421865625 1 0.2386809359375 0.9805663859375 0.1800694171875 0.9714940203125 0.16771288281250002 0.9898133359375001 0.2176214421875 0.9892077796875001 0.21971923750000003 1 0.245421865625 1