2 0.240882584375 1 0.2609164859375 0.9707470921875 0.24896279687499998 0.9132581999999999 0.20954969375000002 0.8862660734375 0.1724730203125 0.9038556218749999 0.160967659375 0.9402218906250001 0.177379515625 0.9974771406249999 0.18163017343750001 1 0.240882584375 1
2 0.29332978593750003 0.8215247796874999 0.2579075671875 0.7853826734375 0.240074896875 0.7863172453125 0.2217654625 0.8208048937499999 0.2424018453125 0.873368334375 0.2759549234375 0.873845096875 0.2905071171875 0.8529655953124999 0.29332978593750003 0.8215247796874999
2 0.3905033375 0.67114373125 0.3456880203125 0.6690219890625 0.3100132 0.71336054375 0.313517840625 0.7802330578125 0.3402573671875 0.8213006140625 0.37451137343749996 0.8351518812500001 0.422616646875 0.8147491421874999 0.4266264859375 0.7206603375 0.3905033375 0.67114373125
2 0.5500154078125 0.857246990625 0.5108359484375 0.83471303125 0.48244196562499997 0.8473771265625001 0.46671207968750006 0.8884352062499999 0.5014238921875 0.953672221875 0.530285159375 0.9499244609374999 0.5575109296874999 0.9149695265625001 0.5500154078125 0.857246990625
2 0.6555811375 0.9522988 0.6330471796875 0.9914782609375001 0.704144215625 0.983281809375 0.682563784375 0.9553551125 0.6555811375 0.9522988
2 0.8135240578125 0.8099089953125 0.7912332203125 0.811077209375 0.768231975 0.8413403328125 0.7658765921875 0.8816974828124999 0.7942610953125 0.9115028000000001 0.8273468890625001 0.9030632296875 0.84542268125 0.8641174125 0.8135240578125 0.8099089953125
2 0.8292065515625 0.9811979828125 0.91367809375 0.9723006046875 0.8606568453125 0.9415512375 0.8292065515625 0.9811979828125
2 1 0.9263246421875 0.98854185 0.9080265953125 0.9526428656249999 0.90543756875 0.921192571875 0.9450843140625 0.9272862375 0.9760578453125 1 0.9689249156249999 1 0.9263246421875
2 0.7239313359375 0.6357878593749999 0.6999765625000001 0.733157140625 0.7332865203125001 0.77164515 0.78514903125 0.7376342640625 0.7921962265625 0.701501640625 0.7239313359375 0.6357878593749999
2 0.7455402015625 0.5363063171875 0.7223053140625 0.5621112734375 0.7197162875 0.5980102578125 0.7347262906250001 0.628516503125 0.776251653125 0.6531627234374999 0.8159078765625001 0.6421436046875 0.8217868578124999 0.583720140625 0.7455402015625 0.5363063171875
2 0.67511565625 0.6852855109375 0.649777984375 0.6709669578125 0.627720790625 0.6765933390625001 0.60518683125 0.7157727984375 0.6079905421875 0.769270809375 0.636375046875 0.7990761265625 0.675563984375 0.779140671875 0.6910602265625 0.7336244265625 0.67511565625 0.6852855109375
2 0.8476960765625 0.1397914828125 0.8171993109375 0.11233207187500001 0.76721541875 0.139538884375 0.7695518453125 0.184120559375 0.8075536124999999 0.22683309375 0.8364148796875 0.22308533125 0.854257028125 0.1796813484375 0.8476960765625 0.1397914828125
2 0.8263492875 0.116322953125 0.7993666390625 0.1132666421875 0.77143994375 0.1348470734375 0.7688509171875 0.17074605625 0.8120117796875 0.2265994515625 0.8507334312499999 0.1977476625 0.84792971875 0.14424965 0.8263492875 0.116322953125
2 0.7632245359375001 0.1486888609375 0.7324941265625 0.11677128125 0.664210278125 0.1359963296875 0.654574059375 0.2080279390625 0.6745095125 0.24721687499999997 0.6972676359375 0.2549649984375 0.7392697625 0.24605814218750002 0.7660282484375001 0.202186871875 0.7632245359375001 0.1486888609375
2 0.8985068515625001 0 0.8822121609375 0.030692678125 0.8845485875 0.075274353125 0.917391259375 0.1048460265625 0.9504770515625 0.09640645625000001 0.9685528421875 0.057460640625 0.9573000828125 0.0133462484375 0.939740196875 0 0.8985068515625001 0
2 0.5175011625 0.4074393515625 0.4825462296875 0.3802135828125 0.43772143281250003 0.4205612546875 0.4447496703125 0.46936745625 0.4731341734375 0.4991727734375 0.501995440625 0.49542501093749997 0.5289875671875001 0.456011909375 0.5175011625 0.4074393515625
2 0.4471619234375 0.174193825 0.41619787343750003 0.137818078125 0.3631671453125 0.14953812500000002 0.34462406875 0.17956760624999998 0.3483623515625 0.2508982875 0.385896834375 0.28469448750000004 0.43235712968750006 0.27555398750000004 0.45019927812500005 0.23215000312499998 0.4471619234375 0.174193825
2 0.28684466406250003 0.4418796078125 0.2608060640625 0.41418655312499997 0.21246715 0.43013112500000006 0.1894659046875 0.4603942484375 0.20165323750000003 0.522341309375 0.2298040984375 0.5476884578125001 0.267114415625 0.5345570765625001 0.28964837499999996 0.49537761874999997 0.28684466406250003 0.4418796078125
2 0.1511925796875 0.5831012 0.11577036249999999 0.5469590953125001 0.0803386640625 0.5532864046875 0.0620292296875 0.587774053125 0.0875910640625 0.6490201859375 0.1345186453125 0.648796021875 0.153061721875 0.618766540625 0.1511925796875 0.5831012
2 0.1429582171875 0.6818818140625 0.1171532609375 0.658646928125 0.0859460875 0.6602824265625 0.058486675 0.6907791921875 0.0657485546875 0.744043559375 0.0941330578125 0.7738488765625 0.12322797031249999 0.774559284375 0.145995571875 0.7398379921875 0.1429582171875 0.6818818140625
2 0.0441586453125 0.7585862765625 0.014362806249999999 0.7445013671875 0.0204280375 0.9028831374999999 0.059850618749999994 0.8874058515625001 0.06502866874999999 0.8156078843750001 0.0441586453125 0.7585862765625
2 0.013232507812499999 0.5523328765625 0.0115685734375 0.6485339437500001 0.0458320578125 0.619915796875 0.043729275 0.5797922890625 0.013232507812499999 0.5523328765625
2 0.226132165625 0.1790718859375 0.1859991796875 0.2236440828125 0.2200100640625 0.2755065953125 0.263423525 0.25087933125 0.2561616453125 0.1976149625 0.226132165625 0.1790718859375
2 0.21062644375 0.26705754375 0.17613879375 0.2487481125 0.1353048796875 0.27994580468749997 0.11535046874999999 0.3256956953125 0.145136828125 0.38225001718749996 0.1958216484375 0.3684177078125 0.2228137765625 0.32900460468750004 0.21062644375 0.26705754375
2 0 0.2972101828125 0.0207943796875 0.3127695203125 0.06303015 0.30832083125 0.0893213484375 0.2555332265625 0.077134015625 0.193586165625 0.033262746875 0.16682768125 0.00510240625 0.1839499453125 0 0.196940409375 0 0.2972101828125
2 0 0.1404167671875 0.00604645625 0.159313203125 0.04429134375 0.1640144921875 0.0874711640625 0.134929059375 0.0856020234375 0.09926371875 0.050413445312500006 0.0675797828125 0.015215390625 0.0783652578125 0 0.10482003437500001 0 0.1404167671875
2 0.47421875 0.58671875 0.0953125 0.121875
2 0.33359375 0.6265625 0.103125 0.115625
2 0.97734375 0.6 0.0453125 0.153125
2 0.221875 0.0390625 0.084375 0.0546875
2 0.85546875 0.009375 0.0953125 0.01875
2 0.91015625 0.46171875 0.140625 0.1375