2 0.190145940625 0.5802175625 0.15306797187500001 0.5615318421875 0.1282262453125 0.576694528125 0.116520459375 0.6127212328125 0.130783440625 0.650547346875 0.187825725 0.6690815078125001 0.20651144375000002 0.632003540625 0.190145940625 0.5802175625
2 0.40653351249999997 0.68039875625 0.357370865625 0.6478289484374999 0.3305023921875 0.6590139265625 0.3107654125 0.6891119609375 0.321126465625 0.738946975 0.3982088453125 0.7673117375 0.4208722734375 0.7282070265625 0.40653351249999997 0.68039875625
2 0.5116114046875 0.714540634375 0.5301455671874999 0.65749835 0.5156552484375 0.5897257609375 0.466568378125 0.5671381125 0.4357222 0.5803498328125001 0.42401641406249996 0.6163765375 0.4524665984375 0.6820466046875 0.4826404125 0.71176574375 0.5116114046875 0.714540634375
2 0.3413842546875 0.6459537640625 0.354065525 0.6069248328125 0.33590061250000003 0.581107621875 0.29281819375 0.5604709375 0.2559675640625 0.57173169375 0.24433755625 0.6177405593749999 0.260551503125 0.6495622203125 0.307611628125 0.6681721609375 0.3413842546875 0.6459537640625
2 0.05115350625 0.6811000546875 0.04132290625 0.70114015 0.0908644484375 0.7836207500000001 0.12261033125000001 0.7574246453125 0.12328269843749999 0.714493784375 0.0990375578125 0.6767434515625 0.05115350625 0.6811000546875
2 0.1822098109375 0.8498116250000001 0.1699735734375 0.8159632203125 0.1368733140625 0.7952507578125 0.1020494265625 0.810489221875 0.1536177125 0.89694753125 0.1822098109375 0.8498116250000001
2 0.26387613125 0.9560069140625 0.2905172671875 0.9148754609375 0.2700982765625 0.8551340671875 0.22701585781250003 0.83449738125 0.196169678125 0.8477091031249999 0.1765084765625 0.8877892953125001 0.19084723750000002 0.9355975671874999 0.2319786921875 0.9622387031249999 0.26387613125 0.9560069140625
2 0.4975192671875 0.962219415625 0.50614705 0.91523506875 0.48587961718750006 0.875457990625 0.44677490625000005 0.8527945640624999 0.4238841421875 0.8619527984375001 0.40827642812500003 0.9099884062499999 0.4285438609375 0.9497654828125001 0.471626278125 0.9704021671874999 0.4975192671875 0.962219415625
2 0.15357913750000002 0.3658663765625 0.1622069203125 0.3188820296875 0.1480197171875 0.29103807656249997 0.0909016546875 0.2625217546875 0.0680108890625 0.2716799890625 0.054354139062499994 0.3137111453125 0.07469735 0.3634703828125 0.11177531874999999 0.3821561015625 0.15357913750000002 0.3658663765625
2 0.2420641890625 0.31827579687499996 0.20498622187499999 0.299590078125 0.17016233593750002 0.3148285421875 0.1688176015625 0.40069026250000006 0.1938866671875 0.4154740546875 0.2357662671875 0.40916648593750005 0.2564787296875 0.376066228125 0.2420641890625 0.31827579687499996
2 0.1569409703125 0.1512120734375 0.1258674546875 0.13447732031249998 0.087065859375 0.1517425265625 0.0996052140625 0.22551956718750002 0.1327054734375 0.24623202968750002 0.166553878125 0.233995790625 0.1752574390625 0.196993603125 0.1569409703125 0.1512120734375
2 0.2605887078125 0.12846322500000001 0.2173547328125 0.0878622234375 0.1805798796875 0.1091051390625 0.16692312812500001 0.1511362953125 0.2014535453125 0.2287394859375 0.2524156 0.23534052343749998 0.27898095624999997 0.18422691093750002 0.2605887078125 0.12846322500000001
2 0.2883568828125 0.1042938640625 0.2806288046875 0.138293825 0.2948160078125 0.16613777968750001 0.349679990625 0.160729915625 0.3382676765625 0.10391496874999999 0.309220903125 0.0911579203125 0.2883568828125 0.1042938640625
2 0.37482483437499997 0.185495865625 0.3457780625 0.17273881875 0.298945271875 0.184075353125 0.28333755625 0.2321109609375 0.311636184375 0.2778167109375 0.354642825 0.2884712359375 0.3923931578125 0.2642260953125 0.37482483437499997 0.185495865625
2 0.4195743890625 0.42574004062500004 0.436233365625 0.3846843671875 0.42947112499999995 0.282911815625 0.4104065109375 0.2700789890625 0.333778803125 0.301607178125 0.32012205312500003 0.34363833593750004 0.34654549375 0.40533069375 0.3936814 0.43392279218749996 0.4195743890625 0.42574004062500004
2 0.516904915625 0.22834130312499998 0.48988488593749996 0.2195619640625 0.46106545 0.23675139375 0.45536411406250005 0.27472906406250003 0.47960925468750004 0.31247939687500004 0.5345490171875 0.3170536921875 0.5391990921875001 0.2720960875 0.516904915625 0.22834130312499998
2 0.593551909375 0.4623536921875 0.6101351078125 0.41131585625 0.5878409312499999 0.367561071875 0.562771865625 0.35277728124999996 0.5179658203125 0.368091525 0.508210996875 0.3981137796875 0.528554209375 0.4478730171875 0.5676589203125 0.47053644375000003 0.593551909375 0.4623536921875
2 0.688713778125 0.3737832171875 0.6974173390625 0.336781028125 0.662962703125 0.2691599984375 0.5959382609375 0.25070161562500004 0.5790519468750001 0.2618108140625 0.575453134375 0.3137483515625 0.5936938234375 0.34954771875 0.644883215625 0.38609523437500004 0.688713778125 0.3737832171875
2 0.7702946749999999 0.337226059375 0.7889803953125 0.3001480921875 0.7705881484375 0.24438440468749997 0.7174477921875 0.21384134062500001 0.6866016140625 0.2270530625 0.672869084375 0.2591020609375 0.6911855515625 0.3048835875 0.7233861078125 0.3385804359375 0.7702946749999999 0.337226059375
2 0.8877507203125001 0.29241036875000004 0.9044096984375001 0.2513546953125 0.884142265625 0.21157761718749998 0.8470642984375001 0.19289189843750001 0.8162181187499999 0.20610361875 0.8045881109374999 0.2521124828125 0.8288332531249999 0.2898628171875 0.847897865625 0.30269564375 0.8877507203125001 0.29241036875000004
2 0.6462183046875001 0.167463225 0.5971314359375001 0.1448755765625 0.5762674156250001 0.15801151875 0.56651259375 0.1880337734375 0.594887 0.24372168125 0.6538802484375 0.2562513921875 0.6665615171875 0.21722246093750003 0.6462183046875001 0.167463225
2 0.846108103125 0.46143470156250005 0.8179610328125 0.43569326875 0.7860635921875 0.44192505625 0.7744335859375 0.487933921875 0.792674275 0.523733290625 0.8277254984375 0.5384413015625 0.8515917453125 0.5262808421875 0.846108103125 0.46143470156250005
2 0 0.619632746875 0.0362181578125 0.6862048015625 0.0429707546875 0.6552070640625 0.0267568078125 0.623385403125 0 0.6146915890625 0 0.619632746875
2 0.76796875 0.72421875 0.1890625 0.1796875
2 0.6265625 0.04921875 0.209375 0.0984375
2 0.02734375 0.22734375 0.0546875 0.0921875