2 0.8073308296875 0.150214896875 0.7795657203124999 0.1025871703125 0.7459360234375 0.08976205781249999 0.692270709375 0.11937304374999999 0.6682163828125 0.202649340625 0.6892709499999999 0.239124834375 0.7238235859375 0.2549687375 0.7898140484375 0.2116866859375 0.8073308296875 0.150214896875
2 0.867706684375 0.1317561453125 0.8488439874999999 0.16723171718750002 0.859419278125 0.2234158640625 0.9332162203125 0.2272615796875 0.9653270046875001 0.1811337328125 0.867706684375 0.1317561453125
2 1 0.287312140625 0.98932338125 0.25962234375 0.9635771453125 0.25098894375 0.9240828593750001 0.272966446875 0.9162954140625 0.3446675328125 0.9508480484374999 0.3605114375 0.9882464796875 0.3424756640625 1 0.313802521875 1 0.287312140625
2 1 0.3906460875 0.9721525953124999 0.3870076140625 0.9366000390625 0.41108097499999996 0.9174873625 0.4565358625 0.9285626140625001 0.492761375 0.9730945640625001 0.508855259375 0.998417825 0.4945112359375 1 0.490988421875 1 0.3906460875
2 1 0.576964965625 0.9720176609375001 0.5917085796875 0.967921965625 0.6754848375 1 0.61754544375 1 0.576964965625
2 0.8981627703124999 0.749627771875 0.9071421656249999 0.789795015625 0.96465319375 0.686387090625 0.9191213218750001 0.7102104687499999 0.8981627703124999 0.749627771875
2 0.5878040578125 0.7817956546875 0.5779017265624999 0.7386096171875 0.5542513453125 0.7260344859375001 0.506873596875 0.74382028125 0.4819733140625 0.7811417281249999 0.49070272968750006 0.8312882875 0.51921778125 0.8489780671875 0.5626537968750001 0.8290964171875 0.5878040578125 0.7817956546875
2 0.5411572203125 0.6508146484374999 0.5333507421875 0.60368688125 0.49183758437499997 0.586670059375 0.4665143234375 0.6010140828125 0.43901822656249995 0.6622358937499999 0.4519393515625 0.7044989921875 0.4786085265625 0.7161511859374999 0.513911103125 0.7020571421875 0.5411572203125 0.6508146484374999
2 0.617953921875 0.5349085734375 0.60460981875 0.46966805 0.5649425359375 0.45868881406249995 0.5356775453125 0.4709369828125 0.5042397171874999 0.5300629375 0.5129691328125 0.5802094953125 0.5614428140625 0.5983992359375 0.599091225 0.570384146875 0.617953921875 0.5349085734375
2 0.40385058437500004 0.47162897187499997 0.3800272046875 0.42609709999999995 0.3424557765625 0.41117613437499995 0.2948280515625 0.43894124375 0.24846925625 0.535638628125 0.25585275625000004 0.5597889687500001 0.32243919375 0.5724410828125001 0.3800462375 0.544925953125 0.40385058437500004 0.47162897187499997
2 0.3009037 0.674753075 0.28311790625 0.6273753281250001 0.2434506234375 0.6163960921875 0.20605219218749998 0.6344318640625 0.182997784375 0.6777908984375001 0.1996106609375 0.7321291671875 0.2413738 0.739166675 0.29017444375 0.7044410421875 0.3009037 0.674753075
2 0.2699848640625 0.83274925 0.23660514687499998 0.809944821875 0.2033984265625 0.8200971359375 0.172460559375 0.8592644593750001 0.1717106171875 0.8892024062500001 0.24660349531249998 0.92902365625 0.2756954875 0.8838187468750001 0.2699848640625 0.83274925
2 0.795155465625 1 0.8077140343749999 0.9720375484374999 0.784063653125 0.9594624171874999 0.742723490625 0.9754023359374999 0.7323807703125 1 0.795155465625 1
2 0.8779740437499999 0.3596845140625 0.8743592781249999 0.3046732875 0.8010622953125001 0.280868940625 0.7434552531249999 0.3083840703125 0.7028840656249999 0.41321489375000003 0.7236886515625 0.4596697015625 0.7682206015624999 0.4757635859375 0.8239817703125001 0.44221087187499997 0.8779740437499999 0.3596845140625
2 0.06484375 0.61171875 0.1296875 0.2421875
2 0.7453125 0.753125 0.2484375 0.2828125