2 0.50859375 0.69609375 0.15234375 0.21484375
2 0.134375 0.4015625 0.0859375 0.13203125
2 0.09140625 0.540625 0.1046875 0.1390625
2 0.128125 0.77265625 0.09609375 0.1328125
2 0.228125 0.56953125 0.10625 0.1359375
2 0.21328125 0.396875 0.09375 0.11875
2 0.303125 0.1671875 0.09921875 0.1234375
2 0.39765625 0.12734375 0.14140625 0.153125
2 0.39765625 0.37578125 0.0796875 0.1015625
2 0.4875 0.365625 0.11015625 0.13828125
2 0.5125 0.2453125 0.09921875 0.11640625
2 0.4984375 0.05703125 0.0984375 0.11328125
2 0.278125 0.0265625 0.084375 0.053125
2 0.41640625 0.0265625 0.1015625 0.053125
2 0.59140625 0.46015625 0.09375 0.13203125
2 0.61796875 0.61640625 0.09375 0.12734375
2 0.63046875 0.76484375 0.1109375 0.15234375
2 0.259375 0.4703125 0.07578125 0.084375
2 0.671875 0.50078125 0.09609375 0.115625
2 0.76484375 0.6890625 0.11171875 0.1515625
2 0.62265625 0.93203125 0.10390625 0.13515625
2 0.85 0.69609375 0.09609375 0.13359375
2 0.890625 0.48671875 0.09609375 0.13671875
2 0.59140625 0.24375 0.090625 0.121875
2 0.03203125 0.27109375 0.0640625 0.17578125
2 0.021875 0.9359375 0.04375 0.128125
2 0.3640625 0.97890625 0.065625 0.04140625
2 0.70703125 0.975 0.0765625 0.05
2 0.43203125 0.984375 0.071875 0.03125
2 0.9234375 0.8171875 0.153125 0.196875
2 0.23125 0.97109375 0.11328125 0.0578125