2 0.8816964281249999 0.5580357140625 0.8392857140625001 0.6004464281249999 0.8303571421875 0.6674107140625 0.8683035718750001 0.71875 0.9017857140625001 0.7299107140625 0.9508928578125 0.6808035718750001 0.9598214281249999 0.6316964281249999 0.921875 0.5669642859375 0.8816964281249999 0.5580357140625
2 1 0.6941964281249999 0.9665178578125 0.6830357140625 0.9151785718750001 0.7566964281249999 0.9330357140625001 0.8102678578125 0.9776785718750001 0.8325892859374999 1 0.828125 1 0.6941964281249999
2 0.8191964281249999 0.7589285718750001 0.7946428578125 0.8058035718750001 0.8035714281249999 0.8638392859374999 0.84375 0.8861607140625001 0.8794642859374999 0.828125 0.8794642859374999 0.7790178578125 0.859375 0.75 0.8191964281249999 0.7589285718750001
2 0.734375 0.8526785718750001 0.7008928578125 0.8772321421875 0.6964285718750001 0.9129464281249999 0.7165178578125 0.9508928578125 0.7544642859375 0.953125 0.7723214281249999 0.9397321421875 0.7767857140625 0.890625 0.7611607140625 0.8616071421875 0.734375 0.8526785718750001
2 0.5491071421875 0.9040178578125 0.5580357140625 0.953125 0.59375 0.9665178578125 0.6339285718750001 0.9263392859374999 0.6183035718750001 0.8660714281249999 0.5691964281249999 0.8705357140625001 0.5491071421875 0.9040178578125
2 0.477678571875 0.9129464281249999 0.47321428593750003 0.9620535718750001 0.49776785781250005 1 0.5267857140625 0.9977678578125 0.5491071421875 0.9665178578125 0.5446428578125 0.9263392859374999 0.49776785781250005 0.8928571421875 0.477678571875 0.9129464281249999
2 0.35044642812500004 0.71875 0.3125 0.7477678578125 0.2991071421875 0.8013392859374999 0.3125 0.859375 0.36607142812500004 0.8861607140625001 0.41071428593750003 0.8504464281249999 0.41964285781250005 0.7790178578125 0.38616071406249997 0.7276785718750001 0.35044642812500004 0.71875
2 0.2299107140625 0.7723214281249999 0.18303571406250002 0.8191964281249999 0.1741071421875 0.9040178578125 0.203125 0.9419642859374999 0.25 0.9441964281249999 0.2946428578125 0.9084821421875 0.30357142812500004 0.8370535718750001 0.27008928593750003 0.7767857140625 0.2299107140625 0.7723214281249999
2 0.2455357140625 0.9933035718750001 0.37053571406249997 0.9977678578125 0.3571428578125 0.9575892859374999 0.32366071406249997 0.9285714281249999 0.265625 0.9464285718750001 0.2455357140625 0.9933035718750001
2 0.25669642812500004 0.6607142859375 0.2321428578125 0.6897321421875 0.2321428578125 0.7522321421875 0.27678571406249997 0.7611607140625 0.30357142812500004 0.7388392859375 0.30803571406249997 0.6897321421875 0.29241071406249997 0.6651785718750001 0.25669642812500004 0.6607142859375
2 0.147321428125 0.7299107140625 0.15178571406250002 0.7745535718750001 0.196428571875 0.7879464281249999 0.2232142859375 0.7433035718750001 0.2232142859375 0.6808035718750001 0.19866071406250002 0.6651785718750001 0.147321428125 0.7299107140625
2 0.3928571421875 0.6495535718750001 0.3883928578125 0.703125 0.39955357187499996 0.7232142859375 0.4375 0.7299107140625 0.46428571406249997 0.6629464281249999 0.444196428125 0.625 0.41741071406249997 0.625 0.3928571421875 0.6495535718750001
2 0.5223214281249999 0.5424107140625 0.5401785718750001 0.6004464281249999 0.5669642859375 0.609375 0.6071428578125 0.5647321421875 0.59375 0.5066964281249999 0.5736607140625 0.491071428125 0.5223214281249999 0.5424107140625
2 0.6272321421875 0.46875 0.6071428578125 0.49776785781250005 0.6160714281249999 0.5647321421875 0.6450892859375 0.5892857140625 0.6696428578125 0.5870535718750001 0.6964285718750001 0.5334821421875 0.6875 0.493303571875 0.6629464281249999 0.46875 0.6272321421875 0.46875
2 0.7165178578125 0.30357142812500004 0.6919642859375 0.328125 0.6830357140625 0.390625 0.7120535718750001 0.43303571406249997 0.7455357140625 0.43973214218749995 0.7767857140625 0.390625 0.7723214281249999 0.3459821421875 0.7388392859375 0.30357142812500004 0.7165178578125 0.30357142812500004
2 0.578125 0.22767857187499999 0.53125 0.265625 0.5267857140625 0.31919642812500004 0.5602678578125 0.375 0.6071428578125 0.38169642812500004 0.6383928578125 0.3459821421875 0.6428571421875 0.2790178578125 0.6183035718750001 0.24107142812500001 0.578125 0.22767857187499999
2 0.875 0.515625 0.890625 0.5401785718750001 0.9196428578125 0.5379464281249999 0.9419642859374999 0.475446428125 0.8995535718750001 0.45089285781250005 0.8794642859374999 0.46651785781250005 0.875 0.515625
2 0.9285714281249999 0.5647321421875 0.96875 0.5915178578125 0.9866071421875 0.5513392859375 0.9620535718750001 0.5133928578125 0.9441964281249999 0.5133928578125 0.9285714281249999 0.5647321421875
2 0.9151785718750001 0.43973214218749995 0.9441964281249999 0.46875 0.9732142859374999 0.47098214218749995 0.9955357140625001 0.43973214218749995 0.9866071421875 0.38169642812500004 0.9174107140625001 0.37946428593750003 0.9151785718750001 0.43973214218749995
2 0.8303571421875 0.118303571875 0.8303571421875 0.149553571875 0.8504464281249999 0.178571428125 0.875 0.17633928593749998 0.9017857140625001 0.131696428125 0.8883928578125 0.0915178578125 0.859375 0.084821428125 0.8303571421875 0.118303571875
2 0.6651785718750001 0.060267857812500006 0.6897321421875 0.0892857140625 0.7142857140625 0.0915178578125 0.7232142859375 0.0334821421875 0.6941964281249999 0.0044642859375000005 0.6741071421875 0.015625 0.6651785718750001 0.060267857812500006
2 0.33928571406249997 0.060267857812500006 0.38392857187499996 0.078125 0.41071428593750003 0.0513392859375 0.41071428593750003 0.0022321421875000002 0.33705357187499996 0 0.33928571406249997 0.060267857812500006
2 0.29241071406249997 0.0669642859375 0.25892857187499996 0.0959821421875 0.25 0.13616071406250002 0.27008928593750003 0.178571428125 0.30803571406249997 0.1852678578125 0.33928571406249997 0.1584821421875 0.34375 0.12276785781249999 0.33928571406249997 0.100446428125 0.29241071406249997 0.0669642859375
2 0.118303571875 0.2053571421875 0.0803571421875 0.2388392859375 0.0758928578125 0.296875 0.100446428125 0.32142857187499996 0.12946428593749998 0.31919642812500004 0.15178571406250002 0.30133928593750003 0.16071428593749998 0.2522321421875 0.15178571406250002 0.2209821421875 0.118303571875 0.2053571421875
2 0.0044642859375000005 0.27455357187499996 0.008928571875000001 0.30580357187499996 0.040178571875 0.32366071406249997 0.071428571875 0.29241071406249997 0.071428571875 0.26116071406249997 0.046875 0.24107142812500001 0.0044642859375000005 0.27455357187499996
2 0.0736607140625 0.03125 0.0446428578125 0.069196428125 0.0446428578125 0.13616071406250002 0.0825892859375 0.18303571406250002 0.116071428125 0.1852678578125 0.147321428125 0.131696428125 0.147321428125 0.087053571875 0.10491071406250001 0.0357142859375 0.0736607140625 0.03125
2 0.0625 0.5513392859375 0.0580357140625 0.6183035718750001 0.078125 0.6517857140625 0.102678571875 0.6495535718750001 0.125 0.5691964281249999 0.109375 0.5401785718750001 0.0825892859375 0.5357142859375 0.0625 0.5513392859375
2 0.7745535718750001 1 0.8705357140625001 0.9977678578125 0.8325892859374999 0.9553571421875 0.8058035718750001 0.9553571421875 0.7723214281249999 0.984375 0.7745535718750001 1
2 0.022321428125 0.1540178578125 0.0022321421875000002 0.0982142859375 0.0044642859375000005 0.194196428125 0.022321428125 0.1540178578125
2 0.022321428125 0.0736607140625 0.03125 0.0200892859375 0.0022321421875000002 0 0 0.0736607140625 0.022321428125 0.0736607140625
2 0.0959821421875 0.0267857140625 0.15178571406250002 0.060267857812500006 0.178571428125 0.0334821421875 0.180803571875 0 0.0892857140625 0.0022321421875000002 0.0959821421875 0.0267857140625