2 0.79921875 0.9 0.1234375 0.1390625
2 0.72734375 0.821875 0.078125 0.10625
2 0.634375 0.921875 0.1453125 0.14375
2 0.6234375 0.778125 0.1234375 0.15625
2 0.70078125 0.684375 0.1046875 0.1234375
2 0.6125 0.5875 0.125 0.171875
2 0.71484375 0.56015625 0.13125 0.159375
2 0.7171875 0.428125 0.1390625 0.14375
2 0.83984375 0.35234375 0.125 0.159375
2 0.84765625 0.165625 0.0796875 0.10625
2 0.69609375 0.09609375 0.1390625 0.1671875
2 0.60234375 0.05859375 0.1078125 0.1171875
2 0.31484375 0.4015625 0.1484375 0.1578125
2 0.31015625 0.53671875 0.15 0.1609375
2 0.4859375 0.5921875 0.1125 0.1578125
2 0.47890625 0.74921875 0.140625 0.1671875
2 0.3609375 0.88203125 0.1296875 0.165625
2 0.24453125 0.95078125 0.084375 0.0984375
2 0.13046875 0.9296875 0.1640625 0.140625
2 0.0578125 0.34296875 0.115625 0.1984375
2 0.1328125 0.27734375 0.134375 0.1578125
2 0.0578125 0.2 0.115625 0.153125
2 0.20234375 0.0765625 0.134375 0.0953125
2 0.92421875 0.1125 0.071875 0.153125
2 0.909375 0.01875 0.059375 0.0375
2 0.96328125 0.90390625 0.0734375 0.0796875
2 0.528125 0.3671875 0.1625 0.209375
2 0.92109375 0.69609375 0.1578125 0.1796875