1 0.70078125 0.6859375 0.1109375 0.146875
1 0.63984375 0.90703125 0.11875 0.14765625
1 0.46796875 0.790625 0.10546875 0.1375
1 0.21953125 0.91484375 0.09921875 0.12421875
1 0.30625 0.31484375 0.12109375 0.1640625
1 0.6640625 0.2140625 0.12109375 0.1765625
1 0.86875 0.3578125 0.08515625 0.13046875
1 0.953125 0.3453125 0.06796875 0.11796875
1 0.96328125 0.1015625 0.0734375 0.14375
1 0.84765625 0.09296875 0.11015625 0.1453125
1 0.3140625 0.08828125 0.09609375 0.115625
1 0.21875 0.10234375 0.1109375 0.1453125
1 0.0421875 0.0390625 0.084375 0.078125