2 0.2846491640625 0.6125220265625 0.30095109062500003 0.581862559375 0.29513198749999997 0.5322907015625 0.2481027 0.49298393125000006 0.22527461718750003 0.5022973093750001 0.204526709375 0.5413184484375 0.218530725 0.6023927265625 0.2547646390625 0.6216586421875 0.2846491640625 0.6125220265625
2 0.1757156171875 0.9586002265625 0.20482519687499998 0.9240250671875 0.2045805421875 0.8774171984375 0.164784459375 0.831230746875 0.11799982812500001 0.8385318453125 0.0959466890625 0.8732837671875 0.1047297796875 0.9172811734374999 0.12240483124999998 0.944555234375 0.1757156171875 0.9586002265625
2 0.5070020078125 0.5305371390625 0.5227057546875 0.4673826859375 0.5070429843750001 0.416152075 0.4763835171875 0.399850146875 0.44928621875 0.4104687578125 0.41964635 0.46621324062499997 0.4232085171875 0.493133778125 0.4813867 0.5383685234375 0.5070020078125 0.5305371390625
2 0.4488366765625 0.9357862062500001 0.47237180937499995 0.8982470609375 0.45872132031249996 0.8230599 0.41987694375 0.79525555 0.3914744125 0.801604940625 0.363846825 0.8333928765625 0.3706176359375 0.9013468328125 0.406498025 0.9347256328125001 0.4488366765625 0.9357862062500001
2 0.6076956046875 0.5697760187500001 0.6226923015625 0.5348473328125001 0.6031138390625 0.47080906875000006 0.5685386796875 0.44169948750000004 0.53586693125 0.4493541109375 0.5193882421875 0.48707002031249996 0.5294765625 0.53533664375 0.5666621843749999 0.5729846609375 0.6076956046875 0.5697760187500001
2 0.7015095234375 0.60178169375 0.7224341937500001 0.5557041125 0.7080766546875 0.5087427171875001 0.6662682906249999 0.4865128171875 0.6477094265625001 0.4945209640625 0.6286202750000001 0.5236984375 0.6400138265625 0.5762342796875 0.6758942171875 0.609613078125 0.7015095234375 0.60178169375
2 0.6623525984375 0.47370516250000005 0.6773492953125 0.43877647968750005 0.653501615625 0.3760434453125 0.6116932515625 0.3538135421875 0.5649086203125 0.361114640625 0.5540043781249999 0.40179453593750003 0.5700206734375 0.43891226406249995 0.6213191796875 0.47691380624999996 0.6623525984375 0.47370516250000005
2 0.85358358125 0.4502519859375 0.821197465625 0.3901294140625 0.75917148125 0.3857513265625 0.7430463171875 0.40935435 0.7442426765625 0.47434432031249996 0.7970910671875 0.5632229484375 0.830469865625 0.527342559375 0.85358358125 0.4502519859375
2 0.9355146359375001 0.336506078125 0.8940597984374999 0.30016329375 0.8712317171875 0.30947667343749996 0.85937576875 0.3317744671875 0.869464090625 0.38004109218750004 0.89715956875 0.4019174671875 0.9240801078124999 0.3983553 0.9355146359375001 0.336506078125
2 0.8320747921875 0.1814001421875 0.8074111921875 0.20761362968750002 0.8089610765625 0.258490715625 0.8687980171874999 0.2938817953125 0.9034820453125001 0.26227062343749996 0.8907832625 0.2054655625 0.8320747921875 0.1814001421875
2 0.7835635109375 0.1448805953125 0.7610210625 0.0864167796875 0.7075335140625 0.079428228125 0.67718659375 0.1633984828125 0.6958133515625 0.209054646875 0.7431961640625 0.23424853437499998 0.7821494109375 0.2013321296875 0.7835635109375 0.1448805953125
2 0.6486073015625 0.176804315625 0.6071524640625 0.1404615296875 0.5577573703125001 0.13922419218749998 0.53997345 0.1726708828125 0.55492916875 0.25212726406249997 0.64726109375 0.2869201609375 0.663916546875 0.2421478109375 0.6486073015625 0.176804315625
2 0.5511492609374999 0.3466482328125 0.6287701218749999 0.3485926203125 0.6273969984375001 0.29065909218749997 0.5434267453125 0.260312171875 0.5321689796875 0.315104953125 0.5511492609374999 0.3466482328125
2 0.472971196875 0.19782379375 0.44658094843749996 0.18021663593749998 0.41817841875 0.18656602656250001 0.39482005 0.21704873125000002 0.40656712656250005 0.25547169062499997 0.45394993906250003 0.280665578125 0.484718275 0.23624675312500001 0.472971196875 0.19782379375
2 0.5204628796875 0.16229692812500002 0.5439980109375 0.124757784375 0.5257247796875 0.0649887375 0.488185634375 0.041453603125 0.45124466874999997 0.05041345781249999 0.44460964531249997 0.089788121875 0.4632364015625 0.135444284375 0.497811559375 0.16455386562500002 0.5204628796875 0.16229692812500002
2 0.3245822390625 0.0331188453125 0.340598534375 0.070236575 0.3784912046875 0.0796588234375 0.40707049843750004 0.0662529890625 0.41945673437500003 0.0227858703125 0.4114485859375 0.00422700625 0.3245822390625 0.0331188453125
2 0.3428554703125 0.09288789374999999 0.3457105875 0.14803419843750001 0.400326603125 0.1663484078125 0.41662853125000004 0.13568893906249999 0.4048814546875 0.09726598125 0.3840656546875 0.082622809375 0.3428554703125 0.09288789374999999
2 0.3267981984375 0.17015522968750002 0.34013614062499997 0.1450702109375 0.3300478171875 0.0968035859375 0.3023523390625 0.0749272109375 0.278219025 0.0799713703125 0.259129875 0.10914884375 0.2734874125 0.1561102375 0.30118289374999996 0.1779866140625 0.3267981984375 0.17015522968750002
2 0.3442555109375 0.31887079687500003 0.3776343078125 0.28299040625 0.37774317812499997 0.22226965468749998 0.33498310937500003 0.1816576515625 0.288198478125 0.1889587484375 0.24942199375000002 0.2148187109375 0.26176725 0.2857366546875 0.317334971875 0.3224329640625 0.3442555109375 0.31887079687500003
2 0.2548875703125 0.27850345 0.2395783265625 0.2131599546875 0.20020366093750003 0.20652492968749997 0.1798092796875 0.2314331859375 0.183017921875 0.2724666046875 0.1993877421875 0.2954714515625 0.2372804140625 0.3048936984375 0.2548875703125 0.27850345
2 0.15500989375000002 0.15031805 0.1079806078125 0.111011278125 0.0894217421875 0.1190194265625 0.07093077187499999 0.180691884375 0.091216284375 0.21650438125 0.137647390625 0.22331616875 0.16118252187499998 0.185777021875 0.15500989375000002 0.15031805
2 0.1153905734375 0.09707515625 0.163725090625 0.140651146875 0.20398356875 0.11200396093750001 0.1894492671875 0.072099009375 0.1153905734375 0.09707515625
2 0.2580962140625 0.3195368703125 0.249448909375 0.382868084375 0.310944603125 0.4084154984375 0.31549945468749996 0.339333071875 0.2580962140625 0.3195368703125
2 0.29471057031250003 0.49273927500000003 0.3080485109375 0.4676542578125 0.2963014328125 0.4292313 0.24020342343749998 0.413704315625 0.24697423281250003 0.4816582703125 0.29471057031250003 0.49273927500000003
2 0.407015459375 0.4630724921875 0.43944255156249995 0.40881000156249997 0.43065946093749996 0.3648125921875 0.3865941609375 0.3199313734375 0.3496531953125 0.3288912265625 0.3242825453125 0.38333048125 0.33010164999999997 0.43290233593750005 0.3617128203125 0.467586365625 0.407015459375 0.4630724921875
2 1 0.44537073125 0.9742501421875 0.42503118281249996 0.9514220625 0.43434455937500005 0.9500079609375 0.49079609687500003 0.9960855421874999 0.511720765625 1 0.4684263765625 1 0.44537073125
2 0.9120743125 0.5957589125 0.9627746359374999 0.6012654671875 0.9699399484375 0.5407214765624999 0.9236856046874999 0.5268532484375 0.9032912218750001 0.551761503125 0.9120743125 0.5957589125
2 1 0.6390084421875 0.9999602578125 0.638913484375 0.965385096875 0.6098039015625 0.9369825687500001 0.6161532937499999 0.9178934171875 0.6453307671874999 0.9374718796874999 0.70936903125 1 0.7249170375 1 0.6390084421875
2 1 0.7475114125 0.984854690625 0.7345629203125 0.941034046875 0.73628956875 0.928824571875 0.772700246875 0.9405716500000001 0.8111232062499999 0.9866492328125 0.832047875 1 0.816190384375 1 0.7475114125
2 0.28046875 0.0640625 0.0828125 0.0578125
2 0.81875 0.853125 0.246875 0.1953125
2 0.271875 0.92421875 0.1875 0.1515625
2 0.1078125 0.46875 0.215625 0.25625
2 0.58125 0.0234375 0.196875 0.046875