2 0.68203125 0.878125 0.10625 0.128125
2 0.7734375 0.81640625 0.0859375 0.115625
2 0.8109375 0.69296875 0.1078125 0.1265625
2 0.78359375 0.58828125 0.0984375 0.13125
2 0.690625 0.6609375 0.1375 0.1796875
2 0.58359375 0.6328125 0.125 0.1578125
2 0.590625 0.39765625 0.0765625 0.1046875
2 0.49609375 0.4578125 0.0859375 0.115625
2 0.41015625 0.70859375 0.1375 0.1640625
2 0.328125 0.64140625 0.1328125 0.15
2 0.375 0.50390625 0.1546875 0.1921875
2 0.39140625 0.340625 0.0828125 0.0984375
2 0.54375 0.24140625 0.1078125 0.1328125
2 0.39140625 0.15703125 0.1125 0.1515625
2 0.44140625 0.0546875 0.1078125 0.109375
2 0.278125 0.17578125 0.1546875 0.1875
2 0.10546875 0.3484375 0.121875 0.1296875
2 0.15390625 0.90703125 0.115625 0.128125
2 0.16796875 0.75 0.1453125 0.1546875
2 0.01171875 0.8328125 0.0234375 0.128125
2 0.0140625 0.72109375 0.028125 0.1546875
2 0.78046875 0.059375 0.1171875 0.0765625
2 0.97578125 0.09765625 0.0484375 0.1046875
2 0.99140625 0.29921875 0.0171875 0.1421875
2 0.9828125 0.4375 0.034375 0.15
2 0.890625 0.9453125 0.109375 0.109375
2 0.82734375 0.35546875 0.1875 0.19375
2 0.13984375 0.5765625 0.18125 0.215625