2 0.03828125 0.14375 0.0765625 0.128125
2 0.1265625 0.18046875 0.10546875 0.1453125
2 0.22421875 0.0953125 0.0859375 0.11328125
2 0.43125 0.075 0.07421875 0.1
2 0.11328125 0.93046875 0.11953125 0.1390625
2 0.3484375 0.4125 0.090625 0.12265625
2 0.53359375 0.31484375 0.1125 0.15859375
2 0.4015625 0.5 0.0875 0.103125
2 0.42578125 0.61171875 0.1078125 0.140625
2 0.60390625 0.4484375 0.15078125 0.17734375
2 0.640625 0.28671875 0.1234375 0.16328125
2 0.71484375 0.17578125 0.11015625 0.12890625
2 0.81328125 0.06328125 0.0890625 0.1171875
2 0.8390625 0.1671875 0.0984375 0.1203125
2 0.81875 0.28359375 0.1234375 0.14375
2 0.925 0.09296875 0.09921875 0.17734375
2 0.33203125 0.90859375 0.11953125 0.14765625
2 0.6671875 0.69921875 0.0921875 0.13125
2 0.73671875 0.79765625 0.09609375 0.125
2 0.8453125 0.890625 0.06328125 0.084375
2 0.934375 0.8578125 0.07421875 0.13515625
2 0.028125 0.5640625 0.05625 0.2421875
2 0.0765625 0.0640625 0.14765625 0.128125
2 0.67578125 0.05546875 0.2015625 0.1109375
2 0.5265625 0.91953125 0.17890625 0.15390625
2 0.9484375 0.49765625 0.10234375 0.20625