2 0.221875 0.8515625 0.115625 0.146875
2 0.33828125 0.85234375 0.1453125 0.1828125
2 0.49609375 0.85390625 0.1265625 0.1703125
2 0.59140625 0.80390625 0.1359375 0.178125
2 0.57265625 0.9734375 0.1171875 0.053125
2 0.8796875 0.96015625 0.140625 0.0796875
2 0.94765625 0.5015625 0.1046875 0.153125
2 0.84921875 0.4375 0.1515625 0.1671875
2 0.60859375 0.39140625 0.1421875 0.16875
2 0.728125 0.209375 0.109375 0.14375
2 0.84296875 0.21328125 0.1828125 0.209375
2 0.8828125 0.0875 0.15625 0.1046875
2 0.3296875 0.175 0.115625 0.15625
2 0.246875 0.11484375 0.1234375 0.1640625
2 0.1046875 0.1328125 0.14375 0.1875
2 0.0515625 0.21328125 0.05625 0.1328125
2 0.20390625 0.01875 0.1015625 0.0375
2 0.2109375 0.95 0.1015625 0.0484375
2 0.8921875 0.64453125 0.203125 0.2484375
2 0.475 0.121875 0.1359375 0.1953125
2 0.4234375 0.609375 0.1890625 0.246875