2 0.1419316015625 0.23113894687499997 0.17164016875000002 0.1970770875 0.165456575 0.1431198765625 0.1344555375 0.1078894390625 0.09307248125 0.11743374375 0.0722464953125 0.1419822734375 0.0771995640625 0.1916481375 0.0986872734375 0.21799599375 0.1419316015625 0.23113894687499997
2 0.15249946406249998 0.38136706249999996 0.1813083671875 0.36846204843749997 0.1895602 0.34055280625 0.1484150828125 0.278043875 0.1202679015625 0.341845278125 0.15249946406249998 0.38136706249999996
2 0.24727092968750003 0.4122442046875 0.2319048671875 0.37485260781249996 0.191421471875 0.3632400640625 0.151630775 0.435024384375 0.1669968359375 0.47241598125 0.1973671265625 0.48925050781249996 0.2335281984375 0.46959309843749997 0.24727092968750003 0.4122442046875
2 0.3243912765625 0.2600928703125 0.3035033453125 0.21964045 0.264250475 0.212319253125 0.23424202031250002 0.253433396875 0.25576070156249997 0.3122817296875 0.28060912031249996 0.3260554328125 0.31370937187500003 0.31191989375 0.3243912765625 0.2600928703125
2 0.255439690625 0.6188905765625 0.22656883906249997 0.5667946390624999 0.17690297500000002 0.5717477078125001 0.1518166171875 0.6300272390625 0.16841320312500002 0.6717101828125001 0.2055358859375 0.69589688125 0.24169695937500002 0.6762394703125 0.255439690625 0.6188905765625
2 0.56959891875 0 0.5817481953125 0.0562595328125 0.618870878125 0.08044622968750001 0.654432178125 0.0748933859375 0.6736967765624999 0.020605314062499998 0.665639428125 0 0.56959891875 0
2 0.706197253125 0.0205743390625 0.6853712671875 0.045122871875 0.6909241125000001 0.0806841703125 0.7544256265625 0.115883634375 0.764476784375 0.0456606984375 0.740228140625 0.01778243125 0.706197253125 0.0205743390625
2 0.7140351515625001 0.2017725171875 0.7351610265625 0.17017170625 0.73143848125 0.1247971890625 0.6973766203125 0.095088621875 0.6547630390625 0.100341578125 0.6363981015625 0.133472803125 0.6431814703125001 0.1733254484375 0.6827652 0.20609483750000002 0.7140351515625001 0.2017725171875
2 0.746866490625 0.2271897390625 0.72507889375 0.2078941640625 0.69227853125 0.21497742031249997 0.6739445671875 0.28060912031249996 0.700023509375 0.2986741703125 0.7398761546875 0.2918908015625 0.7579412046875 0.26581185937499996 0.746866490625 0.2271897390625
2 0.797256021875 0.3381340078125 0.759502590625 0.2955514 0.7267022265625 0.30263465625 0.70341519375 0.3186004921875 0.718212453125 0.40259713281250004 0.7682091796875 0.4230922546875 0.8022090921875 0.38779987031249996 0.797256021875 0.3381340078125
2 0.6927642609375 0.40292799218750003 0.7065379640625 0.3780795734375 0.697893321875 0.3155396703125 0.6607706390625 0.2913529734375 0.6377834921875001 0.300266528125 0.6194185562500001 0.3333977546875 0.6262019234375 0.3732503984375 0.66578565625 0.4060197890625 0.6927642609375 0.40292799218750003
2 0.594032309375 0.398729565625 0.610866834375 0.36835927812499997 0.598530621875 0.2929453328125 0.55588606875 0.26569781406250004 0.5230857046875 0.2727810703125 0.506551065625 0.296099078125 0.5133654078125 0.3684521984375 0.5627623578125001 0.4030518859375 0.594032309375 0.398729565625
2 0.5827196546875 0.4321606796875 0.5388445749999999 0.4006218140625 0.5115660828124999 0.41076589218750004 0.4974924921875 0.44266659218750004 0.5055063843750001 0.486810584375 0.563486028125 0.5189492265625 0.587072946875 0.49593110625000003 0.5827196546875 0.4321606796875
2 0.5071818140625 0.3144949875 0.476449690625 0.23971179375 0.431075175 0.24343433750000001 0.41517128437500006 0.28514825625 0.42993757187500004 0.33664441875 0.468290778125 0.3651224609375 0.494038859375 0.35773931718749996 0.5071818140625 0.3144949875
2 0.8908490625000001 0.09766371406249999 0.8614713578125001 0.1571737703125 0.8780989171875 0.2313571890625 0.9051084953125 0.26076586874999996 0.9526441734375 0.27267830000000004 0.903723103125 0.0939721421875 0.8908490625000001 0.09766371406249999
2 0.7942571468749999 0.4086568296875 0.7544354765625 0.4479406734375 0.8155069156250001 0.5070579203125 0.835733125 0.49661395312499995 0.8488760796875001 0.45336962343750004 0.8347405421874999 0.4202693734375 0.7942571468749999 0.4086568296875
2 0.9352718187500001 0.3821541046875 0.899979434375 0.3481541921875 0.8616572 0.352176625 0.8561972750000001 0.41411675312499996 0.877684984375 0.44046460937500004 0.9196987890624999 0.44931621718750003 0.9395941390625 0.41342405624999995 0.9352718187500001 0.3821541046875
2 0.6710695875 0.481133846875 0.644752703125 0.5351220296875 0.6601187656249999 0.5725136281250001 0.6960109250000001 0.5924089765625 0.7306106140625 0.5430120265625 0.7048005859375001 0.48539421875000005 0.6710695875 0.481133846875
2 0.8060865046875 0.5956767671875001 0.7766158796875 0.5576853921875 0.744115403125 0.5577163671875 0.726980990625 0.5951389390624999 0.7380557046875 0.633761059375 0.7595434125 0.660108915625 0.797265871875 0.6701910484375 0.8060865046875 0.5956767671875001
2 0.90241935625 0.65629345 0.8882838187500001 0.6231931984375 0.8281739890625 0.6079200578124999 0.8135006234375 0.6539253234375 0.8245753390624999 0.6925474453125 0.860467496875 0.71244279375 0.886215578125 0.70505965 0.90241935625 0.65629345
2 1 0.47729018125 0.9923827734374999 0.46795006875 0.9586517734375001 0.46368969687500006 0.9286433187500001 0.5048038390625 0.931735115625 0.53178244375 0.9507927484375 0.5820480828125 1 0.6058571703125 1 0.47729018125
2 0.8385039093750001 0.8302014062499999 0.865151653125 0.801661415625 0.8614291078124999 0.7562868984375 0.8175540296875001 0.7247480328125 0.7792317953125 0.728770465625 0.768219028125 0.7551492953125 0.781754790625 0.8023541125 0.8158166515625 0.832062678125 0.8385039093750001 0.8302014062499999
2 0.85453169375 0.918489390625 0.94188904375 0.891117978125 0.9203703609374999 0.8322696453124999 0.8743650953125 0.817596278125 0.838834771875 0.8556495999999999 0.85453169375 0.918489390625
2 0.44555142343750004 0.6340398234375 0.425986934375 0.6953801765625001 0.46250984375000004 0.7336714375 0.48579687656250004 0.7177056 0.49464848437500003 0.67569179375 0.48051294687499996 0.6425915421874999 0.44555142343750004 0.6340398234375
2 0.42967575937499997 1 0.434848390625 0.9854234109375 0.42131262812500003 0.9382185968750001 0.3829594203125 0.9097405515625001 0.35874174999999997 0.9143627609375 0.327502771875 0.9511855578124999 0.3351250765625 1 0.42967575937499997 1
2 0.41464330625 0.6963108140625 0.4296475328125 0.6757537421875 0.4271245375 0.6021700953125 0.39981507031249996 0.5798136984375 0.3541406671875 0.5905885265624999 0.341897375 0.612676009375 0.3536028390625 0.6696940437500001 0.3821428296875 0.6963417859375001 0.41464330625 0.6963108140625
2 0.38359375 0.040625 0.10625 0.0765625
2 0.03671875 0.2859375 0.0734375 0.184375
2 0.159375 0.771875 0.2046875 0.221875
2 0.6109375 0.83671875 0.14375 0.175