2 0.24296875 0.08515625 0.0984375 0.1140625
2 0.03671875 0.17578125 0.0734375 0.0984375
2 0.0671875 0.27109375 0.10625 0.134375
2 0.15546875 0.29765625 0.1109375 0.1296875
2 0.1046875 0.48125 0.09375 0.1359375
2 0.0578125 0.5921875 0.084375 0.1359375
2 0.1078125 0.75234375 0.1171875 0.1546875
2 0.14296875 0.90546875 0.1109375 0.1359375
2 0.2328125 0.9484375 0.125 0.103125
2 0.2109375 0.71796875 0.0890625 0.115625
2 0.178125 0.62109375 0.0875 0.109375
2 0.1890625 0.53359375 0.0859375 0.096875
2 0.275 0.5140625 0.1171875 0.1484375
2 0.30703125 0.671875 0.103125 0.1421875
2 0.40703125 0.75546875 0.1109375 0.1453125
2 0.48046875 0.884375 0.0984375 0.1234375
2 0.378125 0.0734375 0.084375 0.1
2 0.39453125 0.34296875 0.1328125 0.15
2 0.52734375 0.1515625 0.1109375 0.13125
2 0.475 0.2296875 0.0875 0.0953125
2 0.63359375 0.14140625 0.1328125 0.1734375
2 0.65390625 0.04140625 0.1203125 0.0828125
2 0.7859375 0.04609375 0.1 0.0921875
2 0.7359375 0.23046875 0.10625 0.134375
2 0.603125 0.296875 0.090625 0.1234375
2 0.59140625 0.4359375 0.125 0.15
2 0.46796875 0.5125 0.1078125 0.1421875
2 0.3953125 0.46640625 0.11875 0.1359375
2 0.68203125 0.53515625 0.115625 0.1390625
2 0.8015625 0.3203125 0.090625 0.11875
2 0.9515625 0.39609375 0.09375 0.1359375
2 0.88828125 0.51328125 0.0859375 0.1234375
2 0.9515625 0.534375 0.096875 0.18125
2 0.70546875 0.64765625 0.096875 0.1078125
2 0.8515625 0.6765625 0.1078125 0.128125
2 0.93046875 0.71953125 0.10625 0.11875
2 0.82890625 0.8609375 0.0921875 0.1328125
2 0.9578125 0.8875 0.084375 0.125
2 0.9875 0.6625 0.025 0.134375
2 0.7171875 0.88828125 0.1640625 0.1921875
2 0.353125 0.89296875 0.1296875 0.19375