2 0.526537109375 0.423334403125 0.57757494375 0.4067512046875 0.6179582515625001 0.3471613703125 0.6153349203125 0.2982260578125 0.5805868125 0.273005434375 0.5305244609375 0.2925908578125 0.4900653734375 0.36216285312499996 0.49869315625 0.40914720000000004 0.526537109375 0.423334403125
2 0.4219896703125 0.3876011703125 0.36584708906249996 0.41911971562500006 0.3495573640625 0.460923534375 0.364265375 0.495974759375 0.43331656093750004 0.47353866875 0.4536597734375 0.4237794328125 0.4219896703125 0.3876011703125
2 0.47939156250000003 0.584696790625 0.5184204921875 0.572015521875 0.5467191203125 0.5263097734375 0.5300601453125 0.48525409843749995 0.50716938125 0.4760958640625 0.4610847359375 0.4977080296875 0.44689753281250005 0.5255519843750001 0.455525315625 0.57253633125 0.47939156250000003 0.584696790625
2 0.557146309375 0.5992628890625 0.573057140625 0.6073698624999999 0.6142643734375001 0.57074656875 0.59265220625 0.524661925 0.5524962359375001 0.5543052859375 0.557146309375 0.5992628890625
2 0.6772353296875 0.5602436015625 0.72242026875 0.52564705 0.7137924875 0.4786627046875 0.6909017234375 0.46950446875 0.6525451578125 0.5251165984374999 0.6772353296875 0.5602436015625
2 0.8420546171875 0.546520715625 0.8583443421875 0.5047168953125001 0.8386831406249999 0.4646367015625 0.7766118859375 0.48812405312499996 0.762348903125 0.5259501671875 0.771052465625 0.5629523546875 0.8049008703125 0.5751885921875 0.8420546171875 0.546520715625
2 0.8940679312500001 0.5329397421875 0.8558629249999999 0.5685875546875 0.8645664859375 0.6055897421875 0.8904594749999999 0.61377249375 0.927689 0.5751224578125 0.9169586953125 0.5420979781249999 0.8940679312500001 0.5329397421875
2 0.9434675609375001 0.337653171875 0.9428709718749999 0.284740153125 0.9140515375 0.26755072343749997 0.8760738671875 0.27325205937499997 0.8498777609375001 0.3049979421875 0.8603807281250001 0.36796889843749997 0.8842469734374999 0.3801293578125 0.9434675609375001 0.337653171875
2 1 0.28155136875000003 0.9837750890624999 0.28804549375 0.9615566921875001 0.32181811875 0.9641042437499999 0.3807355890625 0.9959259062499999 0.39694953593750004 1 0.3956257828125 1 0.28155136875000003
2 0.7866891109374999 0.21267709687499997 0.7929208984375 0.18077965625 0.765228503125 0.1466281359375 0.715317709375 0.1462492421875 0.6930993125 0.180021865625 0.6976736078125 0.23496162968749998 0.7294194890625 0.261157734375 0.7866891109374999 0.21267709687499997
2 0.7299595859375 0.058512334374999996 0.7196743125 0.098365190625 0.7343823234375 0.1334164140625 0.7742351796875 0.1437016890625 0.809286403125 0.128993678125 0.82047138125 0.1021252046875 0.7299595859375 0.058512334374999996
2 0.6033616203125 0 0.5461514640625 0.0750858890625 0.5946321015625 0.132355509375 0.6397412640625 0.10774111875 0.6641379609375 0.0500264671875 0.6613630734375 0.0210554734375 0.6159591703125 0 0.6033616203125 0
2 0.57794198125 0 0.5715994234374999 0.0103913046875 0.590894259375 0 0.57794198125 0
2 0 0.5191583750000001 0.0144351484375 0.5532154499999999 0.07170476875000001 0.5047348109375001 0.07590981249999999 0.476815078125 0.052195124999999995 0.44469030312499996 0.0162441984375 0.44641392968750004 0 0.4677337453125 0 0.5191583750000001
2 0.2124869640625 0.764356359375 0.25151589531249996 0.7516750921875001 0.2777877796875 0.70994705 0.277039634375 0.6769983484375001 0.246269234375 0.65380446875 0.210242528125 0.6655102562499999 0.1900508734375 0.6953051734375 0.1897477578125 0.7352338078125 0.2124869640625 0.764356359375
2 0.0741572546875 0.8391750171875 0.1450836265625 0.8327255375 0.1915471640625 0.761202578125 0.1829951625 0.704236071875 0.15425150468749999 0.6770644828125 0.112296125 0.6807390765625 0.05780139375 0.7581907078125 0.0535205703125 0.7960925999999999 0.0741572546875 0.8391750171875
2 0.47748744531250004 0.967021046875 0.47291315 0.912081284375 0.4461204578125 0.8909141484375 0.3858486109375 0.94037026875 0.38854772031249996 0.979323421875 0.40836048125 0.9994392953125001 0.44731363281250003 0.9967401875 0.47748744531250004 0.967021046875
2 0.5022533953125 0.992165890625 0.54736255625 0.9675515000000001 0.5656032468750001 0.9317521296875 0.5628283578125 0.9027811359375001 0.5360356640624999 0.8816140000000001 0.5020357015625 0.8893420781250001 0.48184404687500004 0.919136996875 0.48341611875 0.9750522421875001 0.5022533953125 0.992165890625
2 0.6667516484375 0.2317320671875 0.6246447140625 0.25537097656249996 0.6391253875 0.3203686765625 0.6781543203125 0.307687409375 0.696395009375 0.2718880390625 0.6896424140625 0.2408903015625 0.6667516484375 0.2317320671875