2 0.287471125 0.2190735203125 0.3696120703125 0.193059425 0.39258849375 0.153755634375 0.3833194359375 0.0915450296875 0.3272009953125 0.05569657812499999 0.269002621875 0.0875940015625 0.244433546875 0.1452354828125 0.2523883984375 0.197550528125 0.287471125 0.2190735203125
2 0.1464789515625 0 0.176348025 0.0344436203125 0.21177880937500002 0.020675053125000002 0.221918609375 0 0.1464789515625 0
2 0.4290291953125 0 0.423388953125 0.03688001875 0.45798440156250003 0.107811196875 0.48884606406250003 0.1278807609375 0.51306708125 0.1055308421875 0.4964612671875 0.071483875 0.5281582640625 0.0068536921875000005 0.5265164828125 0 0.4290291953125 0
2 0.59029925625 0.004642946875 0.5681497609374999 0.1032504859375 0.6529191203125 0.0970275078125 0.6775578046875 0.0323277140625 0.59029925625 0.004642946875
2 0.6541468953125 0.40198836406250005 0.689716903125 0.374103171875 0.702797765625 0.3361135875 0.69062185 0.2823451140625 0.6624582109375 0.2750083546875 0.6227367515625 0.29438180625 0.602527965625 0.3393600921875 0.616157309375 0.3889075015625 0.6541468953125 0.40198836406250005
2 0.503502759375 0.3595604703125 0.5376193375 0.33589634375 0.559281553125 0.2866969921875 0.546966415625 0.2470451421875 0.5090464406249999 0.2269059671875 0.47354604531250005 0.24773284687500002 0.45901175156249996 0.289943496875 0.4781763703125 0.35083989375 0.503502759375 0.3595604703125
2 0.4049732421875 0.1863491703125 0.36919440312499996 0.23540929843749997 0.4040682953125 0.2781072296875 0.42960352031250004 0.26565286875 0.4412309546875 0.2318843484375 0.42891581562500003 0.1922325 0.4049732421875 0.1863491703125
2 0.368776734375 0.277759171875 0.3551473890625 0.22821176406250002 0.3256695453125 0.210979446875 0.2945294375 0.21914313124999998 0.26864615625 0.266889053125 0.2738333703125 0.313529603125 0.31459059218749996 0.3322849609375 0.368776734375 0.277759171875
2 0.6970452500000001 0.4899430265625 0.6874977484375 0.4559656703125 0.64244985 0.442815196875 0.614077378125 0.456653375 0.60244994375 0.49042189687500004 0.6189861484375 0.531527175 0.6542080968749999 0.5389335421875 0.6970452500000001 0.4899430265625
2 0.51283301875 0.558716253125 0.48169291249999996 0.5668799375 0.45567040781249996 0.628742484375 0.493451159375 0.662998284375 0.5303353734375 0.6450086515625 0.544869665625 0.6027980015625001 0.51283301875 0.558716253125
2 0.8321805343750001 0.6733979421875 0.7995869984375 0.6857826921875 0.7865061343749999 0.723772278125 0.8186123921874999 0.7607957125 0.8456010453125 0.7441202875 0.8601353390625001 0.7019096359375 0.8321805343750001 0.6733979421875
2 0.9371502703125 0.766200171875 0.9545914218749999 0.7155473906250001 0.9181944874999999 0.6841288375000001 0.8826940921875 0.7049557171874999 0.8739735171874999 0.7302821078124999 0.8835210203124999 0.7642594625 0.9172895406249999 0.775886896875 0.9371502703125 0.766200171875
2 0.86511371875 0.769725121875 0.8267064656249999 0.7989941328125 0.8220677328124999 0.8398905781250001 0.8401965875 0.862658165625 0.8909885921875 0.8659826921875 0.914173846875 0.8055039640625001 0.86511371875 0.769725121875
2 0.3915106859375 0.8356442843749999 0.425488040625 0.8260967828125001 0.4528247515625 0.7741297953124999 0.444730678125 0.735931375 0.399822003125 0.7086642750000001 0.3756705953125 0.7239558828125 0.35386915625 0.787271859375 0.363416659375 0.8212492140625001 0.3915106859375 0.8356442843749999
2 0.32148445468750003 0.7784816734375 0.35414760312500004 0.7590386109375 0.3730421828125 0.7041647656250001 0.3620412515625 0.674408475 0.3353310421875 0.662850653125 0.306958571875 0.67668883125 0.2895174203125 0.7273416125 0.30460019531250004 0.7726679562500001 0.32148445468750003 0.7784816734375
2 0.2383773609375 0.759308646875 0.27816843125 0.732876884375 0.2969237890625 0.6921196640625 0.29014392187500004 0.663816803125 0.25921265 0.6508055500000001 0.21949118906249998 0.670179 0.20495689687500002 0.7123896515625 0.217272034375 0.7520415 0.2383773609375 0.759308646875
2 0.29471304374999996 0.6299786703125 0.30661892343749997 0.5679769 0.26731513125 0.5450004796875 0.21202361718749999 0.5684557703124999 0.20316381875 0.6078987859375 0.2169323875 0.6433295703125 0.26772439062500003 0.6466540968750001 0.29471304374999996 0.6299786703125
2 0.1065581921875 0.6690652187499999 0.094382278125 0.6152967453125 0.063451003125 0.60228549375 0.039299596874999995 0.6175771015625 0.0161839515625 0.67099751875 0.0395696328125 0.7333473453125 0.0735469890625 0.7237998421875 0.1065581921875 0.6690652187499999
2 0.0125 0.50078125 0.025 0.1390625