2 0.7767446703124999 0.825629478125 0.7490970156250001 0.7914417265625 0.6908412578124999 0.7723880453125 0.6470700046875 0.8418886265625 0.6600894687500001 0.9077266015625 0.722121153125 0.9581209062499999 0.7754455421875 0.9415217953124999 0.789454534375 0.8730633359375 0.7767446703124999 0.825629478125
2 0.52686551875 0.841744940625 0.495638215625 0.8200707734374999 0.459985421875 0.8250021421874999 0.4449343109375 0.863698340625 0.45648873281249996 0.9068200296875 0.4736240875 0.9276483531249999 0.5183241390625 0.9133601265625 0.5372644984375 0.880554459375 0.52686551875 0.841744940625
2 0.557201915625 1 0.5813979453125 0.99351669375 0.5730002484375001 0.9449273921874999 0.5476634781249999 0.9193639796875 0.49749581562499995 0.9304954796875 0.48675687187500005 0.9680362359375 0.4953215375 1 0.557201915625 1
2 0.4512499515625 1 0.43816757187500005 0.9764339312500001 0.40493898437500003 0.9645395453125 0.36412818125 0.9847183046874999 0.361667990625 1 0.4512499515625 1
2 0.2418698171875 0.8302957031249999 0.20833162968750002 0.7999972 0.16836666718749999 0.8060840109375 0.1576277234375 0.8436247671875 0.1714930296875 0.8953707937500001 0.21365555625 0.9233584125000001 0.24110693125 0.9136919546875 0.2537338390625 0.8918215093749999 0.2418698171875 0.8302957031249999
2 0.05689984218750001 0.7781793484375 0.0698363484375 0.774713021875 0.0950901609375 0.730972134375 0.065667865625 0.655663978125 0.0344405625 0.6339898125000001 0.021081134374999998 0.6445021140625 0.05689984218750001 0.7781793484375
2 0.28558847656249997 0.596736428125 0.2435392734375 0.5432987171875 0.2083094015625 0.5411841109375 0.16854071875 0.59112513125 0.1760925703125 0.6538063796875 0.2119416421875 0.6927292203125 0.264420190625 0.690222059375 0.28767271875 0.6562609484374999 0.28558847656249997 0.596736428125
2 0.317404615625 0.749973221875 0.3486319171875 0.7716473890625 0.3760832953125 0.7619809296875 0.3794666640625 0.705613134375 0.3353028546875 0.687405296875 0.3156299734375 0.70885281875 0.317404615625 0.749973221875
2 0.2728786125 0.5493025703125001 0.3239750765625 0.5933834234375001 0.34280211562499996 0.5860278484375 0.35627486406250003 0.55006545625 0.336632346875 0.4767585859375 0.28499964218749996 0.4651737984375 0.2728786125 0.5493025703125001
2 0.192019890625 0.5062638390624999 0.2157782984375 0.5345610578125 0.258477065625 0.5300526109375 0.26155083437500004 0.45528069843749996 0.20960852968750002 0.42529179375000004 0.18477763593750002 0.4619867078125 0.192019890625 0.5062638390624999
2 0.34756757031249996 0.48307203750000005 0.3672100859375 0.556378909375 0.40833049062500004 0.55460426875 0.4198019546875 0.528421653125 0.40478120625 0.472363459375 0.36292828125 0.4627799578125 0.34756757031249996 0.48307203750000005
2 0.542007725 0.5187855609375001 0.5260278140625 0.50226940625 0.49468718906250003 0.5060453328125 0.478480634375 0.5404293609375 0.48456744374999994 0.5803943234375 0.5114825781250001 0.60322393125 0.5346217875 0.5947129140625 0.549249978125 0.563062690625 0.542007725 0.5187855609375001
2 0.5419247671874999 0.449481259375 0.5660231390625 0.4014282015625 0.526707740625 0.34956885312499997 0.4955633953125 0.397198990625 0.5071178171875 0.440320678125 0.5419247671874999 0.449481259375
2 0.7675092703125 0.43756464531250006 0.730701034375 0.43818384374999997 0.70902686875 0.469411146875 0.719735446875 0.526624784375 0.778414128125 0.5386324921875 0.8048233843749999 0.499203771875 0.7998920140625 0.4635509796875 0.7675092703125 0.43756464531250006
2 0.8843607499999999 0.39932173125000003 0.845354953125 0.3658665015625 0.8237941062499999 0.3716437125 0.8064321109374999 0.4017155734375 0.817140690625 0.4589292109375 0.8440558250000001 0.48175881875000004 0.878130253125 0.47956125624999996 0.895915171875 0.4424434203125 0.8843607499999999 0.39932173125000003
2 1 0.5156455140625 0.9943321703124999 0.49926450000000006 0.964260309375 0.48190250468749996 0.898422334375 0.49492196875000005 0.9090175921875 0.577585696875 0.9311976375000001 0.608616721875 0.965581665625 0.6248232765624999 0.9887208734374999 0.6163122609375 1 0.5913194453124999 1 0.5156455140625
2 0.9773323656249999 0.711799175 0.959464490625 0.6796127078125 0.9207682921875 0.6645615953124999 0.8873130625 0.70356739375 0.8957107578124999 0.7521566921875 0.925669296875 0.7949687828124999 0.9667897015625 0.793194140625 0.986885503125 0.7647006421875 0.9773323656249999 0.711799175
2 1 0.6207489578125001 0.9969222906249999 0.62104735 0.9720913984375 0.6577422640624999 0.9727105968749999 0.6945505 1 0.7335482734375 1 0.6207489578125001
2 0.8616889203125 0.918412953125 0.846668171875 0.86235475625 0.8059706890625 0.8570834234375001 0.7909195765625 0.8957796218749999 0.8099428937500001 0.9322782578125001 0.8616889203125 0.918412953125
2 0.9187751453124999 0.32077389375 0.8852369578125 0.2904753890625 0.86798828125 0.2950971578125 0.851781728125 0.3294811875 0.8610252640624999 0.3639785390625 0.8879403984375 0.38680814531249996 0.9122350484374999 0.38260930000000004 0.92801868125 0.3552712421875 0.9187751453124999 0.32077389375
2 0.8305912109375001 0.164153728125 0.7982084656249999 0.13816739375 0.772335453125 0.145100046875 0.7549734546875 0.1751719078125 0.7590589828125001 0.22491665 0.77692685625 0.2571031171875 0.8203581453125001 0.2639528125 0.8424552328124999 0.225679534375 0.8305912109375001 0.164153728125
2 0.83947255625 0.016188265625 0.799394271875 0.047725168750000005 0.7991676296875 0.09862535312500001 0.8432181171875 0.14228328437499999 0.8725574578125 0.1482871375 0.8900327765625 0.09276518593750001 0.8796337968750001 0.053955665625 0.83947255625 0.016188265625
2 0.542987796875 0 0.526489234375 0.0469015546875 0.5587586578125 0.09833798125 0.5814749453125 0.0968729390625 0.5989502625 0.041350987500000005 0.5702117796875 0 0.542987796875 0
2 0.548978878125 0.0963366984375 0.5165961328125 0.0703503625 0.480943340625 0.07528172968749999 0.457267890625 0.1162888140625 0.4668210265625 0.16919028281249998 0.490579434375 0.19748749999999998 0.5301214765625 0.198446665625 0.5596874578125 0.153550334375 0.548978878125 0.0963366984375
2 0.1567981546875 0.15058175000000001 0.1275721359375 0.11912780468749999 0.0907639 0.119747003125 0.0627762828125 0.1619095296875 0.07232941875 0.2148109984375 0.11564738593749999 0.2471107859375 0.1485663734375 0.24060105312500002 0.16519585 0.19917105 0.1567981546875 0.15058175000000001
2 0.919861721875 0.86816233125 0.904810609375 0.9068585312499999 0.9867418171875 0.8849051296875 0.9445792921875 0.8569175093749999 0.919861721875 0.86816233125
2 0.275 0.1390625 0.1640625 0.2
2 0.76171875 0.7171875 0.19375 0.2265625