2 0.6755290031250001 0.23584003125000003 0.6976084203124999 0.289045471875 0.7478011234374999 0.280015653125 0.7729016703125 0.2308299953125 0.7785942640625 0.186327084375 0.75283354375 0.139144321875 0.7203759890625 0.140814334375 0.6812215953125 0.19133712187500002 0.6755290031250001 0.23584003125000003
2 0.8174101765625 0.1769615859375 0.8481893265625 0.23217551875 0.9003905218750001 0.2144459671875 0.9278324437500001 0.17496428749999998 0.93218790625 0.1164075328125 0.8947147187500001 0.0802658765625 0.8605843515625 0.0792588328125 0.8281239984375001 0.11070934531250001 0.8174101765625 0.1769615859375
2 0.5999140609375 0.156529796875 0.6293588796875 0.1679093828125 0.6544566296875 0.148504225 0.6728659375 0.0886103421875 0.6471052187499999 0.041427578124999996 0.5989182093750001 0.07153816406249999 0.5878715062500001 0.11938669375 0.5999140609375 0.156529796875
2 0.49283741406250003 0.16388120781249998 0.5460428546875 0.1418017921875 0.568130665625 0.10566573125 0.5537495328125 0.029038150000000002 0.5075738140625 0.0206685015625 0.46340098906250005 0.063160121875 0.49283741406250003 0.16388120781249998
2 0.36267150937500003 0.18193804687499998 0.383413796875 0.2210896421875 0.42356683906250003 0.22577798750000003 0.4667354171875 0.18763623437500002 0.47376513750000004 0.15718716875 0.437634675 0.0755383578125 0.40684992812500004 0.0798854265625 0.37438957500000003 0.11133593906249999 0.36267150937500003 0.18193804687499998
2 0.2539052640625 0.3652954015625 0.3010824296875 0.399095684375 0.35094784687499997 0.31210115312500003 0.3184958859375 0.2542101671875 0.2719844859375 0.2572173078125 0.2425340703125 0.305398721875 0.2539052640625 0.3652954015625
2 0.4342470828125 0.5168917468750001 0.475404371875 0.517230225 0.511210346875 0.4911338265625 0.5242655421875 0.43458556406250004 0.5038589359375 0.384057178125 0.4670515125 0.3847229453125 0.40982629218750005 0.45398232812500006 0.4342470828125 0.5168917468750001
2 0.2729523578125 0.6400139421875 0.3054099140625 0.6383439296875 0.3368660203125 0.6112432828125 0.3372045015625 0.57008599375 0.3127809109375 0.5369570765625 0.28132760156250003 0.534277221875 0.243177453125 0.58045014375 0.2729523578125 0.6400139421875
2 0.3110941109375 0.68318251875 0.3341777734375 0.7320380937500001 0.380020609375 0.7220040296875 0.3957500625 0.6935634578125 0.40043840781249995 0.6534104140625 0.3770190640625 0.6159316296874999 0.34723856406250003 0.6159288296875001 0.32013232343750003 0.6440337234375 0.3110941109375 0.68318251875
2 0.42820761875 0.6918934453125 0.45764963906249995 0.7330535312500001 0.49278425312499996 0.729710709375 0.5299301546875 0.6878876546875 0.5376312359375001 0.6346850125 0.508524896875 0.5821481359375 0.47974864375 0.577795471875 0.442938421875 0.6082417390625 0.42820761875 0.6918934453125
2 0.484078921875 0.7872632171875 0.5215493140625 0.8531853734375 0.5683963953125 0.8388014421875001 0.5948340734374999 0.8036696296875 0.589152675 0.7290505390625001 0.56272059375 0.7046213531250001 0.509850834375 0.71532398125 0.486758778125 0.75580990625 0.484078921875 0.7872632171875
2 0.399411778125 0.8960042796875 0.42651242500000003 0.9274603890625001 0.46766971249999995 0.9277988671875 0.493771709375 0.9040438421875001 0.5048184124999999 0.8561953125 0.47571207343750005 0.8036584375 0.447940065625 0.79495590625 0.40175875000000005 0.8461472593750001 0.399411778125 0.8960042796875
2 0.76302560625 1 0.76915041875 0.9813651703125 0.7423854546875 0.938532275 0.709259334375 0.9331753640624999 0.668099246875 0.9626173843749999 0.6594687890625 1 0.76302560625 1
2 0.8106685718750001 0.7023023609375 0.8357607249999999 0.742458203125 0.87591376875 0.7471465484375 0.902015765625 0.7233915234375 0.9140667140625001 0.6711931265625 0.8906473703125 0.6337143421875 0.8575212484374999 0.6283574328125 0.8217152750000001 0.6544538328125 0.8106685718750001 0.7023023609375
2 0.7397167921875 0.850863584375 0.7547720859375 0.8749570890625 0.800614921875 0.8649230250000001 0.829061090625 0.821091478125 0.806313109375 0.7608591171875 0.7828909671875001 0.75316083125 0.7460807468749999 0.783607096875 0.7397167921875 0.850863584375
2 0.8765625 0.9734375 0.0625 0.053125
2 0.91328125 0.8796875 0.05 0.121875
2 0.93671875 0.7578125 0.05625 0.1140625
2 0.3650190328125 0 0.3653653515625 0.0015822375 0.40150141250000004 0.023670046875 0.42994623125000003 0 0.3650190328125 0
2 0.48510156875000005 0 0.49117859375000006 0.0123016515625 0.530327390625 0.0213398640625 0.5597750078125 0.0029389515625 0.5470450109375 0 0.48510156875000005 0
2 0.04765625 0.31953125 0.0640625 0.125
2 0.66953125 0.6734375 0.21875 0.209375