2 0.75625 0.91484375 0.12265625 0.159375
2 0.83359375 0.88671875 0.07890625 0.1421875
2 0.82265625 0.53203125 0.1359375 0.175
2 0.64140625 0.61953125 0.13046875 0.14375
2 0.61484375 0.746875 0.13984375 0.1578125
2 0.44375 0.94609375 0.128125 0.1078125
2 0.428125 0.59921875 0.13203125 0.1703125
2 0.5125 0.5203125 0.11328125 0.15625
2 0.23515625 0.6609375 0.12578125 0.17734375
2 0.3703125 0.21171875 0.13203125 0.17265625
2 0.14921875 0.33125 0.11015625 0.16640625
2 0.19375 0.1890625 0.0875 0.11875
2 0.09609375 0.17890625 0.11015625 0.146875
2 0.121875 0.975 0.103125 0.05
2 0.69453125 0.296875 0.1796875 0.17890625
2 0.92578125 0.63203125 0.1484375 0.1921875