2 0.5870535718750001 0.41964285781250005 0.5580357140625 0.44866071406249997 0.5491071421875 0.5111607140625 0.5669642859375 0.5602678578125 0.6071428578125 0.5691964281249999 0.6517857140625 0.5290178578125 0.65625 0.46651785781250005 0.6272321421875 0.42410714218749995 0.5870535718750001 0.41964285781250005
2 0.493303571875 0.49553571406249997 0.459821428125 0.515625 0.446428571875 0.5647321421875 0.459821428125 0.6138392859375 0.5089285718750001 0.6361607140625 0.5446428578125 0.609375 0.5491071421875 0.5424107140625 0.5245535718750001 0.5 0.493303571875 0.49553571406249997
2 0.46651785781250005 0.3928571421875 0.446428571875 0.421875 0.45089285781250005 0.47098214218749995 0.5133928578125 0.484375 0.53125 0.462053571875 0.5267857140625 0.41741071406249997 0.493303571875 0.3883928578125 0.46651785781250005 0.3928571421875
2 0.609375 0.2678571421875 0.5803571421875 0.296875 0.5803571421875 0.328125 0.5959821421875 0.35267857187499996 0.6294642859375 0.35491071406249997 0.6517857140625 0.33258928593750003 0.6517857140625 0.296875 0.6361607140625 0.27232142812500004 0.609375 0.2678571421875
2 0.7321428578125 0.412946428125 0.765625 0.44196428593750003 0.7991071421875 0.43973214218749995 0.8169642859374999 0.390625 0.7745535718750001 0.34375 0.7366071421875 0.3772321421875 0.7321428578125 0.412946428125
2 0.6607142859375 0.2388392859375 0.65625 0.265625 0.6808035718750001 0.30803571406249997 0.7142857140625 0.30580357187499996 0.7410714281249999 0.28794642812500004 0.7455357140625 0.24330357187499999 0.703125 0.2142857140625 0.6607142859375 0.2388392859375
2 0.8459821421875 0.19196428593749998 0.8080357140625001 0.22544642812500001 0.7946428578125 0.2790178578125 0.8236607140625001 0.3258928578125 0.8526785718750001 0.32366071406249997 0.8883928578125 0.29241071406249997 0.8928571421875 0.234375 0.8727678578125 0.2008928578125 0.8459821421875 0.19196428593749998
2 0.9464285718750001 0.33258928593750003 0.9955357140625001 0.3459821421875 0.9977678578125 0.2232142859375 0.9620535718750001 0.2366071421875 0.9375 0.27008928593750003 0.9464285718750001 0.33258928593750003
2 0.9620535718750001 0.15625 1 0.1584821421875 0.9888392859374999 0.053571428125 0.9508928578125 0.0915178578125 0.9464285718750001 0.13616071406250002 0.9620535718750001 0.15625
2 0.7566964281249999 0 0.7321428578125 0.055803571875 0.7566964281249999 0.09375 0.78125 0.0915178578125 0.8035714281249999 0.060267857812500006 0.8035714281249999 0.015625 0.796875 0 0.7566964281249999 0
2 0.5223214281249999 0.16741071406250002 0.546875 0.1875 0.5803571421875 0.1852678578125 0.5892857140625 0.1272321421875 0.5424107140625 0.09375 0.5178571421875 0.11383928593749999 0.5223214281249999 0.16741071406250002
2 0.44196428593750003 0.055803571875 0.48660714218749995 0.069196428125 0.5178571421875 0.0424107140625 0.5267857140625 0.0022321421875000002 0.430803571875 0 0.44196428593750003 0.055803571875
2 0.2834821421875 0.2321428578125 0.25892857187499996 0.25669642812500004 0.25892857187499996 0.30133928593750003 0.2834821421875 0.33482142812500004 0.3125 0.33705357187499996 0.3303571421875 0.31919642812500004 0.3303571421875 0.2790178578125 0.31696428593750003 0.2477678578125 0.2834821421875 0.2321428578125
2 0.2477678578125 0.36607142812500004 0.20982142812500001 0.39955357187499996 0.2008928578125 0.43973214218749995 0.24330357187499999 0.5044642859375 0.2678571421875 0.5022321421875 0.30357142812500004 0.46651785781250005 0.30803571406249997 0.41741071406249997 0.2790178578125 0.375 0.2477678578125 0.36607142812500004
2 0.328125 0.46875 0.2946428578125 0.49776785781250005 0.28571428593750003 0.546875 0.30803571406249997 0.6049107140625 0.34375 0.6183035718750001 0.3928571421875 0.5915178578125 0.39732142812500004 0.5290178578125 0.36830357187499996 0.477678571875 0.328125 0.46875
2 0.30357142812500004 0.6941964281249999 0.328125 0.7366071421875 0.41071428593750003 0.7433035718750001 0.415178571875 0.6584821421875 0.390625 0.6205357140625 0.30803571406249997 0.6495535718750001 0.30357142812500004 0.6941964281249999
2 0.3147321421875 0.7455357140625 0.2991071421875 0.7924107140625 0.31919642812500004 0.8214285718750001 0.35267857187499996 0.8236607140625001 0.375 0.8013392859374999 0.375 0.765625 0.35044642812500004 0.7455357140625 0.3147321421875 0.7455357140625
2 0.44866071406249997 0.7544642859375 0.412946428125 0.7544642859375 0.3883928578125 0.7790178578125 0.36607142812500004 0.8861607140625001 0.3928571421875 0.8995535718750001 0.43973214218749995 0.8928571421875 0.48214285781250005 0.8415178578125 0.477678571875 0.7924107140625 0.44866071406249997 0.7544642859375
2 0.6183035718750001 0.84375 0.5982142859375 0.8638392859374999 0.5892857140625 0.921875 0.6183035718750001 0.9553571421875 0.6473214281249999 0.953125 0.6741071421875 0.921875 0.6741071421875 0.8816964281249999 0.640625 0.84375 0.6183035718750001 0.84375
2 0.5334821421875 1 0.625 0.9977678578125 0.6160714281249999 0.9620535718750001 0.578125 0.9285714281249999 0.53125 0.9620535718750001 0.5334821421875 1
2 0.18303571406250002 0.7120535718750001 0.18303571406250002 0.7433035718750001 0.196428571875 0.7879464281249999 0.2165178578125 0.7857142859375 0.25 0.8236607140625001 0.28125 0.7254464281249999 0.2477678578125 0.6741071421875 0.2165178578125 0.6696428578125 0.18303571406250002 0.7120535718750001
2 0.0424107140625 0.6785714281249999 0.008928571875000001 0.7075892859375 0.0044642859375000005 0.7566964281249999 0.0334821421875 0.7946428578125 0.0625 0.796875 0.0892857140625 0.7745535718750001 0.0982142859375 0.7120535718750001 0.0736607140625 0.6830357140625 0.0424107140625 0.6785714281249999
2 0.0044642859375000005 0.171875 0.0044642859375000005 0.21205357187499999 0.024553571875 0.2366071421875 0.053571428125 0.2388392859375 0.0758928578125 0.2075892859375 0.0669642859375 0.16741071406250002 0.0290178578125 0.1428571421875 0.0044642859375000005 0.171875
2 0.0915178578125 0.491071428125 0.0669642859375 0.5245535718750001 0.084821428125 0.578125 0.116071428125 0.5825892859375 0.147321428125 0.5424107140625 0.1383928578125 0.49776785781250005 0.118303571875 0.48660714218749995 0.0915178578125 0.491071428125
2 0.7834821421875 0.102678571875 0.75 0.131696428125 0.7455357140625 0.17633928593749998 0.7790178578125 0.21875 0.8035714281249999 0.2165178578125 0.8303571421875 0.194196428125 0.8392857140625001 0.149553571875 0.8191964281249999 0.11160714218750001 0.7834821421875 0.102678571875
2 0.9017857140625001 0.069196428125 0.9464285718750001 0.0825892859375 0.9821428578125 0.046875 0.9776785718750001 0.0111607140625 0.9174107140625001 0 0.9017857140625001 0.069196428125
2 0.32890625 0.0828125 0.12890625 0.165625
2 0.70234375 0.696875 0.165625 0.18046875