2 0.04921875 0.47109375 0.0984375 0.1765625
2 0.496875 0.275 0.134375 0.18125
2 0.51484375 0.146875 0.1 0.1265625
2 0.58828125 0.46328125 0.0828125 0.11875
2 0.60703125 0.21875 0.134375 0.16875
2 0.6625 0.3921875 0.115625 0.15625
2 0.70703125 0.22109375 0.0984375 0.121875
2 0.96875 0.19609375 0.046875 0.140625
2 0.73046875 0.3390625 0.0921875 0.1515625
2 0.4109375 0.75 0.096875 0.1359375
2 0.62265625 0.64375 0.103125 0.1453125
2 0.65234375 0.82265625 0.1 0.1359375
2 0.7 0.5875 0.103125 0.16875
2 0.80546875 0.57890625 0.103125 0.1515625
2 0.82578125 0.68125 0.1171875 0.121875
2 0.96875 0.515625 0.0625 0.134375
2 0.96171875 0.315625 0.06875 0.1375
2 0.9484375 0.878125 0.103125 0.203125
2 0.34921875 0.953125 0.0984375 0.09375
2 0.4703125 0.95234375 0.1125 0.0953125
2 0.56484375 0.97265625 0.1078125 0.053125
2 0.04453125 0.9890625 0.0578125 0.021875
2 0.265625 0.22265625 0.1640625 0.2109375
2 0.13515625 0.6359375 0.1375 0.1859375
2 0.9390625 0.0609375 0.09375 0.121875