2 0.5661328515624999 0.71778223125 0.5754307515625 0.7479491234375 0.6039817937499999 0.7569868843750001 0.627644259375 0.7351593828125 0.60719298125 0.67737944375 0.5851463671875 0.680871284375 0.5661328515624999 0.71778223125
2 0.557656396875 0.949641384375 0.5690494015625001 0.9930362453124999 0.64400789375 0.9811639874999999 0.629123046875 0.9157225109375 0.5922121015624999 0.8967089953125 0.570863853125 0.904610159375 0.557656396875 0.949641384375
2 0.5002326359375 0.74403956875 0.48052075156249996 0.7765411921875 0.48890116875 0.8294530671875 0.5125841484375 0.8505616874999999 0.5408955625 0.8438176328125 0.5626820359375 0.7816078578125001 0.5266885734375 0.739849359375 0.5002326359375 0.74403956875
2 0.4560983796875 0.6651510093749999 0.4340517640625 0.66864285 0.41503825 0.7055537968750001 0.426212140625 0.7761029640625 0.4584741375 0.7800330328125 0.492571096875 0.7384731359375001 0.48419067968749996 0.6855612609375 0.4560983796875 0.6651510093749999
2 0.9133327687499999 0.7125104375 0.895216221875 0.68374028125 0.8545943203125 0.66983445625 0.8209561015625001 0.7000218625 0.82863815 0.7485244140625 0.8581271890625001 0.7777533109375 0.8827276484375 0.7761169484375 0.90708848125 0.7586987703125 0.9133327687499999 0.7125104375
2 0.5691044125 0.6223929765625 0.5396153765625 0.5931640796875 0.5131594390625 0.5973542890625 0.4853272765625 0.6356619718750001 0.49300932656249996 0.684164525 0.5166923046874999 0.70527314375 0.5582316875 0.6964339859375 0.575389725 0.662076884375 0.5691044125 0.6223929765625
2 0.7135164984375 0.7351183578125 0.6891351546875 0.7096004140625001 0.6619808468749999 0.7093813015625 0.6311361 0.7572059984374999 0.6374214125 0.7968899046875 0.65368248125 0.82821390625 0.69081254375 0.8200731156250001 0.71910344375 0.7703929421875 0.7135164984375 0.7351183578125
2 0.81824468125 0.8541290515625001 0.799429765625 0.8209495718750001 0.769023246875 0.8144656578125 0.7323724390625 0.8541700765625 0.74075285625 0.9070819515625 0.7695435265625 0.9319015265624999 0.7978549421875 0.9251574734375 0.8201206703125001 0.8945113250000001 0.81824468125 0.8541290515625001
2 0.4809523828125 1 0.5084554781249999 0.9529141109375001 0.492393009375 0.85149968125 0.4489776359375 0.8199565671875 0.387247115625 0.8297337203125 0.35338978125 0.8870754328125001 0.3680555125 0.9796712140625001 0.3880588484375 1 0.4809523828125 1
2 0.5250819890625 1 0.5602307578125 0.9944329812499999 0.5553421796875 0.9635677218750001 0.527249878125 0.9431574703125 0.5084554781249999 0.9529141109375001 0.4954469921875 1 0.5250819890625 1
2 0.1719091703125 0.911299203125 0.1969888859375 0.94122646875 0.23040799218750002 0.93819336875 0.2382681296875 0.8736693750000001 0.1904434328125 0.842824628125 0.16492548906249999 0.8672059750000001 0.1719091703125 0.911299203125
2 0.10253762656250001 0.9584460453125001 0.12250965 0.98466235625 0.15662712343750002 0.9860385796875001 0.1758802671875 0.9649094453125 0.1681982171875 0.91640689375 0.12246862343750001 0.898790115625 0.10253762656250001 0.9584460453125001
2 0.41070445 0.3785450171875 0.37405364375 0.4182494375 0.3715203109375 0.4593300796875 0.3979967609375 0.49807599218750004 0.44534220468749997 0.4973571109375 0.4706205203125 0.45719395 0.46664942500000006 0.40358370624999995 0.41070445 0.3785450171875
2 0.48143170468749996 0.25434458125 0.434565515625 0.2866270921875 0.429019596875 0.3372247484375 0.4650130609375 0.3789832453125 0.48961352187499996 0.37734688125 0.5237104828125 0.3357869859375 0.514631696875 0.2784657875 0.48143170468749996 0.25434458125
2 0.3563548125 0.2922345484375 0.34105225156249996 0.3240378046875 0.3517468890625 0.36302334375 0.3798391890625 0.38343359375 0.40374128125000003 0.377387909375 0.41461400625 0.30334690000000003 0.39603871874999996 0.2859492359375 0.3563548125 0.2922345484375
2 0.30292265625 0.1831790984375 0.2788014515625 0.216379090625 0.280677440625 0.2567613640625 0.30946810937499997 0.28158093906250004 0.33847789375000004 0.27924620624999996 0.366070428125 0.22515670937499999 0.3395939765625 0.1864107984375 0.30292265625 0.1831790984375
2 0.2855865296875 0.3305627453125 0.2496340921875 0.3746764890625 0.2498942328125 0.433394421875 0.27938326875 0.46262331874999996 0.3172117 0.458891853125 0.33808069218750003 0.41942705937499997 0.3334112296875 0.36140749375 0.2855865296875 0.3305627453125
2 0.0966635 0.322065778125 0.1131641953125 0.3691715953125 0.1586541609375 0.371006559375 0.179523153125 0.33154176562500004 0.174634575 0.3006765046875 0.1458439078125 0.27585693125 0.0966635 0.322065778125
2 0.10522200468750001 0.2619511078125 0.11006955624999999 0.20694412812500002 0.06665418281249999 0.1754010109375 0.0532276125 0.2475865421875 0.0813199140625 0.26799679374999996 0.10522200468750001 0.2619511078125
2 0.1139585984375 0.08880988906250001 0.1378812046875 0.12570032343749998 0.1833711703125 0.1275352890625 0.2049385296875 0.09247981875 0.1928471578125 0.044675634375 0.115334821875 0.054692415625000004 0.1139585984375 0.08880988906250001
2 0.19029331249999998 0.042820157812499995 0.003246271875 0.0747054640625 0.040636471875 0.125282609375 0.081018746875 0.12340661875 0.1100080171875 0.07813576718750001 0.1378812046875 0.12570032343749998 0.178961846875 0.1282336578125 0.20424016250000002 0.088070496875 0.19029331249999998 0.042820157812499995
2 0.5609365796875 0.0428751671875 0.525661996875 0.0484621125 0.50804521875 0.0941917046875 0.5273393859375 0.1589348140625 0.5596013828124999 0.1628648828125 0.5953141953125 0.10296932656249999 0.583222821875 0.055165140625 0.5609365796875 0.0428751671875
2 0.5805433640625 0 0.5857561546875 0.0140844984375 0.628233534375 0.025436476562499998 0.6372962890625 0 0.5805433640625 0
2 0.72265625 0.50078125 0.165625 0.2171875
2 0.87578125 0.053125 0.1296875 0.10625