2 0.7633928578125 0.8370535718750001 0.7723214281249999 0.8950892859374999 0.7991071421875 0.9040178578125 0.8303571421875 0.8727678578125 0.8303571421875 0.8325892859374999 0.8058035718750001 0.8035714281249999 0.7633928578125 0.8370535718750001
2 0.7544642859375 0.7120535718750001 0.7589285718750001 0.7522321421875 0.8035714281249999 0.765625 0.84375 0.7254464281249999 0.8236607140625001 0.6696428578125 0.7745535718750001 0.6741071421875 0.7544642859375 0.7120535718750001
2 0.6674107140625 0.6919642859375 0.6339285718750001 0.7299107140625 0.6339285718750001 0.7834821421875 0.6584821421875 0.8125 0.6919642859375 0.8191964281249999 0.71875 0.8013392859374999 0.7276785718750001 0.7566964281249999 0.71875 0.7254464281249999 0.6674107140625 0.6919642859375
2 0.6830357140625 0.609375 0.6785714281249999 0.6629464281249999 0.6919642859375 0.6941964281249999 0.7366071421875 0.7254464281249999 0.7678571421875 0.6450892859375 0.7544642859375 0.5959821421875 0.7254464281249999 0.5758928578125 0.6830357140625 0.609375
2 0.7790178578125 0.5446428578125 0.7544642859375 0.5736607140625 0.7678571421875 0.6450892859375 0.8169642859374999 0.6584821421875 0.8482142859374999 0.640625 0.8571428578125 0.5825892859375 0.8236607140625001 0.5491071421875 0.7790178578125 0.5446428578125
2 0.796875 0.42410714218749995 0.7544642859375 0.47991071406249997 0.7589285718750001 0.5200892859375 0.7790178578125 0.5401785718750001 0.8482142859374999 0.546875 0.875 0.515625 0.8705357140625001 0.462053571875 0.8325892859374999 0.42410714218749995 0.796875 0.42410714218749995
2 0.6941964281249999 0.3258928578125 0.6607142859375 0.35044642812500004 0.6607142859375 0.44866071406249997 0.6897321421875 0.48660714218749995 0.7321428578125 0.48883928593750003 0.7723214281249999 0.43526785781250005 0.7723214281249999 0.39508928593750003 0.7299107140625 0.3303571421875 0.6941964281249999 0.3258928578125
2 0.5714285718750001 0.44866071406249997 0.5870535718750001 0.46875 0.6473214281249999 0.46651785781250005 0.6473214281249999 0.38169642812500004 0.609375 0.36607142812500004 0.5714285718750001 0.40401785781250005 0.5714285718750001 0.44866071406249997
2 0.5915178578125 0.47321428593750003 0.5625 0.5022321421875 0.5580357140625 0.5379464281249999 0.5915178578125 0.59375 0.6339285718750001 0.6004464281249999 0.6741071421875 0.5602678578125 0.6696428578125 0.48883928593750003 0.6584821421875 0.47321428593750003 0.5915178578125 0.47321428593750003
2 0.491071428125 0.5513392859375 0.47321428593750003 0.6138392859375 0.49776785781250005 0.6517857140625 0.5357142859375 0.6674107140625 0.5625 0.640625 0.5714285718750001 0.5825892859375 0.5200892859375 0.5267857140625 0.491071428125 0.5513392859375
2 0.41741071406249997 0.446428571875 0.3883928578125 0.48883928593750003 0.40178571406249997 0.5334821421875 0.43303571406249997 0.5424107140625 0.46875 0.5111607140625 0.46875 0.47098214218749995 0.444196428125 0.44196428593750003 0.41741071406249997 0.446428571875
2 0.446428571875 0.42633928593750003 0.47321428593750003 0.43526785781250005 0.5 0.39955357187499996 0.47991071406249997 0.3571428578125 0.44196428593750003 0.390625 0.446428571875 0.42633928593750003
2 0.5044642859375 0.29241071406249997 0.5044642859375 0.359375 0.5334821421875 0.39732142812500004 0.5625 0.39955357187499996 0.6071428578125 0.32366071406249997 0.5647321421875 0.25892857187499996 0.5379464281249999 0.25892857187499996 0.5044642859375 0.29241071406249997
2 0.609375 0.16071428593749998 0.5669642859375 0.1897321421875 0.5625 0.22544642812500001 0.5892857140625 0.28794642812500004 0.6294642859375 0.3147321421875 0.6651785718750001 0.29241071406249997 0.6830357140625 0.2299107140625 0.6584821421875 0.1696428578125 0.609375 0.16071428593749998
2 0.5401785718750001 0.1540178578125 0.5758928578125 0.171875 0.6205357140625 0.1272321421875 0.5870535718750001 0.071428571875 0.5357142859375 0.100446428125 0.5401785718750001 0.1540178578125
2 0.7075892859375 0.125 0.6785714281249999 0.149553571875 0.6741071421875 0.1852678578125 0.6986607140625 0.2321428578125 0.7276785718750001 0.234375 0.7544642859375 0.203125 0.7544642859375 0.1540178578125 0.7299107140625 0.125 0.7075892859375 0.125
2 0.6607142859375 0.0825892859375 0.7142857140625 0.11383928593749999 0.78125 0.069196428125 0.7857142859375 0.0022321421875000002 0.6316964281249999 0 0.6607142859375 0.0825892859375
2 0.8147321421875 0.0803571421875 0.7857142859375 0.118303571875 0.7946428578125 0.16741071406250002 0.8392857140625001 0.1852678578125 0.8794642859374999 0.140625 0.875 0.10491071406250001 0.8459821421875 0.071428571875 0.8147321421875 0.0803571421875
2 0.9196428578125 0.24330357187499999 0.9196428578125 0.29241071406249997 0.9642857140625001 0.32366071406249997 0.9866071421875 0.30133928593750003 0.9910714281249999 0.26116071406249997 0.9441964281249999 0.20982142812500001 0.9196428578125 0.24330357187499999
2 0.9263392859374999 0.33928571406249997 0.8973214281249999 0.3727678578125 0.8928571421875 0.43526785781250005 0.9352678578125 0.49553571406249997 0.9642857140625001 0.493303571875 0.9955357140625001 0.453125 0.9955357140625001 0.390625 0.9620535718750001 0.34821428593750003 0.9263392859374999 0.33928571406249997
2 0.9665178578125 0.6785714281249999 1 0.6897321421875 0.9888392859374999 0.5535714281249999 0.9598214281249999 0.5736607140625 0.9508928578125 0.6450892859375 0.9665178578125 0.6785714281249999
2 0.7455357140625 0.9977678578125 0.703125 0.9107142859374999 0.6294642859375 0.9308035718750001 0.6227678578125 1 0.7455357140625 0.9977678578125
2 0.178571428125 0.9977678578125 0.14508928593749998 0.9553571421875 0.118303571875 0.9598214281249999 0.0892857140625 0.9933035718750001 0.178571428125 0.9977678578125
2 0.171875 0.7901785718750001 0.1383928578125 0.8236607140625001 0.1383928578125 0.8549107140625001 0.16741071406250002 0.8973214281249999 0.2008928578125 0.9040178578125 0.22767857187499999 0.8638392859374999 0.2232142859375 0.8236607140625001 0.203125 0.7946428578125 0.171875 0.7901785718750001
2 0 0.9665178578125 0.0267857140625 0.9665178578125 0.0625 0.9263392859374999 0.0625 0.8816964281249999 0.0424107140625 0.8526785718750001 0.015625 0.8482142859374999 0 0.8549107140625001 0 0.9665178578125
2 0.0044642859375000005 0.7790178578125 0.008928571875000001 0.8236607140625001 0.040178571875 0.8415178578125 0.0758928578125 0.8058035718750001 0.0758928578125 0.7700892859375 0.0513392859375 0.7410714281249999 0.0044642859375000005 0.7790178578125
2 0.2053571421875 0.9977678578125 0.28571428593750003 0.9977678578125 0.28125 0.921875 0.2477678578125 0.9017857140625001 0.22544642812500001 0.9107142859374999 0.2053571421875 0.9977678578125
2 0.26116071406249997 0.78125 0.2366071421875 0.8013392859374999 0.2366071421875 0.8459821421875 0.26116071406249997 0.8705357140625001 0.28571428593750003 0.8683035718750001 0.30803571406249997 0.8415178578125 0.30803571406249997 0.8058035718750001 0.28794642812500004 0.78125 0.26116071406249997 0.78125
2 0.24330357187499999 0.6473214281249999 0.2232142859375 0.6674107140625 0.21875 0.7388392859375 0.24330357187499999 0.7633928578125 0.27678571406249997 0.7611607140625 0.30357142812500004 0.7388392859375 0.30357142812500004 0.6897321421875 0.2790178578125 0.6517857140625 0.24330357187499999 0.6473214281249999
2 0.25 0.515625 0.2633928578125 0.5736607140625 0.28571428593750003 0.578125 0.33928571406249997 0.5245535718750001 0.32366071406249997 0.477678571875 0.29241071406249997 0.47321428593750003 0.25 0.515625
2 0.3459821421875 0.53125 0.28571428593750003 0.5825892859375 0.28125 0.6361607140625 0.31919642812500004 0.71875 0.375 0.7254464281249999 0.41964285781250005 0.6629464281249999 0.42410714218749995 0.5736607140625 0.39508928593750003 0.5401785718750001 0.3459821421875 0.53125
2 0.2299107140625 0.36607142812500004 0.196428571875 0.430803571875 0.20982142812500001 0.475446428125 0.25892857187499996 0.493303571875 0.2991071421875 0.453125 0.2991071421875 0.40848214218749995 0.27008928593750003 0.37053571406249997 0.2299107140625 0.36607142812500004
2 0.1584821421875 0.53125 0.125 0.5691964281249999 0.125 0.6183035718750001 0.1741071421875 0.6584821421875 0.2008928578125 0.6361607140625 0.21875 0.578125 0.1897321421875 0.5357142859375 0.1584821421875 0.53125
2 0.41741071406249997 0.2678571421875 0.38616071406249997 0.27232142812500004 0.3616071421875 0.3102678578125 0.3616071421875 0.35491071406249997 0.40625 0.390625 0.43303571406249997 0.3772321421875 0.45089285781250005 0.328125 0.446428571875 0.29241071406249997 0.41741071406249997 0.2678571421875
2 0.29241071406249997 0.0625 0.25892857187499996 0.140625 0.2790178578125 0.178571428125 0.3303571421875 0.180803571875 0.3616071421875 0.1540178578125 0.37053571406249997 0.118303571875 0.33705357187499996 0.071428571875 0.29241071406249997 0.0625
2 0.2165178578125 0 0.196428571875 0.037946428125 0.196428571875 0.0915178578125 0.24107142812500001 0.10491071406250001 0.28571428593750003 0.055803571875 0.27455357187499996 0 0.2165178578125 0
2 0.41071428593750003 0.24330357187499999 0.45089285781250005 0.26116071406249997 0.46875 0.2075892859375 0.430803571875 0.18303571406250002 0.41071428593750003 0.19866071406250002 0.41071428593750003 0.24330357187499999
2 1 0.2790178578125 0.9977678578125 0.16071428593749998 0.9776785718750001 0.1897321421875 0.9776785718750001 0.2299107140625 1 0.2790178578125
2 0.9196428578125 0.9977678578125 1 0.9977678578125 0.9955357140625001 0.9486607140625001 0.9709821421875 0.9285714281249999 0.9397321421875 0.9330357140625001 0.9196428578125 0.9977678578125