2 0.2734375 0.0671875 0.125 0.1125
2 0.28984375 0.2328125 0.1171875 0.1421875
2 0.37421875 0.28671875 0.13125 0.1828125
2 0.4515625 0.1890625 0.1140625 0.1328125
2 0.48828125 0.09609375 0.103125 0.1203125
2 0.59765625 0.22265625 0.1296875 0.153125
2 0.678125 0.13984375 0.159375 0.196875
2 0.715625 0.04296875 0.128125 0.0859375
2 0.75 0.375 0.1359375 0.1578125
2 0.821875 0.31328125 0.1578125 0.1609375
2 0.840625 0.1390625 0.171875 0.1578125
2 0.93984375 0.11640625 0.0828125 0.20625
2 0.93984375 0.26796875 0.1 0.1515625
2 0.83671875 0.765625 0.1265625 0.1640625
2 0.9328125 0.76328125 0.125 0.1609375
2 0.9046875 0.878125 0.115625 0.140625
2 0.478125 0.86640625 0.14375 0.1765625
2 0.31328125 0.51328125 0.121875 0.171875
2 0.25546875 0.34921875 0.11875 0.1453125
2 0.1203125 0.371875 0.1375 0.1703125
2 0.1140625 0.4984375 0.0875 0.1140625
2 0.228125 0.46171875 0.1546875 0.1890625
2 0.88359375 0.62109375 0.19375 0.1765625
2 0.2234375 0.853125 0.1921875 0.24375
2 0.04140625 0.10546875 0.0828125 0.1546875