2 0.331697734375 0.6029675734375 0.30297854062499996 0.5612999234375 0.2472242046875 0.57270405 0.2245090984375 0.6084491203125 0.2158806734375 0.6615092578125 0.2418940234375 0.70480274375 0.2841191453125 0.7015277890625 0.3230693109375 0.6560277109375 0.331697734375 0.6029675734375
2 0.2411735453125 0.4216644546875 0.21193181249999998 0.4097727203125 0.17783586406250002 0.4265768890625 0.1637841109375 0.464481978125 0.19090075625 0.5402572218749999 0.2309542171875 0.527238903125 0.2525776734375 0.4774187921875 0.2411735453125 0.4216644546875
2 0.14591157500000002 0.45312442343750003 0.114509825 0.4498960421875 0.07717385 0.47969524375 0.06962543437499999 0.528423703125 0.092387115625 0.5663055031249999 0.120003015625 0.5754913984375001 0.1649106921875 0.533777171875 0.14591157500000002 0.45312442343750003
2 0.1195037640625 0.6420807484375 0.1059512625 0.613396484375 0.0637144953125 0.5982647234375 0.0209668359375 0.6313155953125 0.00908674375 0.6789640453125 0.03510009375 0.7222575328125 0.0583843140625 0.7303634171875 0.09789195 0.710307578125 0.1195037640625 0.6420807484375
2 0 0.8092454281249999 0.0275633203125 0.7893927093750001 0.037283396875 0.7504076125 0.021559235937499997 0.7119799875 0 0.706604665625 0 0.8092454281249999
2 0.143089296875 0.2706830796875 0.12086179687500001 0.22143208125 0.0948717328125 0.21495203125 0.0651074609375 0.2328362078125 0.051067351562499995 0.28914801562500003 0.0673256953125 0.31620644375 0.112268303125 0.3297123703125 0.1377008984375 0.310748184375 0.143089296875 0.2706830796875
2 0.3146141203125 0.12711039531249999 0.27888069375 0.12280200625 0.24587639687500001 0.1536812171875 0.23832797968750002 0.2024096765625 0.27083302656249997 0.2381198171875 0.324949884375 0.20560312656250002 0.3324983 0.15687466875 0.3146141203125 0.12711039531249999
2 0.5079836281250001 0.283445240625 0.4781727828125 0.2277025484375 0.41860930781250005 0.2082507515625 0.372621621875 0.25429665625000003 0.3564098515625 0.3008651 0.38352649843750003 0.37664034375 0.44362415468750005 0.38472294218749997 0.48745182500000006 0.34734039375000003 0.5079836281250001 0.283445240625
2 0.61952723125 0.3158571390625 0.5853847078125 0.2590344375 0.542079578125 0.26664107187499997 0.514486965625 0.29426861249999997 0.504778534375 0.35166042656249996 0.5253685546875 0.37979886406249996 0.5724711796874999 0.3846414375 0.6098071546875 0.354842234375 0.61952723125 0.3158571390625
2 0.7277609468749999 0.25082376093750003 0.6903783984375 0.20699609218749998 0.6589766484374999 0.20376770937500002 0.6140689703125 0.2454819359375 0.6390256015625 0.32992053593750004 0.680716540625 0.3380147765625 0.721292540625 0.29522054375 0.7277609468749999 0.25082376093750003
2 0.546852290625 0.10909813906250002 0.5246364328124999 0.07825385781250001 0.4986463703125 0.0717738078125 0.44832700625 0.116739703125 0.44511026718749996 0.1665481703125 0.4689519578125 0.20009829375 0.500899534375 0.2103641953125 0.5458072109375001 0.16864996875 0.546852290625 0.10909813906250002
2 0.41777265625000004 0 0.3876369484375 0.0279927125 0.3768368640625 0.0713094859375 0.40393022343749996 0.11027129531249999 0.433706140625 0.11079383437500001 0.47320213125 0.072331278125 0.4688450765625 0 0.41777265625000004 0
2 0.6521137796875001 0.480414303125 0.625566246875 0.448490015625 0.5698235546875 0.4783008609375 0.577453475 0.5584194265625 0.610481059375 0.5643536515625 0.6445653640625 0.5291427640624999 0.6521137796875001 0.480414303125
2 0.7165431156250001 0.4895769109375 0.66512045625 0.5020610484375 0.6413253390625 0.5421377953125 0.635936940625 0.5822029 0.664110309375 0.61683303125 0.7030837625 0.608146390625 0.740942275 0.548571271875 0.7165431156250001 0.4895769109375
2 0.9270763234375 0.3925377390625 0.9048488234375001 0.34328674062500003 0.8593720328125001 0.3411500125 0.8317794218750001 0.368777553125 0.819910971875 0.434832721875 0.857827703125 0.46729119218750004 0.891935296875 0.468893740625 0.9151962296875 0.440186190625 0.9270763234375 0.3925377390625
2 0.6512782859375 0.8712870562499999 0.635554125 0.8328594296875 0.5781623109375 0.8231509984375001 0.537586309375 0.8659452312499999 0.5246262078124999 0.9179253609375 0.5549712375 0.9622988546875 0.6031538703125 0.9628097500000001 0.6361581671875001 0.9319305390625001 0.6512782859375 0.8712870562499999
2 0.9068356062499999 0.9166008375000001 0.885699759375 0.8814248796875 0.85970969375 0.8749448281250001 0.82778540625 0.9014923640625 0.816985321875 0.9448091359375 0.8386669953125001 0.9870226140625 0.8662828921875001 0.9962085078125 0.8992871906250001 0.965329296875 0.9068356062499999 0.9166008375000001
2 0.10395425312499999 0.8797538906250001 0.059034932812499996 0.9030613984375 0.1500001578125 0.9257415765625 0.13319598593749998 0.8916456265624999 0.10395425312499999 0.8797538906250001
2 0.7796875 0.60234375 0.209375 0.2984375
2 0.36015625 0.74375 0.21875 0.221875
2 0.8046875 0.10546875 0.109375 0.103125