0 0.415625 0.82109375 0.1171875 0.134375
0 0.55 0.98828125 0.075 0.0234375
0 0.04140625 0.659375 0.0828125 0.171875
0 0.23828125 0.43515625 0.1546875 0.1640625
0 0.44296875 0.58671875 0.13125 0.1484375
0 0.4546875 0.453125 0.09375 0.096875
0 0.13359375 0.19140625 0.1140625 0.1390625
0 0.48125 0.2640625 0.08125 0.0890625
0 0.56171875 0.3125 0.171875 0.190625
0 0.57578125 0.1859375 0.0796875 0.0890625
0 0.70078125 0.1078125 0.1359375 0.140625
0 0.79140625 0.1078125 0.0875 0.096875
0 0.7625 0.33828125 0.084375 0.1078125
0 0.8296875 0.43984375 0.0875 0.10625
0 0.95625 0.56875 0.0875 0.1625
0 0.93671875 0.20703125 0.1265625 0.1703125
0 0.9078125 0.296875 0.090625 0.1109375