2 0.1895911734375 0.37305328125 0.150638190625 0.358679803125 0.12032984843750001 0.40684622968750006 0.15838316875 0.442376553125 0.1868921859375 0.436523821875 0.2037267109375 0.4061535328125 0.1895911734375 0.37305328125
2 0.2881992296875 0.24724980468750002 0.2535375953125 0.23164580156249998 0.2216678671875 0.2500726875 0.2085249125 0.293317015625 0.22881307031250003 0.347874003125 0.269296465625 0.3594865453125 0.29657495625 0.34934246562500004 0.31707008124999997 0.299345740625 0.2881992296875 0.24724980468750002
2 0.21635296406250001 0.1424581546875 0.1859826734375 0.125623628125 0.1498216 0.14528103750000002 0.134848346875 0.19833858437500002 0.183345634375 0.25409512031250003 0.22226764375000002 0.2359681234375 0.23970194375 0.19149326875 0.21635296406250001 0.1424581546875
2 0.191142709375 0.07073578124999999 0.20956959375 0.10260550937499999 0.2568053828125 0.121570221875 0.2886751109375 0.1031433375 0.28708275156249996 0.040903320312500005 0.191142709375 0.07073578124999999
2 0.467743103125 0.1121709375 0.42755959531250004 0.0935061125 0.3969203921875 0.11622434374999999 0.39295990625 0.1429030609375 0.402804096875 0.1772338359375 0.44820958749999995 0.2060117671875 0.47548808124999997 0.1958676875 0.48680073593750006 0.1624365765625 0.467743103125 0.1121709375
2 0.520272671875 0.538306746875 0.4843805109375 0.5184113984375001 0.45004973593750003 0.5282555906249999 0.433845959375 0.577021790625 0.45965598593749996 0.6346395984375001 0.48480429375 0.64136101875 0.52618735 0.6318167156250001 0.5375000062499999 0.598385603125 0.520272671875 0.538306746875
2 0.47411253750000004 0.3611310015625 0.4149023703125 0.3247010140625 0.3713891265625 0.35111081875 0.35947669531250004 0.3986464953125 0.379764853125 0.4532034796875 0.4349835625 0.483811709375 0.47390557031249997 0.46568471093749997 0.488878825 0.4126271640625 0.47411253750000004 0.3611310015625
2 0.37898908593749997 0.6043622296875 0.356301828125 0.6062235031250001 0.336406478125 0.6421156640625 0.341959321875 0.6776769609375 0.372029725 0.70156376875 0.40359956406249997 0.6901891671875 0.41491221874999995 0.6567580546875 0.37898908593749997 0.6043622296875
2 0.2937619234375 0.61486814375 0.2606616734375 0.6290036812500001 0.252409840625 0.6569129234375 0.2671761265625 0.7084090859375001 0.29478548125000004 0.7237132 0.32206397343750004 0.713569121875 0.3339764046875 0.6660334453125001 0.2937619234375 0.61486814375
2 0.241996846875 0.6691871890625001 0.21408760624999998 0.66093535625 0.1938613953125 0.671379321875 0.1807184421875 0.714623653125 0.189332109375 0.7446630812499999 0.2236938578125 0.7673193656249999 0.25220287343750003 0.7614666328124999 0.2628847796875 0.709639609375 0.241996846875 0.6691871890625001
2 0.22468644062499998 0.8436639453125 0.21214326093749997 0.8728037109375 0.220756928125 0.9028431390625 0.24959680624999997 0.9224386015625001 0.280835784375 0.8856158046875 0.246143175 0.8375113265625 0.22468644062499998 0.8436639453125
2 0.370754153125 1 0.3802604328125 0.9732110921875 0.35198935625 0.9070105906249999 0.306283978125 0.88528494375 0.2692232421875 0.9260991984375 0.268654440625 0.9727042390625 0.28349260468750004 1 0.370754153125 1
2 0.451889884375 0.8504994124999999 0.395140765625 0.8226521171875 0.3642016734375 0.8524226328125 0.36057205 0.9045495421874999 0.38086020781249996 0.959106528125 0.41828277968750005 0.9762409421875 0.46578748281250004 0.955652896875 0.4752388640625 0.8995345265625 0.451889884375 0.8504994124999999
2 0.5644989265625 1 0.5970508828125001 0.992320825 0.6029891828125 0.9668519859375 0.6279589999999999 0.930049834375 0.608901365625 0.879784196875 0.568717859375 0.8611193703125 0.5325567859375 0.8807767796875 0.5169527828125 0.9154384171875 0.5501607921875 1 0.5644989265625 1
2 0.6356420296875 0.948745634375 0.6071639875 0.9870988421875 0.6886995781249999 0.9637188890624999 0.6544627125 0.9390843999999999 0.6356420296875 0.948745634375
2 0.68215415 0.851813009375 0.6352801953125 0.8907969640625 0.647585434375 0.9337104343749999 0.6862385296875 0.9551361937499999 0.7156472093749999 0.9281266140625 0.7174465359375 0.8858129218749999 0.68215415 0.851813009375
2 0.8736724 0.734199415625 0.8365497156249999 0.7100127203125 0.7982584546875 0.746535628125 0.79522860625 0.784557975 0.821638409375 0.8280712203125 0.846786715625 0.834792640625 0.8697738625 0.8258790859375 0.8872081640625 0.78140423125 0.8736724 0.734199415625
2 1 0.7463747359374999 0.9821865953125 0.707727665625 0.9432336125 0.6933541859375 0.921776878125 0.69950680625 0.9074034 0.7384597890625 0.9276915562499999 0.793016775 0.9608227828125001 0.8113817125 0.9881012734375 0.8012376328125 1 0.7756208640625 1 0.7463747359374999
2 0.7991792421875 0.4258222171875 0.7663479046874999 0.40040499843750005 0.72928716875 0.441219253125 0.7219659734375 0.4804721234375 0.77718468125 0.511080353125 0.8001718265625 0.5021667984375 0.81148448125 0.4687356859375 0.7991792421875 0.4258222171875
2 0.931735115625 0.53178244375 0.8983040015625001 0.5204697890625 0.8624737890624999 0.5655753906250001 0.8735485046875 0.6041975125 0.9023883828124999 0.6237929734375001 0.9382495687500001 0.6111878484375 0.9501620000000001 0.563652171875 0.931735115625 0.53178244375
2 0.8781298906250001 0.263857665625 0.8452985546875 0.23844044531250003 0.8079069562500001 0.25380650781249997 0.7990553484375 0.2958203140625 0.8138216343750001 0.347316475 0.8567660781249999 0.3675117125 0.8913967390625 0.35061523906250003 0.9027093953125 0.31718412812499996 0.8781298906250001 0.263857665625
2 0.9246420093750001 0.166925040625 0.9065459859375 0.16050350625 0.8691543875000001 0.17586956874999998 0.8560114343749999 0.2191138984375 0.9198747828125 0.3122620328125 0.9627882515625 0.29995679375 0.9246420093750001 0.166925040625
2 0.837491628125 0.08974274374999999 0.80036894375 0.0655560484375 0.7681993296875 0.091035215625 0.7713221 0.150514296875 0.8112057203124999 0.17623140312500002 0.8354233875 0.17160919531250002 0.8522579140625 0.14123890625 0.837491628125 0.08974274374999999
2 0.43713641875000003 0 0.36003565000000004 0.0199844140625 0.3732405515625 0.0417410359375 0.40268020312499997 0.0472319328125 0.429958696875 0.0370878546875 0.4436439484375 0 0.43713641875000003 0
2 1 0.49327585156250003 0.981400978125 0.5268293734375 0.9979975640625 0.5685123187500001 1 0.5692757687500001 1 0.49327585156250003