0 0.95546875 0.7265625 0.0890625 0.13125
0 0.8984375 0.9421875 0.0640625 0.04375
0 0.5296875 0.92109375 0.0765625 0.0859375
0 0.07578125 0.9234375 0.08125 0.14375
0 0.53359375 0.6109375 0.0703125 0.0859375
0 0.49375 0.53203125 0.06875 0.0859375
0 0.4234375 0.4015625 0.1421875 0.175
0 0.6953125 0.42890625 0.125 0.146875
0 0.72265625 0.3046875 0.0890625 0.09375
0 0.86796875 0.27890625 0.1109375 0.1296875
0 0.94375 0.403125 0.0703125 0.10625
0 0.93046875 0.1359375 0.0796875 0.13125
0 0.83125 0.11875 0.1109375 0.1203125
0 0.83515625 0.0375 0.1078125 0.075
0 0.4203125 0.09296875 0.075 0.0984375
0 0.03515625 0.31328125 0.0703125 0.1140625
0 0.084375 0.525 0.084375 0.084375
0 0.9375 0.03359375 0.0375 0.0671875