2 0.9174107140625001 0.71875 0.8839285718750001 0.7611607140625 0.8794642859374999 0.828125 0.9263392859374999 0.875 0.9553571421875 0.8727678578125 0.9910714281249999 0.8415178578125 0.9955357140625001 0.7834821421875 0.9709821421875 0.7321428578125 0.9174107140625001 0.71875
2 0.6941964281249999 0.6294642859375 0.6473214281249999 0.6808035718750001 0.6428571421875 0.7433035718750001 0.6674107140625 0.7946428578125 0.7142857140625 0.796875 0.7589285718750001 0.7522321421875 0.7633928578125 0.6852678578125 0.734375 0.6339285718750001 0.6941964281249999 0.6294642859375
2 0.7433035718750001 0.5089285718750001 0.7098214281249999 0.546875 0.7098214281249999 0.5915178578125 0.7477678578125 0.6383928578125 0.7857142859375 0.640625 0.8125 0.6004464281249999 0.8080357140625001 0.5513392859375 0.7834821421875 0.5178571421875 0.7433035718750001 0.5089285718750001
2 0.5825892859375 0.6428571421875 0.5401785718750001 0.734375 0.5647321421875 0.7723214281249999 0.6026785718750001 0.7834821421875 0.6339285718750001 0.7522321421875 0.6383928578125 0.703125 0.6205357140625 0.6584821421875 0.5825892859375 0.6428571421875
2 0.5111607140625 0.5401785718750001 0.46875 0.578125 0.46875 0.6272321421875 0.48660714218749995 0.6629464281249999 0.5267857140625 0.6897321421875 0.5669642859375 0.6629464281249999 0.5758928578125 0.6183035718750001 0.5357142859375 0.546875 0.5111607140625 0.5401785718750001
2 0.5491071421875 0.48883928593750003 0.5401785718750001 0.5379464281249999 0.5892857140625 0.5825892859375 0.6160714281249999 0.5558035718750001 0.6205357140625 0.5066964281249999 0.5736607140625 0.47321428593750003 0.5491071421875 0.48883928593750003
2 0.412946428125 0.415178571875 0.38392857187499996 0.43973214218749995 0.38392857187499996 0.48883928593750003 0.421875 0.5491071421875 0.459821428125 0.5513392859375 0.49553571406249997 0.48883928593750003 0.48214285781250005 0.430803571875 0.46651785781250005 0.415178571875 0.412946428125 0.415178571875
2 0.41741071406249997 0.40625 0.446428571875 0.40401785781250005 0.459821428125 0.33258928593750003 0.421875 0.29017857187499996 0.39732142812500004 0.36830357187499996 0.41741071406249997 0.40625
2 0.35044642812500004 0.477678571875 0.3258928578125 0.49776785781250005 0.3125 0.546875 0.3415178578125 0.6026785718750001 0.37946428593750003 0.6049107140625 0.40625 0.5825892859375 0.41071428593750003 0.5424107140625 0.38392857187499996 0.48883928593750003 0.35044642812500004 0.477678571875
2 0.3928571421875 0.703125 0.39732142812500004 0.7522321421875 0.41741071406249997 0.78125 0.459821428125 0.7834821421875 0.477678571875 0.7611607140625 0.477678571875 0.6941964281249999 0.42633928593750003 0.6607142859375 0.3928571421875 0.703125
2 0.32366071406249997 0.6741071421875 0.2991071421875 0.734375 0.30357142812500004 0.7745535718750001 0.32366071406249997 0.8080357140625001 0.3571428578125 0.8058035718750001 0.3928571421875 0.765625 0.3928571421875 0.7120535718750001 0.3727678578125 0.6785714281249999 0.32366071406249997 0.6741071421875
2 0.1875 0.765625 0.18303571406250002 0.8013392859374999 0.19866071406250002 0.8392857140625001 0.25892857187499996 0.859375 0.2991071421875 0.7790178578125 0.28125 0.7254464281249999 0.24330357187499999 0.7053571421875 0.1875 0.765625
2 0.162946428125 0.5848214281249999 0.116071428125 0.6361607140625 0.125 0.7388392859375 0.149553571875 0.7589285718750001 0.18303571406250002 0.7566964281249999 0.2455357140625 0.6852678578125 0.2321428578125 0.6138392859375 0.203125 0.5848214281249999 0.162946428125 0.5848214281249999
2 0.26116071406249997 0.5357142859375 0.2366071421875 0.5647321421875 0.2321428578125 0.6049107140625 0.25 0.6629464281249999 0.28571428593750003 0.6852678578125 0.32142857187499996 0.6629464281249999 0.3258928578125 0.5915178578125 0.30133928593750003 0.5401785718750001 0.26116071406249997 0.5357142859375
2 0.03125 0.6540178578125 0.0178571421875 0.7075892859375 0.0267857140625 0.7433035718750001 0.055803571875 0.7723214281249999 0.0758928578125 0.7700892859375 0.11160714218750001 0.7433035718750001 0.11160714218750001 0.6495535718750001 0.0825892859375 0.625 0.03125 0.6540178578125
2 0 0.6138392859375 0.015625 0.6339285718750001 0.0491071421875 0.6361607140625 0.0803571421875 0.6183035718750001 0.084821428125 0.5558035718750001 0.060267857812500006 0.5223214281249999 0.0290178578125 0.5223214281249999 0 0.546875 0 0.6138392859375
2 0.0915178578125 0.24107142812500001 0.0580357140625 0.29241071406249997 0.053571428125 0.35491071406249997 0.069196428125 0.37946428593750003 0.10714285781249999 0.38169642812500004 0.1428571421875 0.35044642812500004 0.15178571406250002 0.296875 0.118303571875 0.24107142812500001 0.0915178578125 0.24107142812500001
2 0.17633928593749998 0.022321428125 0.1428571421875 0.0647321421875 0.1383928578125 0.118303571875 0.171875 0.15625 0.2232142859375 0.16741071406250002 0.25892857187499996 0.11383928593749999 0.25 0.055803571875 0.2075892859375 0.022321428125 0.17633928593749998 0.022321428125
2 0.02890625 0.03984375 0.0578125 0.0796875
2 0.2828125 0.9734375 0.078125 0.053125
2 0.86171875 0.48125 0.1765625 0.18984375
2 0.70546875 0.0390625 0.1484375 0.07734375