2 0.83046875 0.621875 0.1625 0.175
2 0.871875 0.78125 0.1359375 0.153125
2 0.90390625 0.47421875 0.115625 0.1328125
2 0.96484375 0.45625 0.0703125 0.146875
2 0.97421875 0.69453125 0.0515625 0.1796875
2 0.93984375 0.62734375 0.1203125 0.1453125
2 0.7546875 0.40234375 0.1328125 0.1484375
2 0.90859375 0.28125 0.125 0.16875
2 0.51953125 0.86640625 0.134375 0.14375
2 0.659375 0.440625 0.13125 0.15625
2 0.66015625 0.28828125 0.13125 0.1375
2 0.7796875 0.16875 0.165625 0.2015625
2 0.59140625 0.20703125 0.1375 0.1640625
2 0.5671875 0.41640625 0.1265625 0.146875
2 0.43359375 0.59140625 0.1390625 0.159375
2 0.309375 0.80234375 0.1390625 0.1515625
2 0.35234375 0.1109375 0.1625 0.1828125
2 0.15625 0.234375 0.1375 0.15625
2 0.1703125 0.57734375 0.134375 0.1609375
2 0.25859375 0.4421875 0.1765625 0.1953125
2 0.04296875 0.3546875 0.0859375 0.146875
2 0.06171875 0.21640625 0.1234375 0.1859375
2 0.08359375 0.54140625 0.1671875 0.2234375
2 0.01328125 0.47734375 0.0265625 0.1453125
2 0.56171875 0.3109375 0.1234375 0.15
2 0.28984375 0.29296875 0.1734375 0.2265625
2 0.66015625 0.02265625 0.1828125 0.0453125