2 0.1472321171875 0.677681303125 0.16131167500000002 0.635082234375 0.148420959375 0.59269215 0.10355935000000001 0.5727184750000001 0.06343180625 0.591503309375 0.036194976562499995 0.652678228125 0.05700458125 0.7156977203125 0.078527490625 0.727723721875 0.11094513125000001 0.71527975625 0.1472321171875 0.677681303125
2 0.19539369374999999 0.503653453125 0.18068718749999998 0.46534169687500004 0.1643738765625 0.45807854218750005 0.12061475156250001 0.48502003125000004 0.1042726546875 0.5217249828125 0.11647885312499999 0.5711404531250001 0.150236746875 0.588613821875 0.178576059375 0.574354065625 0.19539369374999999 0.503653453125
2 0.25969586875 0.60069739375 0.24906768906250001 0.564201425 0.1939958703125 0.5616723328125001 0.1694971171875 0.5947457046875 0.171255334375 0.6786035890625 0.2134076515625 0.6827107031249999 0.24380052187499998 0.647374790625 0.25969586875 0.60069739375
2 0.2876747859375 0.4445608765625 0.2527856234375 0.42414045156249996 0.21855219374999998 0.440662746875 0.20039430781249998 0.481446025 0.21349400937500002 0.5508063859375001 0.26517201875 0.5444943046875 0.292408846875 0.483319384375 0.2876747859375 0.4445608765625
2 0.3528992484375 0.5175816015625 0.324350953125 0.50487108125 0.28919523593749996 0.545416590625 0.301401434375 0.5948320625 0.337659634375 0.6012017140625 0.3598958484375 0.562234225 0.3528992484375 0.5175816015625
2 0.3217067171875 0.735815321875 0.3128943265625 0.6952410265625 0.270295259375 0.6811614687499999 0.21882623125 0.714443825 0.19522097968750002 0.7674620890625 0.215583834375 0.8205091359375001 0.2529733046875 0.8298258484375 0.29128506249999997 0.81511934375 0.3217067171875 0.735815321875
2 0.4014574875 0.776209421875 0.38675098124999996 0.737897665625 0.3622810140625 0.727002934375 0.3298633734375 0.7394469 0.30081075625000003 0.804700146875 0.3103076640625 0.8382490578124999 0.3399872296875 0.8539066375000001 0.3782989859375 0.8392001296875 0.4014574875 0.776209421875
2 0.1328572203125 0.8252144140625 0.0813881921875 0.8584967703125 0.1670330796875 0.89662833125 0.1677463828125 0.8456348390624999 0.1328572203125 0.8252144140625
2 0.2157928171875 0.8474794125 0.18519096562499998 0.8558450515624999 0.171349175 0.8814462890625 0.1677463828125 0.8456348390624999 0.1328572203125 0.8252144140625 0.0813881921875 0.8584967703125 0.2567562921875 0.9365756796875001 0.2506819796875 0.8678998375000001 0.2157928171875 0.8474794125
2 0.8381051296875001 0.9095328640625 0.8687069828125 0.9011672265625 0.9231806406249999 0.7788173890625 0.9089208843750001 0.750478075 0.8704001453125001 0.73821430625 0.8243784828124999 0.759261678125 0.7921410390625 0.8426440265625 0.8043472375 0.8920594984375001 0.8381051296875001 0.9095328640625
2 1 0.60075868125 0.982474715625 0.563321740625 0.9480323046875 0.5528737609375 0.910167296875 0.5775527109375 0.8924561625 0.628308434375 0.9082939375000001 0.66956725 0.9379735015625 0.685224828125 0.97220693125 0.668702534375 1 0.6062782796875 1 0.60075868125
2 0.9199883296875001 0.4621994734375 0.8950716109375 0.44133229687500003 0.8644697593749999 0.44969793593749996 0.8381552171875001 0.48684963750000004 0.8317855640625 0.5231078390625 0.85351745625 0.5621041140624999 0.8875131171874999 0.5625796515625 0.9274316796875001 0.5168245421875 0.9199883296875001 0.4621994734375
2 0.9149226593750001 0.2375960984375 0.9034009796875001 0.181155240625 0.873036896875 0.172523046875 0.827461984375 0.20354286406250002 0.8160917171875001 0.26200849531250003 0.8369301078125 0.28105988125 0.8543746890625 0.2912700953125 0.8985805625 0.27430104843750003 0.9149226593750001 0.2375960984375
2 0.799209028125 0.08589830312499999 0.7862607390624999 0.13144442812499998 0.80799263125 0.1704407046875 0.8413037750000001 0.177941628125 0.906376825 0.1360558640625 0.799209028125 0.08589830312499999
2 0.356970090625 0.1846503734375 0.3422635859375 0.146338615625 0.2917168453125 0.15559775625 0.27308342343750003 0.2303766953125 0.3145512203125 0.2415091953125 0.344706321875 0.22317111406249998 0.356970090625 0.1846503734375
2 0.33268032187499996 0.244694021875 0.298000140625 0.25124387187499997 0.2657914828125 0.290658115625 0.263946909375 0.33870454843750003 0.29338870625 0.37135995781250003 0.32149025 0.3740980328125 0.3790911640625 0.32155530625 0.33268032187499996 0.244694021875
2 0.5349323421875 0.4544682671875 0.5152540046875 0.39439583125 0.47491747812499996 0.386210390625 0.4329741421875 0.4090735515625 0.4102623921875 0.4820367046875 0.42610016875 0.5232955203125 0.45759552187499997 0.5348747687500001 0.513142878125 0.503408203125 0.5349323421875 0.4544682671875
2 0.470089575 0.144609184375 0.439278740625 0.126004546875 0.383284634375 0.1474986703125 0.3483379 0.2150144578125 0.35125617187499997 0.25785129375000004 0.3818292390625 0.2934537609375 0.4416639046875 0.29077325625 0.48113571874999994 0.235045703125 0.470089575 0.144609184375
2 0.1190004625 0.18132161875 0.10444536874999999 0.2579163484375 0.1620174953125 0.24934172656250003 0.1699939546875 0.1820349234375 0.1190004625 0.18132161875
2 0.122214075 0.11922441406249999 0.1593945625 0.10157084999999999 0.15966111562500002 0.0406049125 0.122214075 0.11922441406249999
2 0.709375 0.85234375 0.2125 0.2546875
2 0.47421875 0.640625 0.190625 0.2234375