2 0.47265625 0.2953125 0.140625 0.1609375
2 0.2609375 0.89921875 0.1515625 0.1296875
2 0.33046875 0.80703125 0.1375 0.1546875
2 0.38828125 0.0546875 0.1171875 0.109375
2 0.5015625 0.04375 0.134375 0.0875
2 0.42734375 0.0125 0.0984375 0.025
2 0.53984375 0.84609375 0.125 0.146875
2 0.53046875 0.96171875 0.1171875 0.0765625
2 0.6796875 0.93203125 0.1078125 0.1203125
2 0.73203125 0.82265625 0.1640625 0.1796875
2 0.653125 0.7546875 0.1078125 0.115625
2 0.71640625 0.46640625 0.1390625 0.165625
2 0.6828125 0.08046875 0.115625 0.1140625
2 0.79765625 0.22578125 0.11875 0.146875
2 0.853125 0.42265625 0.11875 0.140625
2 0.98359375 0.275 0.0328125 0.109375
2 0.3609375 0.41484375 0.171875 0.2125
2 0.93203125 0.56875 0.1359375 0.25625