2 0.32382344375 0.9035150859375 0.28527850625 0.8890816312500001 0.2449054796875 0.9036942874999999 0.218523803125 0.9631008078125 0.3397862375 0.9823972109374999 0.344792546875 0.9628140859375 0.32382344375 0.9035150859375
2 0.1507177125 0.8521377093750001 0.1248139828125 0.84398901875 0.08381965 0.8630225140625001 0.072636096875 0.9425976281249999 0.170515875 0.9518455749999999 0.17735026874999998 0.9032163375 0.1507177125 0.8521377093750001
2 0.1869328046875 0.674646978125 0.15905762968749998 0.6324100265625 0.128111753125 0.6280608671875 0.0997586296875 0.653379128125 0.0885750765625 0.732954240625 0.10757273125 0.75816498125 0.1454605234375 0.7612356828125 0.17885579375 0.7321178921875 0.1869328046875 0.674646978125
2 0 0.703955025 0.0577008796875 0.7601722671875 0.0829116203125 0.7411746109374999 0.0878104078125 0.674240709375 0.071955134375 0.6427093640625 0.0410092578125 0.6383602046875 0.013277443750000001 0.659257625 0 0.69715099375 0 0.703955025
2 0 0.46854151718750003 0.0185824984375 0.4932013265625 0.0432077703125 0.49440810312499994 0.0734248203125 0.4558273234375 0.057497865625 0.3927287921875 0.007661853125 0.41051967187500005 0 0.4650365953125 0 0.46854151718750003
2 0.3329400578125 0.46975901875000003 0.31584216875000004 0.44706935156250005 0.2804754515625 0.442098884375 0.248322796875 0.46237499687500005 0.235824946875 0.519224603125 0.25675820781250003 0.562740009375 0.2851830125 0.568988934375 0.3223778140625 0.544913290625 0.3329400578125 0.46975901875000003
2 0.3906260125 0.5725375859375 0.3659290625 0.5397636234375 0.3148504328125 0.56639618125 0.30732305000000004 0.5878790703125001 0.30995164375 0.6333300828125 0.3339914484375 0.6547412921875 0.3668012515625 0.6458279328125001 0.3894550765625 0.61294645 0.3906260125 0.5725375859375
2 0.57443735 0.611895059375 0.54594086875 0.57407895 0.5004898546875001 0.5767075453125 0.46965149687499996 0.6197091640625 0.4742156984375 0.68346484375 0.4982555015625 0.704876053125 0.54056413125 0.7085680640625001 0.5644964156250001 0.68262849375 0.57443735 0.611895059375
2 0.713371115625 0.906418615625 0.6829390281250001 0.8502978375 0.631239090625 0.8813512343750001 0.6256473140625001 0.9211387921874999 0.6554222546874999 0.965896815625 0.67942621875 0.9715244328124999 0.70902195625 0.9373644921875 0.713371115625 0.906418615625
2 0.8028154859375001 0.8153015484375 0.774319003125 0.7774854375 0.7389522859375 0.7725149703125 0.6992722484375 0.8142739718750001 0.6968586953125 0.8635245171875001 0.7215914875 0.9120820703125 0.750016290625 0.9183309968750001 0.794117165625 0.8771933031250001 0.8028154859375001 0.8153015484375
2 0.8251467515625001 0.64036773125 0.7752748984375 0.6423750171875 0.75072130625 0.672735425 0.737602146875 0.7340058703125 0.7692410140625 0.7655013765625001 0.820355484375 0.7546524125 0.8499153828124999 0.7047088796875001 0.8251467515625001 0.64036773125
2 1 0.48747408906249995 0.9644271312500001 0.5314597859375 0.9632561953125001 0.57186865 0.9848107640625001 0.6109632171875 1 0.5147472328125 1 0.48747408906249995
2 0.3926094859375 0.3338839265625 0.3755115953125 0.31119426093749997 0.3212189046875 0.3125802390625 0.2972866203125 0.3385198078125 0.28983091875 0.3915698828125 0.3107641796875 0.435085290625 0.353072809375 0.43877730000000004 0.39213153749999996 0.4014391375 0.3926094859375 0.3338839265625
2 0.44270840624999996 0.15383628124999998 0.4123838375 0.1450662828125 0.35819866562499997 0.19380303906250002 0.3463221234375 0.2462318046875 0.395716028125 0.3117797296875 0.438610128125 0.2952673078125 0.468098346875 0.2137565890625 0.44270840624999996 0.15383628124999998
2 0.53916636875 0.09300794375 0.5138481078125 0.0646548203125 0.482280921875 0.06472650156250001 0.44764303281249995 0.10268597187499999 0.44965031875 0.1525578234375 0.4730688140625 0.17838987343749999 0.5021149265625 0.1802179578125 0.53046805 0.1548996984375 0.53916636875 0.09300794375
2 0.63649651875 0.138243915625 0.6136634937500001 0.092207434375 0.582717615625 0.087858275 0.5499436531249999 0.11255522656250001 0.533646271875 0.16436268437499998 0.5634212125 0.209120709375 0.5924673234375 0.2109487953125 0.630283434375 0.1824523109375 0.63649651875 0.138243915625
2 0.25651508125 0 0.25298273125000004 0.012214026562499999 0.2757799171875 0.042466915625000004 0.30924687031250003 0.044916309375000005 0.3369786828125 0.0240188890625 0.3414257921875 0 0.25651508125 0
2 0.06535663124999999 0 0.047425596874999996 0.1275859375 0.099161375 0.1123161328125 0.11359482968750001 0.07377119374999999 0.1077880140625 0.01885719375 0.0873492 0 0.06535663124999999 0
2 0.5828125 0.03203125 0.125 0.0640625
2 0.90546875 0.278125 0.1578125 0.2875
2 0.90390625 0.9078125 0.1078125 0.184375
2 0.534375 0.47734375 0.15625 0.1390625
2 0.24921875 0.2375 0.1640625 0.1859375