2 0.71875 0.9888392859374999 0.8348214281249999 0.9977678578125 0.8258928578125 0.953125 0.8013392859374999 0.9330357140625001 0.7477678578125 0.9419642859374999 0.71875 0.9888392859374999
2 0.8392857140625001 0.7477678578125 0.8392857140625001 0.7924107140625 0.8683035718750001 0.8303571421875 0.8973214281249999 0.828125 0.9241071421875 0.765625 0.8950892859374999 0.7232142859375 0.8683035718750001 0.71875 0.8392857140625001 0.7477678578125
2 0.9107142859374999 0.6808035718750001 0.9107142859374999 0.7209821421875 0.9508928578125 0.7611607140625 1 0.7299107140625 0.9955357140625001 0.6763392859375 0.9575892859374999 0.6428571421875 0.9107142859374999 0.6808035718750001
2 1 0.7522321421875 0.984375 0.75 0.9553571421875 0.7745535718750001 0.9508928578125 0.8147321421875 0.9709821421875 0.8526785718750001 1 0.8504464281249999 1 0.7522321421875
2 0.8080357140625001 0.5736607140625 0.8080357140625001 0.6049107140625 0.8370535718750001 0.6383928578125 0.875 0.640625 0.9107142859374999 0.5691964281249999 0.8861607140625001 0.53125 0.859375 0.5267857140625 0.8080357140625001 0.5736607140625
2 0.7388392859375 0.6026785718750001 0.7098214281249999 0.6272321421875 0.6964285718750001 0.6852678578125 0.7299107140625 0.7321428578125 0.7857142859375 0.7433035718750001 0.8258928578125 0.7075892859375 0.8258928578125 0.6540178578125 0.7879464281249999 0.6071428578125 0.7388392859375 0.6026785718750001
2 0.7209821421875 0.7366071421875 0.6830357140625 0.7700892859375 0.6830357140625 0.8147321421875 0.7120535718750001 0.8571428578125 0.7410714281249999 0.8549107140625001 0.78125 0.8147321421875 0.7857142859375 0.7745535718750001 0.7611607140625 0.7455357140625 0.7209821421875 0.7366071421875
2 0.6361607140625 0.7455357140625 0.6049107140625 0.75 0.5803571421875 0.7879464281249999 0.5758928578125 0.8415178578125 0.6026785718750001 0.859375 0.6450892859375 0.8526785718750001 0.6696428578125 0.8236607140625001 0.6651785718750001 0.7745535718750001 0.6361607140625 0.7455357140625
2 0.444196428125 0.8258928578125 0.415178571875 0.859375 0.415178571875 0.9084821421875 0.43526785781250005 0.9464285718750001 0.46428571406249997 0.9441964281249999 0.49553571406249997 0.9040178578125 0.49553571406249997 0.8638392859374999 0.475446428125 0.8348214281249999 0.444196428125 0.8258928578125
2 0.36383928593750003 0.8571428578125 0.33482142812500004 0.9084821421875 0.33928571406249997 0.9486607140625001 0.37946428593750003 0.9709821421875 0.415178571875 0.9441964281249999 0.41071428593750003 0.8772321421875 0.390625 0.8526785718750001 0.36383928593750003 0.8571428578125
2 0.29017857187499996 0.7745535718750001 0.29017857187499996 0.8102678578125 0.32366071406249997 0.8526785718750001 0.3571428578125 0.8549107140625001 0.39732142812500004 0.8013392859374999 0.39732142812500004 0.765625 0.3459821421875 0.7321428578125 0.29017857187499996 0.7745535718750001
2 0.412946428125 0.5178571421875 0.37946428593750003 0.5513392859375 0.375 0.6272321421875 0.40848214218749995 0.6607142859375 0.44196428593750003 0.6584821421875 0.47321428593750003 0.6227678578125 0.47321428593750003 0.5558035718750001 0.44866071406249997 0.5223214281249999 0.412946428125 0.5178571421875
2 0.5691964281249999 0.5982142859375 0.5446428578125 0.6183035718750001 0.5401785718750001 0.6674107140625 0.5848214281249999 0.703125 0.6160714281249999 0.671875 0.6160714281249999 0.6316964281249999 0.5915178578125 0.5982142859375 0.5691964281249999 0.5982142859375
2 0.5915178578125 0.3928571421875 0.5669642859375 0.40848214218749995 0.5491071421875 0.47098214218749995 0.5691964281249999 0.5089285718750001 0.6071428578125 0.515625 0.6339285718750001 0.48883928593750003 0.6383928578125 0.43526785781250005 0.609375 0.3928571421875 0.5915178578125 0.3928571421875
2 0.446428571875 0.40401785781250005 0.446428571875 0.44866071406249997 0.475446428125 0.491071428125 0.5133928578125 0.48883928593750003 0.53125 0.41741071406249997 0.5022321421875 0.375 0.475446428125 0.37053571406249997 0.446428571875 0.40401785781250005
2 0.7790178578125 0.1741071421875 0.7477678578125 0.1741071421875 0.7142857140625 0.2165178578125 0.71875 0.2790178578125 0.7633928578125 0.30580357187499996 0.7879464281249999 0.2991071421875 0.8214285718750001 0.2477678578125 0.8080357140625001 0.19866071406250002 0.7790178578125 0.1741071421875
2 1 0.162946428125 0.9933035718750001 0.0267857140625 0.9642857140625001 0.060267857812500006 0.9598214281249999 0.11383928593749999 1 0.162946428125
2 0.6897321421875 0.28125 0.6517857140625 0.3102678578125 0.6428571421875 0.35491071406249997 0.6763392859375 0.41071428593750003 0.7008928578125 0.40848214218749995 0.7366071421875 0.38169642812500004 0.7410714281249999 0.328125 0.7120535718750001 0.28571428593750003 0.6897321421875 0.28125
2 0.38392857187499996 0.0647321421875 0.42410714218749995 0.087053571875 0.45535714218749995 0.060267857812500006 0.45535714218749995 0.0111607140625 0.390625 0 0.38392857187499996 0.0647321421875
2 0.29241071406249997 0.11160714218750001 0.2455357140625 0.149553571875 0.2455357140625 0.1897321421875 0.2790178578125 0.25 0.31696428593750003 0.2522321421875 0.34821428593750003 0.2165178578125 0.34821428593750003 0.1584821421875 0.328125 0.12053571406250001 0.29241071406249997 0.11160714218750001
2 0.1875 0.24330357187499999 0.21205357187499999 0.28125 0.2366071421875 0.2790178578125 0.25892857187499996 0.2388392859375 0.2165178578125 0.19196428593749998 0.19196428593749998 0.21205357187499999 0.1875 0.24330357187499999
2 0 0.140625 0.053571428125 0.162946428125 0.09375 0.118303571875 0.09375 0.0736607140625 0.0803571421875 0.0424107140625 0.046875 0.0267857140625 0 0.060267857812500006 0 0.140625
2 0.9203125 0.9578125 0.11171875 0.084375