2 0.6808035718750001 0.5669642859375 0.6473214281249999 0.6272321421875 0.6808035718750001 0.6785714281249999 0.7053571421875 0.6763392859375 0.7321428578125 0.6495535718750001 0.7366071421875 0.6049107140625 0.7120535718750001 0.5714285718750001 0.6808035718750001 0.5669642859375
2 0.491071428125 0.578125 0.491071428125 0.6316964281249999 0.5200892859375 0.6741071421875 0.5580357140625 0.671875 0.5803571421875 0.6138392859375 0.5580357140625 0.5602678578125 0.5245535718750001 0.5401785718750001 0.491071428125 0.578125
2 0.703125 0.6919642859375 0.6651785718750001 0.734375 0.6651785718750001 0.7790178578125 0.6897321421875 0.8169642859374999 0.7276785718750001 0.8191964281249999 0.75 0.8013392859374999 0.7633928578125 0.7522321421875 0.75 0.7165178578125 0.703125 0.6919642859375
2 0.6808035718750001 0.8214285718750001 0.6473214281249999 0.8861607140625001 0.6808035718750001 0.9285714281249999 0.7053571421875 0.9263392859374999 0.7366071421875 0.9040178578125 0.7455357140625 0.8638392859374999 0.7299107140625 0.8303571421875 0.6808035718750001 0.8214285718750001
2 0.5580357140625 0.5290178578125 0.5669642859375 0.5870535718750001 0.6071428578125 0.6138392859375 0.6517857140625 0.5558035718750001 0.6428571421875 0.49776785781250005 0.609375 0.477678571875 0.5580357140625 0.5290178578125
2 0.9174107140625001 0.43303571406249997 0.8794642859374999 0.47991071406249997 0.8794642859374999 0.5245535718750001 0.921875 0.5758928578125 0.9464285718750001 0.5736607140625 0.9821428578125 0.546875 0.9866071421875 0.49776785781250005 0.953125 0.44196428593750003 0.9174107140625001 0.43303571406249997
2 1 0.046875 0.9620535718750001 0.0357142859375 0.9017857140625001 0.118303571875 0.9486607140625001 0.16071428593749998 0.9776785718750001 0.162946428125 1 0.14508928593749998 1 0.046875
2 0.359375 0.28125 0.33482142812500004 0.3102678578125 0.34375 0.38169642812500004 0.38169642812500004 0.415178571875 0.415178571875 0.412946428125 0.4375 0.38169642812500004 0.43303571406249997 0.32366071406249997 0.40401785781250005 0.28571428593750003 0.359375 0.28125
2 0.3258928578125 0.444196428125 0.3125 0.5066964281249999 0.328125 0.5446428578125 0.37053571406249997 0.5513392859375 0.39732142812500004 0.5200892859375 0.41071428593750003 0.45758928593750003 0.36383928593750003 0.415178571875 0.3258928578125 0.444196428125
2 0.3772321421875 0.5535714281249999 0.34821428593750003 0.5825892859375 0.34821428593750003 0.6316964281249999 0.3727678578125 0.6651785718750001 0.39732142812500004 0.6674107140625 0.43303571406249997 0.6316964281249999 0.43303571406249997 0.5915178578125 0.41741071406249997 0.5625 0.3772321421875 0.5535714281249999
2 0.27232142812500004 0.6272321421875 0.2678571421875 0.6584821421875 0.29241071406249997 0.6964285718750001 0.3125 0.6986607140625 0.33928571406249997 0.671875 0.33928571406249997 0.640625 0.30133928593750003 0.6026785718750001 0.27232142812500004 0.6272321421875
2 0.33705357187499996 0.7633928578125 0.30803571406249997 0.796875 0.30803571406249997 0.8549107140625001 0.328125 0.8883928578125 0.36607142812500004 0.8950892859374999 0.3928571421875 0.8683035718750001 0.39732142812500004 0.8058035718750001 0.36383928593750003 0.7678571421875 0.33705357187499996 0.7633928578125
2 0.22544642812500001 0.7544642859375 0.196428571875 0.7924107140625 0.2008928578125 0.8459821421875 0.25 0.8683035718750001 0.2991071421875 0.8191964281249999 0.30357142812500004 0.7790178578125 0.2834821421875 0.7366071421875 0.22544642812500001 0.7544642859375
2 0.180803571875 0.6651785718750001 0.147321428125 0.6897321421875 0.1383928578125 0.7433035718750001 0.1584821421875 0.7767857140625 0.196428571875 0.7790178578125 0.22767857187499999 0.7388392859375 0.22767857187499999 0.703125 0.2075892859375 0.6696428578125 0.180803571875 0.6651785718750001
2 0.131696428125 0.5357142859375 0.102678571875 0.5558035718750001 0.0892857140625 0.6183035718750001 0.11383928593749999 0.6651785718750001 0.15625 0.671875 0.19196428593749998 0.6495535718750001 0.196428571875 0.5870535718750001 0.16741071406250002 0.5491071421875 0.131696428125 0.5357142859375
2 0.0044642859375000005 0.493303571875 0.0446428578125 0.44866071406249997 0.0357142859375 0.38616071406249997 0.006696428124999999 0.3616071421875 0.0044642859375000005 0.493303571875
2 0.03125 0.9933035718750001 0.12946428593749998 0.9977678578125 0.12053571406250001 0.9620535718750001 0.0915178578125 0.9375 0.0736607140625 0.9375 0.03125 0.9933035718750001
2 0.015625 0.7991071421875 0 0.8013392859374999 0.008928571875000001 0.9977678578125 0.0446428578125 0.9665178578125 0.071428571875 0.9084821421875 0.0625 0.8325892859374999 0.015625 0.7991071421875
2 1 0.1897321421875 0.9665178578125 0.18303571406250002 0.9330357140625001 0.21205357187499999 0.9241071421875 0.26116071406249997 0.9419642859374999 0.30133928593750003 0.9821428578125 0.31919642812500004 1 0.3102678578125 1 0.1897321421875