2 0.3972427890625 0.24059313750000003 0.38119165 0.216316 0.3432120453125 0.214746453125 0.31290175468750003 0.268855109375 0.32699378437500004 0.308793825 0.3608214359375 0.3282957078125 0.398021915625 0.2852291953125 0.3972427890625 0.24059313750000003
2 0.44860191718750003 0.3691806671875 0.428087171875 0.34498144218750004 0.39010756562500004 0.343411896875 0.3684128375 0.379510303125 0.37381139375 0.4329956609375 0.4299570734375 0.45210798125 0.4495368671875 0.42274393593750004 0.44860191718750003 0.3691806671875
2 0.4692498953125 0.656810546875 0.51099189375 0.618129728125 0.5138193375 0.5243160953125 0.47545016718750005 0.5004285187499999 0.44201208125 0.503244665625 0.3980772359375 0.5441962421875 0.3994017484375 0.6200775421875 0.424535925 0.653126065625 0.4692498953125 0.656810546875
2 0.49492945781250003 0.7211043109374999 0.47880040625 0.6923635671875 0.4452064953125 0.686252503125 0.41889233593749997 0.7135016125 0.4155195046875 0.77607000625 0.458430190625 0.8043432749999999 0.491400803125 0.77474549375 0.49492945781250003 0.7211043109374999
2 0.5466781484375 0.8720098703125 0.521466059375 0.8344977390625001 0.492335753125 0.8283087625000001 0.4527086890625 0.8602552156250001 0.44879047187500004 0.89157836875 0.47658496875 0.94913776875 0.505715275 0.9553267453125001 0.5466781484375 0.8720098703125
2 0.305086753125 0.9722236265624999 0.33805736406250003 0.9426258453124999 0.3372782390625 0.8979897875 0.327883553125 0.871363978125 0.29186305625000003 0.8541328546875 0.256621684375 0.8815377890624999 0.2483177734375 0.9174024609375 0.262331890625 0.9528775703125 0.305086753125 0.9722236265624999
2 0.597503184375 0.8421004390625001 0.6390114453125 0.790028803125 0.6423063625000001 0.722996803125 0.6076216734375001 0.6543952578125001 0.5473240406250001 0.653215275 0.5035450203125 0.7030940625000001 0.5051032703125 0.792366178125 0.54840351875 0.8429574765625001 0.597503184375 0.8421004390625001
2 0.603792665625 0.5629302953125 0.5832779203125 0.5387310703125 0.55876704375 0.5413913921875 0.5195295421874999 0.5956558734375 0.54043385 0.6421731281249999 0.5806063015625 0.641471915625 0.604805528125 0.620957171875 0.603792665625 0.5629302953125
2 0.579448909375 0.44726610781250004 0.558934165625 0.42306688125 0.529959684375 0.42580511718749997 0.5080312171875 0.4485127078125 0.50896616875 0.5020759765625 0.5517210296874999 0.521422034375 0.579994296875 0.4785113484375 0.579448909375 0.44726610781250004
2 0.6121078718749999 0.399813903125 0.6318434921875 0.3793770703125 0.635372146875 0.3257358890625 0.610237971875 0.29268736562500003 0.5677947609375 0.29119572968749996 0.5414806015625 0.318444840625 0.5424155515625 0.3720081109375 0.5809405437499999 0.404822896875 0.6121078718749999 0.399813903125
2 0.6881224046875001 0.66192004375 0.725478709375 0.62778074375 0.7330814078125 0.551743621875 0.7077914062499999 0.5097678859375 0.6563430718750001 0.5039684703125 0.6214912625 0.553691434375 0.6227378625 0.6251091265625 0.6477941265625 0.6536940453125 0.6881224046875001 0.66192004375
2 0.8091964421875 0.5638099249999999 0.7885258734375 0.5306834890625 0.7640149984375 0.533343809375 0.73777875 0.5650565249999999 0.7391811749999999 0.6454014296875 0.7550764890624999 0.66075135625 0.8149845625 0.6396133109375 0.8091964421875 0.5638099249999999
2 0.8685252390624999 0.893181803125 0.8632825093750001 0.8486236578125 0.827028275 0.8180017171875 0.7875570359374999 0.8588753828125 0.7882582484375 0.899047834375 0.813392425 0.9320963578124999 0.8445597515625 0.9270873640625 0.8685252390624999 0.893181803125
2 1 0.7504958140625 0.963997628125 0.735241525 0.933297775 0.767032153125 0.9341548124999999 0.8161318156249999 0.9592889890625 0.8491803421874999 0.9861485359375 0.8531764703125001 1 0.8420097296875 1 0.7504958140625
2 0.9244484765625 0.771651584375 0.8949286078125 0.743144578125 0.8614905203125 0.7459607234375001 0.844882696875 0.8176900671875 0.8790999109375001 0.859509978125 0.9058815453125 0.8590425015625 0.9298470312499999 0.825136940625 0.9244484765625 0.771651584375
2 0.8581628734375 0.29952223437500003 0.8406201 0.31768830625 0.841399225 0.36232436562500003 0.8842319984375001 0.3861340265625 0.9077300125000001 0.32544683124999996 0.8826737484375 0.29686191093750003 0.8581628734375 0.29952223437500003
2 0.7539303937499999 0.33929382656249996 0.7825153125 0.31423756406250003 0.7905854875 0.264982075 0.7609097921875 0.2275478578125 0.72731588125 0.2214367921875 0.7010796328125 0.2531495078125 0.697395153125 0.29786347968750004 0.727148759375 0.339761303125 0.7539303937499999 0.33929382656249996
2 0.5749412796875 0.0611252515625 0.6060306953125 0.0516526515625 0.63876756875 0.008664053125 0.5180943874999999 0.0018404796875 0.53203059375 0.0328519828125 0.5749412796875 0.0611252515625
2 0.21640625 0.80390625 0.1484375 0.2078125
2 0.59765625 0.1625 0.165625 0.16875
2 0.78671875 0.04140625 0.1234375 0.0828125
2 0.934375 0.55703125 0.13125 0.2015625
2 0.084375 0.31953125 0.16875 0.2046875