2 0.1421881796875 0.5633318187499999 0.0978372453125 0.54043584375 0.050807959375 0.5797426156250001 0.0377556515625 0.6224347921875 0.069054275 0.68802294375 0.11661384999999999 0.6698854984375 0.152915659375 0.596955271875 0.1421881796875 0.5633318187499999
2 0.1463216125 0.6719656703125 0.11661384999999999 0.6698854984375 0.0822154546875 0.7060515203125 0.0734323640625 0.750048928125 0.09844948906249999 0.7903752984375 0.1463625890625 0.786350734375 0.1626235390625 0.7026251375 0.1463216125 0.6719656703125
2 0.2484702875 0.8035633921875001 0.2533376859375 0.7723736375 0.2268385671875 0.7292600421875 0.20122326093749998 0.72142865625 0.17056379375 0.737730584375 0.1496801015625 0.8060380671875 0.170428009375 0.8450592078125 0.193256090625 0.854372584375 0.2183411078125 0.8410346437499999 0.2484702875 0.8035633921875001
2 0.25110766406249996 0.62697558125 0.2275725328125 0.5894364359375001 0.18541064375 0.597553453125 0.1690408234375 0.620558296875 0.17246720468750001 0.70096638125 0.2038337234375 0.7128902234375001 0.23710365000000003 0.688049859375 0.25110766406249996 0.62697558125
2 0.3204757234375 0.6901979265625 0.3025150390625 0.6496947937499999 0.2672328296875 0.6505786062500001 0.24006763750000001 0.6936243078125 0.2529841609375 0.758260753125 0.2867843765625 0.754589715625 0.3087286453125 0.7286208859375 0.3204757234375 0.6901979265625
2 0.3807071640625 0.78330479375 0.352902815625 0.7444604171875 0.31744384375 0.7382877890625 0.29401758125 0.7614693953125 0.2796600421875 0.8084307890625 0.29578520625000004 0.8320338140624999 0.345533825 0.844909359375 0.37619329218750003 0.82860743125 0.3807071640625 0.78330479375
2 0.3557310171875 0.8573634875 0.28498983437500003 0.8520746718750001 0.2749015140625 0.900341296875 0.291380203125 0.9380572046875001 0.34356252187499997 0.9353378749999999 0.362189278125 0.889681709375 0.3557310171875 0.8573634875
2 0.606554284375 0.8920334546875001 0.5750110046875 0.8730531718749999 0.54304630625 0.89362431875 0.531299228125 0.932047278125 0.5320062796875 0.9602730453125 0.5596338671875001 0.9920609796875001 0.5977032999999999 0.989695171875 0.6219045046875 0.9410750234374999 0.606554284375 0.8920334546875001
2 0.4285792875 0.6648951671875001 0.38126436875 0.6364247453125 0.3587898109375 0.6412242499999999 0.3418218109375 0.6967240796875 0.36292324374999996 0.749858103125 0.4164107921875 0.742869553125 0.4337323171875 0.7014826078125 0.4285792875 0.6648951671875001
2 0.5402450203125 0.612671871875 0.5252483234375 0.5777431890625 0.49405856875 0.572875790625 0.4624473953125 0.6075598203125 0.4556765875 0.675513778125 0.491312321875 0.688742846875 0.52885146875 0.665207715625 0.5402450203125 0.612671871875
2 0.7649636703125 0.73272619375 0.7453442296875 0.6823793953124999 0.704487571875 0.6862271953125 0.6855072890625 0.717770475 0.6984238125 0.78240691875 0.7255211125 0.793025528125 0.7519113625 0.77541836875 0.7649636703125 0.73272619375
2 0.6750513812500001 0.4694897765625 0.63324301875 0.49171967812500006 0.6337054125 0.5665533140625 0.6662003984375 0.5671514953125001 0.68387545 0.5398774328125 0.6750513812500001 0.4694897765625
2 0.961796015625 0.585166009375 0.911870634375 0.565234021875 0.87694195 0.58023071875 0.8609256546875 0.617348446875 0.8636449859375 0.6695307640625 0.8916260984375001 0.7154315828125 0.943808415625 0.7127122515625001 0.9771462375000001 0.6342075781250001 0.961796015625 0.585166009375
2 1 0.30378685625 0.9690151578125 0.30961125 0.9563163749999999 0.3664163109375 0.9754055265625 0.3955937828125 1 0.3780951015625 1 0.30378685625
2 0.8853305390624999 0.4077353625 0.84186341875 0.42012159843749997 0.8403135328125 0.47099868593750005 0.86741083125 0.48161729375 0.88822663125 0.466974121875 0.8853305390624999 0.4077353625
2 0.8033994828125 0.29398945625 0.753161553125 0.37432965 0.775214690625 0.409081571875 0.81755334375 0.4080209953125 0.8361801 0.3623648328125 0.8033994828125 0.29398945625
2 0.6837256015625 0.364771615625 0.633025278125 0.370278171875 0.6160572765625 0.4257780015625 0.6292184562500001 0.4438065765625 0.6576209859375 0.45015596875 0.686621696875 0.4240103765625 0.6837256015625 0.364771615625
2 0.6209925671875001 0.3409239359375 0.579252096875 0.3094895265625 0.5528618484375001 0.327096684375 0.538504309375 0.3740580796875 0.5501156015625 0.4429637421875 0.5993339328125 0.43466996093750004 0.6222299062500001 0.3903190296875 0.6209925671875001 0.3409239359375
2 0.795635990625 0.2659404515625 0.766172884375 0.21725240937499998 0.7141673296875 0.22702818281249998 0.677158471875 0.271732640625 0.6657649203125 0.3242684828125 0.6894768124999999 0.3688640703125 0.7362614453125 0.37616516875 0.772141834375 0.3427863703125 0.795635990625 0.2659404515625
2 0.7527260734375 0.13144663750000002 0.7446090562500001 0.08928475 0.658871178125 0.0490672484375 0.6181233890625 0.1136358015625 0.669816396875 0.2041322078125 0.6969136953125 0.21475081875000002 0.73184238125 0.1997541203125 0.7527260734375 0.13144663750000002
2 0.8419172484375 0.08402284843749999 0.8282667609375001 0.1592100109375 0.844391925 0.18281303437500002 0.8965742437499999 0.1800937046875 0.925819609375 0.107340240625 0.8419172484375 0.08402284843749999
2 0.2889862734375 0.3351188953125 0.268415128125 0.303154196875 0.25133825781249997 0.2979332734375 0.21676309843750002 0.327042853125 0.22244641718749997 0.38479961875 0.24527449843750002 0.3941129984375 0.275933965625 0.3778110703125 0.2889862734375 0.3351188953125
2 0.5313372234375 1 0.5299261046875 0.9899808046875 0.4928083765625 0.9739645093749999 0.4730285546875 1 0.5313372234375 1
2 0 0.5051546515625 0.020461040625 0.49577236406249997 0.030902887499999997 0.461618621875 0.0030985375 0.42277424531249996 0 0.432158171875 0 0.5051546515625
2 0.6754177609375 0.0331188453125 0.6974708984375 0.06787076875 0.7386810828125 0.0781358515625 0.7565328953125 0.057918231249999994 0.6754177609375 0.0331188453125
2 0.1666211859375 0.9185876140625 0.2661184234375 0.9443387046874999 0.21862674062499998 0.9088118390625001 0.1666211859375 0.9185876140625
2 0.47734375 0.35546875 0.2234375 0.259375
2 0.07890625 0.39375 0.1578125 0.190625