2 0.2583560640625 0.705133003125 0.23240174374999997 0.6935773937499999 0.21156289374999998 0.7015766796875 0.198071175 0.74740179375 0.2108700296875 0.78074395 0.2512434171875 0.798719340625 0.27496607968750003 0.7920040125 0.2874897421875 0.7561142953125 0.2583560640625 0.705133003125
2 0.31127346718750004 0.65612853125 0.2827512359375 0.65034055 0.2618920328125 0.68942998125 0.283658228125 0.733675590625 0.3124963609375 0.7465151546875 0.33430326718750003 0.7285804734375 0.3340077203125 0.6904387453124999 0.31127346718750004 0.65612853125
2 0.3526963296875 0.539807940625 0.39816483125 0.6084283687500001 0.4187081359375 0.5622873562499999 0.3850907859375 0.5058543359375001 0.3526963296875 0.539807940625
2 0.2910001671875 0.46183993125 0.309123228125 0.5134970109375 0.34212913125 0.5247367203125 0.3763703125 0.4749895515625 0.3207195453125 0.42536240000000003 0.2910001671875 0.46183993125
2 0.262727378125 0.3926316875 0.22426974843749997 0.385875653125 0.2143139984375 0.41599774062500006 0.2287127109375 0.45350766875000004 0.269086096875 0.471483059375 0.28672523125 0.455148234375 0.282261915625 0.4186063625 0.262727378125 0.3926316875
2 0.28301584375 0.24616865468750002 0.2544936109375 0.24038067343749997 0.22275130937499998 0.2573472984375 0.20925958906250003 0.30317241250000004 0.22429010312500003 0.35478550625 0.2588958625 0.3701929828125 0.28358658124999997 0.3535422578125 0.3006142703125 0.292014121875 0.28301584375 0.24616865468750002
2 0.396432265625 0.3173977046875 0.35157520937500003 0.2939705890625 0.318508240625 0.37600131718749996 0.349241778125 0.43115038125 0.372312284375 0.44142203281250003 0.40277062968750005 0.4273392203125 0.4165986046875 0.3574755453125 0.396432265625 0.3173977046875
2 0.4605893765625 0.23538732968749998 0.43303520000000006 0.2196639515625 0.4137962078125 0.23183100625000003 0.40704017031250006 0.270288634375 0.41887097031250003 0.313566190625 0.45250867499999997 0.3389090625 0.4762313359375 0.332193734375 0.48715514375 0.29213624843749997 0.4605893765625 0.23538732968749998
2 0.509553140625 0.350485025 0.4752632796875 0.34212913125 0.4537722765625 0.36711539531250004 0.455035878125 0.395321728125 0.49987258125 0.449838990625 0.5258472546874999 0.4303044515625 0.5281196234375 0.386395096875 0.509553140625 0.350485025
2 0 0.181362078125 0.029831362500000003 0.2094639484375 0.07119315937500001 0.18641379375 0.07154976874999999 0.1312850859375 0 0.15685822656249998 0 0.181362078125
2 0.666583371875 0.3858447125 0.6165904890625 0.37395285 0.6190973390625001 0.46145566093749996 0.6716377796875 0.49867004374999996 0.694412740625 0.47079996562500004 0.6845180515625 0.40765161718750004 0.666583371875 0.3858447125
2 0.518307690625 1 0.48961151249999996 0.946313265625 0.43128309218750005 0.9376211171875 0.4242041125 1 0.518307690625 1
2 0.4345642234375 0.8215960734375001 0.41307322031249993 0.8465823374999999 0.4511742390625 0.9084670828125001 0.474581 0.8947001718750001 0.4742854546875 0.8565584421875 0.4345642234375 0.8215960734375001
2 0.277157028125 0.8724552390625 0.2563181796875 0.8804545234375001 0.24539437187500002 0.9205120109375 0.2838316484375 0.9583581921875 0.3142899921875 0.94427538125 0.3175100609375 0.921520775 0.277157028125 0.8724552390625
2 0.341337959375 1 0.35561108125 0.9834055218750001 0.356915390625 0.9494315625 0.336728696875 0.9404438671875001 0.2709920828125 0.987196328125 0.277434625 1 0.341337959375 1
2 0.736162084375 0.8349347281249999 0.7332375640625 0.8958310624999999 0.78034663125 0.9064389687500001 0.7989538234375 0.8801687499999999 0.7845551109375 0.842658821875 0.736162084375 0.8349347281249999
2 0.9180051609375001 0.6671028171875 0.8731481046875 0.6436757 0.8542250125 0.6628943390625001 0.856120415625 0.7052038359374999 0.9092926578125 0.7565213843749999 0.92981560625 0.7414705171875 0.9340037296875 0.7087805140625 0.9180051609375001 0.6671028171875
2 0.7690352781249999 0.559311540625 0.7324730515625 0.5948650015625 0.74527190625 0.6282071609375001 0.7725101828125001 0.6368789546875 0.79303313125 0.6218280875 0.7972212546875 0.589138084375 0.7690352781249999 0.559311540625
2 0.9297439593749999 0.36133718593749997 0.89962186875 0.351381434375 0.852808346875 0.3789152578125 0.8508518796875 0.4298761953125 0.8825534718749999 0.47508986249999996 0.9306305968749999 0.47576237031249996 0.9591731843750001 0.4504602078125 0.9524782093749999 0.3956473984375 0.9297439593749999 0.36133718593749997
2 0.8939153046874999 0.255543084375 0.8637932156250001 0.2455873328125 0.8403864546875001 0.25935424375 0.8310625046875 0.3035795015625 0.8521969 0.33372194374999997 0.8836029453125 0.3407938828125 0.90637790625 0.3129238046875 0.905114303125 0.28471747187499996 0.8939153046874999 0.255543084375
2 0.8035286812500001 0.2567659765625 0.76540730625 0.22597137812499998 0.737832775 0.2413381453125 0.7249728578125 0.301266425 0.746739053125 0.345512034375 0.7787769 0.3666871390625 0.8076353890625001 0.3484365578125 0.8195272515625 0.298443675 0.8035286812500001 0.2567659765625
2 0.6106290890625 0.1777924796875 0.5789071406249999 0.16366895937499998 0.5503442 0.22006126875 0.5990124171875 0.29701723593749996 0.6185673109375001 0.291901765625 0.631427228125 0.2319734875 0.6106290890625 0.1777924796875
2 0.601427265625 0.0354768625 0.5738323796875 0.081933775 0.5898309484375 0.12361147343750001 0.6302043359375 0.1415868640625 0.6529792953125 0.11371678437499999 0.65365180625 0.0656396609375 0.601427265625 0.0354768625
2 0.992219796875 0.39951962343749997 0.948707759375 0.2799382546875 0.938415753125 0.33409890781249996 0.992219796875 0.39951962343749997
2 0.8015625 0.1375 0.21875 0.275
2 0.5921875 0.72578125 0.1875 0.20625