2 0.33203125 0.06796875 0.1703125 0.1359375
2 0.1578125 0.0140625 0.103125 0.028125
2 0.15703125 0.49921875 0.159375 0.19375
2 0.071875 0.66328125 0.14375 0.2015625
2 0.21484375 0.6484375 0.14375 0.18125
2 0.2421875 0.36484375 0.1359375 0.146875
2 0.46171875 0.04765625 0.1234375 0.0953125
2 0.23359375 0.23828125 0.125 0.1375
2 0.49921875 0.159375 0.146875 0.1703125
2 0.6671875 0.096875 0.1328125 0.15625
2 0.5328125 0.45078125 0.14375 0.175
2 0.440625 0.8234375 0.1328125 0.1734375
2 0.15 0.84296875 0.1375 0.184375
2 0.26953125 0.91640625 0.103125 0.1
2 0.609375 0.48046875 0.140625 0.1828125
2 0.64140625 0.55625 0.10625 0.134375
2 0.64296875 0.665625 0.1234375 0.1484375
2 0.48828125 0.88203125 0.134375 0.178125
2 0.884375 0.28203125 0.1484375 0.1703125
2 0.86796875 0.13515625 0.140625 0.1390625
2 0.94765625 0.175 0.1046875 0.15625
2 0.890625 0.4640625 0.11875 0.1453125
2 0.0375 0.3921875 0.075 0.14375
2 0.85703125 0.95234375 0.1046875 0.0953125
2 0.05390625 0.8796875 0.08125 0.0625
2 0.43046875 0.42578125 0.1921875 0.2515625