0 0.72265625 0.93515625 0.046875 0.0796875
0 0.93671875 0.7265625 0.06171875 0.0796875
0 0.903125 0.490625 0.06015625 0.07890625
0 0.70859375 0.3890625 0.071875 0.1359375
0 0.5046875 0.4515625 0.07890625 0.121875
0 0.34140625 0.6421875 0.08359375 0.09140625
0 0.36953125 0.85234375 0.0984375 0.1234375
0 0.4859375 0.9109375 0.0609375 0.08359375
0 0.2671875 0.8078125 0.109375 0.15625
0 0.14375 0.92578125 0.06328125 0.0703125
0 0.065625 0.61640625 0.09921875 0.16484375
0 0.22890625 0.4015625 0.0625 0.07578125
0 0.4 0.1421875 0.05234375 0.07578125
0 0.63125 0.2140625 0.09140625 0.12890625
0 0.68203125 0.1140625 0.0625 0.07109375
0 0.96875 0.11484375 0.06171875 0.115625
0 0.975 0.97265625 0.05 0.0453125