2 0.0703125 0.1609375 0.0875 0.11875
2 0.028125 0.78046875 0.05625 0.13984375
2 0.23359375 0.06328125 0.1375 0.12578125
2 0.3140625 0.59765625 0.11640625 0.1265625
2 0.26015625 0.76015625 0.1015625 0.14765625
2 0.16015625 0.77265625 0.1 0.1234375
2 0.1453125 0.95234375 0.1 0.09453125
2 0.0421875 0.90234375 0.07578125 0.10390625
2 0.3359375 0.70859375 0.0828125 0.0984375
2 0.48125 0.5421875 0.10078125 0.1421875
2 0.40234375 0.65078125 0.0859375 0.1234375
2 0.50546875 0.66328125 0.096875 0.12421875
2 0.4484375 0.8203125 0.11328125 0.121875
2 0.5828125 0.2296875 0.10546875 0.1375
2 0.6390625 0.02578125 0.1 0.0515625
2 0.725 0.396875 0.1421875 0.16015625
2 0.646875 0.54453125 0.11640625 0.13828125
2 0.60078125 0.68671875 0.08828125 0.09765625
2 0.6265625 0.903125 0.0953125 0.14140625
2 0.6703125 0.72890625 0.0984375 0.12265625
2 0.2859375 0.40859375 0.18203125 0.159375
2 0.41875 0.071875 0.13125 0.14375
2 0.7171875 0.86953125 0.12265625 0.17265625