2 0.232975821875 0.4835333390625 0.2786643890625 0.41527787656250004 0.270503084375 0.3352116953125 0.22708771093750002 0.3036685796875 0.1848499578125 0.308098415625 0.1419343515625 0.3510550484375 0.1400993875 0.396545015625 0.1791259515625 0.47172261875 0.232975821875 0.4835333390625
2 0.3487548140625 0.4154764765625 0.3684666984375 0.382974853125 0.351966003125 0.3358690375 0.3231753328125 0.3110494640625 0.2897562265625 0.3140825625 0.275610775 0.33892265 0.2877021484375 0.386726834375 0.306975803125 0.408533821875 0.3487548140625 0.4154764765625
2 0.33834083125 0.47814499374999997 0.33135715 0.4340517640625 0.2888797703125 0.4226997859375 0.2710233640625 0.45264756406249995 0.276610309375 0.4879221484375 0.30029328906249997 0.50903076875 0.322339903125 0.505538928125 0.33834083125 0.47814499374999997
2 0.4497720390625 0.5395948625 0.47900093750000006 0.510105825 0.47874079687500004 0.45138789062500007 0.43973474687499997 0.41914640625 0.4026046859375 0.42728719687499994 0.381037325 0.46234266562500004 0.38802100624999997 0.506435896875 0.4131007203125 0.5363631609375 0.4497720390625 0.5395948625
2 0.5666671156249999 0.37870259375000004 0.5450587296875 0.327885821875 0.49956876406250006 0.3260508578125 0.47590629843750004 0.3478783578125 0.4659510578125 0.3991743828125 0.5084489484375 0.45346248125 0.554158028125 0.42814314062500003 0.5666671156249999 0.37870259375000004
2 0.552144975 0.586659653125 0.5725552281249999 0.5585673515625 0.5713776046875 0.5225943984375 0.5455995234375 0.48825781093750004 0.5209990624999999 0.489894175 0.49803496562499994 0.5161309984375 0.49991095625000004 0.5565132734375 0.5249906703125 0.5864405390625 0.552144975 0.586659653125
2 0.5310978953125 0.739150990625 0.5529048828125 0.7198773359375 0.557752434375 0.66487035625 0.5261682921874999 0.622413490625 0.48903823125 0.6305542796875 0.4674708703125 0.66560975 0.47144196562499996 0.7192199953125 0.4907156203125 0.74102698125 0.5310978953125 0.739150990625
2 0.323681628125 0.885000840625 0.35825784375 0.8750045734375 0.3960452484375 0.7854008640625 0.36932916875 0.7308731390625 0.316636409375 0.7120992515625 0.27743175625 0.74994819375 0.2725842046875 0.8049551718749999 0.2911800046875 0.8652889578125 0.323681628125 0.885000840625
2 0.374080684375 0.9606371875 0.43212076406250005 0.99890384375 0.49778135468749996 0.9568646921875 0.5081953375 0.894196175 0.4991165515625 0.8368749781249999 0.47218135937500005 0.8095015578125 0.406958996875 0.7972320984375 0.3802839453125 0.8285766125 0.3575799890625 0.9135313703125 0.374080684375 0.9606371875
2 0.60057200625 0.9066847499999999 0.571760821875 0.8389290546874999 0.539498825 0.8349989875 0.5084144515625 0.8670418703125 0.5239976640624999 0.9368926703125 0.5513915968750001 0.952893596875 0.581558490625 0.9435956984375 0.60057200625 0.9066847499999999
2 0 0.35005465468749997 0.04075955 0.38289933125000003 0.06697586093749999 0.36292730781250004 0.06881082499999999 0.317437340625 0.0437311109375 0.2875100765625 0.0052043140625 0.286832221875 0 0.2921970140625 0 0.35005465468749997
2 0.8405038812500001 0.3240312765625 0.86252998125 0.277603315625 0.8367519 0.2432667265625 0.8077421156250001 0.2456014578125 0.7998819796875 0.3101254515625 0.8405038812500001 0.3240312765625
2 0.9737215640624999 0.3232713703125 0.9500385859374999 0.30216275000000004 0.921028803125 0.30449748125 0.9036516515624999 0.3660088890625 0.9338390562500001 0.399647109375 0.956584040625 0.400564590625 0.9800068765625 0.362955275 0.9737215640624999 0.3232713703125
2 0.32512684687500004 0.023724589062500002 0.35902520781249997 0.0522551203125 0.3854811453125 0.0480649109375 0.4140116734375 0.01416655 0.32512684687500004 0.023724589062500002
2 0.2796875 0.04453125 0.059375 0.0390625
2 0.76953125 0.64765625 0.171875 0.18125
2 0.10546875 0.67578125 0.1578125 0.2796875