2 0.5647321421875 0.3883928578125 0.53125 0.421875 0.5491071421875 0.5066964281249999 0.5848214281249999 0.515625 0.6339285718750001 0.47991071406249997 0.6428571421875 0.444196428125 0.609375 0.37946428593750003 0.5647321421875 0.3883928578125
2 0.6272321421875 0.49553571406249997 0.5625 0.5379464281249999 0.5714285718750001 0.6138392859375 0.6205357140625 0.6361607140625 0.6674107140625 0.6116071421875 0.6830357140625 0.5736607140625 0.6540178578125 0.49553571406249997 0.6272321421875 0.49553571406249997
2 0.6160714281249999 0.6629464281249999 0.6205357140625 0.7120535718750001 0.6651785718750001 0.7299107140625 0.6919642859375 0.6763392859375 0.6763392859375 0.6205357140625 0.6450892859375 0.625 0.6160714281249999 0.6629464281249999
2 0.7566964281249999 0.5848214281249999 0.6964285718750001 0.640625 0.6919642859375 0.7433035718750001 0.7299107140625 0.78125 0.7633928578125 0.7879464281249999 0.8214285718750001 0.7522321421875 0.8348214281249999 0.671875 0.8080357140625001 0.6049107140625 0.7566964281249999 0.5848214281249999
2 0.7209821421875 0.428571428125 0.6785714281249999 0.45758928593750003 0.6696428578125 0.5022321421875 0.6919642859375 0.5602678578125 0.7321428578125 0.5736607140625 0.7633928578125 0.5424107140625 0.7678571421875 0.5022321421875 0.7589285718750001 0.44866071406249997 0.7209821421875 0.428571428125
2 0.7723214281249999 0.44866071406249997 0.7723214281249999 0.493303571875 0.7924107140625 0.5223214281249999 0.8303571421875 0.5290178578125 0.8616071421875 0.462053571875 0.8370535718750001 0.41964285781250005 0.796875 0.415178571875 0.7723214281249999 0.44866071406249997
2 0.8816964281249999 0.7098214281249999 0.875 0.7477678578125 0.8973214281249999 0.8058035718750001 0.9419642859374999 0.8236607140625001 0.96875 0.7879464281249999 0.9732142859374999 0.7388392859375 0.9441964281249999 0.7053571421875 0.8816964281249999 0.7098214281249999
2 0.9732142859374999 0.5691964281249999 1 0.5825892859375 0.9977678578125 0.44196428593750003 0.9642857140625001 0.47991071406249997 0.9598214281249999 0.5334821421875 0.9732142859374999 0.5691964281249999
2 0.9151785718750001 0.25669642812500004 0.9352678578125 0.28571428593750003 0.9642857140625001 0.28794642812500004 0.9910714281249999 0.265625 0.9955357140625001 0.234375 0.9486607140625001 0.196428571875 0.9151785718750001 0.25669642812500004
2 0.8995535718750001 0.0178571421875 0.8705357140625001 0.0424107140625 0.8616071421875 0.109375 0.8839285718750001 0.1584821421875 0.9196428578125 0.180803571875 0.9642857140625001 0.1584821421875 0.9776785718750001 0.100446428125 0.9598214281249999 0.046875 0.8995535718750001 0.0178571421875
2 0.6629464281249999 0.11160714218750001 0.6473214281249999 0.131696428125 0.6607142859375 0.21205357187499999 0.7321428578125 0.234375 0.7857142859375 0.2075892859375 0.7723214281249999 0.13616071406250002 0.7299107140625 0.0982142859375 0.6629464281249999 0.11160714218750001
2 0.5111607140625 0.2455357140625 0.49553571406249997 0.265625 0.5 0.35044642812500004 0.5245535718750001 0.38392857187499996 0.5580357140625 0.38616071406249997 0.6026785718750001 0.35044642812500004 0.6026785718750001 0.27008928593750003 0.5647321421875 0.24107142812500001 0.5111607140625 0.2455357140625
2 0.493303571875 0.0267857140625 0.45089285781250005 0.0825892859375 0.45089285781250005 0.149553571875 0.475446428125 0.1875 0.5089285718750001 0.1897321421875 0.5580357140625 0.13616071406250002 0.5625 0.078125 0.5379464281249999 0.0357142859375 0.493303571875 0.0267857140625
2 0.39732142812500004 0.421875 0.40178571406249997 0.44866071406249997 0.44196428593750003 0.46651785781250005 0.47321428593750003 0.412946428125 0.459821428125 0.3772321421875 0.42633928593750003 0.36607142812500004 0.39732142812500004 0.421875
2 0.45535714218749995 0.484375 0.46875 0.5245535718750001 0.49553571406249997 0.5290178578125 0.53125 0.493303571875 0.5178571421875 0.43973214218749995 0.49776785781250005 0.428571428125 0.45535714218749995 0.484375
2 0.43973214218749995 0.5892857140625 0.39732142812500004 0.6495535718750001 0.42633928593750003 0.7053571421875 0.45535714218749995 0.703125 0.48214285781250005 0.6674107140625 0.48214285781250005 0.6183035718750001 0.46651785781250005 0.59375 0.43973214218749995 0.5892857140625
2 0.3102678578125 0.5401785718750001 0.28571428593750003 0.5647321421875 0.27678571406249997 0.609375 0.30580357187499996 0.6517857140625 0.33928571406249997 0.6540178578125 0.37053571406249997 0.6227678578125 0.375 0.578125 0.3459821421875 0.5446428578125 0.3102678578125 0.5401785718750001
2 0.2522321421875 0.3125 0.2232142859375 0.35044642812500004 0.2321428578125 0.39508928593750003 0.2522321421875 0.41964285781250005 0.2946428578125 0.421875 0.32142857187499996 0.40401785781250005 0.3258928578125 0.359375 0.296875 0.32142857187499996 0.2522321421875 0.3125
2 0.2477678578125 0.8616071421875 0.2053571421875 0.9040178578125 0.2053571421875 0.9977678578125 0.2946428578125 0.9977678578125 0.3125 0.953125 0.30803571406249997 0.8995535718750001 0.27008928593750003 0.8616071421875 0.2477678578125 0.8616071421875
2 0 0.8995535718750001 0.0133928578125 0.8995535718750001 0.0357142859375 0.8727678578125 0.0357142859375 0.8370535718750001 0.0022321421875000002 0.8035714281249999 0 0.8995535718750001
2 0.12053571406250001 0.9977678578125 0.19196428593749998 0.9977678578125 0.19196428593749998 0.9263392859374999 0.171875 0.9107142859374999 0.131696428125 0.9151785718750001 0.12053571406250001 0.9977678578125
2 0.1109375 0.67578125 0.14375 0.203125
2 0.4890625 0.96171875 0.1890625 0.0765625