0 0.3234375 0.61328125 0.1828125 0.20625
0 0.50859375 0.6390625 0.1546875 0.1640625
0 0.58671875 0.4046875 0.1734375 0.1890625
0 0.48828125 0.259375 0.153125 0.1734375
0 0.25625 0.2078125 0.1265625 0.15
0 0.02734375 0.528125 0.0546875 0.175
0 0.46953125 0.00859375 0.0734375 0.0171875
0 0.6796875 0.05703125 0.14375 0.1140625
0 0.81875 0.55390625 0.225 0.2328125
0 0.83515625 0.75390625 0.1578125 0.1765625
0 0.76875 0.86953125 0.11875 0.1234375
0 0.67890625 0.86953125 0.1453125 0.153125
0 0.23359375 0.96796875 0.1078125 0.0640625