2 0.75234375 0.75703125 0.09453125 0.134375
2 0.80703125 0.6421875 0.08125 0.13125
2 0.97109375 0.85078125 0.0578125 0.0984375
2 0.64765625 0.82265625 0.0953125 0.134375
2 0.47421875 0.89765625 0.09921875 0.125
2 0.409375 0.5765625 0.1125 0.13984375
2 0.303125 0.4546875 0.09609375 0.184375
2 0.4140625 0.2109375 0.10625 0.15234375
2 0.82578125 0.22265625 0.0796875 0.12734375
2 0.9203125 0.25703125 0.0890625 0.115625
2 0.93671875 0.14453125 0.08203125 0.10078125
2 0.31875 0.1453125 0.10078125 0.134375
2 0.071875 0.07734375 0.084375 0.11875
2 0.6984375 0.97890625 0.08125 0.04140625
2 0.10390625 0.0171875 0.0890625 0.03359375