2 0.89921875 0.51640625 0.08046875 0.09921875
2 0.8359375 0.4453125 0.084375 0.10859375
2 0.9171875 0.25078125 0.09296875 0.134375
2 0.76796875 0.35 0.08828125 0.11484375
2 0.58671875 0.47265625 0.10703125 0.15546875
2 0.546875 0.83046875 0.084375 0.10859375
2 0.59921875 0.91328125 0.08515625 0.1078125
2 0.4796875 0.928125 0.15625 0.14375
2 0.15625 0.953125 0.07265625 0.09296875
2 0.07109375 0.81484375 0.1 0.1296875
2 0.21796875 0.71171875 0.07734375 0.128125
2 0.209375 0.5859375 0.09140625 0.1265625
2 0.30390625 0.56171875 0.10859375 0.15859375
2 0.2421875 0.47578125 0.078125 0.10625
2 0.18359375 0.26328125 0.0921875 0.125
2 0.13046875 0.1359375 0.11640625 0.178125
2 0.32109375 0.10625 0.0890625 0.115625
2 0.3984375 0.0734375 0.0765625 0.1109375
2 0.57421875 0.18125 0.128125 0.1546875
2 0.65234375 0.253125 0.0828125 0.1078125
2 0.61484375 0.0703125 0.0703125 0.0921875
2 0.5421875 0.05546875 0.09453125 0.1109375
2 0.2328125 0.040625 0.07578125 0.08046875
2 0.17109375 0.040625 0.075 0.07421875
2 0.01953125 0.2921875 0.03828125 0.14609375
2 0.12734375 0.01796875 0.07109375 0.03515625
2 0.8046875 0.05859375 0.128125 0.11640625