2 0.60869228125 1 0.61584633125 0.95810335625 0.6001229546875 0.9305491796875 0.567748853125 0.9276857203125 0.5427625890625001 0.949176725 0.5317242078125 1 0.60869228125 1
2 0.520533503125 1 0.5283638765625 0.986686653125 0.4991691328125 0.9443975078125 0.45014430625 0.9662247671875 0.437179209375 1 0.520533503125 1
2 0.5683399437500001 0.8514022625000001 0.5407654125 0.8360354937500001 0.4968764125 0.86939800625 0.4933811515625 0.915875275 0.5244916515625 0.946945065625 0.568064753125 0.9206341374999999 0.5776638937499999 0.8956275187499999 0.5683399437500001 0.8514022625000001
2 0.4876135265625 0.9184431890625 0.487909071875 0.8803014593749999 0.4664180671875 0.8553151953125001 0.42316086718749996 0.8745745406250001 0.4061942421875 0.9063168421875 0.4139183359375 0.95470986875 0.436041140625 0.9655929671875001 0.47064690000000003 0.9501854906249999 0.4876135265625 0.9184431890625
2 0.31900733125 0.8967584109375 0.29820919218749997 0.9509394171875 0.3799647296875 0.9871043265624999 0.4042988390625 0.9486263421875 0.402026471875 0.9047169859374999 0.35392899375 0.87429935 0.31900733125 0.8967584109375
2 0.1699356765625 0.8490989578124999 0.1478535796875 0.9003961515625001 0.221589478125 0.9263097625000001 0.2391879046875 0.88046429375 0.22763229843750002 0.854509975 0.20005776718749999 0.8391432062499999 0.1699356765625 0.8490989578124999
2 0.8402732546875 1 0.8556001578125001 0.9688439734375001 0.8325092953125001 0.948025478125 0.7892520968750001 0.9672848249999999 0.7727904984375 1 0.8402732546875 1
2 0.7389454875 1 0.7341233875000001 0.967641434375 0.6950136015624999 0.9574104921875 0.6642597125 0.9814694093749999 0.6594121937499999 1 0.7389454875 1
2 0.8176318484375 0.7438658234375 0.8099077546875 0.6954727984375 0.7823332234375 0.6801060296875 0.7374761671875001 0.7035331453125 0.717309828125 0.7436109875 0.730801546875 0.7894361 0.76285975 0.7993511421874999 0.7916978828125 0.7865115765625 0.8176318484375 0.7438658234375
2 0.5468082328125 0.7642357078125 0.5416520515625 0.7216103078125 0.497406440625 0.6998441125 0.4672843515625 0.7097998640625 0.4429502421875 0.748277846875 0.4548421046875 0.7982707296875 0.4811326796875 0.810753684375 0.5183063531250001 0.801113834375 0.5468082328125 0.7642357078125
2 0.5989717078125001 0.6408024703125 0.5845119328124999 0.5850419609374999 0.5569374015624999 0.56967519375 0.5136802015625 0.5889345406250001 0.489050546875 0.6655542515625 0.49900629687500003 0.6956763421875001 0.5336324125 0.7113590125 0.5740058 0.693383621875 0.5989717078125001 0.6408024703125
2 0.645051659375 0.52698873125 0.585459634375 0.5638872140625 0.6073072484375001 0.644002184375 0.6444809203124999 0.634362334375 0.6640154593750001 0.6083876593750001 0.6732783453125 0.5593424796875001 0.645051659375 0.52698873125
2 0.498313434375 0.616509071875 0.4864215703125 0.5665161890625 0.4505114984375 0.5479497062500001 0.40148667343750005 0.569776965625 0.37492090624999996 0.626525884375 0.3961163640625 0.689653878125 0.428174565625 0.6995689203125 0.468547953125 0.68159353125 0.498313434375 0.616509071875
2 0.24532272656249998 0.459621321875 0.1885941609375 0.4641457 0.1543246546875 0.5035917390625 0.1492295390625 0.554236778125 0.1803400390625 0.58530656875 0.24378393125 0.557059528125 0.26361401562500003 0.49294312500000004 0.24532272656249998 0.459621321875
2 0.30424223906250003 0.3746457140625 0.2942864890625 0.344523625 0.26511209999999996 0.3333246265625 0.231790296875 0.3516159171875 0.215791728125 0.39329361406249996 0.228315390625 0.42918333124999997 0.2562058234375 0.4374985171875 0.2866438140625 0.42049118124999996 0.30424223906250003 0.3746457140625
2 0 0.48439956874999995 0.01072508125 0.491506103125 0.046930696875 0.47193085625000003 0.06869689375 0.427685246875 0.06097280000000001 0.379292221875 0.025062728125 0.3607257390625 0 0.416389653125 0 0.48439956874999995
2 0.1488835125 0.025704300000000003 0.1076031328125 0.12701473125 0.1242742125 0.1334141578125 0.1720150828125 0.1087030859375 0.18641379375 0.07119315937500001 0.17645804375000002 0.04107106875 0.1488835125 0.025704300000000003
2 0.36112387031250004 0.1143485859375 0.34860020625 0.0784588703125 0.3152580484375 0.065660015625 0.27360070625 0.08075159062500001 0.2534343671875 0.1208294328125 0.2601904046875 0.1592870609375 0.2932166609375 0.1791375 0.3435254453125 0.1601940546875 0.36112387031250004 0.1143485859375
2 0.5581652187499999 0 0.584797709375 0.04240631875 0.64087411875 0.0208949578125 0.586440890625 0 0.5581652187499999 0
2 0.7798369578125001 0.294205071875 0.83591336875 0.2726937125 0.8380839625000001 0.16115233906249998 0.75222171875 0.2166580125 0.7512943703125 0.26890290625 0.7798369578125001 0.294205071875
2 0.8643745375 0.17363529375 0.8804341687499999 0.225228034375 0.9083246015625001 0.23354321875 0.9624649 0.19216106718749998 0.9726958421875 0.1530512828125 0.9021596578125 0.11880213125000001 0.8643745375 0.17363529375
2 0.9294484125 0.67680454375 0.9134498437499999 0.7184822421875 0.9323932890625001 0.7687910234374999 0.9759053281250001 0.6492096578125001 0.9294484125 0.67680454375
2 0.101876215625 0.1917629359375 0.114736134375 0.251691215625 0.1342910265625 0.2568066875 0.2217327734375 0.1660430984375 0.17169918281250002 0.1157546703125 0.11947464062499999 0.14591746875 0.101876215625 0.1917629359375
2 0.51640625 0.25546875 0.225 0.2703125
2 0.89765625 0.4609375 0.2046875 0.221875
2 0.32421875 0.78515625 0.209375 0.2