2 0.81640625 0.86015625 0.1765625 0.2015625
2 0.728125 0.94140625 0.228125 0.1171875
2 0.721875 0.8828125 0.1953125 0.2171875
2 0.80546875 0.46953125 0.159375 0.1625
2 0.71328125 0.34765625 0.159375 0.165625
2 0.69765625 0.47734375 0.1875 0.2
2 0.61484375 0.4171875 0.203125 0.21875
2 0.621875 0.92421875 0.1625 0.1515625
2 0.36875 0.5578125 0.175 0.190625
2 0.28515625 0.4984375 0.203125 0.2171875
2 0.34921875 0.01953125 0.1765625 0.0390625
2 0.90703125 0.28046875 0.1859375 0.2796875
2 0.62109375 0.6484375 0.2265625 0.23125