2 0.791204071875 0.54001321875 0.8078595234374999 0.58478556875 0.8531621625 0.5892994421875 0.90185020625 0.559836334375 0.91550069375 0.4846491734375 0.89048356875 0.4443228046875 0.8479681546875 0.4383269375 0.8022440984375001 0.473364490625 0.791204071875 0.54001321875
2 0.7482941546874999 0.40551940468750003 0.7747932750000001 0.4486329984375 0.8059830296875001 0.453500396875 0.8405581874999999 0.424390815625 0.8525499203125 0.3393599890625 0.83346076875 0.31018251406249997 0.8020942515625 0.298258675 0.7619446453125 0.3303322421875 0.7482941546874999 0.40551940468750003
2 0.720095303125 0.23817707968750002 0.7607073062499999 0.2809371484375 0.7844870921875 0.27186842499999997 0.8073830671875 0.22751749375000002 0.7833176468749999 0.1688090203125 0.764758784375 0.160800875 0.72887839375 0.19417967187500002 0.720095303125 0.23817707968750002
2 0.6334057203125 0.2163416796875 0.6599048375 0.259455275 0.721047009375 0.219794978125 0.7272196375 0.18433600625 0.7094357171875 0.15088931562500002 0.6754587375 0.147503909375 0.647763259375 0.1693802875 0.6334057203125 0.2163416796875
2 0.6729302296874999 0.38481247343749997 0.7083892031250001 0.3909851015625 0.730510234375 0.37207271406250003 0.7419037859375 0.3195368703125 0.725778621875 0.2959338453125 0.693106875 0.2882792234375 0.6641061625 0.31442481718750004 0.6729302296874999 0.38481247343749997
2 0.6681038109374999 0.5303872921874999 0.68013651875 0.559741528125 0.7531346375 0.542379025 0.761917728125 0.49838161718749996 0.7385593593750001 0.4678989140625 0.7144260453125 0.4628547515625 0.6798508875 0.49196433281249996 0.6681038109374999 0.5303872921874999
2 0.663100625 0.66890566875 0.6912585015625 0.7218629296875 0.745099575 0.7289872625 0.7947393234375 0.68114205625 0.80482764375 0.63287543125 0.7777982390625 0.5685925109375 0.716900721875 0.5616449390625 0.6823255640625 0.5907545187500001 0.663100625 0.66890566875
2 0.81442665625 0.67782454375 0.8376082625000001 0.70125080625 0.8768061656249999 0.687559340625 0.894481215625 0.660285278125 0.8759902453124999 0.5986128203125001 0.8518569328125001 0.593568659375 0.819892234375 0.6141398046875 0.81442665625 0.67782454375
2 0.2596999296875 0.29348729375 0.27766061406250003 0.3339904265625 0.3173888046875 0.3414682859375 0.35492795 0.3179331546875 0.3705907203125 0.266702540625 0.3481840546875 0.21783773593750003 0.311243090625 0.20887788281250003 0.2779731609375 0.233718246875 0.2596999296875 0.29348729375
2 0.296844575 0.1414542140625 0.307925578125 0.1891905515625 0.34504330625 0.205206846875 0.3736904921875 0.16494836875000002 0.3581635078125 0.1088503578125 0.335335425 0.0995369796875 0.31025040625 0.11287492031249999 0.296844575 0.1414542140625
2 0.1033438015625 0.5911361687500001 0.12095096093749999 0.6175264171875 0.1606791515625 0.6250042765625 0.19098509218749998 0.594589465625 0.19514543906249998 0.53517394375 0.1747510578125 0.5102656875 0.13519963125 0.5098442703125 0.1104681375 0.5372950953125 0.1033438015625 0.5911361687500001
2 0.19476500000000002 0.6891104359375 0.21830013125 0.7266495796875 0.253759103125 0.7328222109375 0.2883342625 0.703712628125 0.3066074953125 0.6439435812500001 0.2799316125 0.593773546875 0.23889819218750002 0.590564903125 0.1966684109375 0.65234623125 0.19476500000000002 0.6891104359375
2 0.11041430625 0.8733938437500001 0.1083341328125 0.9031016062500001 0.23065945000000002 0.9381660765625 0.24169947656250002 0.8715173484375001 0.21798758437500002 0.8269217609374999 0.1738134140625 0.811082228125 0.15003362656250002 0.8201509515625001 0.11041430625 0.8733938437500001
2 0.309299909375 0.864175275 0.32987105625 0.896139971875 0.35121714375 0.902666125 0.3887562890625 0.8791309937499999 0.405724290625 0.8236311640625 0.3922095875 0.7914897046875 0.36084307031249996 0.7795658640625 0.3193882328125 0.8159086484375001 0.309299909375 0.864175275
2 0.5853064015625 1 0.5704292375 0.9720201218750001 0.5193753890624999 0.96341379375 0.49887373437500004 1 0.5853064015625 1
2 0.7004466453125 1 0.7063371515625 0.9855617421874999 0.6707693109374999 0.918668359375 0.6215509796875 0.9269621390625 0.5947393140624999 0.984120725 0.5989227875 1 0.7004466453125 1
2 0.677295465625 0.8973222703125 0.700830596875 0.9348614171875 0.7474384656249999 0.9351060718750001 0.7846240875 0.89745805625 0.7963711640625 0.859035096875 0.785113396875 0.8042423187500001 0.735718303125 0.80547965625 0.6981791578125 0.8290147875 0.677295465625 0.8973222703125
2 0.7686077921875001 0.934575784375 0.78787370625 0.9708096984375001 0.8276018953125 0.9782875578124999 0.8789004 0.94028601875 0.8496140578125001 0.8986544171874999 0.8182475406249999 0.8867305765625 0.7807083953125 0.9102657093750001 0.7686077921875001 0.934575784375
2 0.22265625 0.2421875 0.178125 0.2
2 0.54296875 0.05078125 0.1234375 0.1015625
2 0.9703125 0.3890625 0.059375 0.20625
2 0.56875 0.69921875 0.215625 0.2390625
2 0.0625 0.6734375 0.125 0.2125