2 0.8568234640625001 0.247316225 0.8651299015625 0.2744853609375 0.8948178703125 0.285214615625 0.9424455953124999 0.25744950625 0.96624994375 0.18415252499999998 0.9219679718749999 0.158079325 0.8906071265625 0.174269225 0.8568234640625001 0.247316225
2 0.7396674875 0.2204161015625 0.7553574281250001 0.2717355796875 0.7868912703125 0.2885024203125 0.8486900234375 0.25310383125 0.8722443890625 0.189786165625 0.8493439468749999 0.1472730859375 0.8126954578125 0.1353709125 0.7692594421875001 0.1552525625 0.7396674875 0.2204161015625
2 0.625953284375 0.215570465625 0.641643221875 0.26688994374999997 0.689193965625 0.2820608890625 0.724746521875 0.25798753125 0.749300809375 0.15475260156249998 0.7168440296874999 0.13496696875 0.6592369875 0.16248209687499998 0.625953284375 0.215570465625
2 0.43071264375 0.1168152921875 0.44799847656249997 0.1841516703125 0.489511634375 0.20116849218750002 0.5371393624999999 0.1734033828125 0.564635459375 0.112181571875 0.5480225828124999 0.057843303125 0.5095282171875 0.03990354375 0.4561128859375 0.059535212500000004 0.43071264375 0.1168152921875
2 0.4613598328125 0 0.47564853906250004 0.037057748437499996 0.532755621875 0.02950125 0.548441715625 0 0.4613598328125 0
2 0.7273804015625001 0.4717448734375 0.74566615625 0.4991639890625 0.7948897781250001 0.4874157796875 0.80981074375 0.44984435312500004 0.79873549375 0.41361883906249997 0.782045634375 0.402216625 0.744647203125 0.42025239843750006 0.7273804015625001 0.4717448734375
2 0.4180795609375 0.3022305828125 0.4282318734375 0.3354373046875 0.4718408890625 0.3485123953125 0.5032017328125 0.3323224953125 0.52885195625 0.2650631015625 0.5196225796875 0.234875171875 0.48297408906249994 0.222973 0.44347980312499996 0.24495050312500002 0.4180795609375 0.3022305828125
2 0.6435652265625 0.7482429390625 0.669061484375 0.76685565625 0.7083057890625 0.7548574671875 0.72691850625 0.729361209375 0.7339560125 0.687598071875 0.7147473203125 0.6571601640625 0.6583131953125 0.6777147703125 0.6415463531250001 0.7092486140625 0.6435652265625 0.7482429390625
2 0.41905959531250003 0.661735934375 0.43290365781249995 0.707017825 0.4625916265625 0.7177470796875001 0.5162569390625 0.6881360953125 0.531427884375 0.6405853515625 0.520352634375 0.6043598390625 0.49183758437499997 0.586670059375 0.44655569218749996 0.6005141234375 0.41905959531250003 0.661735934375
2 0.343358828125 0.813617540625 0.355856978125 0.8329032140624999 0.4187516640625 0.8334801578125001 0.44205605156249994 0.7801418078125 0.42334732031250005 0.72974526875 0.3987740015625 0.71415134375 0.355337984375 0.7340329953125 0.343358828125 0.813617540625
2 0.22016526875000003 0.78856329375 0.23979693750000003 0.841978625 0.26948490468749997 0.8527078828124999 0.3147667953125 0.8388638171875 0.335725346875 0.799446515625 0.32774587187500004 0.7193620093749999 0.28925150624999996 0.7014222484375 0.24766136562500002 0.7273414828125 0.22016526875000003 0.78856329375
2 0.186016578125 0.6768679609375 0.22518390156249998 0.7078058296874999 0.27725331875000003 0.6621779437499999 0.2648321515625 0.5999562125 0.21099384375 0.59661045625 0.1779601203125 0.6397195109375 0.186016578125 0.6768679609375
2 0 0.43201572187500004 0.03813465 0.441498140625 0.0797247921875 0.41557890625000005 0.1135084546875 0.3425319046875 0.0987414546875 0.29423122031250004 0.053286565625000004 0.27511854375 0 0.393764471875 0 0.43201572187500004
2 0.884375 0.15625 0.0859375 0.065625
2 0.14765625 0.459375 0.1921875 0.2234375
2 0.57890625 0.44453125 0.20625 0.2203125
2 0.346875 0.11171875 0.209375 0.2234375
2 0.7515625 0.97890625 0.109375 0.0421875
2 0.90625 0.584375 0.1796875 0.2078125