2 0 0.7257508500000001 0.0084826109375 0.7478488078125001 0.0481346203125 0.763059634375 0.10097268749999999 0.71572650625 0.1236844375 0.642763353125 0.09403365625 0.5831376703125 0.044171434375 0.5853714250000001 0.0180946625 0.6055252953125 0 0.6523272515625 0 0.7257508500000001
2 0.20159063281249998 0.7312038875 0.1723866046875 0.6815506484375 0.1417847515625 0.6899162859375 0.11228538437499999 0.7451970890624999 0.139853821875 0.8698670375 0.1811126375 0.8540292624999999 0.20063956093750002 0.7991952109375 0.20159063281249998 0.7312038875
2 0.441433621875 0.642518103125 0.4104138046875 0.596943190625 0.358944775 0.630225546875 0.34531196875000003 0.682797059375 0.356624665625 0.7122676421875 0.38993580781250003 0.719768565625 0.42780081562500005 0.6950896156249999 0.441433621875 0.642518103125
2 0.469002059375 0.76718805 0.462005459375 0.7225354265624999 0.44161381874999994 0.7134564828125 0.4096429296875 0.73587289375 0.3951166203125 0.7684995171875 0.40461352812499995 0.8020484281250001 0.422058109375 0.8122586406250001 0.45221321249999996 0.7939205578124999 0.469002059375 0.76718805
2 0.56291874375 0.6330787640625 0.5418713703125 0.587057103125 0.47682710625 0.5849747609375 0.45185281718750003 0.6520437953125 0.465874803125 0.6973809390625 0.499632696875 0.7148543078125 0.5488391859374999 0.6756778328124999 0.56291874375 0.6330787640625
2 0.6498463125 0.7890638703125 0.6287989390625001 0.743042209375 0.5966190671875 0.73848834375 0.5628323875000001 0.7649830828125 0.541489675 0.8238954625 0.553249121875 0.8633384906250001 0.594716921875 0.8744709890625 0.6303193890625 0.8438979218749999 0.6498463125 0.7890638703125
2 0.5045970421875 0.40186796718749995 0.47991809218750003 0.36400296249999997 0.45544812500000004 0.35310823125 0.3980849796875 0.3886531265625 0.38400542187500003 0.43125219374999996 0.3989209109375 0.4965342265625 0.4403887078125 0.5076667265625 0.4764379265625 0.4870661046875 0.5045970421875 0.40186796718749995
2 0.3252732390625 0.4808478625 0.302172309375 0.455902359375 0.26022897500000003 0.4787655203125 0.2475184546875 0.507313815625 0.2687748109375 0.5803057546875 0.3005079328125 0.574887175 0.3300073015625 0.5196063718749999 0.3252732390625 0.4808478625
2 0.5165366875 0.5122493765625 0.5634518515625 0.5111468921875 0.5920289328125 0.47988930625000004 0.5959270625 0.4107667140625 0.546540378125 0.37900480625 0.5075441015625 0.40073670000000006 0.45544812500000004 0.35310823125 0.41713636718749997 0.3678147359375 0.38400542187500003 0.43125219374999996 0.3862391765625 0.48111441718750003 0.4029992390625 0.498350015625 0.46101811562500006 0.4997478390625 0.488463928125 0.46554319531250005 0.5165366875 0.5122493765625
2 0.6542700671875 0.2632623890625 0.6110152640625001 0.21224011250000002 0.55275861875 0.22784011875000001 0.5241815359374999 0.2590977046875 0.5101019796874999 0.301696771875 0.52683325625 0.362900478125 0.5909552328125 0.3890060359375 0.6270044515625 0.3684054140625 0.6542700671875 0.2632623890625
2 0.4485090953125 0.22051939375 0.436065128125 0.188101753125 0.39549083125 0.1969141421875 0.386383103125 0.26127388749999997 0.40790601249999997 0.27329988906249997 0.43035120937500004 0.2613026734375 0.4485090953125 0.22051939375
2 0.3837025984375 0.201439221875 0.3635775125 0.13139434218749999 0.3005868046875 0.108235840625 0.259090221875 0.1410714484375 0.2191428734375 0.2307946625 0.2340583609375 0.29607669375 0.28186702656249996 0.3149191 0.35464998125 0.2666924671875 0.3837025984375 0.201439221875
2 0.15504968125000002 0.16072099687500002 0.12489457968749999 0.17905907968749998 0.112630809375 0.21757982031249998 0.128021834375 0.24886619062499998 0.17380572968750002 0.24481665000000002 0.18133543593749998 0.16753740156250002 0.15504968125000002 0.16072099687500002
2 0.422770609375 0 0.4151041125 0.0101757734375 0.42436325156250004 0.060722514062499997 0.4440703734375 0.07682684375 0.47374993906249996 0.09248442343749999 0.506167578125 0.08004045625 0.5451926406250001 0.014340457812499999 0.5396878546874999 0 0.422770609375 0
2 0.6133929453125 0.04226180625 0.570347128125 0.018209803125 0.543823603125 0.02839123125 0.5238499296875 0.0732528375 0.5423969953125 0.13037821562500002 0.5886276390625 0.136301115625 0.6185737578125 0.0909927578125 0.6133929453125 0.04226180625
2 1 0.3672832921875 0.9907752984375 0.3471127890625 0.908048684375 0.351818065625 0.8916778015625001 0.43249112343749996 0.91340969375 0.4714873984375 0.9614561281249999 0.473331971875 0.9995589015625 0.4316551921875 1 0.43026969375 1 0.3672832921875
2 0.872064521875 0.6192294921875 0.8510171484375 0.5732078281249999 0.7950230421875 0.594701953125 0.7804967328125 0.627328575 0.7945187203125 0.67266571875 0.826014075 0.6842449703125 0.8484592703124999 0.6722477546875 0.872064521875 0.6192294921875
2 1 0.175296203125 0.9501071624999999 0.15308248124999999 0.92715764375 0.24304346406250002 0.946626996875 0.27614562343750004 1 0.277431515625 1 0.175296203125
2 0.753125 0.42109375 0.2203125 0.2171875