2 0.765625 0.5580357140625 0.7410714281249999 0.5959821421875 0.7455357140625 0.6227678578125 0.7700892859375 0.65625 0.7991071421875 0.6584821421875 0.8169642859374999 0.6450892859375 0.8214285718750001 0.5915178578125 0.8013392859374999 0.5625 0.765625 0.5580357140625
2 0.7165178578125 0.6160714281249999 0.6651785718750001 0.6450892859375 0.6517857140625 0.7165178578125 0.6941964281249999 0.78125 0.7276785718750001 0.7879464281249999 0.7678571421875 0.7611607140625 0.78125 0.6897321421875 0.7544642859375 0.6361607140625 0.7165178578125 0.6160714281249999
2 0.49776785781250005 0.71875 0.46875 0.7477678578125 0.46428571406249997 0.8102678578125 0.48883928593750003 0.8526785718750001 0.5223214281249999 0.8549107140625001 0.5535714281249999 0.828125 0.5625 0.7566964281249999 0.546875 0.7276785718750001 0.49776785781250005 0.71875
2 0.446428571875 0.6361607140625 0.44196428593750003 0.6763392859375 0.462053571875 0.7053571421875 0.48660714218749995 0.7075892859375 0.5133928578125 0.6808035718750001 0.5133928578125 0.6361607140625 0.47098214218749995 0.6116071421875 0.446428571875 0.6361607140625
2 0.38169642812500004 0.48660714218749995 0.34821428593750003 0.515625 0.34375 0.5825892859375 0.36383928593750003 0.6205357140625 0.41071428593750003 0.6272321421875 0.446428571875 0.5870535718750001 0.446428571875 0.5290178578125 0.40848214218749995 0.48660714218749995 0.38169642812500004 0.48660714218749995
2 0.45535714218749995 0.42633928593750003 0.475446428125 0.45089285781250005 0.5089285718750001 0.44866071406249997 0.5267857140625 0.38616071406249997 0.484375 0.3571428578125 0.459821428125 0.38616071406249997 0.45535714218749995 0.42633928593750003
2 0.390625 0.28571428593750003 0.35267857187499996 0.32366071406249997 0.34821428593750003 0.3727678578125 0.36383928593750003 0.40178571406249997 0.40178571406249997 0.41741071406249997 0.43303571406249997 0.38616071406249997 0.4375 0.3415178578125 0.415178571875 0.29241071406249997 0.390625 0.28571428593750003
2 0.5245535718750001 0.19196428593749998 0.5 0.2209821421875 0.5 0.27008928593750003 0.5245535718750001 0.30357142812500004 0.5535714281249999 0.30133928593750003 0.5758928578125 0.27455357187499996 0.5758928578125 0.22544642812500001 0.5513392859375 0.19196428593749998 0.5245535718750001 0.19196428593749998
2 0.5982142859375 0.16741071406250002 0.59375 0.2165178578125 0.6183035718750001 0.25 0.65625 0.2522321421875 0.6830357140625 0.22544642812500001 0.6875 0.171875 0.6495535718750001 0.1383928578125 0.5982142859375 0.16741071406250002
2 0.5870535718750001 0.0133928578125 0.5446428578125 0.0513392859375 0.5401785718750001 0.109375 0.5691964281249999 0.15178571406250002 0.6026785718750001 0.1540178578125 0.6428571421875 0.1272321421875 0.6517857140625 0.0825892859375 0.6339285718750001 0.0424107140625 0.5870535718750001 0.0133928578125
2 0.29241071406249997 0.3616071421875 0.2633928578125 0.39508928593750003 0.2633928578125 0.453125 0.28794642812500004 0.48660714218749995 0.3125 0.48883928593750003 0.34821428593750003 0.46651785781250005 0.3571428578125 0.40401785781250005 0.328125 0.36607142812500004 0.29241071406249997 0.3616071421875
2 0.24330357187499999 0.477678571875 0.21875 0.5022321421875 0.20982142812500001 0.578125 0.2477678578125 0.6339285718750001 0.27678571406249997 0.6316964281249999 0.30357142812500004 0.5959821421875 0.30803571406249997 0.546875 0.28571428593750003 0.493303571875 0.24330357187499999 0.477678571875
2 0.2991071421875 0.9486607140625001 0.30803571406249997 0.9977678578125 0.37053571406249997 0.9977678578125 0.38392857187499996 0.9754464281249999 0.37053571406249997 0.921875 0.31919642812500004 0.9151785718750001 0.2991071421875 0.9486607140625001
2 0.0580357140625 0.9754464281249999 0.060267857812500006 1 0.15625 0.9977678578125 0.15625 0.9397321421875 0.1272321421875 0.9151785718750001 0.100446428125 0.9196428578125 0.0580357140625 0.9754464281249999
2 0.0022321421875000002 0.5357142859375 0 0.7075892859375 0.022321428125 0.7120535718750001 0.071428571875 0.6629464281249999 0.071428571875 0.6049107140625 0.0580357140625 0.5691964281249999 0.0022321421875000002 0.5357142859375
2 0.180803571875 0.38392857187499996 0.16071428593749998 0.421875 0.1696428578125 0.46651785781250005 0.2008928578125 0.48883928593750003 0.24107142812500001 0.45758928593750003 0.24107142812500001 0.40848214218749995 0.2165178578125 0.37946428593750003 0.180803571875 0.38392857187499996
2 0 0.194196428125 0.053571428125 0.2075892859375 0.084821428125 0.16741071406250002 0.084821428125 0.10491071406250001 0.0334821421875 0.0758928578125 0 0.0959821421875 0 0.194196428125
2 0 0.9933035718750001 0.022321428125 0.9977678578125 0.053571428125 0.9709821421875 0.0669642859375 0.9040178578125 0.0022321421875000002 0.8482142859374999 0 0.9933035718750001
2 0.1140625 0.35 0.1171875 0.16328125
2 0.91015625 0.82265625 0.15859375 0.1953125
2 0.85859375 0.13046875 0.20234375 0.19609375