1 0.83046875 0.27109375 0.109375 0.1703125
1 0.9078125 0.4390625 0.109375 0.1390625
1 0.928125 0.0765625 0.1 0.134375
1 0.93984375 0.834375 0.1109375 0.1515625
1 0.61328125 0.83671875 0.128125 0.171875
1 0.59375 0.709375 0.115625 0.1140625
1 0.37421875 0.52421875 0.1265625 0.1453125
1 0.53125 0.33125 0.0984375 0.134375
1 0.3015625 0.4078125 0.1046875 0.134375
1 0.18671875 0.4671875 0.11875 0.15
1 0.053125 0.84140625 0.10625 0.1421875
1 0.3875 0.02734375 0.109375 0.0546875
1 0.07734375 0.03515625 0.0984375 0.0703125