2 0.8796723859375 0.232801278125 0.8807756812499999 0.20031952031250003 0.8450655406250001 0.167814475 0.81797218125 0.206776284375 0.8563765218749999 0.25931388125 0.8796723859375 0.232801278125
2 0.5850950390625 0.343055290625 0.620270996875 0.3641911375 0.6527643999999999 0.346887715625 0.6598252062500001 0.3106201046875 0.63820175 0.26079999374999996 0.6078916515625 0.249953334375 0.5813557609375 0.26347090624999997 0.571043284375 0.3051502015625 0.5850950390625 0.343055290625
2 0.5509525156249999 0.39987799062499996 0.5726109015625 0.3944779484375 0.5807517171875001 0.362542015625 0.57211165 0.327888596875 0.5504649078125 0.31488192187499997 0.520131521875 0.3408486984375 0.5244399125 0.3765821265625 0.5509525156249999 0.39987799062499996
2 0.43672635625 0.3938506171875 0.47190231562499996 0.414986465625 0.4978923796875 0.40850641562499995 0.5179598609375 0.35059206249999997 0.495256396875 0.2964402734375 0.45953461406249996 0.282341946875 0.42758703750000004 0.2926078484375 0.41835456875 0.3386188203125 0.43672635625 0.3938506171875
2 0.5660144171875 0.5525550625 0.60174784375 0.5482466734375 0.59583690625 0.47840565156250003 0.5525434203125 0.4523923015625 0.5276217203125 0.48161074687500005 0.5395018125 0.5292591984375 0.5660144171875 0.5525550625
2 0.4149049609375 0.656944709375 0.4392575484375 0.6715772203125 0.46689673281250005 0.625577890625 0.4355299140625 0.57358611875 0.41116568437499995 0.5773603265625 0.3997732 0.6147079453125001 0.4149049609375 0.656944709375
2 0.6790324875 0.7567246546875 0.7207117843749999 0.7670371312500001 0.757014325 0.7188777843749999 0.740802553125 0.6723093421875 0.7083324390625 0.652799328125 0.675304853125 0.6587335546875 0.655249015625 0.6982411890625 0.6790324875 0.7567246546875
2 0.24493611093749998 0.6211064921875 0.28011206718750004 0.6422423390625001 0.316402965625 0.6124897093749999 0.3045345140625 0.5464345421875 0.27531606875 0.52151284375 0.25095183906249996 0.5252870515625 0.23088435624999998 0.583201403125 0.24493611093749998 0.6211064921875
2 0.11389413749999999 0.6675817859375 0.1609734765625 0.6995526484375 0.1853493484375 0.6773717218749999 0.1897159578125 0.6210715609374999 0.13670239374999998 0.5560731140625 0.1080064859375 0.5609273296875 0.09552235 0.6123499890625 0.11389413749999999 0.6675817859375
2 0.5804024140624999 0.9147435515625 0.6155783703125 0.9358793999999999 0.6502317890625 0.9272393328125 0.6453892156250001 0.8801367078125001 0.5869756125000001 0.7934798734374999 0.5582797046875 0.7983340890624999 0.534972196875 0.8432534109375001 0.5804024140624999 0.9147435515625
2 0.2658055765625 0.151206825 0.2977415078125 0.159347640625 0.3297123703125 0.112268303125 0.2972771875 0.0375381359375 0.2382595375 0.0499524125 0.23337039218750003 0.076476659375 0.2658055765625 0.151206825
2 0.672401071875 0.9700219234375 0.6258559171875 0.9494202578125 0.6031058765624999 0.968895340625 0.6101317546875 0.987847884375 0.672401071875 0.9700219234375
2 0.9133273000000001 0.0909825078125 0.901388990625 0.135367646875 0.9397816875 0.2063119625 0.9133273000000001 0.0909825078125
2 0.40743805 0.47936922656250003 0.43937398125 0.48751004218749994 0.4605098296875 0.4523340828125 0.4529497703125 0.4220123421875 0.4118279453125 0.386255628125 0.3771628828125 0.4133024140625 0.37931125468750004 0.4403724859375 0.40743805 0.47936922656250003
2 0.09609375 0.73984375 0.1375 0.1875
2 0.75078125 0.596875 0.1984375 0.259375
2 0.07578125 0.16640625 0.1515625 0.1734375