2 0.890625 0.446428571875 0.8616071421875 0.47098214218749995 0.8571428578125 0.5424107140625 0.890625 0.5982142859375 0.9241071421875 0.6004464281249999 0.9553571421875 0.5691964281249999 0.9642857140625001 0.5022321421875 0.9352678578125 0.459821428125 0.890625 0.446428571875
2 1 0.27008928593750003 0.984375 0.2678571421875 0.9553571421875 0.33705357187499996 1 0.390625 1 0.27008928593750003
2 0.8526785718750001 0.180803571875 0.84375 0.234375 0.8727678578125 0.2633928578125 0.90625 0.26116071406249997 0.9330357140625001 0.2075892859375 0.9040178578125 0.165178571875 0.8816964281249999 0.16071428593749998 0.8526785718750001 0.180803571875
2 0.5535714281249999 0.2165178578125 0.5580357140625 0.265625 0.578125 0.28571428593750003 0.6026785718750001 0.2834821421875 0.6294642859375 0.22544642812500001 0.6049107140625 0.1875 0.578125 0.1875 0.5535714281249999 0.2165178578125
2 0.44866071406249997 0.40625 0.41964285781250005 0.43526785781250005 0.41071428593750003 0.5066964281249999 0.444196428125 0.5535714281249999 0.459821428125 0.5513392859375 0.5044642859375 0.5111607140625 0.5089285718750001 0.46651785781250005 0.48660714218749995 0.41741071406249997 0.44866071406249997 0.40625
2 0.30580357187499996 0.5 0.27232142812500004 0.5290178578125 0.2633928578125 0.5825892859375 0.29241071406249997 0.6294642859375 0.32142857187499996 0.6316964281249999 0.34375 0.6138392859375 0.35267857187499996 0.546875 0.34375 0.5200892859375 0.30580357187499996 0.5
2 0.171875 0.12053571406250001 0.12946428593749998 0.1584821421875 0.12053571406250001 0.19866071406250002 0.14508928593749998 0.2366071421875 0.196428571875 0.24330357187499999 0.2232142859375 0.22544642812500001 0.2321428578125 0.171875 0.21205357187499999 0.12946428593749998 0.171875 0.12053571406250001
2 0.35267857187499996 0.7075892859375 0.34375 0.7611607140625 0.3727678578125 0.7991071421875 0.39732142812500004 0.796875 0.428571428125 0.765625 0.428571428125 0.7209821421875 0.38616071406249997 0.6830357140625 0.35267857187499996 0.7075892859375
2 0.462053571875 0.7410714281249999 0.44196428593750003 0.7700892859375 0.44196428593750003 0.8191964281249999 0.48214285781250005 0.8370535718750001 0.5178571421875 0.796875 0.5178571421875 0.7611607140625 0.493303571875 0.7366071421875 0.462053571875 0.7410714281249999
2 0.40625 0.9486607140625001 0.42633928593750003 0.9776785718750001 0.446428571875 0.9754464281249999 0.46428571406249997 0.9174107140625001 0.453125 0.8973214281249999 0.41741071406249997 0.8883928578125 0.40625 0.9486607140625001
2 0.9107142859374999 0.7611607140625 0.9107142859374999 0.8058035718750001 0.9464285718750001 0.8415178578125 0.9732142859374999 0.796875 0.96875 0.765625 0.9352678578125 0.7410714281249999 0.9107142859374999 0.7611607140625
2 0.6294642859375 0.9308035718750001 0.6294642859375 0.9754464281249999 0.6651785718750001 0.9933035718750001 0.6919642859375 0.9441964281249999 0.6763392859375 0.9151785718750001 0.6495535718750001 0.9107142859374999 0.6294642859375 0.9308035718750001
2 0.89921875 0.08515625 0.1625 0.16953125
2 0.29609375 0.3734375 0.15625 0.153125
2 0.81171875 0.63828125 0.140625 0.2