2 0.15546875 0.13359375 0.1390625 0.17734375
2 0.06796875 0.3546875 0.11171875 0.14453125
2 0.1875 0.6 0.13046875 0.14375
2 0.38125 0.44921875 0.12109375 0.15546875
2 0.415625 0.33046875 0.128125 0.153125
2 0.4546875 0.2140625 0.125 0.146875
2 0.57109375 0.07890625 0.11875 0.14453125
2 0.096875 0.05703125 0.11953125 0.11328125
2 0.0234375 0.2078125 0.04609375 0.15546875
2 0.2296875 0.03125 0.1296875 0.0625
2 0.475 0.48671875 0.084375 0.10390625
2 0.4890625 0.6171875 0.14609375 0.17421875
2 0.43671875 0.7765625 0.1375 0.1890625
2 0.37734375 0.90390625 0.1421875 0.17578125
2 0.34453125 0.96953125 0.10078125 0.0609375
2 0.8125 0.2453125 0.103125 0.125
2 0.76953125 0.3359375 0.12109375 0.14296875
2 0.728125 0.46640625 0.1359375 0.16796875
2 0.7109375 0.61640625 0.11796875 0.15625
2 0.8140625 0.5359375 0.14609375 0.165625
2 0.86015625 0.6296875 0.08359375 0.09765625
2 0.83671875 0.71796875 0.1390625 0.14453125
2 0.8171875 0.8234375 0.1234375 0.1484375
2 0.5625 0.96875 0.125 0.0625
2 0.02890625 0.43671875 0.0578125 0.18203125
2 0.30390625 0.54765625 0.1203125 0.19375
2 0.590625 0.353125 0.16640625 0.21484375