0 0.73359375 0.76875 0.1546875 0.171875
0 0.8390625 0.64140625 0.109375 0.1296875
0 0.6875 0.65703125 0.1140625 0.1265625
0 0.7140625 0.50859375 0.1203125 0.134375
0 0.87578125 0.3140625 0.1140625 0.1546875
0 0.97421875 0.465625 0.0515625 0.090625
0 0.2484375 0.55 0.146875 0.1765625
0 0.4953125 0.76328125 0.075 0.084375
0 0.25390625 0.96484375 0.0828125 0.0703125
0 0.1734375 0.9046875 0.0828125 0.1015625
0 0.540625 0.20703125 0.0765625 0.0765625
0 0.76640625 0.075 0.1390625 0.15
0 0.6390625 0.0515625 0.1125 0.103125
0 0.46640625 0.06953125 0.065625 0.078125
0 0.4234375 0.02421875 0.0625 0.0453125
0 0.46015625 0.01796875 0.0484375 0.0359375