2 0.599742496875 0.8456023484375 0.570632915625 0.8110271890625 0.5081855140625 0.8549567046875 0.5227607921875 0.929436815625 0.571979125 0.9211430343749999 0.596533853125 0.88663576875 0.599742496875 0.8456023484375
2 0.6846913703124999 0.6288239531250001 0.6611562375 0.5912848078125 0.628661253125 0.5906866265625 0.5927808625 0.6240654250000001 0.584351296875 0.6821757171875 0.611978884375 0.7139636515625 0.636112196875 0.7190078125 0.67068735625 0.68989823125 0.6846913703124999 0.6288239531250001
2 0.6994293500000001 0.42792606875 0.6716249999999999 0.389081690625 0.6318968109374999 0.38160383124999997 0.5724133953125 0.43110779375 0.5544936890625001 0.5049897265625 0.5870975453125 0.566308659375 0.6546979765625001 0.558966584375 0.694317296875 0.505723690625 0.6994293500000001 0.42792606875
2 0.6263902546875 0.3309035078125 0.599891134375 0.28778991249999997 0.557552484375 0.2888504890625 0.534126221875 0.3120320953125 0.5197686828125 0.3589934890625 0.54774979375 0.4048943078125 0.5718831078125 0.40993846874999995 0.6176071640624999 0.37490091406250003 0.6263902546875 0.3309035078125
2 0.4290545359375 0.289244990625 0.4292991921875 0.242637121875 0.40742281562500005 0.21494164218749998 0.34592711875000004 0.24048905468749998 0.3332283359375 0.297294115625 0.3510122578125 0.33074080625 0.3781095578125 0.341359415625 0.403194575 0.328021475 0.4290545359375 0.289244990625
2 0.4140168625 0.13993124375 0.38751774375000003 0.0968176484375 0.350930303125 0.101970678125 0.328986034375 0.127939509375 0.3185441875 0.1620932515625 0.3311071859375 0.2126168125 0.3539352671875 0.22193019062500002 0.4078442328125 0.17539021562499998 0.4140168625 0.13993124375
2 0.31427497031249996 0.1607880203125 0.2907398375 0.123248875 0.2539756359375 0.1213454625 0.2194004765625 0.15045504375000002 0.20765339843750003 0.1888780015625 0.23302404999999998 0.24331725781250002 0.2712702453125 0.24800789218750002 0.3058454046875 0.2188983109375 0.31427497031249996 0.1607880203125
2 0.66085654375 0.2410731734375 0.617389425 0.253459409375 0.6243779734375 0.30694695781250003 0.6429368375 0.3149551046875 0.6706323171874999 0.293078728125 0.66085654375 0.2410731734375
2 0.7419307015625 0.1514874953125 0.7265804796875 0.1024459265625 0.6548875921875 0.1155392140625 0.6490684890625 0.16511106874999998 0.6655471796875 0.202826978125 0.6982189265625001 0.2104816 0.7246091765625 0.1928744421875 0.7419307015625 0.1514874953125
2 0.6113794953125 0.013540382812499998 0.59702195625 0.060501778125 0.6220390828125 0.10082814843750001 0.6712574124999999 0.09253436875 0.6910126375 0.0355525453125 0.6113794953125 0.013540382812499998
2 0 0.7869981328125 0.019523396874999998 0.796588903125 0.0157844671875 0.8164529984375 0.0479259265625 0.8029382953124999 0.058014248437500006 0.7546716703125 0.0417123203125 0.724012203125 0.00459459375 0.707995909375 0 0.7109527984375 0 0.7869981328125
2 0.22421875 0.90546875 0.090625 0.08125
2 0.478125 0.98046875 0.090625 0.0390625
2 0.78046875 0.56015625 0.190625 0.2140625
2 0.7375 0.946875 0.165625 0.10625
2 0.403125 0.65625 0.2109375 0.2234375
2 0.0671875 0.6203125 0.134375 0.253125