2 0.6741071421875 0.9575892859374999 0.6830357140625 0.9977678578125 0.7455357140625 0.9977678578125 0.7455357140625 0.9263392859374999 0.7209821421875 0.9107142859374999 0.6897321421875 0.9241071421875 0.6741071421875 0.9575892859374999
2 0.7299107140625 0.7410714281249999 0.7008928578125 0.7745535718750001 0.7008928578125 0.8325892859374999 0.7209821421875 0.8571428578125 0.75 0.8549107140625001 0.7767857140625 0.8325892859374999 0.7857142859375 0.7879464281249999 0.7611607140625 0.7455357140625 0.7299107140625 0.7410714281249999
2 0.6450892859375 0.7410714281249999 0.59375 0.7611607140625 0.5803571421875 0.8236607140625001 0.609375 0.8839285718750001 0.6696428578125 0.8950892859374999 0.6919642859375 0.8772321421875 0.6964285718750001 0.7834821421875 0.671875 0.7455357140625 0.6450892859375 0.7410714281249999
2 0.5959821421875 0.6205357140625 0.5535714281249999 0.6629464281249999 0.5535714281249999 0.7075892859375 0.5870535718750001 0.7544642859375 0.6071428578125 0.7522321421875 0.6473214281249999 0.7299107140625 0.65625 0.6763392859375 0.6183035718750001 0.625 0.5959821421875 0.6205357140625
2 0.7901785718750001 0.7522321421875 0.8258928578125 0.7745535718750001 0.8526785718750001 0.7254464281249999 0.8102678578125 0.6964285718750001 0.7901785718750001 0.7165178578125 0.7901785718750001 0.7522321421875
2 0.7767857140625 0.5691964281249999 0.8080357140625001 0.5870535718750001 0.84375 0.5513392859375 0.8147321421875 0.48214285781250005 0.7767857140625 0.515625 0.7767857140625 0.5691964281249999
2 0.6696428578125 0.484375 0.6741071421875 0.546875 0.7053571421875 0.5691964281249999 0.7321428578125 0.5290178578125 0.7165178578125 0.45535714218749995 0.6941964281249999 0.45535714218749995 0.6696428578125 0.484375
2 0.7633928578125 0.33705357187499996 0.78125 0.3772321421875 0.8035714281249999 0.38616071406249997 0.8258928578125 0.3727678578125 0.8348214281249999 0.33258928593750003 0.7834821421875 0.28125 0.7633928578125 0.33705357187499996
2 0.30803571406249997 0.069196428125 0.33258928593750003 0.0982142859375 0.3616071421875 0.100446428125 0.3883928578125 0.0647321421875 0.3883928578125 0.0111607140625 0.3147321421875 0 0.30803571406249997 0.069196428125
2 0.196428571875 0.078125 0.178571428125 0.118303571875 0.18303571406250002 0.149553571875 0.2142857140625 0.171875 0.25892857187499996 0.1272321421875 0.25446428593750003 0.0959821421875 0.22544642812500001 0.0669642859375 0.196428571875 0.078125
2 0.19196428593749998 0.0334821421875 0.2165178578125 0 0.1383928578125 0.0022321421875000002 0.16741071406250002 0.0357142859375 0.19196428593749998 0.0334821421875
2 0.25669642812500004 0.25446428593750003 0.2232142859375 0.28794642812500004 0.2232142859375 0.33705357187499996 0.2477678578125 0.375 0.28571428593750003 0.3772321421875 0.30803571406249997 0.35044642812500004 0.30803571406249997 0.296875 0.28794642812500004 0.2633928578125 0.25669642812500004 0.25446428593750003
2 0.3125 0.35044642812500004 0.30803571406249997 0.390625 0.3258928578125 0.42633928593750003 0.3571428578125 0.43973214218749995 0.39732142812500004 0.38616071406249997 0.37053571406249997 0.33705357187499996 0.3415178578125 0.3258928578125 0.3125 0.35044642812500004
2 0.446428571875 0.5513392859375 0.462053571875 0.5848214281249999 0.491071428125 0.5870535718750001 0.53125 0.546875 0.5066964281249999 0.491071428125 0.462053571875 0.5 0.446428571875 0.5513392859375
2 0.5357142859375 0.5602678578125 0.5089285718750001 0.5959821421875 0.5178571421875 0.6540178578125 0.5491071421875 0.6584821421875 0.5803571421875 0.609375 0.5602678578125 0.5089285718750001 0.5357142859375 0.5200892859375 0.5357142859375 0.5602678578125
2 0.609375 0.96875 0.6339285718750001 0.9665178578125 0.6517857140625 0.9174107140625001 0.6138392859375 0.8928571421875 0.59375 0.9486607140625001 0.609375 0.96875
2 0.6495535718750001 0.9732142859374999 0.6071428578125 0.9888392859374999 0.6651785718750001 0.9977678578125 0.6495535718750001 0.9732142859374999
2 0.5290178578125 0.9776785718750001 0.48214285781250005 0.9933035718750001 0.5535714281249999 0.9977678578125 0.5290178578125 0.9776785718750001
2 0.415178571875 0.9977678578125 0.43303571406249997 0.9977678578125 0.446428571875 0.9129464281249999 0.412946428125 0.8839285718750001 0.3928571421875 0.9397321421875 0.415178571875 0.9977678578125
2 0.3147321421875 0.96875 0.2633928578125 0.9933035718750001 0.33928571406249997 0.9977678578125 0.3147321421875 0.96875
2 0.18303571406250002 0.8950892859374999 0.2075892859375 0.9196428578125 0.25 0.921875 0.2633928578125 0.859375 0.21205357187499999 0.8303571421875 0.1875 0.8504464281249999 0.18303571406250002 0.8950892859374999
2 0.2477678578125 0.7098214281249999 0.2142857140625 0.7522321421875 0.2142857140625 0.7924107140625 0.2388392859375 0.8303571421875 0.2678571421875 0.8325892859374999 0.29017857187499996 0.8147321421875 0.2991071421875 0.7700892859375 0.28125 0.7299107140625 0.2477678578125 0.7098214281249999
2 0.35491071406249997 0.6205357140625 0.31919642812500004 0.6116071421875 0.28571428593750003 0.6584821421875 0.28571428593750003 0.6941964281249999 0.30357142812500004 0.7611607140625 0.33482142812500004 0.7700892859375 0.34375 0.7433035718750001 0.3258928578125 0.703125 0.36607142812500004 0.6495535718750001 0.35491071406249997 0.6205357140625
2 0.2008928578125 0.6674107140625 0.21875 0.6049107140625 0.1852678578125 0.5625 0.147321428125 0.6272321421875 0.2008928578125 0.6674107140625
2 0 0.703125 0.03125 0.7075892859375 0.0669642859375 0.6540178578125 0.0625 0.609375 0.037946428125 0.5848214281249999 0 0.6004464281249999 0 0.703125
2 0.9977678578125 0.5446428578125 0.9866071421875 0.578125 1 0.6004464281249999 0.9977678578125 0.5446428578125
2 0.07109375 0.35703125 0.1421875 0.2234375
2 0.5890625 0.10546875 0.1421875 0.21015625
2 0.959375 0.903125 0.08125 0.171875