2 0.40421791249999994 0.1236491984375 0.350367515625 0.11659568125 0.3045337796875 0.1472317765625 0.28088040937500003 0.2373979078125 0.33491494374999997 0.3136836 0.4009319640625 0.34934779374999997 0.4482953765625 0.2985567515625 0.45394668281249995 0.204552259375 0.40421791249999994 0.1236491984375
2 0.511196371875 0.2449896203125 0.461056871875 0.2802430828125 0.4672322515625 0.329164509375 0.5044827953125 0.3725337609375 0.5569309796875 0.3394331828125 0.5555287671875 0.29927908593749997 0.511196371875 0.2449896203125
2 0.5753154421875 0.16234441093750002 0.5247085359375 0.18421317343750002 0.521960784375 0.2334462015625 0.5873829359375 0.31603474062500003 0.6181464953125 0.301559434375 0.6237978015625 0.207554940625 0.5753154421875 0.16234441093750002
2 0.701174103125 0.1847513703125 0.6608642062500001 0.18169201562499998 0.6331883359375 0.2206280359375 0.6352137531250001 0.27862839687499996 0.6699998125 0.3153832 0.6990778921875 0.316601275 0.725068284375 0.2933586359375 0.7321217984375 0.2395082390625 0.701174103125 0.1847513703125
2 0.79002303125 0.3625624765625 0.746313840625 0.32611927500000004 0.6920243765625 0.3704516703125 0.6932707875 0.40614420000000007 0.7260597640625 0.449669253125 0.763905175 0.446114159375 0.7915810453125001 0.4071781375 0.79002303125 0.3625624765625
2 0.8142712703124999 0.2254719984375 0.7736497703125 0.21348951249999998 0.7375181734375 0.266121834375 0.7344588187500001 0.30643173125 0.79417299375 0.3534835421875 0.83800965 0.3296176984375 0.8445957625 0.262382603125 0.8142712703124999 0.2254719984375
2 0.24956443749999999 0.0441766859375 0.20834806874999998 0.07911854375 0.2186734125 0.1189610375 0.2416044484375 0.1360282953125 0.2763621703125 0.1080124875 0.274959959375 0.06785839375 0.24956443749999999 0.0441766859375
2 0.260796253125 0.046017965625000004 0.339858034375 0.0075210109375 0.2349333265625 0.008951559375 0.260796253125 0.046017965625000004
2 0.320326290625 0.0238375984375 0.2834156859375 0.054162090625000006 0.281135340625 0.11677981875000001 0.3042221765625 0.13830864375000002 0.378822390625 0.099967490625 0.36063618750000004 0.026896953125 0.320326290625 0.0238375984375
2 0.0741186875 0.2647197171875 0.04104644375 0.2770421421875 0.02890815625 0.3132020765625 0.03446033125 0.3442772375 0.062008735937500004 0.36565026093749997 0.0952367796875 0.3577894015625 0.1226010453125 0.3099302484375 0.0741186875 0.2647197171875
2 0 0.3367232390625 0.024602390625 0.31781944375000004 0.0408906421875 0.2725805765625 0.0297862921875 0.2104302515625 0 0.18265408593750002 0 0.3367232390625
2 0.5350480953125001 0.6082177625 0.495800471875 0.5716187609375 0.44703484531250004 0.5822557078124999 0.4148974109375 0.62134753125 0.416143821875 0.6570400609375 0.46278490000000005 0.7134824078124999 0.52693230625 0.69560780625 0.54584084375 0.661444953125 0.5350480953125001 0.6082177625
2 0.5658683265625 0.723283675 0.5360112406249999 0.6997577703125 0.46955515156249994 0.7154794875 0.43311194999999997 0.759188678125 0.4316106109375 0.8441142375 0.4780958875 0.89609501875 0.5334759625000001 0.8829935875 0.5697633609375 0.83482283125 0.5658683265625 0.723283675
2 0.6260215703124999 0.718949575 0.5992521734375 0.7198843828125 0.5714205031249999 0.7543588375 0.5731343171875001 0.8034360656249999 0.5945356765625001 0.840658271875 0.61930799375 0.8464937140625001 0.650071553125 0.8320184062499999 0.6611192296875 0.764627509375 0.6260215703124999 0.718949575
2 0.6174667125 0.8577255296875 0.5762503437500001 0.8926673890625001 0.57765255625 0.9328214859375 0.609974128125 0.962961840625 0.6576491437499999 0.9210939296875 0.64255063125 0.8724841046874999 0.6174667125 0.8577255296875
2 0.5608685640625 0.8999050437499999 0.4739459234375 0.905173953125 0.46227504062499997 0.954718584375 0.4816793171875 0.9987110421875001 0.579833775 0.9952834125000001 0.5873546953125001 0.9548177140625 0.5608685640625 0.8999050437499999
2 0.8984603734375 0.653598215625 0.8639859203125001 0.6257665453125 0.8416780890625001 0.6265455531249999 0.8184637859375 0.665325771875 0.8197101968749999 0.7010183015625 0.8520317687500001 0.73115865625 0.8898771812499999 0.7276035609375 0.9086299171875 0.6889791421875 0.8984603734375 0.653598215625
2 0.94412409375 0.23433845937500003 0.9894904265625 0.19031766562500002 0.98715340625 0.1233941734375 0.971148421875 0.1127855625 0.9129922609375001 0.11034941406250001 0.8805432218749999 0.14051810468749998 0.8739571093749999 0.2077531984375 0.9108960500000001 0.2421993171875 0.94412409375 0.23433845937500003
2 0.9561349171875 0.25848757031249997 0.9884564890625 0.2886279234375 0.9830317796875001 0.1972437171875 0.955200109375 0.2317181734375 0.9561349171875 0.25848757031249997
2 0.825 0.07578125 0.140625 0.1515625
2 0.77421875 0.784375 0.1359375 0.1609375
2 0.29296875 0.4515625 0.16875 0.2484375