2 0.603691059375 1 0.6158037453125 0.9910991140625001 0.6118168796875 0.93026309375 0.5547903453125 0.9498888781250001 0.5437166453125 0.9933663171875 0.552075790625 1 0.603691059375 1
2 0.5624247234374999 0.9289135953125 0.5723571203125 0.87551916875 0.55615525 0.8482436 0.49970707187499996 0.8467013187499999 0.45793388593750006 0.8766296609375 0.44989853125 0.963970109375 0.4788783546875 0.988770284375 0.529990171875 0.9788687015624999 0.5624247234374999 0.9289135953125
2 0.5807934515625 0.7218135546875 0.532943578125 0.6640158781250001 0.44997556406249994 0.7027044984375 0.4251599828125 0.78393744375 0.4541244 0.860990740625 0.5426215609375 0.8266899625 0.561699803125 0.80037831875 0.5807934515625 0.7218135546875
2 0.3793383078125 0.96204225625 0.42321672499999996 0.9067507890625001 0.40015161718750003 0.8722264125000001 0.3686809921875 0.88690140625 0.3549391109375 0.9246569140625001 0.3793383078125 0.96204225625
2 0.362959059375 0.8895695874999999 0.3528646921875 0.8455137921875 0.3208311171875 0.82910373125 0.276389753125 0.8533101421874999 0.2569259390625 0.8937338296874999 0.26968848749999996 0.9435115578125 0.2919978578125 0.9540069015625001 0.32747075625 0.9479148046875 0.362959059375 0.8895695874999999
2 0.2481964765625 0.74803275625 0.2365752328125 0.70817201875 0.1919564890625 0.6871813296875 0.16620779531250002 0.69918814375 0.1459728421875 0.7678359203125 0.165984196875 0.810750409375 0.19248862656250001 0.8227726296875 0.22987396875 0.7983734328125001 0.2481964765625 0.74803275625
2 0.05631897031250001 0.8444728328125001 0.06679890625 0.8744165828125 0.0948302109375 0.882243746875 0.134883734375 0.8635664828125 0.1558744234375 0.8189477374999999 0.1168002328125 0.7500917671875 0.05631897031250001 0.8444728328125001
2 0.7146188703125 0.8892918625 0.6993501140625 0.9312424265624999 0.7409151078125 0.960623228125 0.8031006234375001 0.9072442078125 0.80483569375 0.84374000625 0.739804615625 0.8461999953125 0.7146188703125 0.8892918625
2 0.7436295078125 0.80958579375 0.7323938375 0.755613009375 0.6866337875 0.7247053328125 0.6536362859375 0.7435753828125 0.6257669546875 0.8331984421874999 0.6373881953125 0.8730591796875 0.67800466875 0.8854669703125 0.7134775656250001 0.8793748750000001 0.7436295078125 0.80958579375
2 0.804110771875 0.715204728125 0.761581853125 0.7211040390625 0.740976734375 0.7516107390625 0.7476317796874999 0.8181686906250001 0.7825263203125 0.8332446625 0.8153310375 0.821430634375 0.8294584875 0.7695630828125 0.804110771875 0.715204728125
2 0.8942659671875001 0.878665359375 0.92938410625 0.7821790656250001 0.8922069546875001 0.7472691171875 0.8420436578125001 0.774143709375 0.8252480265625 0.8202893281250001 0.836483696875 0.8742621109375 0.8771001703125 0.886669903125 0.8942659671875001 0.878665359375
2 0.7639106828125 0.5841786484375 0.732617434375 0.6440507421875 0.771514246875 0.6677096109375 0.8085140203125001 0.657422459375 0.8279778328124999 0.616998771875 0.7896593765625 0.5721718359375 0.7639106828125 0.5841786484375
2 0.5499319953125 0.6108142359375 0.5377169890625 0.6443746875 0.5819501640625 0.6794774203125 0.6212479531249999 0.6367711218750001 0.6164899484374999 0.604159190625 0.5901783046875 0.5850809484374999 0.5499319953125 0.6108142359375
2 0.45801092031249996 0.6153640499999999 0.45457159843749995 0.6378662078125 0.477829490625 0.6653345609375 0.519409890625 0.6424622390625 0.5270442671875 0.6214869578125 0.5108423984375 0.5942113890625 0.45801092031249996 0.6153640499999999
2 0.45498798125000006 0.5192479171875 0.4523043953125 0.5657791078125001 0.4770891625 0.5890524078125 0.5140889359374999 0.578765253125 0.532025871875 0.5425366234375 0.49828804375 0.4851245171875 0.45498798125000006 0.5192479171875
2 0.23649029531250002 0.34945618437500003 0.219532690625 0.29815158125 0.19169417187499999 0.28326839531250003 0.1586966703125 0.302138446875 0.13465223125 0.355147303125 0.14741477812499998 0.4049250296875 0.1739192078125 0.41694724843750003 0.21549960625 0.3940749296875 0.23649029531250002 0.34945618437500003
2 0.33340838125 0.2137029125 0.31187014999999996 0.1749834796875 0.2521754359375 0.18888733124999998 0.2323260515625 0.2434230640625 0.26092030624999996 0.2823352828125 0.286283428125 0.28444051406250004 0.32233468125 0.2571803515625 0.33340838125 0.2137029125
2 0.3299177140625 0 0.3098111390625 0.043587234375 0.32143238125 0.0834479734375 0.3658583390625 0.11149468437500001 0.4101069203125 0.0943442953125 0.428429428125 0.04400361875 0.42061608125000005 0 0.3299177140625 0
2 0.33078809531250003 0 0.31209374843750004 0.0634212125 0.34202209375 0.10519439687500001 0.3658583390625 0.11149468437500001 0.4028581125 0.10120753125 0.42212914062499995 0.0678398671875 0.45530402031249995 0.0941669171875 0.49669163593750004 0.0783506171875 0.5176823234375 0.0337318734375 0.508303753125 0 0.438208896875 0 0.426339603125 0.0171136203125 0.41835939062499994 0 0.33078809531250003 0
2 0.584726190625 0.3194274953125 0.5692954625 0.2639278359375 0.53459370625 0.2417958421875 0.49167921718749996 0.2618071984375 0.467634778125 0.31481605625000003 0.469146246875 0.3628741203125 0.5023211265625 0.3892011703125 0.5549598203125 0.3751045328125 0.584726190625 0.3194274953125
2 0.624571521875 0.36005937499999996 0.5967330046875 0.34517618906249997 0.542744815625 0.408664984375 0.55436605625 0.448525721875 0.5740072484375001 0.453299134375 0.614060771875 0.43462187031250005 0.631997709375 0.3983932375 0.624571521875 0.36005937499999996
2 0.8833309265624999 0.4518646984375 0.8770460453125001 0.4234478234375 0.8423442890624999 0.40131583125 0.8108736640625 0.4159908234375 0.789882975 0.46060956875 0.799977340625 0.5046653625 0.8280086453125 0.512492528125 0.8695890453124999 0.48962020624999997 0.8833309265624999 0.4518646984375
2 0.9977695656250001 0.398501084375 0.9834801437499999 0.3529184140625 0.9556416249999999 0.338035228125 0.9070052015625001 0.3607147640625 0.8829607625 0.4137236203125 0.8886672875 0.46330856249999997 0.9176471125000001 0.4881087359375 0.9779201828125 0.4530368171875 0.9977695656250001 0.398501084375
2 0.7254302546875 0.441901490625 0.7153358875 0.39784569531249997 0.68216100625 0.3715186453125 0.646495325 0.3846667640625 0.61062145 0.45712402656249995 0.6180476374999999 0.4954578890625 0.6598054140625 0.51778266875 0.6998589390625 0.4991054046875 0.7254302546875 0.441901490625