2 0.815625 0.79453125 0.11328125 0.12890625
2 0.88359375 0.70625 0.0921875 0.134375
2 0.778125 0.6640625 0.12265625 0.15390625
2 0.78125 0.43671875 0.11484375 0.14453125
2 0.66953125 0.49140625 0.10234375 0.146875
2 0.5875 0.5546875 0.10625 0.140625
2 0.6015625 0.825 0.08515625 0.12109375
2 0.50546875 0.790625 0.10859375 0.1203125
2 0.3578125 0.90859375 0.11171875 0.14453125
2 0.2578125 0.6921875 0.10390625 0.1375
2 0.04609375 0.78828125 0.0921875 0.1703125
2 0.396875 0.2328125 0.109375 0.14375
2 0.49765625 0.14921875 0.14140625 0.19453125
2 0.284375 0.03046875 0.121875 0.0609375
2 0.0546875 0.03203125 0.109375 0.0640625