2 0.1640625 0.6546875 0.125 0.1625
2 0.32734375 0.9203125 0.1328125 0.159375
2 0.24921875 0.7171875 0.121875 0.15
2 0.25 0.58671875 0.1265625 0.1515625
2 0.3609375 0.346875 0.128125 0.165625
2 0.046875 0.12265625 0.09375 0.1765625
2 0.5515625 0.61171875 0.1671875 0.20625
2 0.6609375 0.74765625 0.1296875 0.15
2 0.67890625 0.615625 0.134375 0.1546875
2 0.62109375 0.490625 0.1203125 0.1453125
2 0.8609375 0.3734375 0.13125 0.1578125
2 0.94375 0.4375 0.1125 0.18125
2 0.14296875 0.05390625 0.1234375 0.0765625
2 0.91640625 0.04609375 0.1234375 0.0921875
2 0.96015625 0.2109375 0.0578125 0.1421875
2 0.49609375 0.9765625 0.0953125 0.046875
2 0.03984375 0.965625 0.0359375 0.06875
2 0.103125 0.27890625 0.175 0.1515625
2 0.05703125 0.79453125 0.09375 0.171875
2 0.48984375 0.7734375 0.1421875 0.225
2 0.51484375 0.21640625 0.1703125 0.1859375