1 0.13828125 0.803125 0.1171875 0.153125
1 0.23984375 0.80078125 0.1171875 0.1578125
1 0.3375 0.7015625 0.1546875 0.225
1 0.421875 0.64609375 0.1203125 0.1609375
1 0.48359375 0.52265625 0.1265625 0.1625
1 0.596875 0.546875 0.115625 0.159375
1 0.63125 0.92109375 0.1171875 0.1265625
1 0.81328125 0.77578125 0.1453125 0.1890625
1 0.97265625 0.8421875 0.0546875 0.1375
1 0.0875 0.52734375 0.1328125 0.153125
1 0.0546875 0.4109375 0.109375 0.1625
1 0.16640625 0.15078125 0.134375 0.16875
1 0.4921875 0.11640625 0.140625 0.1609375
1 0.56796875 0.19609375 0.1875 0.2125
1 0.70546875 0.26328125 0.1171875 0.1515625