2 0.8671875 0.09609375 0.1796875 0.1828125
2 0.90078125 0.9234375 0.1125 0.1375
2 0.55703125 0.15 0.134375 0.1609375
2 0.5875 0.3 0.1140625 0.1515625
2 0.65390625 0.57421875 0.1359375 0.1625
2 0.55703125 0.440625 0.10625 0.13125
2 0.47109375 0.33359375 0.1203125 0.1421875
2 0.434375 0.4640625 0.1109375 0.14375
2 0.6984375 0.9375 0.128125 0.125
2 0.5921875 0.9375 0.13125 0.125
2 0.396875 0.8328125 0.1671875 0.196875
2 0.24375 0.6703125 0.140625 0.159375
2 0.25078125 0.8046875 0.153125 0.15
2 0.03828125 0.35625 0.0734375 0.1390625
2 0.01796875 0.56875 0.0359375 0.109375
2 0.33515625 0.0328125 0.1234375 0.065625
2 0.071875 0.9640625 0.096875 0.059375
2 0.51640625 0.2484375 0.096875 0.1203125
2 0.125 0.64609375 0.103125 0.190625