2 0.7165178578125 0.8392857140625001 0.6696428578125 0.8727678578125 0.6651785718750001 0.9174107140625001 0.6941964281249999 0.9553571421875 0.7410714281249999 0.9620535718750001 0.78125 0.921875 0.78125 0.8950892859374999 0.7566964281249999 0.8526785718750001 0.7165178578125 0.8392857140625001
2 0.7924107140625 0.7901785718750001 0.7723214281249999 0.8102678578125 0.7678571421875 0.859375 0.8169642859374999 0.8995535718750001 0.84375 0.8816964281249999 0.8526785718750001 0.828125 0.828125 0.7946428578125 0.7924107140625 0.7901785718750001
2 0.8169642859374999 0.7209821421875 0.8169642859374999 0.765625 0.8616071421875 0.7879464281249999 0.8928571421875 0.7209821421875 0.8772321421875 0.6919642859375 0.8549107140625001 0.6875 0.8169642859374999 0.7209821421875
2 0.7633928578125 0.6227678578125 0.7589285718750001 0.671875 0.7790178578125 0.7008928578125 0.8035714281249999 0.6986607140625 0.8214285718750001 0.671875 0.8214285718750001 0.6183035718750001 0.7834821421875 0.5982142859375 0.7633928578125 0.6227678578125
2 0.6830357140625 0.6808035718750001 0.6875 0.734375 0.7232142859375 0.7522321421875 0.7544642859375 0.7254464281249999 0.7544642859375 0.6808035718750001 0.703125 0.6607142859375 0.6830357140625 0.6808035718750001
2 0.6272321421875 0.6785714281249999 0.5803571421875 0.7209821421875 0.5803571421875 0.7790178578125 0.6138392859375 0.8214285718750001 0.6517857140625 0.8236607140625001 0.6785714281249999 0.7924107140625 0.6785714281249999 0.7299107140625 0.6607142859375 0.6852678578125 0.6272321421875 0.6785714281249999
2 0.5513392859375 0.8080357140625001 0.5223214281249999 0.8504464281249999 0.5223214281249999 0.9084821421875 0.5424107140625 0.9419642859374999 0.5714285718750001 0.9397321421875 0.6205357140625 0.9129464281249999 0.625 0.8638392859374999 0.6049107140625 0.8214285718750001 0.5513392859375 0.8080357140625001
2 0.5357142859375 0.9799107140625001 0.5379464281249999 1 0.6517857140625 0.9977678578125 0.6473214281249999 0.9575892859374999 0.6183035718750001 0.9375 0.5647321421875 0.9464285718750001 0.5357142859375 0.9799107140625001
2 0.7366071421875 0.9977678578125 0.6986607140625 0.9598214281249999 0.6651785718750001 0.9799107140625001 0.6674107140625 1 0.7366071421875 0.9977678578125
2 0.45089285781250005 0.9977678578125 0.5223214281249999 0.9977678578125 0.5178571421875 0.9397321421875 0.47098214218749995 0.9241071421875 0.45089285781250005 0.953125 0.45089285781250005 0.9977678578125
2 0.3616071421875 0.9977678578125 0.428571428125 0.9977678578125 0.4375 0.9486607140625001 0.390625 0.9107142859374999 0.3616071421875 0.9441964281249999 0.3616071421875 0.9977678578125
2 0.3102678578125 0.8080357140625001 0.27232142812500004 0.828125 0.25892857187499996 0.8861607140625001 0.2678571421875 0.9174107140625001 0.32142857187499996 0.9486607140625001 0.35267857187499996 0.9174107140625001 0.3571428578125 0.8638392859374999 0.34375 0.828125 0.3102678578125 0.8080357140625001
2 0.48660714218749995 0.5870535718750001 0.477678571875 0.6227678578125 0.48214285781250005 0.6495535718750001 0.53125 0.6763392859375 0.5535714281249999 0.6450892859375 0.5535714281249999 0.5870535718750001 0.5200892859375 0.5625 0.48660714218749995 0.5870535718750001
2 0.6205357140625 0.5558035718750001 0.6071428578125 0.6004464281249999 0.6316964281249999 0.6428571421875 0.6651785718750001 0.6450892859375 0.6875 0.6227678578125 0.6919642859375 0.578125 0.6584821421875 0.5357142859375 0.6205357140625 0.5558035718750001
2 0.6808035718750001 0.28125 0.6517857140625 0.30133928593750003 0.6473214281249999 0.33705357187499996 0.6651785718750001 0.390625 0.6919642859375 0.39508928593750003 0.71875 0.3727678578125 0.7276785718750001 0.33258928593750003 0.7142857140625 0.296875 0.6808035718750001 0.28125
2 0.5714285718750001 0.35044642812500004 0.5714285718750001 0.39508928593750003 0.5915178578125 0.43303571406249997 0.625 0.43973214218749995 0.65625 0.38616071406249997 0.6339285718750001 0.3102678578125 0.609375 0.30357142812500004 0.5714285718750001 0.35044642812500004
2 0.49553571406249997 0.462053571875 0.5267857140625 0.48883928593750003 0.5491071421875 0.453125 0.5334821421875 0.37946428593750003 0.49553571406249997 0.40848214218749995 0.49553571406249997 0.462053571875
2 0.39955357187499996 0.415178571875 0.3571428578125 0.462053571875 0.3571428578125 0.515625 0.38169642812500004 0.5625 0.41964285781250005 0.5736607140625 0.46428571406249997 0.5424107140625 0.47321428593750003 0.47098214218749995 0.43526785781250005 0.415178571875 0.39955357187499996 0.415178571875
2 0.30357142812500004 0.35491071406249997 0.2678571421875 0.42633928593750003 0.2790178578125 0.459821428125 0.33482142812500004 0.484375 0.37946428593750003 0.41741071406249997 0.375 0.36830357187499996 0.35044642812500004 0.33928571406249997 0.30357142812500004 0.35491071406249997
2 0.37053571406249997 0.060267857812500006 0.35267857187499996 0.11383928593749999 0.37053571406249997 0.1852678578125 0.40178571406249997 0.19866071406250002 0.45535714218749995 0.13616071406250002 0.45535714218749995 0.0825892859375 0.421875 0.0357142859375 0.37053571406249997 0.060267857812500006
2 0.7879464281249999 0.102678571875 0.7633928578125 0.1272321421875 0.7589285718750001 0.180803571875 0.7834821421875 0.2232142859375 0.8214285718750001 0.22544642812500001 0.8482142859374999 0.194196428125 0.8526785718750001 0.1540178578125 0.828125 0.10714285781249999 0.7879464281249999 0.102678571875
2 0.9151785718750001 0.060267857812500006 0.9553571421875 0.0022321421875000002 0.859375 0 0.875 0.060267857812500006 0.9151785718750001 0.060267857812500006
2 0.008928571875000001 0.36830357187499996 0.008928571875000001 0.40848214218749995 0.0334821421875 0.43303571406249997 0.0625 0.430803571875 0.0803571421875 0.3727678578125 0.055803571875 0.33928571406249997 0.0334821421875 0.33928571406249997 0.008928571875000001 0.36830357187499996
2 0.0022321421875000002 0.2232142859375 0 0.3147321421875 0.022321428125 0.328125 0.0625 0.30133928593750003 0.0625 0.265625 0.0334821421875 0.22767857187499999 0.0022321421875000002 0.2232142859375
2 0.008928571875000001 0.6272321421875 0.0357142859375 0.5915178578125 0.040178571875 0.546875 0.0022321421875000002 0.5 0.008928571875000001 0.6272321421875
2 1 0.8549107140625001 0.9977678578125 0.7589285718750001 0.9732142859374999 0.7879464281249999 0.9732142859374999 0.8236607140625001 1 0.8549107140625001
2 0.24107142812500001 0.0290178578125 0.27232142812500004 0.0022321421875000002 0.2008928578125 0.0022321421875000002 0.2165178578125 0.0267857140625 0.24107142812500001 0.0290178578125
2 0.7008928578125 0.5200892859375 0.6964285718750001 0.5736607140625 0.7120535718750001 0.6026785718750001 0.75 0.6138392859375 0.7767857140625 0.578125 0.7767857140625 0.515625 0.7299107140625 0.491071428125 0.7008928578125 0.5200892859375
2 0.85234375 0.6421875 0.04375 0.0625