2 0.0328125 0.0828125 0.065625 0.165625
2 0.06953125 0.68046875 0.13828125 0.20078125
2 0.15859375 0.54140625 0.14765625 0.1703125
2 0.13671875 0.76796875 0.1015625 0.16796875
2 0.05859375 0.8375 0.08828125 0.14296875
2 0.30078125 0.47890625 0.1265625 0.153125
2 0.25703125 0.5734375 0.13984375 0.1515625
2 0.2125 0.6703125 0.12421875 0.15859375
2 0.203125 0.834375 0.13359375 0.14609375
2 0.440625 0.56875 0.1296875 0.1671875
2 0.6046875 0.5046875 0.11640625 0.13984375
2 0.69296875 0.52890625 0.13203125 0.15
2 0.59296875 0.6140625 0.15859375 0.14453125
2 0.60078125 0.8046875 0.15703125 0.1734375
2 0.675 0.921875 0.11171875 0.15546875
2 0.64296875 0.6921875 0.1109375 0.1453125
2 0.7359375 0.7109375 0.13984375 0.1828125
2 0.43984375 0.97109375 0.14765625 0.0578125
2 0.24609375 0.11015625 0.1625 0.2078125
2 0.05390625 0.46796875 0.1078125 0.15546875
2 0.559375 0.2296875 0.15546875 0.18984375
2 0.8515625 0.4453125 0.21328125 0.18359375