0 0.60625 0.8140625 0.121875 0.1375
0 0.48359375 0.98828125 0.0765625 0.0234375
0 0.9609375 0.62421875 0.078125 0.1765625
0 0.75625 0.41640625 0.1609375 0.1703125
0 0.56328125 0.58203125 0.1375 0.153125
0 0.5421875 0.45 0.096875 0.1
0 0.84375 0.16640625 0.1203125 0.1421875
0 0.5015625 0.26328125 0.084375 0.0921875
0 0.42578125 0.3171875 0.1796875 0.196875
0 0.40234375 0.19140625 0.0828125 0.0921875
0 0.27265625 0.12265625 0.140625 0.146875
0 0.18203125 0.1296875 0.0921875 0.1
0 0.2265625 0.35703125 0.0890625 0.1109375
0 0.16640625 0.4625 0.0921875 0.1078125
0 0.04765625 0.60078125 0.0953125 0.1640625
0 0.0546875 0.23984375 0.109375 0.1765625
0 0.07890625 0.32578125 0.0953125 0.1125