2 0.20859375 0.23671875 0.109375 0.14375
2 0.06484375 0.6796875 0.128125 0.1640625
2 0.18203125 0.634375 0.1328125 0.15625
2 0.28671875 0.3703125 0.140625 0.1609375
2 0.3046875 0.25546875 0.1078125 0.11875
2 0.403125 0.39375 0.1484375 0.18125
2 0.35234375 0.56796875 0.1203125 0.1484375
2 0.46171875 0.5625 0.1203125 0.1375
2 0.51328125 0.46484375 0.1171875 0.13125
2 0.5125 0.2890625 0.1359375 0.1671875
2 0.4359375 0.1453125 0.1296875 0.1640625
2 0.5796875 0.13125 0.1484375 0.1921875
2 0.68359375 0.7 0.1359375 0.1546875
2 0.40390625 0.94765625 0.11875 0.1015625
2 0.8 0.0765625 0.1375 0.121875
2 0.9 0.2953125 0.11875 0.1625
2 0.86015625 0.97265625 0.1140625 0.0546875
2 0.7390625 0.371875 0.2046875 0.2484375
2 0.25390625 0.053125 0.1921875 0.10625
2 0.11171875 0.87890625 0.2234375 0.2046875