2 0.678864803125 0.44624502968749996 0.708603903125 0.47521946093749995 0.7520834703125 0.43850260781249994 0.7386775906249999 0.3735043109375 0.7190944671875 0.3684980015625 0.6844565796875 0.40645747343750005 0.678864803125 0.44624502968749996
2 0.7570060703125 0.660094215625 0.7905447015625 0.69411079375 0.81769105 0.6934178046875 0.8422446406249999 0.663057396875 0.8389947375 0.6220272234374999 0.81557624375 0.596195175 0.7865301312499999 0.5943670890625 0.7575556984375 0.624106190625 0.7570060703125 0.660094215625
2 0.9652993203125 0.637524096875 0.9855037531249999 0.6381095640625001 0.9872243171875 0.561712675 0.95379320625 0.5750468734374999 0.9488227390624999 0.6104135890625 0.9652993203125 0.637524096875
2 0.9143998906249999 0.7430746171875 0.9415462375000001 0.742381628125 0.9654785203125 0.7164420609375 0.9666494562500001 0.6760331953125001 0.9508300249999999 0.6602854421875 0.9312469 0.655279134375 0.907935925 0.6767978640625001 0.9143998906249999 0.7430746171875
2 0.8358403296875 0.9010897453125001 0.8643368109375 0.9389058578125 0.9027742296874999 0.9059885328125 0.8944105 0.83719070625 0.8704065359375001 0.8315630890625 0.8420534140625 0.8568813515624999 0.8358403296875 0.9010897453125001
2 0.7659074046875001 0.9656459343750001 0.7880116015625 0.9687524765625 0.8214068734375 0.9396346859375001 0.8136644499999999 0.8664160171875 0.7757766593750001 0.863345315625 0.7512230671875 0.893705725 0.7659074046875001 0.9656459343750001
2 0.6299606328125 0.8744093218750001 0.6645985203125 0.8364498515625 0.6657694578125 0.7960409859375 0.6429722703125 0.7657880968749999 0.5893725671875 0.794320421875 0.607856434375 0.8713027796875 0.6299606328125 0.8744093218750001
2 0.42356714999999995 0.8995005140625001 0.4658040984375 0.8716253406250001 0.4707745671875 0.8362586234375 0.44921999687499997 0.79716405625 0.3994198265625 0.8307385281249999 0.3982488890625 0.8711473921874999 0.42356714999999995 0.8995005140625001
2 0.145197615625 0.9234924515625 0.18239241718750002 0.89941680625 0.1665013046875 0.8521018687499999 0.128649353125 0.864814759375 0.12430019375000001 0.8957606359374999 0.145197615625 0.9234924515625
2 0.15554481874999998 0.7536366203125 0.1939822390625 0.7207192984375 0.20019532343750002 0.676510903125 0.181818975 0.646879321875 0.133261421875 0.6716121140625 0.13146917656249998 0.71644181875 0.15554481874999998 0.7536366203125
2 0.374029884375 0.77081821875 0.41688814374999994 0.7385222046875 0.396576190625 0.6905859578125 0.38141390625 0.6862009578125 0.3473973265625 0.7197395890625 0.374029884375 0.77081821875
2 0.3693940046875 0.675495353125 0.39591904218749996 0.6792232046875 0.429935621875 0.6456845734375001 0.425299740625 0.5503617078125 0.39625363125 0.548533621875 0.350288828125 0.602933834375 0.3693940046875 0.675495353125
2 0.453832065625 0.6039614109375 0.4791503265625 0.6323145343750001 0.5151025109375 0.61708056875 0.527672040625 0.5917981484375 0.5124022359375 0.5400623703125 0.48839827343750003 0.5344347546875 0.45438169375 0.567973384375 0.453832065625 0.6039614109375
2 0.43831137968749995 0.441740484375 0.4648364171875 0.445468334375 0.48814739218750003 0.4239496046875 0.464035909375 0.370971209375 0.43122610625 0.37988456875 0.418656575 0.4051669890625 0.43831137968749995 0.441740484375
2 0.632063653125 0.41036452343749996 0.662388221875 0.4191345234375 0.6874914421875 0.3527860890625 0.660894725 0.31749105312500003 0.62180015625 0.339045621875 0.6155870718750001 0.38325401875 0.632063653125 0.41036452343749996
2 0.5604938703125 0.3101428703125 0.5964818953125001 0.3106924984375 0.6210354875 0.28033209062500003 0.6222064234375 0.23992322656249998 0.602587459375 0.219133325 0.578583496875 0.2135057078125 0.5527872875 0.252707796875 0.5604938703125 0.3101428703125
2 0.5424879515625001 0.1656053015625 0.56400668125 0.1889162765625 0.613221384375 0.1755462375 0.6194344703125 0.1313378421875 0.5890382203125 0.0910006578125 0.5688337875 0.0904151890625 0.54932234375 0.1169760671875 0.5424879515625001 0.1656053015625
2 0.5032858640625 0.13980909218749998 0.53985935625 0.1201542890625 0.5441368359375 0.0576412265625 0.5062490453125 0.0545705234375 0.48169545312500006 0.0849309328125 0.5032858640625 0.13980909218749998
2 0.337552125 0.2765563734375 0.32885380625 0.33844812812499997 0.34540206875 0.3971258203125 0.3895746234375 0.3875553125 0.424176671875 0.333812246875 0.43156069375 0.2491949859375 0.4182264953125 0.215763875 0.39864337031249997 0.21075756874999999 0.3557851125 0.24305358125 0.337552125 0.2765563734375
2 0.0532920671875 0.486809040625 0.079195796875 0.49495773125 0.12143274687500001 0.46708255625 0.13268797968749999 0.4190746296875 0.11683270625 0.387543284375 0.0890292125 0.3768735203125 0.047377729687499995 0.3845442625 0.030459040625 0.44077255937500004 0.0532920671875 0.486809040625
2 0.15869922812499998 0.4745740984375 0.2009361796875 0.446698925 0.192572446875 0.3779010953125 0.14401489218750002 0.4026338890625 0.1378018078125 0.446842284375 0.15869922812499998 0.4745740984375
2 0.2555992984375 0.33040695625 0.2789102734375 0.308888228125 0.28263812499999996 0.2823631890625 0.2572840234375 0.238226475 0.21128338281249998 0.27684309375 0.21961127343750003 0.329857328125 0.2555992984375 0.33040695625
2 0.0751095453125 0.363646840625 0.1016345828125 0.367374690625 0.135029853125 0.3382569 0.12038135624999999 0.2821002828125 0.0963773921875 0.276472665625 0.0686455796875 0.2973700875 0.0751095453125 0.363646840625
2 0.191628578125 0.24026960000000003 0.21815361718749998 0.2439974515625 0.252791503125 0.20603798125 0.2400069328125 0.13661884375 0.21538166093750002 0.1354120671875 0.1864072296875 0.1651511671875 0.191628578125 0.24026960000000003
2 0.105039871875 0.19879731875 0.1227590703125 0.21706614531250001 0.15432625625000002 0.21699446562500002 0.1732163921875 0.194854428125 0.18067209374999998 0.1418043515625 0.1622957453125 0.11217277187500001 0.13324963437499998 0.1103446875 0.108074734375 0.1451259359375 0.105039871875 0.19879731875
2 0.1325566453125 0.0831983421875 0.1666807453125 0.09701048749999999 0.186120509375 0.038882425 0.1721650015625 0.009872154687499999 0.14374019843750002 0.003623228125 0.11732268125 0.04724615625 0.1325566453125 0.0831983421875
2 0.2082473125 0 0.20435349687499998 0.005379634375 0.2316790421875 0.083604609375 0.26887384375 0.0595289640625 0.267354196875 0 0.2082473125 0
2 0.5890625 0.034375 0.0875 0.0640625
2 0.01484375 0.49765625 0.0296875 0.1109375
2 0.840625 0.38984375 0.20625 0.2390625
2 0.26796875 0.909375 0.178125 0.146875