2 0.89921875 0.34375 0.1640625 0.1859375
2 0.77734375 0.33984375 0.1640625 0.184375
2 0.96171875 0.4375 0.0765625 0.165625
2 0.90625 0.48203125 0.11875 0.1390625
2 0.87109375 0.77109375 0.1859375 0.1984375
2 0.9578125 0.84296875 0.084375 0.1484375
2 0.63515625 0.4375 0.1296875 0.1671875
2 0.640625 0.12890625 0.165625 0.1859375
2 0.66484375 0.059375 0.1328125 0.11875
2 0.521875 0.12578125 0.153125 0.2140625
2 0.65859375 0.0078125 0.1078125 0.015625
2 0.54375 0.04375 0.15 0.0875
2 0.54765625 0.6578125 0.1703125 0.259375
2 0.5921875 0.91015625 0.171875 0.1796875
2 0.371875 0.6 0.1734375 0.2078125
2 0.0640625 0.67890625 0.1015625 0.1546875
2 0.11171875 0.834375 0.14375 0.23125
2 0.2296875 0.3734375 0.13125 0.1578125
2 0.1234375 0.28203125 0.1125 0.1328125
2 0.54921875 0.046875 0.1484375 0.09375
2 0.2984375 0.86640625 0.23125 0.215625
2 0.87578125 0.1625 0.1734375 0.265625