2 0.6964285718750001 0.9441964281249999 0.6919642859375 0.9933035718750001 0.7767857140625 0.9977678578125 0.78125 0.9352678578125 0.7566964281249999 0.9151785718750001 0.7165178578125 0.9196428578125 0.6964285718750001 0.9441964281249999
2 0.6651785718750001 0.9977678578125 0.6495535718750001 0.9598214281249999 0.6026785718750001 0.984375 0.6049107140625 1 0.6651785718750001 0.9977678578125
2 0.462053571875 0.8839285718750001 0.4375 0.9129464281249999 0.4375 0.9754464281249999 0.48660714218749995 0.9977678578125 0.5178571421875 0.9665178578125 0.5223214281249999 0.9129464281249999 0.493303571875 0.8839285718750001 0.462053571875 0.8839285718750001
2 0.493303571875 0.7410714281249999 0.46875 0.8191964281249999 0.49776785781250005 0.8616071421875 0.53125 0.8638392859374999 0.5580357140625 0.8236607140625001 0.5535714281249999 0.7700892859375 0.5290178578125 0.7410714281249999 0.493303571875 0.7410714281249999
2 0.40401785781250005 0.6607142859375 0.37946428593750003 0.6986607140625 0.38392857187499996 0.7611607140625 0.40848214218749995 0.7901785718750001 0.4375 0.7924107140625 0.47321428593750003 0.7566964281249999 0.47321428593750003 0.7120535718750001 0.444196428125 0.6696428578125 0.40401785781250005 0.6607142859375
2 0.6183035718750001 0.65625 0.5892857140625 0.7254464281249999 0.6138392859375 0.7678571421875 0.6428571421875 0.7745535718750001 0.6696428578125 0.7433035718750001 0.6696428578125 0.6897321421875 0.6495535718750001 0.6607142859375 0.6183035718750001 0.65625
2 0.7008928578125 0.7433035718750001 0.7165178578125 0.7678571421875 0.7410714281249999 0.7700892859375 0.7633928578125 0.7075892859375 0.7254464281249999 0.6741071421875 0.7053571421875 0.6897321421875 0.7008928578125 0.7433035718750001
2 0.7723214281249999 0.6808035718750001 0.7723214281249999 0.7299107140625 0.7879464281249999 0.7544642859375 0.8125 0.7566964281249999 0.8348214281249999 0.7388392859375 0.84375 0.6941964281249999 0.7924107140625 0.6607142859375 0.7723214281249999 0.6808035718750001
2 0.8303571421875 0.6004464281249999 0.8214285718750001 0.6450892859375 0.8504464281249999 0.6919642859375 0.8839285718750001 0.6897321421875 0.90625 0.6495535718750001 0.9017857140625001 0.6138392859375 0.8549107140625001 0.5803571421875 0.8303571421875 0.6004464281249999
2 0.7142857140625 0.6138392859375 0.734375 0.6517857140625 0.7678571421875 0.6584821421875 0.7901785718750001 0.6316964281249999 0.7901785718750001 0.578125 0.7388392859375 0.5625 0.7142857140625 0.6138392859375
2 0.6071428578125 0.6138392859375 0.6316964281249999 0.6473214281249999 0.6607142859375 0.6495535718750001 0.6741071421875 0.578125 0.6495535718750001 0.5401785718750001 0.6272321421875 0.5357142859375 0.6071428578125 0.6138392859375
2 0.31696428593750003 0.5290178578125 0.31696428593750003 0.578125 0.33705357187499996 0.6116071421875 0.37053571406249997 0.6138392859375 0.3928571421875 0.5915178578125 0.3883928578125 0.5379464281249999 0.3415178578125 0.5089285718750001 0.31696428593750003 0.5290178578125
2 0.27455357187499996 0.1875 0.2633928578125 0.26116071406249997 0.29241071406249997 0.29017857187499996 0.32142857187499996 0.29241071406249997 0.34821428593750003 0.27008928593750003 0.34821428593750003 0.2477678578125 0.3147321421875 0.196428571875 0.27455357187499996 0.1875
2 0.35491071406249997 0.147321428125 0.3303571421875 0.1852678578125 0.33482142812500004 0.2165178578125 0.35491071406249997 0.24107142812500001 0.37946428593750003 0.2388392859375 0.40178571406249997 0.2075892859375 0.40178571406249997 0.171875 0.38169642812500004 0.147321428125 0.35491071406249997 0.147321428125
2 0.493303571875 0.09375 0.46428571406249997 0.12276785781249999 0.45535714218749995 0.194196428125 0.475446428125 0.2232142859375 0.5133928578125 0.234375 0.5446428578125 0.21205357187499999 0.5535714281249999 0.1540178578125 0.5357142859375 0.109375 0.493303571875 0.09375
2 0.41964285781250005 0.0424107140625 0.41964285781250005 0.078125 0.444196428125 0.10714285781249999 0.46875 0.10491071406250001 0.491071428125 0.078125 0.491071428125 0.0334821421875 0.44866071406249997 0.008928571875000001 0.41964285781250005 0.0424107140625
2 0.75 0.069196428125 0.7857142859375 0.100446428125 0.8303571421875 0.0647321421875 0.8236607140625001 0 0.7544642859375 0.006696428124999999 0.75 0.069196428125
2 0.8705357140625001 0.055803571875 0.9196428578125 0.0736607140625 0.9464285718750001 0.0424107140625 0.9464285718750001 0.006696428124999999 0.8727678578125 0 0.8705357140625001 0.055803571875
2 0.8928571421875 0.13616071406250002 0.8928571421875 0.180803571875 0.9241071421875 0.194196428125 0.9508928578125 0.171875 0.9598214281249999 0.131696428125 0.9174107140625001 0.10714285781249999 0.8928571421875 0.13616071406250002
2 0.8370535718750001 0.20982142812500001 0.8035714281249999 0.24330357187499999 0.7991071421875 0.296875 0.828125 0.34375 0.8571428578125 0.35044642812500004 0.8973214281249999 0.328125 0.9107142859374999 0.2477678578125 0.8861607140625001 0.2142857140625 0.8370535718750001 0.20982142812500001
2 0.171875 0.147321428125 0.15178571406250002 0.2165178578125 0.180803571875 0.25892857187499996 0.2008928578125 0.26116071406249997 0.2321428578125 0.2209821421875 0.2321428578125 0.17633928593749998 0.19866071406250002 0.147321428125 0.171875 0.147321428125
2 0.040178571875 0.140625 0.0357142859375 0.194196428125 0.0647321421875 0.2321428578125 0.102678571875 0.2299107140625 0.12946428593749998 0.171875 0.0959821421875 0.116071428125 0.069196428125 0.116071428125 0.040178571875 0.140625
2 0.040178571875 0.3147321421875 0.0803571421875 0.328125 0.102678571875 0.29241071406249997 0.0982142859375 0.25669642812500004 0.0200892859375 0.22767857187499999 0.040178571875 0.3147321421875
2 0.42410714218749995 0.421875 0.42410714218749995 0.46651785781250005 0.453125 0.5044642859375 0.48214285781250005 0.5066964281249999 0.53125 0.421875 0.5111607140625 0.42410714218749995 0.462053571875 0.375 0.42410714218749995 0.421875
2 0.03125 0.7834821421875 0.0022321421875000002 0.7366071421875 0.008928571875000001 0.828125 0.03125 0.7834821421875
2 0.022321428125 0.39955357187499996 0.0022321421875000002 0.37946428593750003 0.008928571875000001 0.44866071406249997 0.022321428125 0.39955357187499996