2 0.48883928593750003 0.45535714218749995 0.428571428125 0.49776785781250005 0.42410714218749995 0.5513392859375 0.4375 0.5915178578125 0.47098214218749995 0.625 0.5044642859375 0.6316964281249999 0.5491071421875 0.5915178578125 0.5535714281249999 0.515625 0.515625 0.46428571406249997 0.48883928593750003 0.45535714218749995
2 0.45758928593750003 0.33928571406249997 0.428571428125 0.3727678578125 0.428571428125 0.421875 0.444196428125 0.45089285781250005 0.48660714218749995 0.453125 0.5133928578125 0.41741071406249997 0.5133928578125 0.3772321421875 0.48883928593750003 0.34375 0.45758928593750003 0.33928571406249997
2 0.5602678578125 0.36607142812500004 0.5267857140625 0.40401785781250005 0.5223214281249999 0.453125 0.5558035718750001 0.5 0.5892857140625 0.49776785781250005 0.625 0.453125 0.625 0.40848214218749995 0.5870535718750001 0.36607142812500004 0.5602678578125 0.36607142812500004
2 0.625 0.24330357187499999 0.6495535718750001 0.27232142812500004 0.6964285718750001 0.27008928593750003 0.7008928578125 0.194196428125 0.6584821421875 0.165178571875 0.625 0.194196428125 0.625 0.24330357187499999
2 0.7522321421875 0.2366071421875 0.7098214281249999 0.27455357187499996 0.7008928578125 0.328125 0.7299107140625 0.37946428593750003 0.7723214281249999 0.390625 0.8169642859374999 0.328125 0.8214285718750001 0.2834821421875 0.7924107140625 0.2455357140625 0.7522321421875 0.2366071421875
2 0.8459821421875 0.3125 0.8035714281249999 0.35491071406249997 0.7946428578125 0.39955357187499996 0.828125 0.446428571875 0.8660714281249999 0.453125 0.8928571421875 0.430803571875 0.90625 0.3772321421875 0.8839285718750001 0.32366071406249997 0.8459821421875 0.3125
2 1 0.421875 0.9575892859374999 0.3928571421875 0.9285714281249999 0.421875 0.9241071421875 0.46651785781250005 0.9732142859374999 0.5022321421875 1 0.48883928593750003 1 0.421875
2 0.9263392859374999 0.5 0.8839285718750001 0.5424107140625 0.8839285718750001 0.5959821421875 0.921875 0.6473214281249999 0.9553571421875 0.6495535718750001 0.9955357140625001 0.6138392859375 0.9955357140625001 0.5513392859375 0.9665178578125 0.5044642859375 0.9263392859374999 0.5
2 0.0647321421875 0.65625 0.03125 0.6941964281249999 0.03125 0.7299107140625 0.0513392859375 0.7678571421875 0.0892857140625 0.7790178578125 0.12053571406250001 0.7477678578125 0.125 0.7120535718750001 0.100446428125 0.6607142859375 0.0647321421875 0.65625
2 0.2633928578125 0.131696428125 0.25446428593750003 0.1852678578125 0.2834821421875 0.2321428578125 0.30803571406249997 0.234375 0.33928571406249997 0.21205357187499999 0.35267857187499996 0.14508928593749998 0.296875 0.10714285781249999 0.2633928578125 0.131696428125
2 0.2053571421875 0.0736607140625 0.234375 0.11160714218750001 0.2678571421875 0.11383928593749999 0.31696428593750003 0.069196428125 0.30803571406249997 0.006696428124999999 0.21205357187499999 0 0.2053571421875 0.0736607140625
2 0.31919642812500004 0.03125 0.36607142812500004 0.037946428125 0.39732142812500004 0.0200892859375 0.39955357187499996 0 0.30803571406249997 0.0022321421875000002 0.31919642812500004 0.03125
2 0.9084821421875 0 0.90625 0.0825892859375 0.9553571421875 0.10491071406250001 0.9866071421875 0.087053571875 0.9955357140625001 0.024553571875 0.9799107140625001 0 0.9084821421875 0
2 0.7984375 0.7578125 0.1921875 0.22421875
2 0.303125 0.48125 0.13203125 0.23515625