2 0.8779306546875001 0.6491053171875001 0.8504971250000001 0.5992454953124999 0.809006953125 0.58050330625 0.7721967328125 0.610949571875 0.7484333140625 0.6741890765624999 0.7705127296875001 0.7273945171875 0.8103300921875001 0.7434596499999999 0.8521587421874999 0.7210445515624999 0.8779306546875001 0.6491053171875001
2 0.75712745 0.7357585671875 0.741739275 0.693261353125 0.71229445625 0.681881765625 0.6677887484375 0.7059696734375 0.6420168375 0.7779089109374999 0.6607506328125 0.8257602374999999 0.6938767546875 0.8311171500000001 0.72499718125 0.8153932906250001 0.75712745 0.7357585671875
2 0.616247725 0.820067646875 0.5596966640625001 0.8367929515625001 0.5453043390625 0.8792873703125 0.5596882703125 0.9261344515625 0.579764790625 0.928478625 0.6299602921874999 0.8896683062499999 0.6323072625 0.8398112859375001 0.616247725 0.820067646875
2 0.5182092890625001 0.7882702609375001 0.4737035828125 0.8123581703125 0.46265687968749997 0.8602067 0.47570367812500003 0.8929999375 0.506821309375 0.9070565796875 0.53894598125 0.8869828562500001 0.5513298140625 0.8531881718750001 0.5182092890625001 0.7882702609375001
2 0.6259628937499999 0.6986042718750001 0.592168209375 0.6862204390625 0.549332515625 0.742765903125 0.5613750703125 0.7799090078125 0.5934969453125001 0.789615784375 0.619263259375 0.7772375484375 0.635664075 0.726043396875 0.6259628937499999 0.6986042718750001
2 0.685873565625 0.538330578125 0.660775815625 0.5577357390625 0.6517376046875001 0.5968845359375 0.6671257796875001 0.6393817515625 0.690547921875 0.6470800359375 0.726018215625 0.632360425 0.7404105390625 0.5898660062500001 0.685873565625 0.538330578125
2 0.8458227687500001 0.4904960390625 0.8267560906250001 0.424241 0.7765661859375 0.40349031875 0.72570211875 0.4352737125 0.7032758296875 0.5125670625 0.7186640046874999 0.5550642781249999 0.7748765875 0.5794962625 0.8304261984375 0.5373403234375 0.8458227687500001 0.4904960390625
2 0.893002734375 0.49451582031249997 0.8612137437499999 0.5032127546875 0.834104703125 0.561098146875 0.851501371875 0.59489563125 0.8749235140625 0.602593915625 0.9217733921875 0.5584294859375001 0.92010338125 0.5259719296875 0.893002734375 0.49451582031249997
2 0.2833304953125 0.5851384890625 0.262588209375 0.54598689375 0.22444365624999998 0.532598815625 0.18863768125 0.558695215625 0.174578240625 0.61959334375 0.1909706625 0.65774069375 0.22744240312500003 0.668451715625 0.271279546875 0.6373368859374999 0.2833304953125 0.5851384890625
2 0.178253946875 0.6731316671875 0.1447893484375 0.708932046875 0.1421094921875 0.74038535625 0.157164784375 0.7644788609375001 0.1815911734375 0.76782728125 0.2230869421875 0.7270084703124999 0.218406990625 0.6778200125 0.178253946875 0.6731316671875
2 0.2796799734375 0.263575665625 0.2686416640625 0.2220826953125 0.23049711093749997 0.20869461718750001 0.20205374062499998 0.2227456640625 0.181303059375 0.27293556875 0.1889957484375 0.309074428125 0.22345899687499998 0.3284851828125 0.253575178125 0.31711119062500004 0.2796799734375 0.263575665625
2 0.41854840937500004 0.2177468203125 0.4031602328125 0.175249603125 0.369365546875 0.162865771875 0.330213953125 0.183608059375 0.313480253125 0.21639849843749998 0.319161653125 0.2910175890625 0.356301959375 0.3087555328125 0.40448896875000007 0.2786449484375 0.41854840937500004 0.2177468203125
2 0.3514244515625 0 0.35699570625 0.04775795625 0.37305524375 0.0675015953125 0.4192309640625 0.0758712421875 0.462063859375 0.0491062765625 0.48051645625 0 0.3514244515625 0
2 0.59322561875 0.1160410734375 0.5724833296875 0.076889478125 0.5507339984375 0.0718682484375 0.5169365140625 0.089264915625 0.5015399453125 0.13610919999999999 0.5192694953125 0.1883103953125 0.5523956171875 0.19366730468749999 0.5801704234375 0.1725893359375 0.59322561875 0.1160410734375
2 0.7970035703125 0.12643320156249999 0.8344823546875 0.10301385781250001 0.8408435109375001 0.0655378703125 0.7491606359375 0.055825498437499996 0.7484864765625 0.10835957656249999 0.7970035703125 0.12643320156249999
2 0.89538328125 0.0872927984375 0.8629257265625 0.0889628109375 0.824107015625 0.128108809375 0.81874730625 0.19101542968750002 0.857224740625 0.2228072203125 0.9214740859375 0.1826597734375 0.9281709234375001 0.1338069984375 0.89538328125 0.0872927984375
2 0.9452207187500001 0.2981032703125 0.9318410328125 0.246906321875 0.89135510625 0.2238142640625 0.8522035125 0.24455655312500002 0.8361355796875 0.3141544140625 0.8568778671875 0.353306009375 0.899036603125 0.37907512187500003 0.93618250625 0.3372520671875 0.9452207187500001 0.2981032703125
2 1 0.24156994062499998 0.9847107921875 0.23620369375 0.9499090640625001 0.2579502265625 0.94823345625 0.2850536703125 0.9689757421875 0.32420526562499996 1 0.3292222765625 1 0.24156994062499998
2 1 0.10556693125000001 0.9539400359375 0.0916482609375 0.94456614375 0.142173846875 0.9609585640624999 0.18032119687499998 0.98438070625 0.1880194828125 1 0.1817114078125 1 0.10556693125000001
2 0.13046875 0.584375 0.16875 0.1953125
2 0.3078125 0.91875 0.11875 0.1171875
2 0.88671875 0.8515625 0.128125 0.203125
2 0.659375 0.36171875 0.20625 0.23125
2 0.178125 0.11328125 0.1859375 0.20625
2 0.87890625 0.953125 0.0765625 0.09375