2 0.130971765625 0.101922115625 0.170814259375 0.09159677031249999 0.219395746875 0.011727646875 0.045394665625000004 0.0178038984375 0.05525260625 0.0442616953125 0.130971765625 0.101922115625
2 0.250626709375 0.0106370375 0.25327533281250003 0.08648366406249999 0.28297661875 0.10554800312499998 0.318513346875 0.09984002656249999 0.3375776875 0.0701387390625 0.3355522703125 0.0121383796875 0.250626709375 0.0106370375
2 0.5684177265625 0.2206563734375 0.617778221875 0.1630950796875 0.6202143703125 0.10493891875000001 0.589578275 0.059105182812500004 0.542498128125 0.054048746875 0.49482311250000005 0.09591665625 0.49285436718750003 0.1674575171875 0.523334659375 0.20882968750000003 0.5684177265625 0.2206563734375
2 0.38632919062500004 0.37889327968750003 0.40969929531249993 0.3445746265625 0.40782967968749995 0.29103583125 0.3681146515625 0.24105212968749998 0.3434981375 0.23967825468749998 0.3219693125 0.2627650921875 0.3147599953125 0.31215392343750004 0.338781640625 0.36045214531249997 0.38632919062500004 0.37889327968750003
2 0.46710478593750004 0.3894735546875 0.5038595890625001 0.3546874953125 0.49597039374999996 0.25668884062499997 0.47073067343749997 0.23746870000000003 0.43734682812500003 0.24086799375 0.4115122390625 0.2685721984375 0.4143166640625 0.34888038906249996 0.43110065468750003 0.3817968328125 0.46710478593750004 0.3894735546875
2 0.580414428125 0.5641969703124999 0.6170134296875001 0.524949346875 0.6196053796875 0.47125475000000006 0.5934308515625 0.4252652125 0.5415775375 0.4114414453125 0.515742946875 0.43914565000000005 0.5042278640625 0.49315185 0.533022678125 0.5502174015625 0.580414428125 0.5641969703124999
2 0.6955370125 0.662917959375 0.7276744484375001 0.6238261359374999 0.721187465625 0.5659815765625 0.6816282390625 0.52045944375 0.6345480921875 0.5154030078125 0.60503094375 0.5655708453125 0.616602696875 0.64110586875 0.65553871875 0.6687817359375 0.6955370125 0.662917959375
2 0.277920278125 0.8561817328125001 0.319136646875 0.8212398734375 0.32541115781249996 0.7450816453125 0.2903134953125 0.6994037109375 0.24769491562499998 0.694191475 0.20494887031250003 0.74928828125 0.20681848593750002 0.8028270750000001 0.2374545796875 0.8486608125 0.277920278125 0.8561817328125001
2 0.6213334109375 0.9044940734375 0.6236137562499999 0.8418763468750001 0.5689843531250001 0.8125149984375 0.543305565625 0.8446807703125 0.5448635796875 0.8892964328125 0.5753438734375 0.9306686031250001 0.597651703125 0.9298895953124999 0.6213334109375 0.9044940734375
2 0.8668470156250001 0.8356159578125 0.92513064375 0.7777430625 0.9314051515624999 0.7015848359375 0.9006132578124999 0.6512895328125 0.8398368078124999 0.63777736875 0.8057022921874999 0.683639440625 0.8048241578124999 0.7864112640625 0.8490007515625001 0.8362391625000001 0.8668470156250001 0.8356159578125
2 1 0.5382281359375 0.9524099015624999 0.535572078125 0.9136580171875 0.5771283859375 0.902142934375 0.631134584375 0.940328284375 0.7012732328125 0.9771114234375 0.7312577859375 0.970369509375 0.7940313140625 1 0.8249079375000001 1 0.5382281359375
2 0.9515176453124999 0.9577353875 0.9924224109375 0.913870396875 0.9943911562500001 0.8423295359375 0.9589818921875001 0.7877284671875 0.9299038124999999 0.78651039375 0.873617265625 0.8376130390625001 0.871025315625 0.8913076343749999 0.9155135124999999 0.9500586656250001 0.9515176453124999 0.9577353875
2 0.97109375 0.3484375 0.053125 0.15
2 0.94765625 0.021875 0.0734375 0.04375
2 0.7671875 0.21171875 0.14375 0.221875
2 0.4234375 0.7109375 0.1578125 0.1859375
2 0.0765625 0.83203125 0.1390625 0.271875
2 0.0859375 0.2359375 0.140625 0.2078125