2 0.190625 0.13046875 0.084375 0.121875
2 0.0625 0.38515625 0.1125 0.14453125
2 0.44921875 0.1375 0.10625 0.12734375
2 0.3296875 0.134375 0.075 0.08125
2 0.2796875 0.434375 0.12421875 0.125
2 0.33671875 0.77109375 0.1078125 0.14296875
2 0.10703125 0.83359375 0.0953125 0.115625
2 0.14453125 0.9203125 0.11796875 0.1359375
2 0.35703125 0.5609375 0.08359375 0.13125
2 0.3953125 0.6296875 0.0875 0.1171875
2 0.4140625 0.721875 0.07265625 0.10390625
2 0.56171875 0.6203125 0.128125 0.16484375
2 0.71796875 0.1765625 0.09140625 0.13359375
2 0.8640625 0.21953125 0.10390625 0.1453125
2 0.8203125 0.33515625 0.06875 0.09296875
2 0.64609375 0.74921875 0.15078125 0.1953125
2 0.78125 0.70703125 0.08125 0.11484375
2 0.89375 0.94375 0.1390625 0.11171875
2 0.9796875 0.8234375 0.03984375 0.1296875
2 0.9765625 0.125 0.046875 0.1375
2 0.9765625 0.0265625 0.04375 0.053125