0 0.61640625 0.8109375 0.06875 0.090625
0 0.6859375 0.73359375 0.0828125 0.096875
0 0.7046875 0.47109375 0.06875 0.0734375
0 0.7390625 0.3890625 0.0859375 0.0828125
0 0.85625 0.16328125 0.05625 0.071875
0 0.8109375 0.13125 0.0671875 0.0890625
0 0.7515625 0.04296875 0.10625 0.0859375
0 0.446875 0.20703125 0.1375 0.1828125
0 0.30078125 0.3234375 0.0546875 0.0734375
0 0.16328125 0.34609375 0.0546875 0.08125
0 0.12578125 0.5265625 0.065625 0.0859375
0 0.18515625 0.521875 0.0671875 0.071875
0 0.08515625 0.85859375 0.1 0.1265625
0 0.1484375 0.1984375 0.06875 0.09375
0 0.16015625 0.09921875 0.0890625 0.1234375
0 0.1890625 0.3625 0.04375 0.05
0 0.984375 0.76328125 0.03125 0.1234375