0 0.74921875 0.53515625 0.2234375 0.275
0 0.59296875 0.4515625 0.178125 0.1984375
0 0.59375 0.2875 0.1828125 0.209375
0 0.45703125 0.32265625 0.171875 0.2015625
0 0.28046875 0.26953125 0.121875 0.1421875
0 0.3171875 0.52578125 0.2015625 0.2234375
0 0.18828125 0.6296875 0.2046875 0.2296875
0 0.1484375 0.7640625 0.1078125 0.115625
0 0.33828125 0.7890625 0.1078125 0.125
0 0.821875 0.8609375 0.1140625 0.128125
0 0.17265625 0.4375 0.1515625 0.1890625
0 0.1265625 0.1078125 0.0875 0.1265625
0 0.684375 0.07265625 0.1234375 0.103125