2 0.8839285718750001 0.9263392859374999 0.8950892859374999 0.9419642859374999 0.9508928578125 0.9441964281249999 0.9642857140625001 0.890625 0.9129464281249999 0.8482142859374999 0.8883928578125 0.8727678578125 0.8839285718750001 0.9263392859374999
2 0.7455357140625 0.984375 0.7611607140625 1 0.8169642859374999 0.9977678578125 0.8303571421875 0.9263392859374999 0.7834821421875 0.8883928578125 0.7455357140625 0.9263392859374999 0.7455357140625 0.984375
2 0.6339285718750001 0.9933035718750001 0.7053571421875 0.9977678578125 0.6964285718750001 0.9397321421875 0.6674107140625 0.9151785718750001 0.6361607140625 0.9196428578125 0.6339285718750001 0.9933035718750001
2 0.6875 0.8191964281249999 0.6875 0.8772321421875 0.7366071421875 0.8995535718750001 0.7589285718750001 0.828125 0.7388392859375 0.7991071421875 0.7120535718750001 0.7946428578125 0.6875 0.8191964281249999
2 0.6183035718750001 0.7767857140625 0.5848214281249999 0.8013392859374999 0.5758928578125 0.8459821421875 0.59375 0.8995535718750001 0.6383928578125 0.9129464281249999 0.6741071421875 0.8861607140625001 0.6785714281249999 0.828125 0.6540178578125 0.7857142859375 0.6183035718750001 0.7767857140625
2 0.7924107140625 0.6428571421875 0.7366071421875 0.6808035718750001 0.7321428578125 0.7209821421875 0.7410714281249999 0.7745535718750001 0.7700892859375 0.8035714281249999 0.8080357140625001 0.8102678578125 0.8526785718750001 0.765625 0.8616071421875 0.7165178578125 0.8392857140625001 0.6674107140625 0.7924107140625 0.6428571421875
2 1 0.7522321421875 0.9799107140625001 0.75 0.9464285718750001 0.7924107140625 0.9419642859374999 0.8370535718750001 0.9754464281249999 0.8839285718750001 1 0.890625 1 0.7522321421875
2 0.8571428578125 0.6004464281249999 0.8616071421875 0.640625 0.8816964281249999 0.6696428578125 0.9107142859374999 0.6674107140625 0.9330357140625001 0.6183035718750001 0.9040178578125 0.5758928578125 0.8816964281249999 0.5758928578125 0.8571428578125 0.6004464281249999
2 0.7053571421875 0.6004464281249999 0.7142857140625 0.6540178578125 0.7410714281249999 0.6674107140625 0.7991071421875 0.6183035718750001 0.7700892859375 0.5446428578125 0.7388392859375 0.5491071421875 0.7053571421875 0.6004464281249999
2 0.6160714281249999 0.6183035718750001 0.6205357140625 0.6674107140625 0.6450892859375 0.6964285718750001 0.6785714281249999 0.6986607140625 0.7053571421875 0.6629464281249999 0.7008928578125 0.6138392859375 0.6450892859375 0.5892857140625 0.6160714281249999 0.6183035718750001
2 0.65625 0.515625 0.65625 0.5602678578125 0.7008928578125 0.5870535718750001 0.7321428578125 0.5334821421875 0.71875 0.5022321421875 0.6897321421875 0.491071428125 0.65625 0.515625
2 0.6629464281249999 0.36607142812500004 0.6227678578125 0.375 0.5982142859375 0.42633928593750003 0.6071428578125 0.49776785781250005 0.6227678578125 0.5223214281249999 0.6428571421875 0.5200892859375 0.7008928578125 0.46651785781250005 0.7098214281249999 0.43526785781250005 0.6964285718750001 0.390625 0.6629464281249999 0.36607142812500004
2 0.7700892859375 0.34375 0.7455357140625 0.36383928593750003 0.7321428578125 0.412946428125 0.7522321421875 0.45089285781250005 0.7901785718750001 0.45758928593750003 0.8214285718750001 0.430803571875 0.8303571421875 0.390625 0.8058035718750001 0.34821428593750003 0.7700892859375 0.34375
2 0.78125 0.49776785781250005 0.8102678578125 0.5446428578125 0.8482142859374999 0.546875 0.8883928578125 0.493303571875 0.8549107140625001 0.42410714218749995 0.8191964281249999 0.44196428593750003 0.78125 0.49776785781250005
2 0.8236607140625001 0.12946428593749998 0.7946428578125 0.162946428125 0.7901785718750001 0.2075892859375 0.8058035718750001 0.25 0.8571428578125 0.265625 0.8883928578125 0.22544642812500001 0.8883928578125 0.16741071406250002 0.8638392859374999 0.133928571875 0.8236607140625001 0.12946428593749998
2 0.7120535718750001 0.116071428125 0.6830357140625 0.149553571875 0.6830357140625 0.194196428125 0.7232142859375 0.22544642812500001 0.75 0.21205357187499999 0.7633928578125 0.149553571875 0.7477678578125 0.125 0.7120535718750001 0.116071428125
2 0.6785714281249999 0.0647321421875 0.6919642859375 0.0915178578125 0.75 0.109375 0.7901785718750001 0.0736607140625 0.7946428578125 0.006696428124999999 0.6897321421875 0 0.6785714281249999 0.0647321421875
2 0.9151785718750001 0.0647321421875 0.9419642859374999 0.0022321421875000002 0.8638392859374999 0 0.8705357140625001 0.0513392859375 0.9151785718750001 0.0647321421875
2 0.5424107140625 0.0669642859375 0.5089285718750001 0.10491071406250001 0.5089285718750001 0.1540178578125 0.5290178578125 0.19196428593749998 0.5714285718750001 0.19866071406250002 0.6026785718750001 0.162946428125 0.6071428578125 0.11383928593749999 0.5825892859375 0.0758928578125 0.5424107140625 0.0669642859375
2 0.444196428125 0.10714285781249999 0.415178571875 0.140625 0.41071428593750003 0.17633928593749998 0.43526785781250005 0.21875 0.46875 0.2209821421875 0.5 0.1852678578125 0.5 0.1540178578125 0.47991071406249997 0.11160714218750001 0.444196428125 0.10714285781249999
2 0.35267857187499996 0.203125 0.36607142812500004 0.149553571875 0.33258928593750003 0.1383928578125 0.31696428593750003 0.1852678578125 0.35267857187499996 0.203125
2 0.1897321421875 0.3928571421875 0.16071428593749998 0.42633928593750003 0.16071428593749998 0.462053571875 0.1852678578125 0.5 0.20982142812500001 0.5022321421875 0.2366071421875 0.475446428125 0.24107142812500001 0.42633928593750003 0.2209821421875 0.39732142812500004 0.1897321421875 0.3928571421875
2 0.087053571875 0.6071428578125 0.053571428125 0.640625 0.0491071421875 0.6897321421875 0.0625 0.7254464281249999 0.102678571875 0.7433035718750001 0.1383928578125 0.7075892859375 0.147321428125 0.6540178578125 0.1272321421875 0.6160714281249999 0.087053571875 0.6071428578125
2 0 0.765625 0.0357142859375 0.7924107140625 0.053571428125 0.7834821421875 0.0625 0.7388392859375 0.024553571875 0.7053571421875 0 0.765625
2 0.171875 0.8125 0.2008928578125 0.8191964281249999 0.2008928578125 0.7075892859375 0.1584821421875 0.6919642859375 0.12946428593749998 0.7566964281249999 0.171875 0.8125
2 0.0044642859375000005 0.5691964281249999 0.0357142859375 0.5290178578125 0.03125 0.484375 0.0111607140625 0.46428571406249997 0.0044642859375000005 0.5691964281249999
2 0.38169642812500004 0.8392857140625001 0.3571428578125 0.8549107140625001 0.34821428593750003 0.8995535718750001 0.3727678578125 0.9419642859374999 0.41071428593750003 0.9441964281249999 0.43303571406249997 0.9308035718750001 0.43303571406249997 0.8816964281249999 0.412946428125 0.8482142859374999 0.38169642812500004 0.8392857140625001
2 0.037946428125 1 0.10714285781249999 0.9977678578125 0.0959821421875 0.9375 0.069196428125 0.9285714281249999 0.040178571875 0.953125 0.037946428125 1
2 0.58046875 0.9796875 0.0890625 0.03984375
2 0.21875 0.98203125 0.0984375 0.0359375
2 0.64609375 0.01796875 0.0734375 0.03515625
2 0.08515625 0.12421875 0.16875 0.21875
2 0.5015625 0.521875 0.125 0.16640625