2 0.54005149375 1 0.5564074406249999 0.9681671546875 0.5478567484375 0.923785909375 0.5222269546875 0.9038010265624999 0.4902633484375 0.9173687718749999 0.46438357343750003 0.9695061968750001 0.46870642656249994 1 0.54005149375 1
2 0.45531112812499996 1 0.46605592500000004 0.965366984375 0.4558328828125 0.925124953125 0.4302030890625 0.90514006875 0.39163340625 0.9112238984375001 0.35835304375 0.9459266328125 0.35201923281249997 0.9794792609374999 0.40609411562500003 1 0.45531112812499996 1
2 0.19487348437500002 0.754689534375 0.1852560140625 0.659320965625 0.14104142343749998 0.61979011875 0.09331547500000001 0.6366192390625 0.0607462984375 0.7053135203124999 0.07247503749999999 0.7894978781249999 0.1117559046875 0.817405596875 0.16987154843750002 0.79273696875 0.19487348437500002 0.754689534375
2 0.2697126390625 0.6886287703125 0.25455586874999997 0.636763609375 0.22478686093750003 0.615106375 0.19529011875 0.634485684375 0.18270582500000002 0.6775501703125 0.19292886874999998 0.7177922046874999 0.2231367953125 0.7324044421875 0.259678534375 0.7134640515624999 0.2697126390625 0.6886287703125
2 0.5888264390625 0.584037084375 0.55817959375 0.576469840625 0.492935625 0.6247403203124999 0.48035133124999996 0.66780480625 0.5216601390625 0.7085690859375 0.6080390953125 0.661615365625 0.6123449625 0.615206175 0.5888264390625 0.584037084375
2 0.7854419921875 0.9018118421875 0.772752084375 0.8557582453125001 0.745449940625 0.8399125749999999 0.70019085625 0.862553259375 0.6884844 0.8915277546875 0.696157253125 0.9499989921875001 0.72803753125 0.96047201875 0.7629069187499999 0.945670840625 0.7854419921875 0.9018118421875
2 0.851624840625 0.7022517484375 0.8406072859375 0.6520589390625 0.8174443546875001 0.63788561875 0.776324484375 0.6621986546875 0.7537894109375001 0.706057653125 0.760667753125 0.7545781140625001 0.7925480296875 0.7650511375 0.836573684375 0.7395046703125 0.851624840625 0.7022517484375
2 0.8583307187500001 0.32217756406250003 0.8210777953124999 0.3071264046875 0.7915810546875 0.3265057140625 0.7514446328125 0.4258468421875 0.773729725 0.4541101515625 0.8542971171874999 0.40962329531249997 0.8702261140625 0.35828038125 0.8583307187500001 0.32217756406250003
2 0.73768795 0.3288059234375 0.7209421578125 0.25703920625 0.6895007984375 0.2395211859375 0.6408970140625 0.27044029687500004 0.6182786124999999 0.3383400671875 0.6343132203125 0.376115234375 0.6786111390625 0.39160531249999997 0.7209644421875 0.370198059375 0.73768795 0.3288059234375
2 0.46153302500000004 0.35686382031249997 0.47323948125 0.327889325 0.4564103609375 0.28016337812500003 0.427435865625 0.26845692187500003 0.3863159953125 0.2927699578125 0.3636975953125 0.36066972656249996 0.379376609375 0.38144912343750004 0.42455236718749995 0.3828492078125 0.46153302500000004 0.35686382031249997
2 0.5066642140625001 0.13194619999999999 0.48051217343749997 0.1430470828125 0.463788665625 0.1844392171875 0.4756840609375 0.2205420375 0.4951466953125 0.22599800937499998 0.5242045203125001 0.2136636953125 0.540928028125 0.172271559375 0.5066642140625001 0.13194619999999999
2 0.738354565625 0.1364797640625 0.8096823640625 0.12677896718749998 0.8301061671875001 0.09410417812500001 0.7319984703125 0.0568735375 0.7011849703124999 0.09738783749999999 0.738354565625 0.1364797640625
2 0.9038397843749999 0.2274145671875 0.9445207359375001 0.21014652812499998 0.962122084375 0.15466439999999998 0.8880551593750001 0.117517090625 0.8666701890624999 0.18832264062499998 0.9038397843749999 0.2274145671875
2 1 0.166428425 0.9791178578125 0.1543088078125 0.9402981953125 0.23251494843749998 0.9538659421875 0.264478553125 0.9816070046875 0.27327922656250003 1 0.2617982234375 1 0.166428425
2 1 0.5208652953125 0.98060708125 0.5617684656249999 0.9962027687499999 0.6065886296875 1 0.59555266875 1 0.5208652953125
2 0.9 0.8 0.08125 0.1390625
2 0.7321263671875 0.2591504765625 0.7448162734375 0.3052040734375 0.764278909375 0.31066004375 0.8025763265625001 0.26353967031250003 0.778263290625 0.2224198015625 0.7438328234375 0.23017597968749998 0.7321263671875 0.2591504765625
2 0.2109375 0.39765625 0.203125 0.234375
2 0.62734375 0.44765625 0.184375 0.1984375