2 0.08828125 0.78125 0.1765625 0.184375
2 0.17890625 0.1546875 0.1796875 0.2
2 0.23203125 0.0625 0.1765625 0.125
2 0.56328125 0.4359375 0.1796875 0.19375
2 0.021875 0.7796875 0.04375 0.090625
2 0.66875 0.365625 0.2171875 0.2375
2 0.76953125 0.4265625 0.1859375 0.2015625
2 0.734375 0.234375 0.1609375 0.16875
2 0.76953125 0.11875 0.159375 0.13125
2 0.865625 0.83515625 0.1109375 0.1546875
2 0.91015625 0.6765625 0.165625 0.190625
2 0.946875 0.55703125 0.10625 0.1640625
2 0.97734375 0.44921875 0.0453125 0.1828125
2 0.94921875 0.30390625 0.1015625 0.2109375
2 0.634375 0.54453125 0.209375 0.2421875