2 1 0.710351046875 0.9861211546875 0.7047725546875 0.95725555625 0.750450775 0.9628552953125 0.8037287328125 0.9912408421875 0.838900740625 1 0.838566403125 1 0.710351046875
2 0.9927876031249999 0.6614275578125001 0.9645220703125 0.60604299375 0.9104308328125 0.582550515625 0.8855384203125001 0.6233222625 0.8876316187500001 0.6859465250000001 0.9115773359375 0.721585178125 0.95001585625 0.724278440625 0.9911476421875 0.6885331828125001 0.9927876031249999 0.6614275578125001
2 0.9972542437499999 0.49038079687499997 0.9639622234375 0.4512356046875 0.941296428125 0.449129 0.9185106218750001 0.4672349515625 0.90728433125 0.53125915 0.9415096421875001 0.5792840015625 0.9755083328125 0.582443909375 0.99934744375 0.5530050609375 0.9972542437499999 0.49038079687499997
2 0.8776054562500001 0.5478451546875001 0.854126384375 0.51664633125 0.8083281515625 0.5079932921875 0.7785292640625 0.544791853125 0.7787558828125001 0.589656796875 0.8154344312499999 0.639668240625 0.8572594812500001 0.6532277546875 0.8827385515625 0.5966832828124999 0.8776054562500001 0.5478451546875001
2 0.7268778593749999 0.608576025 0.70783861875 0.576910559375 0.662973675 0.577137178125 0.6331747875 0.6139357375000001 0.63830788125 0.6627738671875 0.671599903125 0.701919059375 0.7006921187499999 0.70110578125 0.7280377687499999 0.6623206296874999 0.7268778593749999 0.608576025
2 0.5394583078124999 0.7045855109375 0.567377209375 0.7353176875 0.5915629515624999 0.730531225 0.612135546875 0.6700135671874999 0.566923971875 0.6455878 0.540164978125 0.6686002265625001 0.5394583078124999 0.7045855109375
2 0.62322841875 0.711491984375 0.58852305625 0.744317359375 0.5892163203125 0.793622134375 0.621575053125 0.8238876656249999 0.64576079375 0.8191012046875 0.665160075 0.7901290000000001 0.661426915625 0.7546103609375 0.62322841875 0.711491984375
2 0.5626705421875 0.9467895625 0.5915361390625 0.9011113406250001 0.5569641953125 0.828434103125 0.5274053359375 0.8248075500000001 0.4992330015625 0.9197905437499999 0.5364982078125 0.9540292609375 0.56068395 0.9492427984375 0.537551509375 0.9426963640625001 0.5626705421875 0.9467895625
2 0.2274834953125 0.8540861671875 0.18180527500000002 0.8252205703125 0.16007276875 0.831993625 0.1426600828125 0.858512590625 0.15316629531249998 0.915763734375 0.1850583828125 0.9415894359375001 0.2136839546875 0.9363363296875 0.2410296046875 0.8975511765625 0.2274834953125 0.8540861671875
2 0.15588870625 1 0.158766034375 0.96904169375 0.135753609375 0.9422827 0.1042081546875 0.941109384375 0.0783824515625 0.9730014718750001 0.0812201109375 1 0.15588870625 1
2 0.671506703125 0.5515515 0.6778265171875 0.48355411718749997 0.634254903125 0.4320227265625 0.5800436546875 0.42874280468750003 0.5343520265625 0.485167265625 0.5385518312500001 0.5251257359375 0.5609776 0.5676574546875 0.6022159921875 0.5969896968749999 0.6219619015625 0.5926698796875 0.671506703125 0.5515515
2 0.655640775 0.40059728437500003 0.664280409375 0.440089109375 0.711945221875 0.46650146875000004 0.7311178828125 0.3926643203125 0.704132271875 0.370811803125 0.677493290625 0.3736116734375 0.655640775 0.40059728437500003
2 0.6467745218750001 0.3162405171875 0.6189756328125 0.2652957828125 0.5746973468750001 0.24974967499999998 0.5418585640625 0.300334371875 0.5420851828125001 0.3451993140625 0.585190153125 0.3922908765625 0.6187222015625 0.39101095468749997 0.639521415625 0.375358240625 0.6467745218750001 0.3162405171875
2 0.4798343640625 0.20136478593749998 0.4225832203125 0.2118709984375 0.39418426875 0.2619890484375 0.40866366718749997 0.31433371875 0.4710479046875 0.3526656328125 0.5341522203125 0.26972220625 0.5264458750000001 0.2391100421875 0.4798343640625 0.20136478593749998
2 0.3653186703125 0.307667271875 0.32406687343749996 0.3636250859375 0.33013325781249997 0.421342875 0.3727715828125 0.4639946078125 0.40583698593750006 0.4582748546875 0.4392624265625 0.39191743125 0.43015614687500003 0.347985778125 0.3653186703125 0.307667271875
2 0.3053474515625 0.527192121875 0.27696190625 0.4920201140625 0.25429611093750004 0.489913509375 0.21912410468750002 0.51829905625 0.2095377734375 0.5552176296875 0.2328968328125 0.6066290078125001 0.27425523749999997 0.61574869375 0.303000821875 0.5902830296875 0.3053474515625 0.527192121875
2 0.23468361875000002 0.3887307109375 0.213297746875 0.42015615312500004 0.21703090625 0.4556747921875 0.2395766875 0.4779939546875 0.263762428125 0.4732074921875 0.27965516875 0.45358159374999996 0.27545536406250004 0.41362312343749996 0.23468361875000002 0.3887307109375
2 0.173552490625 0.5545109593750001 0.14516694375 0.519338953125 0.11759467500000001 0.5132591625 0.0877957875 0.550057721875 0.089422340625 0.60824215625 0.1129014125 0.639440978125 0.1380204453125 0.6435341765625 0.167232675 0.6225083421875001 0.173552490625 0.5545109593750001
2 0 0.500930040625 0.019571784375 0.4988729625 0.04831736875 0.47340730000000003 0.051597290625 0.41919605156250006 0.0010125953125 0.38635726875 0 0.38692315625 0 0.500930040625
2 0 0.5052531078125 0.009038759375 0.6122019359374999 0.026798078125000003 0.61033535625 0.0422241734375 0.5862696265625 0.036624434375 0.5329916671875 0 0.5033337875 0 0.5052531078125
2 0 0.34172117812499997 0.0374645234375 0.39150376875 0.08034287500000001 0.3937303859375 0.11960807968750001 0.340225809375 0.113541696875 0.2825080203125 0.074409909375 0.23050998437499998 0.03795798125 0.22536348281250002 0 0.28157444531250003 0 0.34172117812499997
2 0 0.2750448578125 0.034104809375 0.2100574 0 0.17872241093750002 0 0.2750448578125
2 0 0.14653934375 0.0230119375 0.16857898437500002 0.052104153125 0.1677657078125 0.0750099734375 0.1294472 0.06683698437499999 0.0943952046875 0.034478253125000004 0.064129671875 0.007839275 0.06692954062499999 0 0.0812511453125 0 0.14653934375
2 0.2006185390625 0.0646231296875 0.156220240625 0.0692895796875 0.1345943421875 0.141140134375 0.163913178125 0.18519180156249998 0.2018850546875 0.183445234375 0.2306306390625 0.1579795703125 0.229937375 0.108674796875 0.2006185390625 0.0646231296875
2 0.30621435468749997 0.2151241078125 0.2670691625 0.248416128125 0.2628559515625 0.2937477171875 0.29661461718750004 0.3373327390625 0.3212670046875 0.33698610625000003 0.353052484375 0.2977343078125 0.3542258 0.26618885312499996 0.30621435468749997 0.2151241078125
2 0.545165296875 0.07554300625 0.5069668015625 0.0324246296875 0.48430100625000005 0.030318025 0.46291513437500004 0.0617434671875 0.46454168906250004 0.1199279 0.4870874703125 0.1422470609375 0.5304324671875 0.1489135109375 0.5493651015625 0.11550147656250001 0.545165296875 0.07554300625
2 1 0.9171619703125 0.9920541203125 0.86799295625 0.9566554921874999 0.851513559375 0.91937688125 0.9025649 0.9249766203125 0.9558428593749999 1 0.9479575859375 1 0.9171619703125
2 0.5168059203125 0.617188846875 0.4782607921875 0.5494180828124999 0.4344491515625 0.5383118062500001 0.4100233828125 0.58352338125 0.4174897015625 0.654560659375 0.46503450312499994 0.7011855765624999 0.49366007500000003 0.6959324687499999 0.5205390796875 0.6527074875000001 0.5168059203125 0.617188846875
2 0.75546875 0.0734375 0.1515625 0.146875
2 0.77109375 0.68515625 0.125 0.1796875