2 0.2728146796875 0.8264888015625 0.24025047656249998 0.795145828125 0.1877248734375 0.796305490625 0.142567984375 0.864841203125 0.1409874671875 0.8963688781249999 0.176168715625 0.9259466312500001 0.2243120546875 0.9239351421875 0.273912775 0.8676328328125 0.2728146796875 0.8264888015625
2 0.3868151171875 0.8600178484375001 0.364903796875 0.85575871875 0.3283267328125 0.8918533609375 0.34354658125 0.95393375 0.3768394765625 0.9581313124999999 0.40294835781250005 0.929097546875 0.3868151171875 0.8600178484375001
2 0.35071035781250004 0.6597164921875 0.32605885625000003 0.6344594359375 0.290148915625 0.6320270921875 0.2692741234375 0.65753041875 0.2607558640625 0.7013530609374999 0.2854689328125 0.7379916921875 0.31352773749999996 0.7457196921875 0.3492529734375 0.7140073140625 0.35071035781250004 0.6597164921875
2 0.47706732656249995 0.711564853125 0.4549713046875 0.6731610031249999 0.40944501093749996 0.6734072734375001 0.3824843015625 0.7068233015625001 0.3739660421875 0.7506459453125001 0.39867911093749997 0.7872845749999999 0.4275897421875 0.7906303109375 0.47025272031250004 0.7466229671875 0.47706732656249995 0.711564853125
2 0.6166942265625 0.7887318390625 0.5937463765625 0.7547102546875 0.5246051109375001 0.7594619234375 0.50543396875 0.776200721875 0.49703884531250003 0.8427865109375 0.528812790625 0.8898933203125001 0.5717220390625 0.8914122703125 0.6100027531250001 0.8465531000000001 0.6166942265625 0.7887318390625
2 0.5748729546875 0.6646326265625 0.5388398796875 0.6394371375000001 0.505064565625 0.70791128125 0.5280739828125001 0.753314440625 0.57098323125 0.7548333875 0.595265328125 0.7118010046875 0.5748729546875 0.6646326265625
2 0.7578299562499999 0.659265284375 0.7098097515624999 0.6840399203125 0.7250295999999999 0.746120309375 0.782727728125 0.730048634375 0.78162963125 0.6889046046875 0.7578299562499999 0.659265284375
2 0.8188839359375001 0.778007271875 0.801170178125 0.7404552468750001 0.769642503125 0.7388747312499999 0.7322136125 0.7793516359375 0.72892944375 0.819643840625 0.7474334625 0.8414320265624999 0.7754922671875 0.8491600281249999 0.8095138515625001 0.826212178125 0.8188839359375001 0.778007271875
2 0.9132308109375 0.9009468203125 0.8859006968750001 0.866073409375 0.8352018812500001 0.8812316921875001 0.8204745703125 0.9102038890624999 0.8207208406250001 0.9557301828125 0.8479893875 0.979222021875 0.8812207140625 0.9720380093750001 0.9072680312499999 0.9316226703125 0.9132308109375 0.9009468203125
2 0.9438965421875001 0.7431853109375 0.9112092031250001 0.689079190625 0.8744474390624999 0.6910291109375 0.8474867296875 0.724445140625 0.8468811734375 0.7743536984375 0.8645333656249999 0.8005241484375001 0.8969744328125 0.809103975 0.9362301109375 0.7826256875000001 0.9438965421875001 0.7431853109375
2 1 0.4340216203125 0.9708370140625 0.3823206953125 0.9130773218750001 0.387010796875 0.8687722593749999 0.4511642421875 0.8681667015625001 0.5010728 0.9122356140625 0.555117353125 0.9612307796874999 0.5487236 0.99951149375 0.503864428125 1 0.5013512812500001 1 0.4340216203125
2 0.83407343125 0.3489147828125 0.8041878406249999 0.3271881640625 0.7605499 0.3528146265625 0.7545871187500001 0.3834904765625 0.785632371875 0.45774269843750004 0.8337141453125 0.44434963437499997 0.8492932812499999 0.41099517343749997 0.83407343125 0.3489147828125
2 0.44466758906250003 0.386918015625 0.4102766 0.3415764234375 0.3700459640625 0.349673828125 0.3439986484375 0.39008916718750003 0.3381590015625 0.4435281625 0.367254334375 0.48101862031250003 0.40492949375 0.48606800781250004 0.4371242921875 0.44912154062500004 0.44466758906250003 0.386918015625
2 0.23566327343750001 0.432700696875 0.20918498593749998 0.39344502187499997 0.162868434375 0.409455128125 0.1542270390625 0.430514625 0.1694468890625 0.4925950140625 0.20797387500000003 0.49326213750000003 0.23237910624999997 0.4729929015625 0.23566327343750001 0.432700696875
2 0.31916244531250004 0.33068739062499997 0.299745034375 0.30189989375000004 0.25507056562499997 0.29776389999999997 0.22810985781249998 0.3311799296875 0.214357509375 0.37853301093749997 0.2338364875 0.41870207812500004 0.2715116453125 0.423751465625 0.31417462500000004 0.379744121875 0.31916244531250004 0.33068739062499997
2 0.44466758906250003 0.386918015625 0.4102766 0.3415764234375 0.3700459640625 0.349673828125 0.3439986484375 0.39008916718750003 0.3381590015625 0.4435281625 0.367254334375 0.48101862031250003 0.40492949375 0.48606800781250004 0.4371242921875 0.44912154062500004 0.44466758906250003 0.386918015625
2 0.5202439421875 0.11509450000000002 0.4885315640625 0.07936926250000001 0.4388077078125 0.1129084265625 0.431141275 0.1523488046875 0.451472078125 0.188135609375 0.479530884375 0.195863609375 0.5161079484375 0.1597689671875 0.5202439421875 0.11509450000000002
2 0.44558098125 0 0.430402465625 0.015769921875000002 0.4456223140625 0.07785031249999999 0.4893833890625 0.074986996875 0.50940635625 0.0538659359375 0.5098844515625001 0 0.44558098125 0
2 0.22042421874999998 0 0.2325950203125 0.027346317187500004 0.25627156093750003 0.034222490625000004 0.279824965625 0.018335518749999998 0.28041324375 0 0.22042421874999998 0
2 0.197660040625 0.04329485625 0.17739080625 0.018889625 0.1293706 0.0436642609375 0.12170416718749999 0.0831046390625 0.1472690609375 0.11536100468749999 0.17703151875 0.1143244765625 0.1987581375 0.0844388859375 0.197660040625 0.04329485625
2 0.4739257765625 1 0.460102496875 0.9743160046874999 0.42589620781250004 0.9631191328125001 0.40063915000000005 0.9877706343750001 0.4635537796875 1 0.4739257765625 1
2 0.6421875 0.4765625 0.2078125 0.26875
2 0.13828125 0.225 0.178125 0.2234375