0 0.07421875 0.3421875 0.096875 0.09375
0 0.12734375 0.45390625 0.11875 0.121875
0 0.23671875 0.36796875 0.1078125 0.11875
0 0.4625 0.2890625 0.1328125 0.15
0 0.41640625 0.44921875 0.1484375 0.16875
0 0.50234375 0.5234375 0.1234375 0.128125
0 0.4984375 0.6328125 0.1375 0.14375
0 0.54296875 0.72734375 0.1671875 0.184375
0 0.78359375 0.74609375 0.1359375 0.1703125
0 0.8578125 0.8078125 0.1171875 0.1375
0 0.93671875 0.540625 0.0890625 0.0953125
0 0.9859375 0.50234375 0.028125 0.1171875
0 0.603125 0.0671875 0.090625 0.0921875
0 0.71953125 0.09375 0.1078125 0.1078125
0 0.8109375 0.96328125 0.09375 0.0734375