2 0.88828125 0.83125 0.15625 0.165625
2 0.76484375 0.48984375 0.1453125 0.1796875
2 0.96171875 0.4015625 0.0765625 0.1625
2 0.8703125 0.490625 0.128125 0.159375
2 0.84375 0.934375 0.15 0.13125
2 0.9125 0.9703125 0.071875 0.059375
2 0.7765625 0.9640625 0.1375 0.071875
2 0.57734375 0.51171875 0.128125 0.1546875
2 0.8203125 0.3 0.1359375 0.165625
2 0.71953125 0.29140625 0.103125 0.121875
2 0.471875 0.38984375 0.1359375 0.1609375
2 0.45234375 0.25546875 0.13125 0.15
2 0.56015625 0.07109375 0.1265625 0.1421875
2 0.44765625 0.06328125 0.1390625 0.1265625
2 0.3453125 0.0578125 0.125 0.115625
2 0.18125 0.0765625 0.14375 0.153125
2 0.07421875 0.20078125 0.0984375 0.15
2 0.090625 0.07578125 0.1 0.1515625
2 0.34453125 0.92109375 0.128125 0.1390625
2 0.14921875 0.9234375 0.1484375 0.0890625
2 0.12421875 0.83125 0.153125 0.1765625
2 0.028125 0.9109375 0.05625 0.075
2 0.92578125 0.08203125 0.1140625 0.0796875
2 0.92734375 0.67109375 0.1375 0.24375
2 0.59375 0.91171875 0.159375 0.1765625
2 0.27421875 0.3421875 0.1625 0.228125