0 0.70234375 0.2859375 0.1046875 0.1328125
0 0.70546875 0.49375 0.140625 0.1609375
0 0.8921875 0.07109375 0.0875 0.0828125
0 0.575 0.025 0.0796875 0.046875
0 0.44921875 0.22265625 0.0859375 0.1171875
0 0.4875 0.31640625 0.084375 0.10625
0 0.33359375 0.43671875 0.084375 0.10625
0 0.29609375 0.33203125 0.1078125 0.1109375
0 0.25078125 0.2046875 0.1 0.128125
0 0.19453125 0.10625 0.0953125 0.1171875
0 0.215625 0.0234375 0.065625 0.046875
0 0.59140625 0.86171875 0.0703125 0.08125
0 0.2953125 0.76484375 0.1375 0.1734375
0 0.32421875 0.9 0.059375 0.071875
0 0.08515625 0.91015625 0.065625 0.0828125
0 0.96328125 0.7265625 0.0484375 0.125