2 0.530508825 0.845356484375 0.5021867062500001 0.8585633046875 0.4903104015625 0.8911931843750001 0.5032445828125 0.9294940265625 0.568231703125 0.9632253593750001 0.5949397734375 0.9359938 0.582550871875 0.8777355124999999 0.530508825 0.845356484375
2 0.5933801953125 0.7372263734375 0.566944765625 0.7544792124999999 0.5588418374999999 0.7952011265625 0.58391406875 0.8278419015624999 0.6116909078125 0.834592525 0.6408309453125 0.7914495375 0.6260100765625001 0.7491026796875 0.5933801953125 0.7372263734375
2 0.5127542843749999 0.69108435 0.49036487187500005 0.7064504984375 0.48226194375000003 0.7471724140625 0.529178309375 0.784404484375 0.5545340750000001 0.7701179984375 0.5666830203125001 0.727509396875 0.5127542843749999 0.69108435
2 0.7169091359374999 0.7116415453125 0.66459445 0.6892412390625 0.6422050375 0.7046073875000001 0.6338294703125 0.7553080234375 0.66051575 0.8019735390625 0.6920659671875 0.8168161968750001 0.7193084203125 0.8065757281250001 0.7320026453125 0.7440096796875 0.7169091359374999 0.7116415453125
2 0.672893759375 0.8971803609375 0.6324335890625 0.9160472484375 0.6294454484374999 0.988864659375 0.71737815625 0.9503238609375 0.705523640625 0.9090566671874999 0.672893759375 0.8971803609375
2 0.8774192984375 0.575222 0.847210490625 0.584382803125 0.8520417437500001 0.663405559375 0.9073227828125001 0.6868855296875 0.930257475 0.6515619359375 0.9235286374999999 0.6054417015625 0.8774192984375 0.575222
2 0.7932708609375 0.5849062953125 0.763051159375 0.6310156359375 0.77814466875 0.6633837703125 0.8018754921875001 0.6720210828125001 0.8391075625 0.6251047171875 0.816194659375 0.5865312375 0.7932708609375 0.5849062953125
2 1 0.666868184375 0.9987562265625 0.6664154875 0.9728551828124999 0.7006594171875 0.9760832796875001 0.728708896875 1 0.7463350859375 1 0.666868184375
2 0.8839299640625 0.446578271875 0.84320805 0.43847534374999997 0.8167617265624999 0.49267671718750006 0.84156131875 0.5352962156250001 0.879044240625 0.5522982015625 0.9044000046875 0.5380117171875 0.90872955625 0.48919776875 0.8839299640625 0.446578271875
2 0.9214564624999999 0.31578610937499996 0.8828938781250001 0.3017504765625 0.8564584468750001 0.31900331249999997 0.84835551875 0.35972522812499996 0.8949992453125001 0.406936021875 0.9303337328125 0.392922175 0.9403233500000001 0.3562462796875 0.9214564624999999 0.31578610937499996
2 0.7828775890624999 0.1612086546875 0.7523961421875 0.1803481796875 0.74833923125 0.21918340625 0.777184840625 0.259916215625 0.8068483687500001 0.27071285624999997 0.8300448062499999 0.2623590765625 0.8403070609375 0.21570445624999998 0.7828775890624999 0.1612086546875
2 0.616216553125 0.12070490781250001 0.5919404515625 0.13202503906250002 0.5800641468750001 0.1646549203125 0.600817721875 0.20916110781250002 0.6323679390625 0.22400376562500002 0.6555643765625 0.2156499859375 0.667713321875 0.1730413828125 0.616216553125 0.12070490781250001
2 0.8120176265625 0.11806566562500001 0.8001413218750001 0.150695546875 0.819280846875 0.1811769921875 0.8511037031249999 0.186040928125 0.8724243453125 0.1366925953125 0.8362937265625 0.106745534375 0.8120176265625 0.11806566562500001
2 0.49592660625 0.13739067968750002 0.46383110937499994 0.142505465625 0.44197608125 0.1748627078125 0.45059160625 0.22502895781249999 0.491575265625 0.2601017015625 0.529330828125 0.267124965625 0.5600849140624999 0.238006715625 0.5460819625 0.1657236921875 0.49592660625 0.13739067968750002
2 0.5250121703125 0.27899037656250003 0.478630190625 0.258749396875 0.456229884375 0.311064084375 0.47132339375 0.3434322171875 0.5069196265625 0.35638818906249997 0.532275390625 0.342101703125 0.5382189921875 0.3073124953125 0.5250121703125 0.27899037656250003
2 0.4338622609375 0.25253315781249996 0.407165084375 0.24281618124999998 0.3788429671875 0.2560230015625 0.3691259890625 0.2827201765625 0.385833546875 0.3291130515625 0.4136103859375 0.33586367500000003 0.440852840625 0.3256232078125 0.44868312968749996 0.294880015625 0.4338622609375 0.25253315781249996
2 0.3062655125 0.35390175 0.28387609999999996 0.3692678984375 0.275773171875 0.4099898125 0.2927533703125 0.44640396562499995 0.33050893124999997 0.4534272296875 0.3558646984375 0.43914074375 0.3577622796875 0.4062382234375 0.3062655125 0.35390175
2 0.13739067968750002 0.5040733937499999 0.0907360578125 0.4938111390625 0.0742684578125 0.5482851531249999 0.0950220328125 0.5927913390625 0.12845893749999998 0.6116800140625 0.1557013921875 0.601439546875 0.171896353125 0.5569442546875 0.13739067968750002 0.5040733937499999
2 0 0.590239475 0.0224663671875 0.6167730140625001 0.042423812500000005 0.617318290625 0.0637335625 0.6049184953125 0.0718364890625 0.5641965812499999 0.045150207812499996 0.5175310671875 0.002268965625 0.51536084375 0 0.519242959375 0 0.590239475
2 0.123038828125 0.7004088515625 0.10522981875 0.7308794046875 0.1281427203125 0.7694528859374999 0.1715583484375 0.7886142 0.19665236875 0.7473579 0.181558859375 0.714989765625 0.123038828125 0.7004088515625
2 0.118164 0.7691802453125 0.083374790625 0.7632366453125 0.127030375 0.8832648484375 0.15185175625 0.8519872718749999 0.14512291875 0.8058670375 0.118164 0.7691802453125
2 0.1704242140625 0.9763232374999999 0.181766134375 0.9267022640624999 0.137816121875 0.890549859375 0.1704242140625 0.9763232374999999
2 0.2572333953125 0.1748082359375 0.23107060625 0.18208235156250002 0.21542092343750002 0.2066201984375 0.2243090875 0.246807728125 0.2758167484375 0.2621956640625 0.29227345625 0.2446701875 0.2877039484375 0.19261724687499998 0.2572333953125 0.1748082359375
2 0.47169408125 0.0009166624999999999 0.44174701875 0.03704728125 0.456840528125 0.0694154171875 0.4943234515625 0.0864174015625 0.519679215625 0.0721309171875 0.5178034203124999 0.031136364062499998 0.47169408125 0.0009166624999999999
2 0.08203125 0.24140625 0.1640625 0.2078125
2 0.2296875 0.98671875 0.1 0.0265625