1 0.8 0.94140625 0.10859375 0.11015625
1 0.7515625 0.76015625 0.1 0.15859375
1 0.5890625 0.59375 0.12421875 0.159375
1 0.7734375 0.2859375 0.12265625 0.146875
1 0.86875 0.1859375 0.10703125 0.153125
1 0.33984375 0.165625 0.13359375 0.1015625
1 0.3296875 0.4 0.11015625 0.125
1 0.2609375 0.03515625 0.09140625 0.06953125
1 0.040625 0.303125 0.08046875 0.12265625
1 0.10234375 0.4078125 0.109375 0.1234375
1 0.028125 0.48125 0.05625 0.140625
1 0.1921875 0.68671875 0.07890625 0.15859375
1 0.39453125 0.75078125 0.09609375 0.1125
1 0.1515625 0.82578125 0.0765625 0.121875
1 0.03359375 0.853125 0.0671875 0.1203125