2 0 0.18441435625 0.00898253125 0.18247317968750001 0.032615526562500004 0.1368422015625 0.021655803125 0.08421414687499999 0 0.071506040625 0 0.18441435625
2 0.4434485625 0.40574287968749995 0.41165467343750006 0.3849087140625 0.3697535796875 0.4282849203125 0.37519417499999996 0.47259501718749997 0.41056371875000003 0.504234678125 0.4438355578125 0.4821581609375 0.45332016875000003 0.44950891562499995 0.4434485625 0.40574287968749995
2 0.2926343359375 0.624413159375 0.2649601578125 0.6188154984375001 0.24847847031249998 0.686057465625 0.2860242515625 0.7354211640625 0.31984015 0.7177756578125 0.3266044625 0.6629713640625 0.2926343359375 0.624413159375
2 0.29200890625000003 0.7841622687500001 0.2651900859375 0.7672150531249999 0.23331766250000002 0.7823730249999999 0.220490159375 0.8244283484375 0.22981770625000003 0.8637633765625001 0.25966812031250003 0.8870850765625 0.284310703125 0.8863082531250001 0.3079437 0.8406772734375 0.29200890625000003 0.7841622687500001
2 0.194605228125 0.7601394421875 0.15674815 0.7265563078125 0.1254197859375 0.7461452890625 0.09704448437499999 0.8081008890625 0.1008529015625 0.83911795625 0.1456285234375 0.8741005078124999 0.186907025 0.862285428125 0.20556495312499998 0.8127674984375 0.194605228125 0.7601394421875
2 0.44476093906249997 0.81938041875 0.4179421171875 0.8024332031249999 0.387469109375 0.8106726296875 0.372154071875 0.8507844796875 0.403558134375 0.92339134375 0.432087665625 0.9176394531250001 0.45463254375 0.8631464546875 0.44476093906249997 0.81938041875
2 0.49808728437500005 0.8690554125000001 0.46707021718749997 0.8728638296875 0.44623605 0.9046577203125 0.4516766453125 0.9489678156249999 0.48650212968749995 0.9761764656249999 0.51005659375 0.966537625 0.525915690625 0.930856784375 0.49808728437500005 0.8690554125000001
2 0.48269938593750006 0.6887834359375 0.4503614359375 0.663518259375 0.43263739687499997 0.6656944984375001 0.42066525156249995 0.6964002687499999 0.450437134375 0.75571410625 0.466217696875 0.7560254015625001 0.48650780156250006 0.719800503125 0.48269938593750006 0.6887834359375
2 0.49374047968749996 0.5772313718750001 0.45020720625 0.60731455 0.45619186093749997 0.6560556562500001 0.47609213749999996 0.67160345625 0.5090526796875 0.6653075046875 0.5254558359375 0.6340576734375001 0.49374047968749996 0.5772313718750001
2 0.5498684921875 0.4848812953125 0.52771344375 0.48760159375 0.5019042078125 0.515508534375 0.49902684375 0.5653377578125001 0.5374279828125 0.603351903125 0.5814267828124999 0.613691871875 0.6108116703124999 0.596590425 0.5921565796875 0.5179203718750001 0.5498684921875 0.4848812953125
2 0.6238691000000001 0.70293465625 0.578238121875 0.679301659375 0.552196125 0.6869970265625 0.532450078125 0.727652934375 0.544497921875 0.789143009375 0.5748923953125 0.8168957203125 0.6200578484375 0.8001055703125 0.639259834375 0.7550186515624999 0.6238691000000001 0.70293465625
2 0.74475438125 0.49693481093749997 0.7131932546875001 0.49631221875 0.6895602578125 0.5419431968749999 0.6927460812499999 0.604521390625 0.74358489375 0.6522529109375 0.7807436812499999 0.625201325 0.779812628125 0.544355034375 0.74475438125 0.49693481093749997
2 0.8013394125 0.829571828125 0.773432471875 0.8037625921875 0.7221252984375 0.8437959109375001 0.7302861921875 0.9102610546875001 0.76013660625 0.9335827546875001 0.7881220796874999 0.9233998515625 0.8117550781249999 0.8777688734375 0.8013394125 0.829571828125
2 0.643609475 0.9186547109375001 0.6271277859375 0.985896678125 0.70937349375 0.9780470796875 0.695926234375 0.9234755484375 0.643609475 0.9186547109375001
2 0.881184625 0.3992226734375 0.84705743125 0.43264874062500003 0.8773733734375 0.49639358749999996 0.90590290625 0.4906416953125 0.917875053125 0.459935925 0.881184625 0.3992226734375
2 0.9218433703125 0.2907807375 0.8913703625 0.2990201640625 0.874423146875 0.325838984375 0.8814959218749999 0.383442109375 0.9157773453125 0.40621975 0.9601659765624999 0.3647870171875 0.9547253796874999 0.3204769203125 0.9218433703125 0.2907807375
2 0.8635419546875 0.23721879218750003 0.8406100859375 0.21529650781249998 0.8189990968749999 0.222447815625 0.80314 0.2581286546875 0.826304634375 0.30026251249999997 0.8509472171875 0.2994856890625 0.8640074828125 0.2776419375 0.8635419546875 0.23721879218750003
2 0.7713461109375 0.2372944890625 0.748647003125 0.2355837765625 0.7277343046875 0.3033698046875 0.7680789171875 0.33889641406250004 0.794120915625 0.331201046875 0.8008852296875 0.2763967515625 0.7713461109375 0.2372944890625
2 0.8429882953125001 0 0.8200143546875 0.01092600625 0.804155259375 0.046606846875 0.8001112421875 0.1235661875 0.8305057171874999 0.151318896875 0.85903525 0.14556700625000002 0.901014878125 0.0661986625 0.88562414375 0.014114665625 0.8675581937500001 0 0.8429882953125001 0
2 0.96172529375 0.15769621875 0.9359945906249999 0.149611021875 0.9101853578125001 0.1775179609375 0.926664209375 0.23846397656249999 0.9460204265625001 0.24958076875000001 0.9720624250000001 0.2418854015625 0.96172529375 0.15769621875
2 0.08012642656249999 1 0.0767515421875 0.972513771875 0.054363729687499994 0.955022496875 0.058874465625000004 1 0.08012642656249999 1
2 0.64375 0.51015625 0.134375 0.209375
2 0.975 0.5453125 0.05 0.1875
2 0.1109375 0.75859375 0.153125 0.1703125