2 0.5484375 0.38984375 0.15625 0.1828125
2 0.66875 0.52890625 0.1671875 0.18125
2 0.5265625 0.4875 0.15625 0.165625
2 0.45625 0.565625 0.1546875 0.1765625
2 0.56640625 0.6640625 0.15625 0.184375
2 0.84765625 0.13125 0.1359375 0.1640625
2 0.24765625 0.11640625 0.159375 0.1609375
2 0.17734375 0.38125 0.1296875 0.15
2 0.1953125 0.2140625 0.128125 0.1453125
2 0.05390625 0.259375 0.1078125 0.15
2 0.071875 0.165625 0.1046875 0.11875
2 0.12734375 0.2625 0.11875 0.1359375
2 0.0765625 0.38359375 0.140625 0.1671875
2 0.04296875 0.44921875 0.0859375 0.1578125
2 0.23984375 0.49296875 0.128125 0.1578125
2 0.175 0.54375 0.1375 0.1703125
2 0.2625 0.75859375 0.1515625 0.1734375
2 0.4078125 0.71171875 0.10625 0.1234375
2 0.47421875 0.8125 0.10625 0.1265625
2 0.74140625 0.45625 0.115625 0.128125
2 0.1515625 0.6375 0.1203125 0.1375
2 0.07109375 0.6109375 0.1078125 0.128125
2 0.0671875 0.6953125 0.090625 0.1265625
2 0.16796875 0.73984375 0.1078125 0.125
2 0.30859375 0.871875 0.0984375 0.109375
2 0.1921875 0.90234375 0.109375 0.134375
2 0.115625 0.875 0.1015625 0.14375
2 0.13125 0.96328125 0.075 0.0734375
2 0.23828125 0.9875 0.1203125 0.025
2 0.8125 0.7453125 0.228125 0.21875
2 0.31640625 0.446875 0.1625 0.1984375
2 0.63671875 0.07578125 0.2078125 0.1515625