2 0.8816964281249999 0.7455357140625 0.8258928578125 0.7924107140625 0.8214285718750001 0.8415178578125 0.859375 0.8705357140625001 0.90625 0.8683035718750001 0.9375 0.8325892859374999 0.9375 0.7834821421875 0.9129464281249999 0.75 0.8816964281249999 0.7455357140625
2 0.7589285718750001 0.9799107140625001 0.7700892859375 1 0.8258928578125 0.9977678578125 0.84375 0.9352678578125 0.7879464281249999 0.8883928578125 0.7633928578125 0.9174107140625001 0.7589285718750001 0.9799107140625001
2 0.7566964281249999 0.7276785718750001 0.71875 0.765625 0.7142857140625 0.8236607140625001 0.7477678578125 0.8660714281249999 0.7857142859375 0.8683035718750001 0.8169642859374999 0.8415178578125 0.8125 0.7566964281249999 0.7924107140625 0.7276785718750001 0.7566964281249999 0.7276785718750001
2 0.6919642859375 0.953125 0.7321428578125 0.9754464281249999 0.7544642859375 0.9308035718750001 0.7209821421875 0.8973214281249999 0.6964285718750001 0.9174107140625001 0.6919642859375 0.953125
2 0.8459821421875 0.6160714281249999 0.8125 0.6495535718750001 0.8080357140625001 0.7120535718750001 0.828125 0.7410714281249999 0.8616071421875 0.7433035718750001 0.90625 0.7120535718750001 0.9107142859374999 0.6584821421875 0.8816964281249999 0.6205357140625 0.8459821421875 0.6160714281249999
2 0.9196428578125 0.9174107140625001 0.9754464281249999 0.9241071421875 0.9866071421875 0.9486607140625001 1 0.8683035718750001 0.9620535718750001 0.84375 0.9285714281249999 0.8727678578125 0.9196428578125 0.9174107140625001
2 0.796875 0.45535714218749995 0.7633928578125 0.49776785781250005 0.7633928578125 0.5334821421875 0.8080357140625001 0.5691964281249999 0.8348214281249999 0.5424107140625 0.84375 0.49776785781250005 0.8147321421875 0.45535714218749995 0.796875 0.45535714218749995
2 0.7991071421875 0.1897321421875 0.7991071421875 0.2388392859375 0.8147321421875 0.2678571421875 0.8705357140625001 0.28794642812500004 0.8973214281249999 0.1897321421875 0.8683035718750001 0.15178571406250002 0.8370535718750001 0.147321428125 0.7991071421875 0.1897321421875
2 1 0.046875 0.9486607140625001 0.022321428125 0.9151785718750001 0.0736607140625 0.9196428578125 0.118303571875 0.9397321421875 0.147321428125 0.9732142859374999 0.1540178578125 1 0.13616071406250002 1 0.046875
2 0.859375 0.008928571875000001 0.8303571421875 0.0334821421875 0.8258928578125 0.0959821421875 0.8705357140625001 0.131696428125 0.8973214281249999 0.118303571875 0.9107142859374999 0.0513392859375 0.8861607140625001 0.0133928578125 0.859375 0.008928571875000001
2 0.6473214281249999 0.171875 0.671875 0.196428571875 0.6964285718750001 0.194196428125 0.7232142859375 0.12276785781249999 0.6808035718750001 0.0892857140625 0.6473214281249999 0.118303571875 0.6473214281249999 0.171875
2 0.9352678578125 0.15178571406250002 0.9017857140625001 0.1897321421875 0.9017857140625001 0.24330357187499999 0.9308035718750001 0.28125 0.9508928578125 0.2790178578125 0.9866071421875 0.2477678578125 0.9910714281249999 0.19866071406250002 0.9754464281249999 0.165178571875 0.9352678578125 0.15178571406250002
2 0.6584821421875 0.31696428593750003 0.6294642859375 0.3459821421875 0.6294642859375 0.38169642812500004 0.6428571421875 0.412946428125 0.6830357140625 0.43526785781250005 0.7232142859375 0.40401785781250005 0.7276785718750001 0.359375 0.703125 0.32142857187499996 0.6584821421875 0.31696428593750003
2 0.6004464281249999 0.5401785718750001 0.5669642859375 0.5959821421875 0.5758928578125 0.6540178578125 0.6138392859375 0.6875 0.6383928578125 0.6852678578125 0.6875 0.6227678578125 0.6830357140625 0.5691964281249999 0.6540178578125 0.53125 0.6004464281249999 0.5401785718750001
2 0.5870535718750001 0.71875 0.5625 0.7477678578125 0.5580357140625 0.8058035718750001 0.5870535718750001 0.8482142859374999 0.6116071421875 0.8504464281249999 0.6383928578125 0.8191964281249999 0.6383928578125 0.7566964281249999 0.6138392859375 0.7232142859375 0.5870535718750001 0.71875
2 0.475446428125 0.8883928578125 0.44196428593750003 0.953125 0.46651785781250005 0.9955357140625001 0.5 0.9977678578125 0.53125 0.9709821421875 0.5401785718750001 0.9308035718750001 0.5111607140625 0.8928571421875 0.475446428125 0.8883928578125
2 0.41741071406249997 0.7276785718750001 0.38392857187499996 0.7834821421875 0.37946428593750003 0.828125 0.3928571421875 0.8772321421875 0.446428571875 0.8995535718750001 0.48214285781250005 0.8727678578125 0.5 0.7879464281249999 0.475446428125 0.7410714281249999 0.41741071406249997 0.7276785718750001
2 0.5022321421875 0.5982142859375 0.477678571875 0.6316964281249999 0.48214285781250005 0.6808035718750001 0.5223214281249999 0.703125 0.5446428578125 0.6852678578125 0.5535714281249999 0.6316964281249999 0.5379464281249999 0.6026785718750001 0.5022321421875 0.5982142859375
2 0.421875 0.6205357140625 0.39732142812500004 0.6852678578125 0.41741071406249997 0.7142857140625 0.446428571875 0.7165178578125 0.46875 0.6941964281249999 0.46875 0.6450892859375 0.44866071406249997 0.6205357140625 0.421875 0.6205357140625
2 0.38616071406249997 0.28125 0.3616071421875 0.3102678578125 0.3571428578125 0.38616071406249997 0.38169642812500004 0.42410714218749995 0.41071428593750003 0.421875 0.45089285781250005 0.390625 0.45535714218749995 0.3415178578125 0.421875 0.28571428593750003 0.38616071406249997 0.28125
2 0.196428571875 0.3459821421875 0.196428571875 0.39508928593750003 0.2209821421875 0.43303571406249997 0.2633928578125 0.430803571875 0.2946428578125 0.39955357187499996 0.2946428578125 0.33705357187499996 0.22544642812500001 0.30357142812500004 0.196428571875 0.3459821421875
2 0.15178571406250002 0.24330357187499999 0.147321428125 0.29241071406249997 0.162946428125 0.31696428593750003 0.1875 0.3147321421875 0.2142857140625 0.27008928593750003 0.2053571421875 0.2299107140625 0.180803571875 0.21875 0.15178571406250002 0.24330357187499999
2 0.0825892859375 0.196428571875 0.053571428125 0.2209821421875 0.0446428578125 0.296875 0.0982142859375 0.3415178578125 0.133928571875 0.30580357187499996 0.1383928578125 0.2522321421875 0.12053571406250001 0.21205357187499999 0.0825892859375 0.196428571875
2 0.26116071406249997 0.12946428593749998 0.2142857140625 0.17633928593749998 0.20982142812500001 0.2522321421875 0.2388392859375 0.2991071421875 0.29017857187499996 0.3102678578125 0.33928571406249997 0.25669642812500004 0.33928571406249997 0.203125 0.3102678578125 0.147321428125 0.26116071406249997 0.12946428593749998
2 0.10491071406250001 0.8214285718750001 0.0669642859375 0.8816964281249999 0.100446428125 0.9330357140625001 0.133928571875 0.9397321421875 0.165178571875 0.8950892859374999 0.16071428593749998 0.8549107140625001 0.140625 0.8258928578125 0.10491071406250001 0.8214285718750001
2 0.0267857140625 0.9308035718750001 0.0178571421875 0.9754464281249999 0.0334821421875 1 0.1383928578125 0.9977678578125 0.12946428593749998 0.9575892859374999 0.087053571875 0.9241071421875 0.046875 0.9151785718750001 0.0267857140625 0.9308035718750001
2 0.0133928578125 0.7879464281249999 0.040178571875 0.7165178578125 0.0022321421875000002 0.6830357140625 0 0.7879464281249999 0.0133928578125 0.7879464281249999
2 0.43515625 0.48125 0.15078125 0.125
2 0.9640625 0.615625 0.071875 0.1546875