2 0.57149113125 0.7289791890624999 0.542886084375 0.6802911328125 0.4937867953125 0.6747534374999999 0.4679976453125 0.71446524375 0.4722586671875 0.7774558234375 0.51131645 0.8216400703125 0.5401642875 0.8177902828124999 0.56794686875 0.798192853125 0.57149113125 0.7289791890624999
2 0.3893522390625 1 0.4061664234375 0.9603729218750001 0.38932215625 0.8703908609375001 0.325023534375 0.9114420781250001 0.31419093125 0.9571028125 0.3317885875 1 0.3893522390625 1
2 0.33369425937499997 0.75898638125 0.2953218640625 0.77170670625 0.27919435312499996 0.8139288890625 0.2965555640625 0.8741349359375 0.339568846875 0.8832482640625001 0.3654950734375 0.8549173703124999 0.3718238671875 0.7988038984375 0.33369425937499997 0.75898638125
2 0.3111438515625 0.6314230234375 0.28494346875 0.6369920875 0.267507915625 0.716004465625 0.2959758859375 0.7533116078125001 0.334485359375 0.7519721984375 0.3560448546875 0.72456948125 0.35707874375 0.66501745625 0.3111438515625 0.6314230234375
2 0.32631181875 0.509534440625 0.29271738593749996 0.5554693312500001 0.29512205156250004 0.6097264484375 0.3251722203125 0.633005221875 0.3593149625 0.6325939890625001 0.3765077296875 0.6061194515625 0.3694621765625 0.5300286796875 0.32631181875 0.509534440625
2 0.4963715140625 0.525873371875 0.470688075 0.501666421875 0.439192784375 0.5037969312499999 0.416842190625 0.53821383125 0.42705213906250006 0.5862478640625 0.459886840625 0.622626828125 0.47907303749999997 0.616266665625 0.5065814625 0.5739074046875 0.4963715140625 0.525873371875
2 0.537328628125 0.36427298124999996 0.5174884093750001 0.3890282421875 0.5155263437500001 0.44421353750000003 0.5430661375 0.47715394843750003 0.5850141640625 0.47051963125 0.600350575 0.4353116328125 0.5839175421875 0.3794723140625 0.537328628125 0.36427298124999996
2 0.6048230171875 0.3704646984375 0.6254543359375 0.338695253125 0.6161725640625 0.2950279484375 0.570511828125 0.2841953453125 0.55121991875 0.354474265625 0.6048230171875 0.3704646984375
2 0.429848278125 0.30953028437499996 0.396253846875 0.355465178125 0.3933636046875 0.40628374218749996 0.41997522187499997 0.43485742343749995 0.46285142500000004 0.432589834375 0.48506494218749996 0.386792021875 0.48107807812500003 0.3465632703125 0.429848278125 0.30953028437499996
2 0.3788926359375 0.2952591296875 0.3504246671875 0.2579519890625 0.3189293765625 0.2600824984375 0.2940684046875 0.304161034375 0.304278353125 0.35219506875 0.324666884375 0.372963465625 0.358809628125 0.37255223125 0.37442019531250004 0.3601060640625 0.3788926359375 0.2952591296875
2 0.32855964531250004 0.1872932015625 0.3125378453125 0.1655966296875 0.2757476484375 0.1642885859375 0.25776378437499997 0.1977773078125 0.26518920156250003 0.23271115 0.2908726390625 0.2569181 0.3153537453125 0.25399649062499996 0.3334746875 0.23188868437500001 0.32855964531250004 0.1872932015625
2 0.43316136250000004 0.00303669375 0.354560215625 0.0197438828125 0.333137796875 0.058527512500000003 0.3551398953125 0.14056721249999998 0.425555890625 0.171240034375 0.4771341890625 0.09181642031250001 0.46599606250000003 0.0394156578125 0.43316136250000004 0.00303669375
2 0.494370765625 0 0.509937521875 0.0528957140625 0.55387898125 0.066375771875 0.5823155828125001 0.0283832421875 0.5819737203125 0 0.494370765625 0
2 0.8233279796874999 0.4107364234375 0.807306178125 0.38903984999999996 0.7371643375 0.38112885625000004 0.7113751890625 0.42084066406250004 0.7190747625 0.47853633437500004 0.7537658171875 0.523648759375 0.796642021875 0.521381171875 0.8291711984375001 0.45969863593750004 0.8233279796874999 0.4107364234375
2 0.735824928125 0.34261938281250004 0.754631259375 0.377416146875 0.7984356406249999 0.3795152890625 0.8240877125000001 0.32842256875000003 0.7934892328125 0.25962013906250003 0.7579013671875 0.2854406546875 0.735824928125 0.34261938281250004
2 0.9404072328125 0.31739015312499996 0.9094288859375 0.28974465 0.877933596875 0.291875159375 0.853072625 0.335953696875 0.8614262203124999 0.3752542703125 0.904850734375 0.418510340625 0.93277039375 0.410293821875 0.9524735359375001 0.37415764687499997 0.9404072328125 0.31739015312499996
2 0.9918368453124999 0.5164033953125 0.955563590625 0.4853193375 0.9380966687500001 0.48903204687499996 0.9191846265624999 0.5181540390625 0.9250278453125 0.5671162515625 0.9560061921875 0.594761753125 0.975192390625 0.588401590625 0.9958237078125001 0.5566321453125 0.9918368453124999 0.5164033953125
2 0.8877207046875 0.59558421875 0.844464634375 0.6390087359375001 0.8422284124999999 0.671432203125 0.8611718234374999 0.71760988125 0.8945234671875 0.7242128328125 0.9352691625 0.6904499546875 0.9401528359375 0.659745765625 0.8877207046875 0.59558421875
2 1 0.7060404046875 0.9527360843749999 0.686737246875 0.899955453125 0.7390323000000001 0.8881946734374999 0.78032630625 0.9117789671875001 0.8483376375 0.9541382281249999 0.8758460625 0.95279881875 0.8373365875 1 0.82411139375 1 0.7060404046875
2 0.6949189390625 0.9446368843749999 0.7153074703125 0.96540528125 0.7825277015625 0.9488351703125 0.7785408375 0.9086064203124999 0.747562490625 0.880960915625 0.690932075 0.9044081359374999 0.6949189390625 0.9446368843749999
2 0.703125 0.11640625 0.21875 0.2328125
2 0.71875 0.71953125 0.1828125 0.21875
2 0.51484375 0.953125 0.1484375 0.09375