2 0.9632390515625 0.7555179109375 0.9465774031249999 0.7186853578125 0.9156380984375 0.702920996875 0.8645814749999999 0.73359238125 0.8613401406250001 0.7886268750000001 0.9047488906250001 0.8355448781250001 0.9428538156249999 0.837245921875 0.9628103828125001 0.811985528125 0.9632390515625 0.7555179109375
2 1 0.7224504296875 0.9718913796875001 0.731583475 0.9644042578124999 0.7879975078125 0.9795792000000001 0.8347011765625 1 0.8348561984374999 1 0.7224504296875
2 0.8958286453125 0.8947715765625001 0.8766222499999999 0.8212136390625 0.8201010484375001 0.8278434203125 0.805716225 0.8630285125 0.8222707078125 0.9139779703125 0.8958286453125 0.8947715765625001
2 0.6091376046875 0.90812466875 0.5754392187499999 0.8838687296875 0.5485849515625 0.8879001828125 0.5328205875 0.9188394859375 0.5409906609374999 0.9584311187500001 0.5704432578125 0.9840666 0.6001101906249999 0.9814682703125 0.6201739265625 0.9420909734375 0.6091376046875 0.90812466875
2 0.4913135765625 0.9933482937500001 0.5214627640625 0.9272238953124999 0.47810759843749995 0.873247440625 0.43686850625 0.9124639859375 0.46307976875 0.9931339593749999 0.4913135765625 0.9933482937500001
2 0.52052553125 0.6787449484375 0.49537230781249997 0.6446714765625 0.4558342578125 0.6457830984374999 0.43423023125000004 0.7020899625 0.44802563281249996 0.74454784375 0.4788577703125 0.7744291109375 0.512770490625 0.7704512421875 0.531454684375 0.7268281562500001 0.52052553125 0.6787449484375
2 0.53188335625 0.6703605390625 0.5442992171875 0.70857263125 0.59078855 0.7216314984375 0.610852284375 0.6822542015625 0.5998159640625 0.648287896875 0.5491344265625 0.62955011875 0.53188335625 0.6703605390625
2 0.7245376921875 0.5842932125 0.692218846875 0.5642830609375 0.6483814265625 0.5738326734375 0.636755684375 0.61750934375 0.651930625 0.6642130109375 0.6842494718750001 0.6842231640625 0.7154031109375001 0.6717537171875 0.7397126328125 0.6309968796875001 0.7245376921875 0.5842932125
2 0.726881740625 0.46148686093749997 0.68485253125 0.41881464687500003 0.6340638249999999 0.41419377187500006 0.6110802578125 0.46625485 0.627527571875 0.5313212109375 0.6668512859375 0.5584433984375 0.7036302546875 0.5488402 0.7350518140625 0.50107849375 0.726881740625 0.46148686093749997
2 0.61075875625 0.5086055625 0.5840652390625001 0.4914616578125 0.5458531468750001 0.5038775203125 0.5286020765624999 0.5446879421874999 0.54366985 0.6055085140625 0.5858598109375001 0.6270053734375 0.6183929921875 0.6187817156250001 0.6343181062500001 0.5666670546875 0.61075875625 0.5086055625
2 0.5263788328125 0.46561184375 0.554451890625 0.48700153593750006 0.58985131875 0.47315255 0.5915523625 0.43504762656249996 0.5663991359375 0.40097415468750003 0.5395984515625 0.39794715625 0.5263788328125 0.46561184375
2 0.579350834375 0.3686017265625 0.59038715625 0.40256803124999996 0.6426089859374999 0.404376240625 0.657261728125 0.3338988859375 0.6291886703125 0.31250919375 0.595222365625 0.323545515625 0.579350834375 0.3686017265625
2 0.716166921875 0.3851698453125 0.7228502875 0.43463259374999996 0.7792107359375 0.44917816874999994 0.7907828953125 0.41255995156249997 0.778367034375 0.3743478609375 0.7361770734374999 0.35285099999999997 0.716166921875 0.3851698453125
2 0.7798537421875 0.36447674375 0.8023014703125 0.3830001875 0.8390804390625 0.3733969890625 0.8352633218750001 0.3183089125 0.7944529 0.3010578421875 0.773063209375 0.3291308984375 0.7798537421875 0.36447674375
2 0.731623421875 0.2088157109375 0.712992809375 0.24538034375 0.7197833421875 0.2807261875 0.74774923125 0.3162327828125 0.7802824125 0.3080091265625 0.7836844984375 0.23179927656250002 0.748606571875 0.20329755 0.731623421875 0.2088157109375
2 0.6541947828125 0.17999248125 0.6693697234375 0.2266961484375 0.7088541890625 0.23264297968749997 0.7276455515625 0.17490298906249999 0.6968134140625 0.1450217234375 0.6657133578125001 0.150432715625 0.6541947828125 0.17999248125
2 0.6537907265625 0 0.6269254828124999 0.052726007812499996 0.643372796875 0.11779236875000001 0.708224821875 0.1295788625 0.7324271765625 0.10293892812500001 0.7272305203125 0.0436050640625 0.696451965625 0.0066653453124999994 0.658250515625 0 0.6537907265625 0
2 0.48255505000000004 0.287395915625 0.4993238671875 0.3101115625 0.5401878734375 0.3203041828125 0.5616311484375001 0.285172671875 0.5479429140625001 0.2285978875 0.49004217343749995 0.23098188125000002 0.48255505000000004 0.287395915625
2 0.5038775203125 0.45414685312499997 0.5139629718750001 0.427399753125 0.5001675703124999 0.384941871875 0.453624653125 0.3789414578125 0.4518700265625 0.424104834375 0.5038775203125 0.45414685312499997
2 0.44655256249999997 0.5666534171875 0.490014896875 0.6065129687499999 0.5169227484375 0.5954230625 0.509074178125 0.5134807171875 0.46401797031249997 0.4976091859375 0.44400781875 0.52992803125 0.44655256249999997 0.5666534171875
2 0.3406221984375 0.5729081125000001 0.2859092078125 0.5273160640625 0.2548091515625 0.5327270578125 0.2305532125 0.56642544375 0.23850895 0.634250884375 0.27342612499999996 0.6839279671875 0.3228888734375 0.677244603125 0.3442249796875 0.6562299968749999 0.3406221984375 0.5729081125000001
2 0.427145471875 0.3335637453125 0.36669998593750003 0.2992223546875 0.32848789375 0.311638215625 0.30985728125 0.34820285 0.3277913046875 0.40339809375 0.3671150171875 0.4305202796875 0.41514464218749997 0.42664957968749995 0.43818179375 0.36753005 0.427145471875 0.3335637453125
2 0.40760393749999996 0.49012206562499994 0.35840910625 0.4615131703125 0.332934378125 0.4697904109375 0.3100579796875 0.507734584375 0.32385338125 0.5501924640625 0.365936175 0.5858062281249999 0.401335603125 0.5719572421875 0.41726071718749996 0.51984258125 0.40760393749999996 0.49012206562499994
2 0.21559260624999999 0.4914879671875 0.172023103125 0.46574531874999997 0.1423025875 0.4754021 0.11931902187500001 0.527463178125 0.1344939625 0.5741668468750001 0.17944300468750002 0.60415528125 0.207730396875 0.5973111640625001 0.23076754843749997 0.5381916343750001 0.21559260624999999 0.4914879671875
2 0.17230466093750002 0.24268751718749998 0.1399858171875 0.22267736562499998 0.10326043124999999 0.22522210937499998 0.0845226515625 0.275903646875 0.0913131859375 0.31124949218750003 0.1347755203125 0.35110904375 0.1758002765625 0.34012630625 0.19161822343749998 0.30212855 0.17230466093750002 0.24268751718749998
2 0.21870046406250002 0.0820977453125 0.20325760312500002 0.0706863375 0.1650455125 0.0831021984375 0.14917398125 0.1281584078125 0.1615898421875 0.1663705 0.19666776875 0.1948722265625 0.22357562031249997 0.18378232187500002 0.23663448593749997 0.1372929890625 0.21870046406250002 0.0820977453125
2 0 0.35256925 0.02465295 0.3516848265625 0.0672715828125 0.31671406874999997 0.0790044921875 0.2589204953125 0.056717515625000006 0.2192216953125 0.003276896875 0.19199234062499998 0 0.19305706875 0 0.35256925
2 0 0.579192221875 0.016884270312499998 0.6311566625 0.0437385390625 0.627125209375 0.0679408953125 0.6004852781250001 0.0696419375 0.562380353125 0.0558465359375 0.519922471875 0.009410785937500001 0.49980515312499996 0 0.5067522484375 0 0.579192221875
2 0.4058765859375 0.15975435625 0.35216805 0.1678172625 0.330671190625 0.21000722343749997 0.3414931765625 0.2722073359375 0.4316055953125 0.30395039687500003 0.4516693296875 0.2645731 0.4423340515625 0.1925018703125 0.4058765859375 0.15975435625
2 0.02734375 0.16640625 0.0546875 0.0859375