2 0.3597501484375 0.9377114796875 0.3154185625 0.963700228125 0.3094080859375 0.9856558718749999 0.42996159531249994 0.98961060625 0.403972846875 0.94527901875 0.3597501484375 0.9377114796875
2 0.687760753125 0.8868076296874999 0.65700718125 0.8466180390625 0.61630365625 0.8527221468749999 0.583463825 0.9063656 0.5848031078125 0.951211121875 0.6227039171875 0.9851877140624999 0.660713615625 0.9856080171875 0.687854384375 0.9494667953124999 0.687760753125 0.8868076296874999
2 0.9502005875 0.909634396875 0.927419596875 0.8834278671875 0.8962457203125 0.8812479765625 0.8694163640625 0.9129357875 0.8710670593750001 0.9533279 0.9000610453125001 0.986681665625 0.93775933125 0.9915553796875001 0.955370453125 0.9636981546875001 0.9502005875 0.909634396875
2 0.8036735890625 0.7651326203125 0.7773734265625001 0.7252544421875 0.7417461390625 0.7227631406249999 0.71999301875 0.7458555437500001 0.716878890625 0.790389653125 0.750014875 0.82850824375 0.7746643421875 0.8279943078124999 0.8011822859375 0.8007599078125001 0.8036735890625 0.7651326203125
2 0.6762058859375 0.6040628515625001 0.6448294875 0.5727800828125 0.5996725515625 0.5785727765625001 0.57791943125 0.601665178125 0.6006851609375 0.7240871640625001 0.6294766265625 0.728338053125 0.689036925 0.6765630765624999 0.6762058859375 0.6040628515625001
2 0.5558548984375 0.6292109921875 0.48584597656249995 0.60641474375 0.45238331875000004 0.66896501875 0.453099775 0.7227173625 0.5107763359375 0.79387830625 0.5705391546875 0.7712062078125 0.5876363421875 0.718699515625 0.5558548984375 0.6292109921875
2 0.5162097640625001 0.492183121875 0.4983961203125 0.490937471875 0.443289234375 0.5430238609375 0.46213074687500005 0.5935684453125 0.5045938578125 0.5943001625 0.526658390625 0.5667543484374999 0.5162097640625001 0.492183121875
2 0.7743987078125001 0.54380135625 0.75255195625 0.504234590625 0.6987996125 0.5049510484375 0.6668940203125 0.54523426875 0.6723753 0.594844615625 0.702303525 0.6148381484375001 0.7406246390625 0.6108050421875 0.76237775625 0.5877126390625 0.7743987078125001 0.54380135625
2 0.8215482703125 0.38151645312500004 0.7952481078125 0.341638278125 0.7504025859375 0.3429775609375 0.690530875 0.399205946875 0.69507791875 0.462176525 0.7418855484375 0.49677594375 0.7754418375000001 0.49688483437500003 0.8216419015625 0.44417561875 0.8215482703125 0.38151645312500004
2 0.7431769781249999 0.1903159359375 0.6613496249999999 0.2405338484375 0.6516021984375 0.315930421875 0.68411535625 0.3629558328125 0.7176716453124999 0.363064725 0.7869793703125 0.235893175 0.7431769781249999 0.1903159359375
2 0.7869793703125 0.235893175 0.7431769781249999 0.1903159359375 0.6613496249999999 0.2405338484375 0.6516021984375 0.315930421875 0.68411535625 0.3629558328125 0.7176716453124999 0.363064725 0.7867615890625 0.3030057515625 0.7869793703125 0.235893175
2 0.900899578125 0.270710375 0.874288003125 0.2352856078125 0.8294424812500001 0.236624890625 0.8029245375 0.2638592921875 0.794422759375 0.321442221875 0.8269359187499999 0.3684676328125 0.8604922078125 0.36857652343749997 0.8968512125 0.3286047171875 0.900899578125 0.270710375
2 0.9086849000000001 0.1593751 0.8712043953125 0.087388809375 0.7954811484375 0.1783102453125 0.7977546703125 0.20979553437499998 0.8232294843749999 0.22947765625 0.8745994156249999 0.230832196875 0.905882184375 0.19945580000000002 0.9086849000000001 0.1593751
2 0.7196947921875 0.014141607812500002 0.6190259250000001 0.013814934374999999 0.6092784953125 0.08921150781250001 0.64241448125 0.1273300984375 0.6756593578125 0.1318924 0.6971010640624999 0.1132534078125 0.7196947921875 0.014141607812500002
2 0.67980135625 0.1366572234375 0.6352672453125 0.1335430953125 0.6128913 0.16554231875 0.6145419953125 0.20593443125 0.6438473953125 0.2348347859375 0.6732616859375 0.23017885312500003 0.7146969265625 0.18161163593750002 0.67980135625 0.1366572234375
2 0.8573302265624999 0.0618051046875 0.8399368859375 0.022549753125 0.7306726125 0.017146843749999998 0.704762234375 0.131689878125 0.7414173921875 0.1834801140625 0.7841919140625 0.17975841875 0.8405444531249999 0.1098583859375 0.8573302265624999 0.0618051046875
2 0.0410529046875 0 0.0379026140625 0.00450514375 0.039553309375 0.0448972546875 0.06885870937500001 0.07379761093750001 0.11588412031249999 0.041284451562500005 0.11465118593750001 0 0.0410529046875 0
2 0.390625796875 0.20817743437499997 0.3637028109375 0.177206078125 0.3233106984375 0.178856775 0.2860174546875 0.232188815625 0.284148978125 0.25890928125 0.3125201390625 0.30116986875 0.33240478281249997 0.3047979328125 0.38720025625 0.257164953125 0.390625796875 0.20817743437499997
2 0.41877917656249997 0.3175505984375 0.3921676015625 0.2821258328125 0.3559174890625 0.2885413515625 0.324323309375 0.3243711625 0.32441694062500004 0.387030328125 0.3495803421875 0.41116585937499994 0.38199986875 0.39553210625 0.4169107 0.3442710640625 0.41877917656249997 0.3175505984375
2 0.5070067890625001 0.39979825468749997 0.4552318125 0.34023795625000003 0.428511346875 0.3383694796875 0.3626291625 0.416553509375 0.3681104421875 0.46616385468750005 0.4038313609375 0.5313143234375 0.45551270625000007 0.5282154546875 0.5064775953125 0.471364240625 0.5070067890625001 0.39979825468749997
2 0.3140619453125 0.37511826875 0.279368896875 0.3592667328125 0.2398021328125 0.38111348437500003 0.2230163578125 0.42916676562499995 0.24900510781250002 0.473498353125 0.2730317484375 0.481891240625 0.319122921875 0.4627383140625 0.3317666984375 0.4099202078125 0.3140619453125 0.37511826875
2 0.4763926265625 0.1336214671875 0.4447048140625 0.1067921109375 0.3952969890625 0.1413762703125 0.42086543593750003 0.22371755625 0.4499683140625 0.223515034375 0.4815624921875 0.1876852234375 0.4763926265625 0.1336214671875
2 0.48973759843750003 0.2307711609375 0.46332854531249995 0.2244492734375 0.42790378125000006 0.251060846875 0.419713415625 0.304190365625 0.47066304375 0.34355460625 0.5123008062500001 0.3240902671875 0.5157263484375 0.27510274843750004 0.48973759843750003 0.2307711609375
2 0.034375 0.28203125 0.046875 0.1140625
2 0.94609375 0.57421875 0.1078125 0.2015625
2 0.2203125 0.58671875 0.18125 0.2578125
2 0.03203125 0.93125 0.0640625 0.078125