2 0.8058035718750001 0.8035714281249999 0.765625 0.8125 0.7276785718750001 0.8549107140625001 0.7410714281249999 0.9352678578125 0.7946428578125 0.9575892859374999 0.8348214281249999 0.9308035718750001 0.8482142859374999 0.8995535718750001 0.8482142859374999 0.859375 0.8058035718750001 0.8035714281249999
2 0.609375 0.7366071421875 0.5848214281249999 0.7611607140625 0.5803571421875 0.8013392859374999 0.5959821421875 0.8303571421875 0.6294642859375 0.8370535718750001 0.65625 0.8102678578125 0.65625 0.7745535718750001 0.6316964281249999 0.7366071421875 0.609375 0.7366071421875
2 0.48660714218749995 0.859375 0.47321428593750003 0.9174107140625001 0.5022321421875 0.9553571421875 0.53125 0.9575892859374999 0.5625 0.8950892859374999 0.5535714281249999 0.8638392859374999 0.515625 0.84375 0.48660714218749995 0.859375
2 0.428571428125 0.6272321421875 0.41964285781250005 0.6808035718750001 0.462053571875 0.7276785718750001 0.491071428125 0.7299107140625 0.5133928578125 0.7075892859375 0.5133928578125 0.6450892859375 0.46651785781250005 0.6071428578125 0.428571428125 0.6272321421875
2 0.12053571406250001 0.7745535718750001 0.11160714218750001 0.8459821421875 0.140625 0.8839285718750001 0.178571428125 0.8861607140625001 0.2142857140625 0.8415178578125 0.2142857140625 0.7834821421875 0.162946428125 0.7410714281249999 0.12053571406250001 0.7745535718750001
2 0.109375 0.5044642859375 0.0803571421875 0.5424107140625 0.0803571421875 0.578125 0.109375 0.6294642859375 0.1383928578125 0.6316964281249999 0.165178571875 0.6004464281249999 0.1696428578125 0.5424107140625 0.14508928593749998 0.5089285718750001 0.109375 0.5044642859375
2 0 0.6540178578125 0.0133928578125 0.6540178578125 0.040178571875 0.6183035718750001 0.0446428578125 0.5691964281249999 0.0022321421875000002 0.5178571421875 0 0.6540178578125
2 0.27678571406249997 0.33705357187499996 0.2633928578125 0.39955357187499996 0.28794642812500004 0.4375 0.3258928578125 0.444196428125 0.35267857187499996 0.412946428125 0.35267857187499996 0.35491071406249997 0.30133928593750003 0.3125 0.27678571406249997 0.33705357187499996
2 0.5870535718750001 0.33928571406249997 0.5446428578125 0.39508928593750003 0.5446428578125 0.444196428125 0.5736607140625 0.49553571406249997 0.6071428578125 0.49776785781250005 0.6517857140625 0.46651785781250005 0.6651785718750001 0.39508928593750003 0.6316964281249999 0.34375 0.5870535718750001 0.33928571406249997
2 0.9263392859374999 0.41964285781250005 0.8973214281249999 0.44866071406249997 0.8928571421875 0.48883928593750003 0.921875 0.53125 0.9553571421875 0.5379464281249999 0.9776785718750001 0.5066964281249999 0.9776785718750001 0.47098214218749995 0.9642857140625001 0.43973214218749995 0.9263392859374999 0.41964285781250005
2 0.8839285718750001 0.27455357187499996 0.875 0.328125 0.8995535718750001 0.37053571406249997 0.9375 0.3727678578125 0.9642857140625001 0.2834821421875 0.953125 0.2633928578125 0.9084821421875 0.25 0.8839285718750001 0.27455357187499996
2 1 0.41741071406249997 0.9888392859374999 0.27678571406249997 0.9553571421875 0.33258928593750003 0.9553571421875 0.39508928593750003 1 0.41741071406249997
2 1 0.0022321421875000002 0.9308035718750001 0 0.9151785718750001 0.024553571875 0.9241071421875 0.0736607140625 0.9486607140625001 0.102678571875 0.9776785718750001 0.10491071406250001 1 0.078125 1 0.0022321421875000002
2 0.6517857140625 0.13616071406250002 0.6607142859375 0.16741071406250002 0.6964285718750001 0.1852678578125 0.71875 0.162946428125 0.71875 0.12276785781249999 0.6852678578125 0.0892857140625 0.6517857140625 0.13616071406250002
2 0.5424107140625 0.12053571406250001 0.5089285718750001 0.162946428125 0.5089285718750001 0.19866071406250002 0.5580357140625 0.21205357187499999 0.59375 0.180803571875 0.59375 0.131696428125 0.578125 0.116071428125 0.5424107140625 0.12053571406250001
2 0.5245535718750001 0 0.5267857140625 0.060267857812500006 0.5758928578125 0.078125 0.6026785718750001 0.055803571875 0.6026785718750001 0.015625 0.5870535718750001 0 0.5245535718750001 0
2 0.40625 0.0290178578125 0.40178571406249997 0.087053571875 0.43526785781250005 0.133928571875 0.46428571406249997 0.13616071406250002 0.5 0.060267857812500006 0.46651785781250005 0.0133928578125 0.430803571875 0.008928571875000001 0.40625 0.0290178578125
2 0.03125 0.0736607140625 0.0803571421875 0.0825892859375 0.1383928578125 0.037946428125 0.1383928578125 0.006696428124999999 0.024553571875 0 0.03125 0.0736607140625
2 0 0.2165178578125 0.0446428578125 0.2388392859375 0.084821428125 0.19866071406250002 0.09375 0.13616071406250002 0.055803571875 0.0892857140625 0.015625 0.0803571421875 0 0.0959821421875 0 0.2165178578125
2 0.2390625 0.978125 0.07890625 0.04375
2 0.03984375 0.40546875 0.0796875 0.2046875
2 0.36875 0.73515625 0.18671875 0.16953125
2 0.8 0.45390625 0.16640625 0.15703125
2 0.0375 0.95703125 0.075 0.0859375