2 0.85234375 0.803125 0.15625 0.1765625
2 0.596875 0.8671875 0.15625 0.1671875
2 0.5125 0.7984375 0.1453125 0.1609375
2 0.4625 0.68671875 0.1984375 0.2203125
2 0.38984375 0.8140625 0.1578125 0.1734375
2 0.4390625 0.56953125 0.1671875 0.1765625
2 0.31328125 0.65078125 0.1796875 0.196875
2 0.17421875 0.67421875 0.190625 0.2140625
2 0.33828125 0.15390625 0.196875 0.2125
2 0.31484375 0.2875 0.15625 0.175
2 0.23359375 0.3171875 0.159375 0.18125
2 0.146875 0.3578125 0.1625 0.1828125
2 0.06171875 0.50390625 0.1234375 0.1703125
2 0.10703125 0.58359375 0.1515625 0.1796875
2 0.07265625 0.74296875 0.1453125 0.1921875
2 0.0640625 0.61484375 0.128125 0.1640625
2 0.80703125 0.23359375 0.2609375 0.2828125
2 0.671875 0.659375 0.2125 0.2375