2 0.84375 0.9977678578125 0.8102678578125 0.9464285718750001 0.7767857140625 0.9709821421875 0.7745535718750001 1 0.84375 0.9977678578125
2 0.6808035718750001 1 0.7678571421875 0.9977678578125 0.7433035718750001 0.9285714281249999 0.7075892859375 0.9285714281249999 0.6785714281249999 0.9665178578125 0.6808035718750001 1
2 0.6986607140625 0.7857142859375 0.6651785718750001 0.8147321421875 0.6651785718750001 0.8727678578125 0.6986607140625 0.9151785718750001 0.71875 0.9129464281249999 0.75 0.8950892859374999 0.7633928578125 0.8325892859374999 0.7299107140625 0.7857142859375 0.6986607140625 0.7857142859375
2 0.7700892859375 0.6294642859375 0.7232142859375 0.671875 0.71875 0.7477678578125 0.7611607140625 0.8035714281249999 0.7901785718750001 0.8013392859374999 0.8392857140625001 0.7522321421875 0.84375 0.6941964281249999 0.828125 0.6473214281249999 0.7700892859375 0.6294642859375
2 0.8683035718750001 0.477678571875 0.8392857140625001 0.515625 0.8392857140625001 0.5870535718750001 0.875 0.6138392859375 0.9285714281249999 0.5691964281249999 0.9285714281249999 0.5066964281249999 0.8995535718750001 0.46875 0.8683035718750001 0.477678571875
2 0.7477678578125 0.27678571406249997 0.6919642859375 0.3147321421875 0.6875 0.359375 0.7098214281249999 0.41741071406249997 0.7633928578125 0.43973214218749995 0.8080357140625001 0.39955357187499996 0.8125 0.3727678578125 0.78125 0.2834821421875 0.7477678578125 0.27678571406249997
2 0.703125 0.12946428593749998 0.6651785718750001 0.171875 0.6651785718750001 0.22544642812500001 0.6897321421875 0.2678571421875 0.7276785718750001 0.2790178578125 0.7723214281249999 0.2522321421875 0.7857142859375 0.194196428125 0.7477678578125 0.133928571875 0.703125 0.12946428593749998
2 0.8415178578125 0.09375 0.8080357140625001 0.11383928593749999 0.7991071421875 0.1852678578125 0.8191964281249999 0.20982142812500001 0.8571428578125 0.2165178578125 0.9241071421875 0.162946428125 0.9285714281249999 0.1272321421875 0.9040178578125 0.0982142859375 0.8415178578125 0.09375
2 0.7946428578125 0.2388392859375 0.7857142859375 0.2790178578125 0.8058035718750001 0.32142857187499996 0.8348214281249999 0.32366071406249997 0.8660714281249999 0.296875 0.875 0.2299107140625 0.8191964281249999 0.21875 0.7946428578125 0.2388392859375
2 0.90625 0.1897321421875 0.9017857140625001 0.2388392859375 0.9464285718750001 0.27008928593750003 0.9732142859374999 0.2165178578125 0.9642857140625001 0.1897321421875 0.9263392859374999 0.1696428578125 0.90625 0.1897321421875
2 1 0.33705357187499996 0.9888392859374999 0.22767857187499999 0.9598214281249999 0.27008928593750003 0.9598214281249999 0.30580357187499996 1 0.33705357187499996
2 0.8370535718750001 0 0.8258928578125 0.015625 0.8348214281249999 0.069196428125 0.8705357140625001 0.0915178578125 0.90625 0.069196428125 0.9040178578125 0 0.8370535718750001 0
2 0.3772321421875 0.3571428578125 0.3415178578125 0.3571428578125 0.31696428593750003 0.38169642812500004 0.2991071421875 0.43973214218749995 0.30803571406249997 0.48883928593750003 0.3571428578125 0.5066964281249999 0.38616071406249997 0.5 0.415178571875 0.462053571875 0.415178571875 0.40401785781250005 0.3772321421875 0.3571428578125
2 0.46651785781250005 0.6919642859375 0.44196428593750003 0.7209821421875 0.44196428593750003 0.7834821421875 0.47098214218749995 0.8169642859374999 0.5044642859375 0.8236607140625001 0.5357142859375 0.7924107140625 0.5357142859375 0.734375 0.5066964281249999 0.6964285718750001 0.46651785781250005 0.6919642859375
2 0.19866071406250002 0.6026785718750001 0.1741071421875 0.6316964281249999 0.1741071421875 0.671875 0.19866071406250002 0.7098214281249999 0.24107142812500001 0.7165178578125 0.27232142812500004 0.6897321421875 0.27232142812500004 0.6361607140625 0.2522321421875 0.6116071421875 0.19866071406250002 0.6026785718750001
2 0.1875 0.515625 0.178571428125 0.5647321421875 0.2075892859375 0.5982142859375 0.25 0.5959821421875 0.2678571421875 0.5647321421875 0.2633928578125 0.5290178578125 0.2165178578125 0.49553571406249997 0.1875 0.515625
2 0.2299107140625 0.3125 0.2008928578125 0.3415178578125 0.196428571875 0.38169642812500004 0.2165178578125 0.41964285781250005 0.25 0.421875 0.27232142812500004 0.39955357187499996 0.27678571406249997 0.35491071406249997 0.2522321421875 0.31696428593750003 0.2299107140625 0.3125
2 0 0.5066964281249999 0.03125 0.5111607140625 0.0580357140625 0.5022321421875 0.0625 0.462053571875 0.0446428578125 0.41741071406249997 0.015625 0.40178571406249997 0 0.40848214218749995 0 0.5066964281249999
2 0.0044642859375000005 0.28794642812500004 0.040178571875 0.2388392859375 0.040178571875 0.2075892859375 0.006696428124999999 0.1696428578125 0.0044642859375000005 0.28794642812500004
2 0.0446428578125 0.7566964281249999 0.0022321421875000002 0.7053571421875 0.008928571875000001 0.8236607140625001 0.0446428578125 0.7566964281249999
2 0.31696428593750003 0.9977678578125 0.28794642812500004 0.9553571421875 0.2477678578125 0.9598214281249999 0.21875 0.9977678578125 0.31696428593750003 0.9977678578125
2 0.04140625 0.64140625 0.0828125 0.1171875
2 0.93046875 0.93359375 0.09140625 0.10390625
2 0.30703125 0.14375 0.09140625 0.20625
2 0.5953125 0.50234375 0.15859375 0.1640625
2 0.07734375 0.9015625 0.1265625 0.196875