2 0.2143778609375 0.7617568593749999 0.19231213125 0.8649262500000001 0.2280707953125 0.9090845234374999 0.27573560937499997 0.8826721640624999 0.283201928125 0.811634884375 0.2143778609375 0.7617568593749999
2 0.353039078125 0.6169756328125 0.31926700625 0.5752705984375 0.2602692953125 0.6027362593750001 0.253736265625 0.664893878125 0.276175440625 0.7076522171875 0.31858714843749997 0.7098654296875 0.34697269375 0.674693421875 0.353039078125 0.6169756328125
2 0.6879063046875 0.7195047406249999 0.6403480984375001 0.6808396015625 0.5906966921875 0.7047987234375 0.5741106890625 0.7344775968749999 0.5724841359374999 0.79266203125 0.60870944375 0.8323804750000001 0.659534165625 0.83996680625 0.7000658859375 0.7746492796875 0.6879063046875 0.7195047406249999
2 0.6666672578124999 0.878871971875 0.6497212171875 0.8479131750000001 0.58803024375 0.83694031875 0.5708575812500001 0.850846465625 0.5603513671875 0.908097609375 0.5916702015624999 0.9517892359375001 0.624735603125 0.9575089890624999 0.6615341640625 0.9277101 0.6666672578124999 0.878871971875
2 0.659549528125 1 0.6415616328125 0.9682552281250001 0.6104828234374999 0.9649887140625 0.5833649234375 1 0.659549528125 1
2 0.7492530281249999 1 0.7585171578125001 0.9872810640624999 0.7468242218750001 0.9276966953124999 0.7037058453125 0.8894981984375001 0.6785868125000001 0.8935913984375 0.66597399375 0.9281767453124999 0.67264939375 1 0.7492530281249999 1
2 0.7838359968749999 0.76774280625 0.743877528125 0.7635430015625 0.7026391375000001 0.7928752453125 0.6911996328125001 0.8590060484375 0.7526639875 0.9148438499999999 0.7998621546875 0.8928713203124999 0.8136348828125 0.8045413671875 0.7838359968749999 0.76774280625
2 0.5852833546875 0.4573415640625 0.5494046765625 0.3929707359375 0.49566007343749996 0.391810825 0.45699493281250003 0.43936903125000004 0.45046190468749997 0.50152665 0.480380803125 0.55853776875 0.5321388140625001 0.557244440625 0.5689373765625 0.527445553125 0.5852833546875 0.4573415640625
2 0.43863555 0.33643966718749996 0.392490684375 0.36974509375000003 0.391330775 0.4234897 0.4107300546875 0.452461903125 0.4471819828125 0.4473154015625 0.4759141609375 0.3874910078125 0.43863555 0.33643966718749996
2 0.5511378375 0.26970879999999997 0.5173657656249999 0.22800376562500002 0.4730874796875 0.24354987343749998 0.455101540625 0.2865482359375 0.48362050625 0.35687884375 0.52649885625 0.3546522265625 0.549977928125 0.323453403125 0.5511378375 0.26970879999999997
2 0.3039341125 0.4008373109375 0.2776417640625 0.373385053125 0.2378033078125 0.38939780625 0.21981736875000002 0.43239617187499996 0.251136203125 0.4760877984375 0.28466825 0.47736772031249997 0.3027742015625 0.45458191406250004 0.3039341125 0.4008373109375
2 0.41115648125000004 0.1921519 0.3808909484375 0.1597931671875 0.33555935937500003 0.16400637812500002 0.3160534734375 0.200111675 0.3148935640625 0.2538562796875 0.3471456890625 0.2886682484375 0.38021109062499997 0.294388 0.414903046875 0.24192331718750001 0.41115648125000004 0.1921519
2 0.2415230609375 0.268589109375 0.2037778046875 0.2219775984375 0.1541263984375 0.24593672031249997 0.14244686875 0.2716424109375 0.1417536046875 0.32094718437499997 0.16512606875 0.3548258640625 0.2030979453125 0.35657243125 0.23685661093750002 0.31298740937499997 0.2415230609375 0.268589109375
2 0.8623523562500001 0.042063942187499995 0.8630590265625001 0.078049225 0.8953111515625001 0.11286119375 0.9513889796875 0.0918219546875 0.958508665625 0.0454370625 0.8623523562500001 0.042063942187499995
2 0.48100090937499995 0 0.4950197921875 0.0348778671875 0.5285518375 0.0361577890625 0.5564707390625 0.0054256109375 0.5160047453125001 0 0.48100090937499995 0
2 0.01171875 0.86875 0.0234375 0.1625
2 0.95703125 0.7953125 0.0453125 0.1453125
2 0 0.7409319640625001 0.0147055296875 0.7609703953125 0.047770931249999996 0.766690146875 0.0805963078125 0.7319847859374999 0.0831561515625 0.6649206921874999 0.05242397343750001 0.6370017906250001 0.0124655046875 0.6328019859375 0 0.642896353125 0 0.7409319640625001
2 0.1515625 0.14921875 0.1390625 0.1875
2 0.72109375 0.16875 0.1390625 0.215625
2 0.059375 0.55390625 0.11875 0.2078125