2 0.7946428578125 0.7165178578125 0.7946428578125 0.7477678578125 0.8102678578125 0.7723214281249999 0.8348214281249999 0.7745535718750001 0.8571428578125 0.7566964281249999 0.8660714281249999 0.7120535718750001 0.8236607140625001 0.6875 0.7946428578125 0.7165178578125
2 0.8102678578125 0.53125 0.78125 0.546875 0.7678571421875 0.5870535718750001 0.7924107140625 0.6294642859375 0.8258928578125 0.6316964281249999 0.8526785718750001 0.6138392859375 0.8571428578125 0.5736607140625 0.8325892859374999 0.5357142859375 0.8102678578125 0.53125
2 0.6450892859375 0.53125 0.6071428578125 0.5691964281249999 0.6071428578125 0.6138392859375 0.6316964281249999 0.6517857140625 0.6607142859375 0.6540178578125 0.6919642859375 0.6316964281249999 0.7008928578125 0.5736607140625 0.671875 0.53125 0.6450892859375 0.53125
2 0.5424107140625 0.6294642859375 0.5133928578125 0.671875 0.5133928578125 0.7254464281249999 0.5290178578125 0.75 0.5714285718750001 0.7566964281249999 0.6071428578125 0.7209821421875 0.6160714281249999 0.6808035718750001 0.578125 0.6339285718750001 0.5424107140625 0.6294642859375
2 0.5245535718750001 0.7678571421875 0.5044642859375 0.7879464281249999 0.49553571406249997 0.8504464281249999 0.515625 0.8839285718750001 0.5625 0.8950892859374999 0.5892857140625 0.859375 0.5892857140625 0.8102678578125 0.5691964281249999 0.7767857140625 0.5245535718750001 0.7678571421875
2 0.41964285781250005 0.7566964281249999 0.41964285781250005 0.7879464281249999 0.444196428125 0.8258928578125 0.46875 0.828125 0.5 0.7477678578125 0.475446428125 0.71875 0.453125 0.71875 0.41964285781250005 0.7566964281249999
2 0.3147321421875 0.7455357140625 0.29017857187499996 0.7879464281249999 0.2946428578125 0.8236607140625001 0.3102678578125 0.84375 0.33928571406249997 0.8415178578125 0.36607142812500004 0.8147321421875 0.36607142812500004 0.7700892859375 0.35044642812500004 0.7455357140625 0.3147321421875 0.7455357140625
2 0.234375 0.7366071421875 0.196428571875 0.7790178578125 0.19196428593749998 0.8325892859374999 0.22544642812500001 0.8616071421875 0.25892857187499996 0.859375 0.28125 0.8370535718750001 0.28571428593750003 0.7745535718750001 0.265625 0.7455357140625 0.234375 0.7366071421875
2 0.40178571406249997 0.8995535718750001 0.3928571421875 0.9575892859374999 0.412946428125 0.9910714281249999 0.446428571875 0.9888392859374999 0.47321428593750003 0.9665178578125 0.477678571875 0.9084821421875 0.43973214218749995 0.8660714281249999 0.40178571406249997 0.8995535718750001
2 1 0.493303571875 0.9933035718750001 0.3571428578125 0.9598214281249999 0.39508928593750003 0.9598214281249999 0.453125 1 0.493303571875
2 0.49776785781250005 0.47321428593750003 0.47321428593750003 0.493303571875 0.46428571406249997 0.5379464281249999 0.493303571875 0.5892857140625 0.5267857140625 0.5915178578125 0.5714285718750001 0.5513392859375 0.5758928578125 0.515625 0.5379464281249999 0.48214285781250005 0.49776785781250005 0.47321428593750003
2 0.446428571875 0.35491071406249997 0.44196428593750003 0.40848214218749995 0.47098214218749995 0.45089285781250005 0.5133928578125 0.453125 0.5491071421875 0.39955357187499996 0.5357142859375 0.35491071406249997 0.493303571875 0.3258928578125 0.446428571875 0.35491071406249997
2 0.5 0.25669642812500004 0.5200892859375 0.28571428593750003 0.5491071421875 0.29241071406249997 0.5803571421875 0.265625 0.5803571421875 0.2165178578125 0.5290178578125 0.196428571875 0.5 0.25669642812500004
2 0.5513392859375 0.0267857140625 0.5133928578125 0.078125 0.5089285718750001 0.13616071406250002 0.5379464281249999 0.1741071421875 0.5714285718750001 0.1852678578125 0.6160714281249999 0.14508928593749998 0.6205357140625 0.0825892859375 0.578125 0.03125 0.5513392859375 0.0267857140625
2 0.3125 0.037946428125 0.33482142812500004 0.0959821421875 0.359375 0.116071428125 0.3883928578125 0.11383928593749999 0.428571428125 0.078125 0.428571428125 0.0022321421875000002 0.32366071406249997 0 0.3125 0.037946428125
2 0.165457021875 0.050086629687499995 0.1741071421875 0.0647321421875 0.2232142859375 0.0825892859375 0.25 0.0513392859375 0.25 0.0022321421875000002 0.162946428125 0 0.165457021875 0.050086629687499995
2 0.0758928578125 0.0647321421875 0.109375 0.0982142859375 0.147321428125 0.10491071406250001 0.1696428578125 0.0825892859375 0.15625 0.0022321421875000002 0.087053571875 0 0.0758928578125 0.0647321421875
2 0.022321428125 0.109375 0.0133928578125 0.1584821421875 0.0513392859375 0.2142857140625 0.084821428125 0.2165178578125 0.11160714218750001 0.194196428125 0.125 0.140625 0.0647321421875 0.071428571875 0.022321428125 0.109375
2 0.9642857140625001 0.055803571875 0.9977678578125 0 0.90625 0.0022321421875000002 0.9352678578125 0.053571428125 0.9642857140625001 0.055803571875
2 1 0.828125 0.9888392859374999 0.7142857140625 0.9598214281249999 0.7433035718750001 0.9598214281249999 0.7924107140625 1 0.828125
2 0.9107142859374999 0.9174107140625001 0.9821428578125 0.921875 0.9732142859374999 0.859375 0.921875 0.8526785718750001 0.90625 0.8772321421875 0.9107142859374999 0.9174107140625001
2 0.0625 0.9977678578125 0.024553571875 0.9419642859374999 0 0.9441964281249999 0.0022321421875000002 1 0.0625 0.9977678578125
2 1 0.6049107140625 0.9933035718750001 0.49553571406249997 0.9732142859374999 0.5200892859375 0.9732142859374999 0.578125 1 0.6049107140625
2 1 0.48883928593750003 0.9933035718750001 0.3571428578125 0.9598214281249999 0.39508928593750003 0.9598214281249999 0.45758928593750003 1 0.48883928593750003
2 0.0625 0.0200892859375 0.069196428125 0 0.0178571421875 0.0022321421875000002 0.037946428125 0.022321428125 0.0625 0.0200892859375
2 0.765625 0.14453125 0.1546875 0.18203125
2 0.303125 0.309375 0.1640625 0.253125
2 0.06796875 0.665625 0.13515625 0.19765625