2 0.05078125 0.61796875 0.1015625 0.146875
2 0.2515625 0.7875 0.10859375 0.1328125
2 0.3578125 0.7625 0.09765625 0.13125
2 0.4515625 0.684375 0.134375 0.17890625
2 0.46171875 0.83046875 0.10703125 0.14140625
2 0.52421875 0.5890625 0.11796875 0.1390625
2 0.6015625 0.7171875 0.12265625 0.159375
2 0.71640625 0.79921875 0.12578125 0.17734375
2 0.796875 0.26015625 0.13515625 0.1703125
2 0.759375 0.38984375 0.10234375 0.1453125
2 0.81953125 0.45234375 0.1046875 0.15
2 0.8796875 0.5265625 0.10625 0.1515625
2 0.94140625 0.046875 0.1171875 0.09375
2 0.9078125 0.70390625 0.1140625 0.13359375
2 0.81640625 0.74765625 0.09296875 0.1546875
2 0.8015625 0.91796875 0.15390625 0.13828125
2 0.85390625 0.8 0.1078125 0.13046875
2 0.340625 0.12578125 0.18046875 0.22578125
2 0.27578125 0.56796875 0.14140625 0.19453125