1 0.12734375 0.70703125 0.13125 0.1625
1 0.2984375 0.94140625 0.15625 0.1171875
1 0.54296875 0.9578125 0.1421875 0.084375
1 0.6953125 0.95078125 0.1234375 0.06875
1 0.5984375 0.80546875 0.15 0.1625
1 0.6109375 0.6703125 0.1015625 0.1328125
1 0.5265625 0.45 0.1203125 0.15625
1 0.3375 0.4796875 0.1265625 0.1453125
1 0.34453125 0.584375 0.1359375 0.1078125
1 0.40546875 0.640625 0.075 0.0859375
1 0.31171875 0.68359375 0.1078125 0.1
1 0.83203125 0.35546875 0.103125 0.1375
1 0.93125 0.51640625 0.0875 0.1125
1 0.9734375 0.4171875 0.053125 0.15
1 0.86640625 0.16875 0.1140625 0.1390625
1 0.0359375 0.11015625 0.071875 0.1078125