2 0.6473214281249999 0.5870535718750001 0.6339285718750001 0.640625 0.671875 0.7053571421875 0.7142857140625 0.7120535718750001 0.7544642859375 0.6316964281249999 0.7410714281249999 0.5691964281249999 0.6941964281249999 0.5446428578125 0.6473214281249999 0.5870535718750001
2 0.671875 0.7232142859375 0.6294642859375 0.7834821421875 0.6428571421875 0.8325892859374999 0.6919642859375 0.8549107140625001 0.7276785718750001 0.8191964281249999 0.7321428578125 0.7700892859375 0.703125 0.7276785718750001 0.671875 0.7232142859375
2 0.828125 0.7767857140625 0.7946428578125 0.796875 0.78125 0.8638392859374999 0.8102678578125 0.90625 0.84375 0.9129464281249999 0.875 0.8772321421875 0.8794642859374999 0.8236607140625001 0.8638392859374999 0.7901785718750001 0.828125 0.7767857140625
2 0.6651785718750001 0.9397321421875 0.6584821421875 1 0.7589285718750001 0.9977678578125 0.7589285718750001 0.9486607140625001 0.7254464281249999 0.9107142859374999 0.6986607140625 0.9107142859374999 0.6651785718750001 0.9397321421875
2 0.5959821421875 0.8839285718750001 0.5669642859375 0.9174107140625001 0.5669642859375 0.9665178578125 0.6205357140625 0.9933035718750001 0.6428571421875 0.9754464281249999 0.65625 0.9263392859374999 0.6316964281249999 0.8928571421875 0.5959821421875 0.8839285718750001
2 0.38616071406249997 0.8616071421875 0.3616071421875 0.8950892859374999 0.3616071421875 0.9308035718750001 0.38169642812500004 0.96875 0.41071428593750003 0.9709821421875 0.446428571875 0.9397321421875 0.45089285781250005 0.8950892859374999 0.430803571875 0.8660714281249999 0.38616071406249997 0.8616071421875
2 0.43526785781250005 0.7053571421875 0.41071428593750003 0.7209821421875 0.37946428593750003 0.8058035718750001 0.40401785781250005 0.8482142859374999 0.46428571406249997 0.859375 0.491071428125 0.8191964281249999 0.49553571406249997 0.7566964281249999 0.47991071406249997 0.7232142859375 0.43526785781250005 0.7053571421875
2 0.31919642812500004 0.48214285781250005 0.2991071421875 0.5111607140625 0.30357142812500004 0.5602678578125 0.359375 0.5982142859375 0.3883928578125 0.5959821421875 0.40625 0.5647321421875 0.40178571406249997 0.5111607140625 0.3772321421875 0.48214285781250005 0.31919642812500004 0.48214285781250005
2 0.0625 0.43973214218749995 0.0625 0.475446428125 0.12053571406250001 0.515625 0.1428571421875 0.493303571875 0.147321428125 0.430803571875 0.100446428125 0.39732142812500004 0.0625 0.43973214218749995
2 0.0267857140625 0.5513392859375 0.055803571875 0.59375 0.09375 0.5959821421875 0.116071428125 0.5424107140625 0.078125 0.5 0.0513392859375 0.5 0.0267857140625 0.5513392859375
2 0.296875 0.0446428578125 0.3258928578125 0.0513392859375 0.3616071421875 0.0290178578125 0.36830357187499996 0 0.27232142812500004 0.0022321421875000002 0.296875 0.0446428578125
2 0.9084821421875 0.008928571875000001 0.8839285718750001 0.069196428125 0.9084821421875 0.0982142859375 0.9464285718750001 0.10491071406250001 0.9776785718750001 0.060267857812500006 0.96875 0.024553571875 0.9397321421875 0.0044642859375000005 0.9084821421875 0.008928571875000001
2 0.9709821421875 0.5 1 0.5066964281249999 0.9888392859374999 0.35267857187499996 0.9464285718750001 0.39955357187499996 0.9375 0.462053571875 0.9709821421875 0.5
2 0.7879464281249999 0.25 0.7633928578125 0.2790178578125 0.7633928578125 0.3102678578125 0.7790178578125 0.33928571406249997 0.8125 0.3415178578125 0.8348214281249999 0.31919642812500004 0.8348214281249999 0.2834821421875 0.8102678578125 0.25 0.7879464281249999 0.25
2 0.29017857187499996 0.6450892859375 0.27232142812500004 0.7299107140625 0.32366071406249997 0.7857142859375 0.3616071421875 0.7879464281249999 0.41071428593750003 0.6852678578125 0.3883928578125 0.6316964281249999 0.33258928593750003 0.6071428578125 0.29017857187499996 0.6450892859375
2 0.2140625 0.96875 0.10703125 0.0625