2 0.8147680875000001 0.7903455796875 0.78692956875 0.77546239375 0.7417170625 0.82789289375 0.7464750671875 0.8605048249999999 0.7672575640625 0.875195225 0.8000622796875 0.8633811984375 0.8195260937500001 0.822957509375 0.8147680875000001 0.7903455796875
2 0.9599216187499999 0.6982779390625 0.929222134375 0.6847288421875 0.8920295765624999 0.7020720171875 0.8679851359375 0.7550808734375 0.8796063796875 0.7949416125 0.9186959765625 0.8115444593750001 0.9599216187499999 0.6982779390625
2 0.9312116140625 0.40515613124999994 0.8924921796874999 0.42669436093749996 0.8741696718749999 0.47703503593749996 0.889985971875 0.5184226515625 0.9180172750000001 0.5262498140625 0.9790460796874999 0.5152069265625 0.9657205843750001 0.434344146875 0.9312116140625 0.40515613124999994
2 0.8547674859375001 0.30844623437499996 0.8349181031249999 0.3629819671875 0.873043775 0.4148649265625 0.93026309375 0.3881831203125 0.9443905453125 0.3363155671875 0.9133208953124999 0.28462539375 0.8547674859375001 0.30844623437499996
2 0.73060464375 0.3558951328125 0.6865488484375 0.3659895 0.661748675 0.394969321875 0.650289403125 0.45255880781249996 0.6834642843750001 0.47888585624999996 0.7410691734375 0.4380920046875 0.7510015703125 0.384697578125 0.73060464375 0.3558951328125
2 0.6068119640625 0.44148510625000004 0.6377196421875 0.3957250578125 0.6104594796875 0.3596738046875 0.57402265625 0.4010460109375 0.5803075359375 0.4294628875 0.6068119640625 0.44148510625000004
2 0.5340153515625 0.2629639109375 0.5271367062500001 0.307968225 0.54772641875 0.32971464687499996 0.5908336937499999 0.30264726875000003 0.5910418859375 0.2433381265625 0.564344671875 0.238371928125 0.5340153515625 0.2629639109375
2 0.5678148078125 0.11136352499999999 0.5353956625 0.109065509375 0.499344409375 0.136325671875 0.48941201406249996 0.1897201 0.5168649624999999 0.21871532968750002 0.56836235 0.194701703125 0.58363110625 0.152751140625 0.5678148078125 0.11136352499999999
2 0.45966104999999996 0.19314401406249998 0.437737246875 0.168536625 0.395208328125 0.1744359359375 0.364686221875 0.206083940625 0.35361252187500003 0.24956137968749997 0.3656193359375 0.27531007343749997 0.3936506390625 0.28313723749999997 0.45545058593750004 0.2438702609375 0.45966104999999996 0.19314401406249998
2 0.28993094375 0.2026292125 0.33419492968750003 0.1332257015625 0.3042665859375 0.091452515625 0.24341515937499997 0.1476925015625 0.25084134375 0.186026365625 0.28993094375 0.2026292125
2 0.2963623875 0.38074943125 0.27062910156250003 0.340503121875 0.23801717187500002 0.345261128125 0.2074950640625 0.3769091328125 0.22806936875 0.45090867812499996 0.2692641984375 0.4421484015625 0.2868155640625 0.4200318140625 0.2963623875 0.38074943125
2 0.19756267031250002 0.430303559375 0.1956656296875 0.3963575375 0.172214953125 0.37594520625 0.1323542140625 0.3875664484375 0.10564159375 0.43485337343749997 0.1145946546875 0.46899217968749995 0.14529414062499998 0.482541275 0.1853476640625 0.4638640109375 0.19756267031250002 0.430303559375
2 0.22001860624999997 0.5905022484375 0.2369762109375 0.6418068515625001 0.285982796875 0.6572683921875 0.3134511515625 0.6340105 0.3245248515625 0.5905330625 0.2892601453125 0.5373160140625 0.22001860624999997 0.5905022484375
2 0.2920748921875 0.6927412890625 0.284263134375 0.668519471875 0.2354493359375 0.6460019078125 0.195203025 0.6717351953125 0.1814611453125 0.7094907015625 0.1968918734375 0.7649903609375001 0.2275913578125 0.77853945625 0.277947440625 0.7446088421875 0.2920748921875 0.6927412890625
2 0.1553268796875 0.735609559375 0.109728803125 0.8021521046875 0.1413768078125 0.8326742125000001 0.1627376609375 0.8261965453125001 0.188308975 0.76899263125 0.18469227500000002 0.7462976890624999 0.1553268796875 0.735609559375
2 0.2828982328125 0.77016475 0.2546587359375 0.8216467312500001 0.2874480453125 0.862085825 0.3187258859375 0.8544668546875 0.34124345 0.8056530546875 0.31284198124999996 0.7596848125 0.2828982328125 0.77016475
2 0.406644690625 0.8413341437499999 0.3397011671875 0.8621012328125 0.304598434375 0.9063344062500001 0.3146928015625 0.9503902 0.3800940421875 0.9860712906250001 0.4232013171875 0.9590039125 0.43999695 0.9128582921874999 0.406644690625 0.8413341437499999
2 0.215923896875 0.895438084375 0.18292639375 0.9143081359374999 0.2668275203125 0.9448456484375001 0.249484346875 0.907653090625 0.215923896875 0.895438084375
2 0.0973210140625 0.8427685781250001 0.06965987343749999 0.8730824937499999 0.17034122499999999 0.9097275078125 0.1579642484375 0.8458377359375 0.0973210140625 0.8427685781250001
2 0.4171875 0.6390625 0.1921875 0.2265625
2 0.54296875 0.05 0.1484375 0.1