0 0.56484375 0.93671875 0.11953125 0.1265625
0 0.89140625 0.83515625 0.0546875 0.0625
0 0.31015625 0.97109375 0.04921875 0.0578125
0 0.2390625 0.634375 0.16015625 0.21328125
0 0.3453125 0.7078125 0.06015625 0.075
0 0.39375 0.471875 0.06484375 0.0859375
0 0.04296875 0.61171875 0.0859375 0.13671875
0 0.0625 0.48828125 0.09140625 0.09609375
0 0.15234375 0.41875 0.08515625 0.11328125
0 0.1078125 0.315625 0.07734375 0.09921875
0 0.078125 0.234375 0.0640625 0.08828125
0 0.24609375 0.16953125 0.07578125 0.0796875
0 0.2359375 0.05 0.06640625 0.08046875
0 0.4890625 0.16953125 0.06796875 0.071875
0 0.4671875 0.2734375 0.090625 0.10859375
0 0.47109375 0.37578125 0.06015625 0.07578125
0 0.47109375 0.47734375 0.06015625 0.090625
0 0.52578125 0.45390625 0.0859375 0.12109375
0 0.5875 0.49765625 0.08046875 0.12421875
0 0.665625 0.4875 0.09453125 0.12421875
0 0.7671875 0.55078125 0.1015625 0.13515625
0 0.83671875 0.621875 0.06796875 0.08515625
0 0.87578125 0.325 0.05390625 0.07734375
0 0.9765625 0.221875 0.04609375 0.16640625