2 0.6361607140625 0.11160714218750001 0.5825892859375 0.12053571406250001 0.5357142859375 0.203125 0.5446428578125 0.296875 0.59375 0.3459821421875 0.6584821421875 0.30803571406249997 0.7098214281249999 0.2299107140625 0.6830357140625 0.140625 0.6361607140625 0.11160714218750001
2 0.4375 0.30133928593750003 0.4375 0.3415178578125 0.491071428125 0.3727678578125 0.5267857140625 0.328125 0.53125 0.2790178578125 0.47991071406249997 0.2455357140625 0.4375 0.30133928593750003
2 0.36607142812500004 0.21205357187499999 0.375 0.30580357187499996 0.40625 0.31919642812500004 0.46875 0.234375 0.46428571406249997 0.1852678578125 0.412946428125 0.165178571875 0.36607142812500004 0.21205357187499999
2 0.328125 0.1875 0.28794642812500004 0.19196428593749998 0.25892857187499996 0.2477678578125 0.2678571421875 0.30133928593750003 0.2946428578125 0.32366071406249997 0.32366071406249997 0.32142857187499996 0.3571428578125 0.2834821421875 0.3571428578125 0.22544642812500001 0.328125 0.1875
2 0.2053571421875 0.3727678578125 0.2053571421875 0.41741071406249997 0.234375 0.45535714218749995 0.27232142812500004 0.45758928593750003 0.30357142812500004 0.412946428125 0.30357142812500004 0.3772321421875 0.2477678578125 0.33482142812500004 0.2053571421875 0.3727678578125
2 0.17633928593749998 0.2366071421875 0.147321428125 0.27455357187499996 0.15625 0.3415178578125 0.2008928578125 0.36383928593750003 0.25892857187499996 0.3147321421875 0.25446428593750003 0.27455357187499996 0.2165178578125 0.2232142859375 0.17633928593749998 0.2366071421875
2 0.7098214281249999 0.060267857812500006 0.7098214281249999 0.100446428125 0.7455357140625 0.1272321421875 0.7678571421875 0.109375 0.7767857140625 0.069196428125 0.734375 0.0357142859375 0.7098214281249999 0.060267857812500006
2 0.7477678578125 0 0.6428571421875 0.0022321421875000002 0.7232142859375 0.037946428125 0.7477678578125 0
2 0.6227678578125 0.022321428125 0.6071428578125 0.0959821421875 0.6830357140625 0.131696428125 0.7053571421875 0.109375 0.7008928578125 0.046875 0.6629464281249999 0.0178571421875 0.6227678578125 0.022321428125
2 0.9174107140625001 0.25 0.8705357140625001 0.296875 0.8995535718750001 0.34375 0.9330357140625001 0.35044642812500004 0.9598214281249999 0.328125 0.9642857140625001 0.296875 0.9508928578125 0.26116071406249997 0.9174107140625001 0.25
2 0.96875 0.30133928593750003 1 0.32366071406249997 0.9933035718750001 0.16071428593749998 0.9598214281249999 0.194196428125 0.9508928578125 0.25669642812500004 0.96875 0.30133928593750003
2 0.5066964281249999 0.5714285718750001 0.46875 0.609375 0.459821428125 0.6629464281249999 0.47991071406249997 0.6964285718750001 0.5446428578125 0.7120535718750001 0.5892857140625 0.6540178578125 0.5892857140625 0.6183035718750001 0.5558035718750001 0.5803571421875 0.5066964281249999 0.5714285718750001
2 0.47098214218749995 0.7008928578125 0.44196428593750003 0.7254464281249999 0.44196428593750003 0.8370535718750001 0.47991071406249997 0.8839285718750001 0.5357142859375 0.8950892859374999 0.5803571421875 0.8415178578125 0.5758928578125 0.7566964281249999 0.5379464281249999 0.7142857140625 0.47098214218749995 0.7008928578125
2 0.40848214218749995 0.7232142859375 0.38169642812500004 0.7232142859375 0.34821428593750003 0.7700892859375 0.3616071421875 0.8370535718750001 0.3928571421875 0.8504464281249999 0.41741071406249997 0.84375 0.4375 0.8058035718750001 0.4375 0.7566964281249999 0.40848214218749995 0.7232142859375
2 0.37053571406249997 0.8772321421875 0.3571428578125 0.9263392859374999 0.40625 0.9665178578125 0.4375 0.9352678578125 0.4375 0.8950892859374999 0.39508928593750003 0.8616071421875 0.37053571406249997 0.8772321421875
2 0.428571428125 0.9575892859374999 0.4375 0.9977678578125 0.5357142859375 0.9977678578125 0.5535714281249999 0.953125 0.5401785718750001 0.9040178578125 0.453125 0.9017857140625001 0.428571428125 0.9575892859374999
2 0.140625 0.6383928578125 0.10714285781249999 0.6674107140625 0.0982142859375 0.703125 0.118303571875 0.7410714281249999 0.15625 0.7433035718750001 0.1875 0.7120535718750001 0.1875 0.6763392859375 0.162946428125 0.6383928578125 0.140625 0.6383928578125
2 0 0.2075892859375 0.046875 0.25 0.0803571421875 0.25669642812500004 0.116071428125 0.2209821421875 0.10714285781249999 0.1540178578125 0.0736607140625 0.125 0.015625 0.12946428593749998 0 0.140625 0 0.2075892859375
2 0.0044642859375000005 0.30580357187499996 0.0357142859375 0.27455357187499996 0.0357142859375 0.2477678578125 0.006696428124999999 0.2142857140625 0.0044642859375000005 0.30580357187499996
2 0.159375 0.08125 0.134375 0.16171875
2 0.2359375 0.79375 0.13046875 0.15625
2 0.70546875 0.44453125 0.1609375 0.24296875