2 0.11912296874999999 0.5517457640625001 0.11646882812499999 0.496679828125 0.09391162812500001 0.4867282984375 0.0384434890625 0.5223371765625 0.0263495296875 0.5717802375 0.048058521874999996 0.601678634375 0.0914108 0.5925315109375 0.11912296874999999 0.5517457640625001
2 0.1846083421875 0.5625236046875 0.21490894374999997 0.507859871875 0.186260959375 0.47666725625 0.14810745 0.48103971874999996 0.12688826875 0.5101118062500001 0.1282262890625 0.5491354281249999 0.15513405 0.5742591625 0.1846083421875 0.5625236046875
2 0.493273059375 0.4937190671875 0.485442053125 0.466409103125 0.45507574687499996 0.4521289140625 0.3749079796875 0.5046721187500001 0.3710691328125 0.5714517125 0.3984009984375 0.5866020125 0.4647126828125 0.554451678125 0.493273059375 0.4937190671875
2 0.58528589375 0.5855566859375 0.5917350765625 0.5278804171875 0.5596066453125 0.484550040625 0.5153842546875 0.49066272499999997 0.48682387812499994 0.5513953375 0.4959710015625 0.5947476140625 0.5311119734374999 0.6142265734375 0.58528589375 0.5855566859375
2 0.24868999218750001 0.465333903125 0.270289475 0.380325765625 0.23599671562500002 0.34089994218749997 0.1770481296875 0.3643710578125 0.15065208125000001 0.42119911875 0.1576348765625 0.46845594999999995 0.2148870421875 0.484878565625 0.24868999218750001 0.465333903125
2 0.30159159999999996 0.466584315625 0.355341415625 0.44788786406250003 0.38173746406250003 0.391059803125 0.3764948921875 0.349871853125 0.3330988109375 0.31305636406250004 0.29019253749999996 0.3352113625 0.272877909375 0.36644778125 0.2703332796875 0.4262883796875 0.30159159999999996 0.466584315625
2 0.5598475640625 0.737344415625 0.6010355140625 0.73210184375 0.6330763375 0.683506990625 0.6408416390625 0.6418730359375 0.6104534312500001 0.6046115390625 0.5515048453125 0.6280826578125 0.5255329015625 0.674937284375 0.5307754734375 0.7161252328125001 0.5598475640625 0.737344415625
2 0.6758950031250001 0.569426765625 0.68104996875 0.5186894875 0.6489434390625 0.49834041874999996 0.5978039578125001 0.5261401921875 0.59003865625 0.5677741484375 0.617392425 0.6059057578125 0.648606940625 0.6002390796875 0.6758950031250001 0.569426765625
2 0.7054130984375 0.6036538203124999 0.7405321687499999 0.6001514718750001 0.7699845578125 0.5654346078125 0.771234971875 0.5125330015625 0.7430329953125 0.494348259375 0.7048794843749999 0.49872072031250003 0.6793316468749999 0.5356019140625 0.682409890625 0.5806944171875 0.7054130984375 0.6036538203124999
2 0.5806068093750001 0.22566488125 0.5736240125000001 0.1784080515625 0.539777259375 0.15199010156249998 0.49729509375000003 0.16417166562500002 0.4591853875 0.214506740625 0.48178639375000004 0.2704208859375 0.52861911875 0.27341152343749997 0.5806068093750001 0.22566488125
2 0.6891079640625 0.3291942578125 0.72032248125 0.32352758125 0.7501989765625 0.2788372828125 0.7475448390625 0.223771346875 0.7288921890625 0.21598414375 0.686410021875 0.22816570937499997 0.6626024078125 0.27111578281250004 0.6678449796875 0.31230373437500003 0.6891079640625 0.3291942578125
2 0.4046668828125 1 0.4130754171875 0.9698992296875 0.38485153906249997 0.9287331828125 0.33065571562499996 0.9344217609375001 0.3116008625 0.9595892984375001 0.37466260625 1 0.4046668828125 1
2 0.26601854999999996 0.9036970546875001 0.23221560000000002 0.9232417171874999 0.301627428125 0.95916519375 0.29812508125 0.9240461249999999 0.26601854999999996 0.9036970546875001
2 0.39921875 0.025 0.1734375 0.05
2 0.93671875 0.22265625 0.1265625 0.1328125