2 0.03046875 0.9453125 0.0359375 0.109375
2 0.01953125 0.7359375 0.0265625 0.1
2 0.0203125 0.53046875 0.040625 0.1328125
2 0.10390625 0.04765625 0.1390625 0.0734375
2 0.36015625 0.10234375 0.0984375 0.11875
2 0.40546875 0.05078125 0.1109375 0.0984375
2 0.528125 0.7359375 0.121875 0.15625
2 0.47890625 0.60703125 0.121875 0.1578125
2 0.55859375 0.53828125 0.11875 0.13125
2 0.59609375 0.6421875 0.165625 0.1875
2 0.753125 0.7015625 0.1015625 0.15625
2 0.7875 0.56015625 0.109375 0.14375
2 0.84921875 0.68046875 0.1203125 0.171875
2 0.7875 0.9125 0.1328125 0.1578125
2 0.2078125 0.42890625 0.128125 0.159375
2 0.0671875 0.3109375 0.134375 0.1875
2 0.72578125 0.325 0.1703125 0.2
2 0.69453125 0.87578125 0.178125 0.175
2 0.1609375 0.825 0.1890625 0.2265625