2 0.8258928578125 0.640625 0.8348214281249999 0.7209821421875 0.875 0.734375 0.9241071421875 0.6897321421875 0.9107142859374999 0.6227678578125 0.8772321421875 0.59375 0.8258928578125 0.640625
2 0.7410714281249999 0.640625 0.7276785718750001 0.6941964281249999 0.7477678578125 0.7321428578125 0.8035714281249999 0.734375 0.8214285718750001 0.6495535718750001 0.8058035718750001 0.625 0.765625 0.6205357140625 0.7410714281249999 0.640625
2 0.7879464281249999 0.48214285781250005 0.75 0.5290178578125 0.7455357140625 0.578125 0.7611607140625 0.6026785718750001 0.7991071421875 0.6138392859375 0.8549107140625001 0.59375 0.8660714281249999 0.5558035718750001 0.8147321421875 0.48660714218749995 0.7879464281249999 0.48214285781250005
2 0.7120535718750001 0.41071428593750003 0.6830357140625 0.43526785781250005 0.6785714281249999 0.493303571875 0.7276785718750001 0.546875 0.7723214281249999 0.47991071406249997 0.7723214281249999 0.453125 0.7388392859375 0.41071428593750003 0.7120535718750001 0.41071428593750003
2 0.9263392859374999 0.5625 0.90625 0.609375 0.9464285718750001 0.6540178578125 0.9776785718750001 0.6316964281249999 0.9776785718750001 0.5959821421875 0.9575892859374999 0.5669642859375 0.9263392859374999 0.5625
2 0.5535714281249999 0.9977678578125 0.5245535718750001 0.9553571421875 0.49776785781250005 0.9598214281249999 0.477678571875 0.9888392859374999 0.5535714281249999 0.9977678578125
2 0.45758928593750003 0.7142857140625 0.428571428125 0.7477678578125 0.43303571406249997 0.7924107140625 0.475446428125 0.8348214281249999 0.5 0.8325892859374999 0.5223214281249999 0.796875 0.5223214281249999 0.7477678578125 0.5022321421875 0.7232142859375 0.45758928593750003 0.7142857140625
2 0.49776785781250005 0.59375 0.46428571406249997 0.6361607140625 0.459821428125 0.6763392859375 0.47991071406249997 0.7098214281249999 0.5267857140625 0.7165178578125 0.5491071421875 0.6897321421875 0.5535714281249999 0.640625 0.5200892859375 0.59375 0.49776785781250005 0.59375
2 0.35491071406249997 0.6919642859375 0.32142857187499996 0.7254464281249999 0.31696428593750003 0.7834821421875 0.3459821421875 0.8303571421875 0.38392857187499996 0.8325892859374999 0.415178571875 0.796875 0.415178571875 0.7299107140625 0.390625 0.6964285718750001 0.35491071406249997 0.6919642859375
2 0.25669642812500004 0.6294642859375 0.2142857140625 0.6540178578125 0.2008928578125 0.6941964281249999 0.22544642812500001 0.7455357140625 0.2633928578125 0.7522321421875 0.2991071421875 0.7120535718750001 0.30357142812500004 0.6674107140625 0.28794642812500004 0.6383928578125 0.25669642812500004 0.6294642859375
2 0.140625 0.6785714281249999 0.12053571406250001 0.6986607140625 0.116071428125 0.7477678578125 0.13616071406250002 0.7767857140625 0.16071428593749998 0.7790178578125 0.1875 0.7522321421875 0.19196428593749998 0.7120535718750001 0.171875 0.6785714281249999 0.140625 0.6785714281249999
2 0 0.8191964281249999 0.03125 0.8236607140625001 0.0669642859375 0.7879464281249999 0.071428571875 0.7299107140625 0.055803571875 0.7008928578125 0.015625 0.6875 0 0.6986607140625 0 0.8191964281249999
2 0.19866071406250002 0.415178571875 0.16071428593749998 0.44866071406249997 0.15625 0.5111607140625 0.180803571875 0.5535714281249999 0.22767857187499999 0.5691964281249999 0.2633928578125 0.5379464281249999 0.28125 0.453125 0.2299107140625 0.415178571875 0.19866071406250002 0.415178571875
2 0.125 0.2834821421875 0.12053571406250001 0.32366071406249997 0.1584821421875 0.3883928578125 0.196428571875 0.390625 0.2232142859375 0.328125 0.1875 0.27455357187499996 0.1540178578125 0.25892857187499996 0.125 0.2834821421875
2 0 0.149553571875 0.0446428578125 0.1584821421875 0.084821428125 0.13616071406250002 0.0982142859375 0.055803571875 0.0736607140625 0.008928571875000001 0.0200892859375 0 0 0.0111607140625 0 0.149553571875
2 0.1741071421875 0.0959821421875 0.1741071421875 0.1272321421875 0.203125 0.1696428578125 0.2232142859375 0.16741071406250002 0.25 0.13616071406250002 0.25 0.0959821421875 0.203125 0.0669642859375 0.1741071421875 0.0959821421875
2 0.640625 0.022321428125 0.6071428578125 0.060267857812500006 0.6026785718750001 0.109375 0.6272321421875 0.147321428125 0.6651785718750001 0.1540178578125 0.6964285718750001 0.118303571875 0.7008928578125 0.0736607140625 0.671875 0.022321428125 0.640625 0.022321428125
2 0.75 0.0736607140625 0.7700892859375 0.09375 0.8035714281249999 0.0915178578125 0.8348214281249999 0.060267857812500006 0.8392857140625001 0.006696428124999999 0.7477678578125 0 0.75 0.0736607140625
2 1 0.6584821421875 0.9799107140625001 0.65625 0.9330357140625001 0.6986607140625 0.9330357140625001 0.7566964281249999 0.9620535718750001 0.7991071421875 1 0.8058035718750001 1 0.6584821421875
2 0.9888392859374999 0.8125 0.9732142859374999 0.8638392859374999 1 0.8995535718750001 0.9888392859374999 0.8125
2 0.5453125 0.31796875 0.1890625 0.2046875
2 0.9515625 0.27890625 0.096875 0.184375
2 0.82578125 0.93046875 0.125 0.13828125