2 0.7382122671875 0.7976714171875 0.7080435765625 0.765222378125 0.6545047828125 0.76709199375 0.63160208125 0.814795346875 0.6422390296875 0.8635609734375 0.6676345515625 0.887242678125 0.7010183953125 0.8838433859375 0.7356203171875 0.8513660125 0.7382122671875 0.7976714171875
2 0.6263898453125 0.8574139265625 0.5465490578125001 0.87360305 0.5470447984375 0.9517583593750001 0.581675053125 0.9840515953125 0.6239820328125 0.9803407 0.6628897171875 0.9432459578125 0.6564027328125001 0.8854013999999999 0.6263898453125 0.8574139265625
2 0.5966885578125 0.8383495890624999 0.643272965625 0.765250715625 0.62308968125 0.6989504265625001 0.574918925 0.6626630296875 0.5347648296874999 0.664065240625 0.489398496875 0.7080860328125 0.5120746031250001 0.8457713796874999 0.5283911906250001 0.8653031234374999 0.5573134703125 0.86205963125 0.5966885578125 0.8383495890624999
2 0.4392589953125 0.74333949375 0.390210103125 0.8098239203125001 0.38746235156250003 0.8590569484374999 0.4447120421875 0.8994943109375001 0.4780958875 0.89609501875 0.5031514703125 0.84608298125 0.468648678125 0.7534807015625 0.4392589953125 0.74333949375
2 0.3427900171875 0.7310737406250001 0.353582765625 0.784300934375 0.3897427 0.7964392218749999 0.42818298125 0.7459597812500001 0.4269365703125 0.7102672515624999 0.4061584171875 0.690891309375 0.3427900171875 0.7310737406250001
2 0.36688245625000004 0.589521696875 0.321955190625 0.5821565796875 0.2910641671875 0.6569409312500001 0.301077909375 0.6878602921875 0.3510899453125 0.712915875 0.39492660156250003 0.6890500312500001 0.40229171875 0.6441227656249999 0.36688245625000004 0.589521696875
2 0.47336517499999997 0.6327068109375 0.489497625 0.583006378125 0.4823874375 0.5073155546875 0.452218746875 0.47486651718750006 0.412376253125 0.48519186249999996 0.37225049375 0.5513646828125001 0.378737478125 0.6092092421874999 0.404600403125 0.646275646875 0.43383428437499993 0.6519552890625 0.47336517499999997 0.6327068109375
2 0.2977494078125 0.46462618125 0.313159525 0.5221591375 0.36301575937499997 0.5427531531249999 0.405450203125 0.47873321406249997 0.35987139687499997 0.3887512203125 0.3097318953125 0.42400468125 0.2977494078125 0.46462618125
2 0.640567671875 0.55986286875 0.6111496515625 0.4849510515625 0.5769867984375 0.46604251406249997 0.535458828125 0.492061240625 0.5147090109375 0.5374559078125001 0.539977065625 0.6214466609375 0.5987564328125 0.6417290734375001 0.6335141546874999 0.6137132656250001 0.640567671875 0.55986286875
2 0.7338498296875 0.6727475640625 0.693667396875 0.6093791640624999 0.6578190671875 0.6061640078125 0.6298315953125 0.6361768984375 0.627551246875 0.6987946265625 0.6671104734375 0.744316759375 0.696032753125 0.74107326875 0.7264847109375 0.717674828125 0.7338498296875 0.6727475640625
2 0.7354786359375 0.5275129609375 0.7165700968750001 0.5616758125 0.7276744484375001 0.6238261359374999 0.748452603125 0.6432020781250001 0.7862980140625 0.639646984375 0.82842085625 0.5667039109374999 0.7923883859374999 0.4942565796875 0.7354786359375 0.5275129609375
2 0.7313003359375 0.4718212828125 0.701287446875 0.4438338125 0.6340523515625 0.4372477 0.6148322109375 0.46248742031249995 0.6260923640625 0.529099309375 0.6425647515625 0.55309261875 0.6807217671875 0.5584606562500001 0.73285835 0.5164369453125001 0.7313003359375 0.4718212828125
2 0.9414613515625 0.4778833203125 0.9065194906249999 0.4366669515625 0.87959429375 0.4331401921875 0.8385337249999999 0.4725436171875 0.840247540625 0.5216208453125 0.8798067656249999 0.5671429781249999 0.9131906125 0.5637436859375 0.9347194375000001 0.54065685 0.9414613515625 0.4778833203125
2 0.6496890625 0.30939195625 0.6304405859375 0.2698610671875 0.5827372328125 0.246958365625 0.5504439953125 0.281588621875 0.539084715625 0.3400563875 0.5537158234375 0.3752815125 0.6037278609375 0.40033709531249995 0.642791346875 0.3677039203125 0.6496890625 0.30939195625
2 0.71328125 0.2609375 0.1421875 0.2109375
2 0.05390625 0.1984375 0.1078125 0.15625