2 0.71875 0.7790178578125 0.7098214281249999 0.8058035718750001 0.7142857140625 0.8415178578125 0.7455357140625 0.859375 0.7857142859375 0.8147321421875 0.7857142859375 0.7790178578125 0.7611607140625 0.75 0.71875 0.7790178578125
2 0.6607142859375 0.703125 0.6607142859375 0.7522321421875 0.6964285718750001 0.7790178578125 0.7366071421875 0.734375 0.7321428578125 0.6941964281249999 0.703125 0.6741071421875 0.6607142859375 0.703125
2 0.6049107140625 0.7053571421875 0.5803571421875 0.7522321421875 0.5848214281249999 0.7834821421875 0.625 0.8013392859374999 0.65625 0.7700892859375 0.65625 0.7254464281249999 0.6361607140625 0.7008928578125 0.6049107140625 0.7053571421875
2 0.5066964281249999 0.8035714281249999 0.491071428125 0.828125 0.49553571406249997 0.8772321421875 0.5401785718750001 0.8950892859374999 0.5848214281249999 0.859375 0.5848214281249999 0.8191964281249999 0.5647321421875 0.7991071421875 0.5066964281249999 0.8035714281249999
2 0.5491071421875 0.9040178578125 0.5491071421875 0.9397321421875 0.5691964281249999 0.9642857140625001 0.6026785718750001 0.9665178578125 0.6294642859375 0.9486607140625001 0.6383928578125 0.8995535718750001 0.5915178578125 0.8705357140625001 0.5491071421875 0.9040178578125
2 0.5066964281249999 0.6651785718750001 0.47321428593750003 0.703125 0.46875 0.765625 0.49776785781250005 0.7901785718750001 0.5491071421875 0.7879464281249999 0.5714285718750001 0.7611607140625 0.5758928578125 0.703125 0.5424107140625 0.6696428578125 0.5066964281249999 0.6651785718750001
2 0.5825892859375 0.5758928578125 0.5446428578125 0.609375 0.5446428578125 0.6540178578125 0.5691964281249999 0.6830357140625 0.6026785718750001 0.6852678578125 0.6294642859375 0.6584821421875 0.6339285718750001 0.6138392859375 0.6138392859375 0.5848214281249999 0.5825892859375 0.5758928578125
2 0.3415178578125 0.7767857140625 0.3125 0.8013392859374999 0.30803571406249997 0.8415178578125 0.3571428578125 0.8816964281249999 0.40178571406249997 0.8504464281249999 0.40625 0.8191964281249999 0.38169642812500004 0.7857142859375 0.3415178578125 0.7767857140625
2 0.21205357187499999 0.875 0.1875 0.8995535718750001 0.1875 0.9441964281249999 0.2209821421875 0.9732142859374999 0.2455357140625 0.9709821421875 0.2678571421875 0.9397321421875 0.2678571421875 0.8995535718750001 0.2477678578125 0.875 0.21205357187499999 0.875
2 0.33258928593750003 0.625 0.2946428578125 0.6629464281249999 0.2946428578125 0.7075892859375 0.3147321421875 0.7366071421875 0.3571428578125 0.7388392859375 0.3883928578125 0.7075892859375 0.3928571421875 0.6763392859375 0.36830357187499996 0.6294642859375 0.33258928593750003 0.625
2 0.2388392859375 0.48660714218749995 0.2008928578125 0.5245535718750001 0.2053571421875 0.5959821421875 0.22544642812500001 0.6205357140625 0.2633928578125 0.6227678578125 0.30357142812500004 0.5825892859375 0.2991071421875 0.5245535718750001 0.27008928593750003 0.491071428125 0.2388392859375 0.48660714218749995
2 0.140625 0.5178571421875 0.10714285781249999 0.546875 0.102678571875 0.6049107140625 0.1272321421875 0.6428571421875 0.16071428593749998 0.6495535718750001 0.19196428593749998 0.6272321421875 0.2008928578125 0.5825892859375 0.18303571406250002 0.5290178578125 0.140625 0.5178571421875
2 0 0.5558035718750001 0.0133928578125 0.5558035718750001 0.0446428578125 0.5022321421875 0.0357142859375 0.462053571875 0.0022321421875000002 0.4375 0 0.5558035718750001
2 0.0334821421875 0.1875 0.0044642859375000005 0.2522321421875 0.0334821421875 0.2991071421875 0.0580357140625 0.296875 0.0803571421875 0.27008928593750003 0.084821428125 0.2165178578125 0.0736607140625 0.19196428593749998 0.0334821421875 0.1875
2 0.118303571875 0.147321428125 0.0892857140625 0.180803571875 0.0892857140625 0.24330357187499999 0.12276785781249999 0.27678571406249997 0.15625 0.27455357187499996 0.18303571406250002 0.2477678578125 0.1875 0.1897321421875 0.16741071406250002 0.15625 0.118303571875 0.147321428125
2 0.29241071406249997 0.33482142812500004 0.2678571421875 0.36830357187499996 0.2633928578125 0.412946428125 0.28794642812500004 0.44196428593750003 0.32142857187499996 0.43973214218749995 0.34821428593750003 0.412946428125 0.35267857187499996 0.36383928593750003 0.328125 0.33482142812500004 0.29241071406249997 0.33482142812500004
2 0.5625 0.359375 0.5580357140625 0.44866071406249997 0.6071428578125 0.484375 0.6651785718750001 0.42633928593750003 0.6607142859375 0.3772321421875 0.6316964281249999 0.33928571406249997 0.5625 0.359375
2 0.6852678578125 0.3258928578125 0.6651785718750001 0.38169642812500004 0.7053571421875 0.421875 0.7366071421875 0.39955357187499996 0.7410714281249999 0.35491071406249997 0.7165178578125 0.3258928578125 0.6852678578125 0.3258928578125
2 0.6964285718750001 0.46651785781250005 0.7165178578125 0.5 0.7455357140625 0.5022321421875 0.7678571421875 0.47991071406249997 0.7678571421875 0.444196428125 0.734375 0.415178571875 0.6964285718750001 0.46651785781250005
2 0.765625 0.2633928578125 0.7410714281249999 0.2834821421875 0.7321428578125 0.328125 0.765625 0.375 0.78125 0.3727678578125 0.8080357140625001 0.35044642812500004 0.8169642859374999 0.30580357187499996 0.7924107140625 0.2678571421875 0.765625 0.2633928578125
2 0.90859375 0.98203125 0.09375 0.0359375