2 0.2571225328125 0.7449829265625 0.22762579062500002 0.72560361875 0.1783108203125 0.7286760546875 0.16932120781249999 0.7660123046875 0.1935286328125 0.8140105171875 0.2628284875 0.8365678734375 0.27639623125 0.80460426875 0.2571225328125 0.7449829265625
2 0.2243033734375 0.6041663374999999 0.2006181953125 0.5872538890625 0.1670655671875 0.5935877015625 0.1564036046875 0.6267847375 0.1731271140625 0.668176871875 0.22913148906249997 0.6816612906249999 0.24190472187499998 0.6596484640625 0.2243033734375 0.6041663374999999
2 0.0799754265625 0.5806255296875 0.0659687625 0.6055441390625 0.07361933281250001 0.6602317546875 0.12627900625 0.6654377453125 0.13737988750000002 0.6392857046875 0.121450890625 0.5879427890625 0.0799754265625 0.5806255296875
2 0 0.58858554375 0.040066703125000006 0.666565565625 0.063585228125 0.635396471875 0.0484507421875 0.5741027796875 0 0.5612382874999999 0 0.58858554375
2 0 0.46673497812500003 0.0319994984375 0.4916741 0.0725971234375 0.48490136875 0.1027217234375 0.4462483609375 0.08838175000000001 0.3750038890625 0.01899856875 0.3284057625 0 0.3375957875 0 0.46673497812500003
2 0.23013722187500002 0.4934743453125 0.25031104375 0.45402682499999997 0.23279302343750002 0.4225854671875 0.2012683390625 0.41606271875 0.1815334359375 0.4625552328125 0.23013722187500002 0.4934743453125
2 0.3579083140625 0.52370455625 0.376409784375 0.4801178234375 0.3563415734375 0.430447259375 0.32103326875 0.4086010875 0.2850137765625 0.42074646250000003 0.27188495 0.45975506250000003 0.2827968953125 0.4986803359375 0.32726146875 0.5312717984375 0.3579083140625 0.52370455625
2 0.38334916875 0.5687969875000001 0.3446961625 0.5386723875 0.315282746875 0.543333846875 0.2939588203125 0.6097279203125 0.328911534375 0.6485698656250001 0.3740872921875 0.64716978125 0.393466603125 0.6176730390625 0.38334916875 0.5687969875000001
2 0.2318037625 0.97428974375 0.2420268078125 0.9340477125 0.2178193828125 0.8860494984375 0.185855778125 0.8724817546875 0.1639262796875 0.8837492906250001 0.154936665625 0.9210855406249999 0.17333252500000002 0.966616890625 0.2011569171875 0.9818569859374999 0.2318037625 0.97428974375
2 0.4341087953125 0.3845826015625 0.4148350953125 0.324961259375 0.36754806875 0.3151771359375 0.344468465625 0.35339122500000003 0.3520357078125 0.38403807031250004 0.372020590625 0.4096678640625 0.4188687 0.4124069921875 0.4341087953125 0.3845826015625
2 0.51689306875 0.35113558437500003 0.49101329375 0.2989981578125 0.43130862499999995 0.2942310859375 0.4214411734375 0.31747734375 0.444854084375 0.37542633593749997 0.4726784765625 0.39066643125 0.5057921859375 0.377287625 0.51689306875 0.35113558437500003
2 0.4625000015625 0.20459075625 0.44188726093749997 0.2369932796875 0.45861076875 0.2783854171875 0.502197503125 0.29688688750000003 0.551073553125 0.28676945625 0.509787028125 0.21437487968750002 0.4625000015625 0.20459075625
2 0.45811080625 0.134140796875 0.41778544687499997 0.099876984375 0.37762674218750003 0.113694709375 0.3719818328125 0.1593093859375 0.3903776921875 0.2048407375 0.444709715625 0.21418594062500002 0.46655588750000004 0.17887763437499998 0.45811080625 0.134140796875
2 0.38596621249999996 0.24754963124999999 0.3946002328125 0.22720915625 0.3703928078125 0.17921094375 0.3234613734375 0.15243104375 0.2915810953125 0.1629040703125 0.28012462031249996 0.20605188437500002 0.30679890625 0.24823853125 0.3462464265625 0.2684123546875 0.38596621249999996 0.24754963124999999
2 0.239027034375 0.06857999375 0.285686203125 0.1363964375 0.3532303796875 0.1307738109375 0.33422894687500004 0.030115924999999998 0.239027034375 0.06857999375
2 0.251611328125 0.11164448281249999 0.21216380781250002 0.0914706609375 0.18195588125 0.1060828984375 0.173844109375 0.15750914062500002 0.1880174265625 0.180672071875 0.25150571718750003 0.20076256718750002 0.2658679734375 0.1588481828125 0.251611328125 0.11164448281249999
2 0.73378224375 0.38147140625 0.761356653125 0.32458919375 0.74868903125 0.25748393593749996 0.6892566265625 0.2116803203125 0.6291963671875 0.223909021875 0.607872440625 0.2903030953125 0.6262683 0.3358344453125 0.684467271875 0.38454384375 0.73378224375 0.38147140625
2 0.6478199234375001 0.45472153593750003 0.67265520625 0.44468743125000004 0.6670325796875 0.37714325312499997 0.596415965625 0.333450909375 0.6008884875 0.4279416375 0.6478199234375001 0.45472153593750003
2 0.9610834015625 0.3064878828125 0.9242916828125001 0.2154251828125 0.8844885687499999 0.212247134375 0.8580642640624999 0.24218279687500002 0.8707318859375001 0.3092880546875 0.9077125421875 0.33527344062500003 0.944170953125 0.3301730609375 0.9610834015625 0.3064878828125
2 0.9568162921875001 0.510437171875 0.9284696546875001 0.4641113078125 0.8853218390625001 0.452654834375 0.8515802734375001 0.524065959375 0.8874108250000001 0.5769978984375 0.92184129375 0.584754078125 0.9425373609375001 0.5763923234375 0.9568162921875001 0.510437171875
2 0.9533436937499999 0.70443568125 0.9208578421875 0.6597821703125 0.88686629375 0.6590709859375 0.8679259046875 0.6956127234375 0.8913388156250001 0.7535617140624999 0.9291139859375 0.769596321875 0.952632509375 0.7384272296875001 0.9533436937499999 0.70443568125
2 1 0.748371784375 0.9999195375 0.748211353125 0.9551826999999999 0.756656434375 0.94046485 0.8155665921875 0.9596552218750001 0.8511471640625 1 0.8361015078125 1 0.748371784375
2 0.7816690359375 0.9230582515625001 0.8673590890625 0.890844665625 0.8460574484375 0.8440798828125 0.782213565625 0.8409851625 0.7632731749999999 0.8775269 0.7816690359375 0.9230582515625001
2 0.61796875 0.7359375 0.1546875 0.1828125