2 0.9397321421875 0.7589285718750001 0.8928571421875 0.7924107140625 0.8883928578125 0.8504464281249999 0.9129464281249999 0.8839285718750001 0.9464285718750001 0.8861607140625001 0.9776785718750001 0.859375 0.9866071421875 0.8191964281249999 0.9732142859374999 0.7745535718750001 0.9397321421875 0.7589285718750001
2 0.7165178578125 0.8125 0.6919642859375 0.8415178578125 0.6919642859375 0.890625 0.7410714281249999 0.9308035718750001 0.7767857140625 0.9084821421875 0.7901785718750001 0.8683035718750001 0.7611607140625 0.8035714281249999 0.7165178578125 0.8125
2 0.5758928578125 0.7879464281249999 0.5758928578125 0.8370535718750001 0.5959821421875 0.8660714281249999 0.6294642859375 0.8727678578125 0.6651785718750001 0.8370535718750001 0.6696428578125 0.8013392859374999 0.6138392859375 0.75 0.5758928578125 0.7879464281249999
2 0.5491071421875 0.9263392859374999 0.5691964281249999 0.9598214281249999 0.59375 0.9575892859374999 0.6205357140625 0.9129464281249999 0.6004464281249999 0.8839285718750001 0.5736607140625 0.8794642859374999 0.5491071421875 0.9263392859374999
2 0.47098214218749995 0.7857142859375 0.43303571406249997 0.8147321421875 0.42410714218749995 0.8638392859374999 0.453125 0.9107142859374999 0.49553571406249997 0.9084821421875 0.5223214281249999 0.8861607140625001 0.5267857140625 0.8459821421875 0.5178571421875 0.8102678578125 0.47098214218749995 0.7857142859375
2 0.36383928593750003 0.6696428578125 0.3258928578125 0.6941964281249999 0.31696428593750003 0.7566964281249999 0.3459821421875 0.7946428578125 0.375 0.796875 0.40178571406249997 0.7745535718750001 0.41071428593750003 0.7254464281249999 0.39732142812500004 0.6852678578125 0.36383928593750003 0.6696428578125
2 0.131696428125 0.6964285718750001 0.10714285781249999 0.7566964281249999 0.12946428593749998 0.8236607140625001 0.149553571875 0.84375 0.1741071421875 0.8415178578125 0.2142857140625 0.8102678578125 0.2232142859375 0.7477678578125 0.194196428125 0.7053571421875 0.131696428125 0.6964285718750001
2 0.0178571421875 0.8013392859374999 0.022321428125 0.8549107140625001 0.0625 0.8772321421875 0.116071428125 0.8370535718750001 0.087053571875 0.7544642859375 0.046875 0.7589285718750001 0.0178571421875 0.8013392859374999
2 0.131696428125 0.8526785718750001 0.0625 0.9129464281249999 0.0625 0.953125 0.116071428125 0.9799107140625001 0.15178571406250002 0.953125 0.165178571875 0.9129464281249999 0.16071428593749998 0.8772321421875 0.131696428125 0.8526785718750001
2 0 0.7209821421875 0.040178571875 0.734375 0.0803571421875 0.7165178578125 0.102678571875 0.6584821421875 0.09375 0.6049107140625 0.046875 0.5714285718750001 0 0.5915178578125 0 0.7209821421875
2 0.171875 0.5625 0.133928571875 0.6138392859375 0.1383928578125 0.671875 0.2053571421875 0.6986607140625 0.2321428578125 0.6808035718750001 0.2366071421875 0.609375 0.2075892859375 0.5669642859375 0.171875 0.5625
2 0.31919642812500004 0.44196428593750003 0.28571428593750003 0.484375 0.28125 0.5334821421875 0.3147321421875 0.5803571421875 0.34375 0.5825892859375 0.375 0.546875 0.38392857187499996 0.47991071406249997 0.359375 0.446428571875 0.31919642812500004 0.44196428593750003
2 0.26116071406249997 0.3303571421875 0.2321428578125 0.35044642812500004 0.21875 0.39508928593750003 0.24330357187499999 0.4375 0.28571428593750003 0.43973214218749995 0.30803571406249997 0.41741071406249997 0.3125 0.3727678578125 0.29241071406249997 0.33928571406249997 0.26116071406249997 0.3303571421875
2 0.477678571875 0.5245535718750001 0.477678571875 0.5647321421875 0.5111607140625 0.6116071421875 0.5491071421875 0.6138392859375 0.5758928578125 0.5245535718750001 0.546875 0.48660714218749995 0.515625 0.48214285781250005 0.477678571875 0.5245535718750001
2 0.5714285718750001 0.609375 0.6004464281249999 0.6473214281249999 0.6339285718750001 0.6450892859375 0.65625 0.5647321421875 0.6361607140625 0.53125 0.6049107140625 0.5223214281249999 0.5714285718750001 0.609375
2 0.5290178578125 0.32142857187499996 0.49553571406249997 0.35044642812500004 0.491071428125 0.390625 0.5200892859375 0.428571428125 0.5446428578125 0.430803571875 0.5758928578125 0.412946428125 0.5848214281249999 0.36383928593750003 0.5602678578125 0.3258928578125 0.5290178578125 0.32142857187499996
2 0.6383928578125 0.1852678578125 0.6517857140625 0.22544642812500001 0.6830357140625 0.24330357187499999 0.7276785718750001 0.1897321421875 0.6941964281249999 0.1383928578125 0.6674107140625 0.1383928578125 0.6383928578125 0.1852678578125
2 0.5022321421875 0.16071428593749998 0.46428571406249997 0.1852678578125 0.446428571875 0.26116071406249997 0.475446428125 0.3125 0.5133928578125 0.32366071406249997 0.5580357140625 0.28794642812500004 0.5714285718750001 0.22544642812500001 0.5290178578125 0.165178571875 0.5022321421875 0.16071428593749998
2 0.0334821421875 0 0.040178571875 0.087053571875 0.084821428125 0.100446428125 0.10714285781249999 0.069196428125 0.102678571875 0.0200892859375 0.087053571875 0 0.0334821421875 0
2 0.80546875 0.4109375 0.13671875 0.2328125