2 0.6450892859375 0.75 0.6026785718750001 0.7924107140625 0.59375 0.8370535718750001 0.6183035718750001 0.875 0.6651785718750001 0.8950892859374999 0.7098214281249999 0.859375 0.7098214281249999 0.7924107140625 0.6808035718750001 0.7544642859375 0.6450892859375 0.75
2 0.7477678578125 0.7232142859375 0.7142857140625 0.7790178578125 0.7232142859375 0.828125 0.7678571421875 0.8504464281249999 0.8169642859374999 0.8013392859374999 0.8125 0.7477678578125 0.7834821421875 0.71875 0.7477678578125 0.7232142859375
2 0.5625 0.734375 0.578125 0.7678571421875 0.6116071421875 0.7745535718750001 0.6830357140625 0.7120535718750001 0.5959821421875 0.6651785718750001 0.5625 0.703125 0.5625 0.734375
2 0.7075892859375 0.5848214281249999 0.6785714281249999 0.6227678578125 0.6741071421875 0.6629464281249999 0.6986607140625 0.7098214281249999 0.7232142859375 0.7075892859375 0.7589285718750001 0.6852678578125 0.7678571421875 0.6272321421875 0.7433035718750001 0.5892857140625 0.7075892859375 0.5848214281249999
2 0.6495535718750001 0.48214285781250005 0.59375 0.5558035718750001 0.59375 0.5870535718750001 0.6316964281249999 0.625 0.65625 0.6227678578125 0.6830357140625 0.609375 0.7053571421875 0.5424107140625 0.671875 0.48214285781250005 0.6495535718750001 0.48214285781250005
2 0.8370535718750001 0.5535714281249999 0.78125 0.609375 0.7767857140625 0.6674107140625 0.8325892859374999 0.7098214281249999 0.8616071421875 0.7075892859375 0.8928571421875 0.6629464281249999 0.8928571421875 0.6004464281249999 0.8683035718750001 0.5625 0.8370535718750001 0.5535714281249999
2 1 0.462053571875 0.9441964281249999 0.43303571406249997 0.8973214281249999 0.47991071406249997 0.8839285718750001 0.5334821421875 0.921875 0.5982142859375 0.9553571421875 0.6004464281249999 0.9910714281249999 0.578125 1 0.5513392859375 1 0.462053571875
2 0.8459821421875 0.39732142812500004 0.8125 0.430803571875 0.8080357140625001 0.5111607140625 0.8660714281249999 0.5200892859375 0.8973214281249999 0.46651785781250005 0.8973214281249999 0.421875 0.8727678578125 0.39732142812500004 0.8459821421875 0.39732142812500004
2 0.78125 0.33705357187499996 0.78125 0.38616071406249997 0.8214285718750001 0.40848214218749995 0.8526785718750001 0.3772321421875 0.8526785718750001 0.33258928593750003 0.8058035718750001 0.30803571406249997 0.78125 0.33705357187499996
2 0.35491071406249997 0.8660714281249999 0.31696428593750003 0.8995535718750001 0.31696428593750003 0.953125 0.3415178578125 0.9910714281249999 0.36607142812500004 0.9933035718750001 0.40178571406249997 0.953125 0.40625 0.9174107140625001 0.3928571421875 0.8861607140625001 0.35491071406249997 0.8660714281249999
2 0.15178571406250002 0.3727678578125 0.12946428593749998 0.453125 0.149553571875 0.491071428125 0.196428571875 0.49776785781250005 0.22767857187499999 0.462053571875 0.22767857187499999 0.412946428125 0.17633928593749998 0.3616071421875 0.15178571406250002 0.3727678578125
2 0.140625 0.2008928578125 0.11160714218750001 0.26116071406249997 0.12946428593749998 0.31919642812500004 0.1741071421875 0.33705357187499996 0.21875 0.28794642812500004 0.2142857140625 0.21205357187499999 0.1852678578125 0.1875 0.140625 0.2008928578125
2 0.24330357187499999 0.1875 0.21875 0.2522321421875 0.2477678578125 0.2991071421875 0.27232142812500004 0.30133928593750003 0.2991071421875 0.2834821421875 0.30803571406249997 0.2299107140625 0.27455357187499996 0.1875 0.24330357187499999 0.1875
2 0.100446428125 0.0625 0.071428571875 0.10491071406250001 0.0758928578125 0.162946428125 0.125 0.17633928593749998 0.15625 0.14508928593749998 0.15625 0.0959821421875 0.131696428125 0.0625 0.100446428125 0.0625
2 0.30133928593750003 0.0178571421875 0.2678571421875 0.0513392859375 0.2678571421875 0.0915178578125 0.29241071406249997 0.133928571875 0.32142857187499996 0.140625 0.3571428578125 0.11383928593749999 0.3616071421875 0.060267857812500006 0.33705357187499996 0.022321428125 0.30133928593750003 0.0178571421875
2 0.3928571421875 0.0334821421875 0.421875 0 0.3303571421875 0.0022321421875000002 0.36830357187499996 0.0357142859375 0.3928571421875 0.0334821421875
2 0.5803571421875 0.131696428125 0.6049107140625 0.1696428578125 0.625 0.16741071406250002 0.6517857140625 0.131696428125 0.6383928578125 0.0959821421875 0.6049107140625 0.084821428125 0.5803571421875 0.131696428125
2 0.76171875 0.9765625 0.0953125 0.046875
2 0.5109375 0.98671875 0.08515625 0.0265625