2 0.284375 0.06796875 0.16875 0.1359375
2 0.24296875 0.18359375 0.1359375 0.15625
2 0.34765625 0.196875 0.178125 0.1984375
2 0.30546875 0.34375 0.1703125 0.190625
2 0.40703125 0.36796875 0.121875 0.15
2 0.28359375 0.48046875 0.14375 0.1640625
2 0.3453125 0.53359375 0.15625 0.1875
2 0.2125 0.61484375 0.1671875 0.196875
2 0.11015625 0.38046875 0.121875 0.1328125
2 0.06015625 0.4640625 0.103125 0.1234375
2 0.02265625 0.45625 0.0453125 0.115625
2 0.18671875 0.78671875 0.1421875 0.1578125
2 0.28046875 0.71875 0.14375 0.16875
2 0.3203125 0.803125 0.1125 0.1359375
2 0.459375 0.6484375 0.134375 0.128125
2 0.47265625 0.5578125 0.15 0.153125
2 0.55703125 0.4984375 0.1390625 0.1453125
2 0.525 0.071875 0.184375 0.14375
2 0.6 0.22109375 0.08125 0.096875
2 0.72265625 0.16796875 0.1578125 0.1828125
2 0.83984375 0.1921875 0.175 0.1734375
2 0.69609375 0.56875 0.1203125 0.13125
2 0.50078125 0.87421875 0.165625 0.2140625
2 0.840625 0.71484375 0.128125 0.134375
2 0.84140625 0.6125 0.1171875 0.13125
2 0.8828125 0.4796875 0.1671875 0.1828125
2 0.9671875 0.5796875 0.065625 0.10625
2 0.9546875 0.2421875 0.090625 0.171875
2 0.71796875 0.06640625 0.09375 0.0640625