2 0.17456114375 0.6488748796875 0.1546442796875 0.6204306484375001 0.1150761109375 0.6134537124999999 0.0731876640625 0.6581989265625 0.06621072812499999 0.6977670953125 0.1019028203125 0.726726346875 0.1360391171875 0.725945765625 0.168359421875 0.6840465859375 0.17456114375 0.6488748796875
2 0.24384767968749999 0.50016498125 0.196267165625 0.5257739109374999 0.2017044046875 0.5720641875 0.22989380937499998 0.5793013171875 0.259113253125 0.5549879890625 0.24384767968749999 0.50016498125
2 0.27437882812500003 0.6098109984375 0.23636645625 0.632573896875 0.24542494218750002 0.6840358515625 0.288093971875 0.673426934375 0.2942956921875 0.6382552296874999 0.27437882812500003 0.6098109984375
2 0.2984587953125 0.8203154765624999 0.267678184375 0.7763562125 0.22889059843749998 0.803515571875 0.2219136625 0.8430837406249999 0.2392446875 0.8733385953124999 0.26743409218749997 0.8805757265624999 0.29148185937500004 0.859883646875 0.2984587953125 0.8203154765624999
2 0.1259666875 0.821632546875 0.0980321125 0.7872414234375 0.0561382984375 0.7934538765625 0.0401082421875 0.82009285 0.0370073828125 0.8376787015625 0.061060515625 0.8555193828125001 0.05848004375 0.8958627671875 0.08227298281249999 0.90232468125 0.12028535468749998 0.8795617828125 0.1259666875 0.821632546875
2 0.5066483609375 0.8864904203125 0.4794943671875 0.8862355921875 0.454671384375 0.9113241343749999 0.44691923281249996 0.9552887671875 0.4722679703125 0.9914905140625001 0.5012325890625 0.9943311796875 0.5283812171875 0.9560532484375001 0.5066483609375 0.8864904203125
2 0.5581103171875 0.87743193125 0.539234228125 0.8945027640625 0.5307068625 0.942863859375 0.5516591359375 0.9782903921875 0.59148213125 0.958113334375 0.5844890953124999 0.8820832218750001 0.5581103171875 0.87743193125
2 0.7261952265625 0.7982741296875 0.6881828546875 0.8210370250000001 0.6925900515625 0.8988777609374999 0.740685584375 0.8574936015624999 0.7432660578125 0.8171502187499999 0.7261952265625 0.7982741296875
2 0.7323915796875 0.7245696640625 0.712474715625 0.6961254328125001 0.6713614828125001 0.7364741828125 0.67964475625 0.7923326015625001 0.7034376953125 0.7987945171875 0.7318819249999999 0.7788776515625 0.7323915796875 0.7245696640625
2 0.6904870328125 0.6537165984375 0.6677241359375 0.6157042265625 0.6348834421875 0.634845875 0.6271312906250001 0.6788105078125 0.644462315625 0.7090653625 0.66385879375 0.7147520609375 0.683510096875 0.693284765625 0.6904870328125 0.6537165984375
2 0.767016065625 0.5153500546875 0.742187715625 0.5019058375000001 0.6953824187500001 0.52311830625 0.6705648015625 0.5867396078125 0.683499365625 0.6162192484375 0.749701140625 0.6006934796875 0.774263928125 0.564226171875 0.767016065625 0.5153500546875
2 0.8402216078125001 0.6529199171875 0.814612678125 0.605339403125 0.7455702359374999 0.6498297890625 0.739888903125 0.707759025 0.7608411765625 0.7431855578125 0.800149153125 0.738783728125 0.8316942421875 0.7012810109375 0.8402216078125001 0.6529199171875
2 0.9366782390624999 0.6200631234375 0.9227082671875 0.5836011812499999 0.8955542734374999 0.5833463546875 0.8699560765625 0.6128313609375 0.863499528125 0.675157059375 0.8823809828125 0.6966189875000001 0.9069491390625 0.6986844390625 0.9266004421874999 0.67721714375 0.9366782390624999 0.6200631234375
2 0.9172978625000001 0.729974703125 0.89220931875 0.7051517203125 0.8526465171875 0.7367075437499999 0.8469651828125 0.79463678125 0.8658466390624999 0.8160987093750001 0.8997227421874999 0.8039393609375001 0.9191138515624999 0.7710933015625 0.9172978625000001 0.729974703125
2 0.6322439375 0.251328903125 0.6014686953124999 0.2459023984375 0.5603554625 0.2862511484375 0.5598458078124999 0.3405591359375 0.5911414374999999 0.368743171875 0.6208812703125 0.3671873765625 0.6524263609375 0.329684659375 0.6322439375 0.251328903125
2 0.6040438015625 0.16702625468750001 0.5885233999999999 0.1393572390625 0.5445641328125 0.170137846875 0.5469005124999999 0.2340139765625 0.5662969890625 0.239700678125 0.5955164359375 0.21538735 0.6040438015625 0.16702625468750001
2 0.7077268265625001 0.028914537499999997 0.6945428031249999 0.06512165156250001 0.7054065484375001 0.0806366875 0.7431640921875 0.0850277828125 0.766691471875 0.041578171875 0.7077268265625001 0.028914537499999997
2 0.363771109375 0 0.3552399234375 0.0098265546875 0.35395505312500003 0.06853100625 0.371286078125 0.09878585937499999 0.40904362499999997 0.1031769578125 0.43903828437500003 0.0744671671875 0.44756565000000004 0.0261060703125 0.4346893859375 0 0.363771109375 0
2 0.358893371875 0.24619479218749998 0.3405269359375 0.208957634375 0.29010039062500004 0.22499842343749998 0.2735553125 0.267412625 0.2849394453125 0.305685190625 0.3226969890625 0.3100762875 0.35269165 0.281366496875 0.358893371875 0.24619479218749998
2 0.28930907499999997 0.1137966078125 0.244829421875 0.1218196859375 0.24199412343749999 0.18931706406249998 0.270183525 0.1965541921875 0.2942312921875 0.17586211406250002 0.28930907499999997 0.1137966078125
2 0.200356990625 0 0.1990488 0.0729489359375 0.25283639999999996 0.050701059375 0.2540616515625 0 0.200356990625 0
2 0.2254544109375 0.270264025 0.1838207921875 0.28785524375 0.1644296828125 0.3207013046875 0.1626244234375 0.356648225 0.1822810953125 0.373713690625 0.219778446875 0.3667260203125 0.25106334218750004 0.3178445390625 0.2254544109375 0.270264025
2 0.29037131718750003 0.31344270937499996 0.24641205156249998 0.3442233171875 0.23788468593749998 0.39258441093749996 0.2611626046875 0.41482155625 0.3053820640625 0.39541971249999996 0.31390943125000004 0.3470586171875 0.29037131718750003 0.31344270937499996
2 0.2169377796875 0.3956906390625 0.169357265625 0.42129956875 0.184883034375 0.48750134375 0.23427417187500002 0.46447825312499996 0.2404758921875 0.42930654687500003 0.2169377796875 0.3956906390625
2 0 0.47112233750000004 0.0178228 0.49657593125000005 0.052219290625000005 0.507174115625 0.0625680140625 0.5384643796875 0.08532554375 0.537943990625 0.0951485125 0.5079439640625 0.0723802484375 0.43139883125 0.029705853124999997 0.4034749890625 0.0064333015625 0.41977060625 0 0.4562556671875 0 0.47112233750000004
2 0.0506205609375 0.169172203125 0.0757037359375 0.1554624265625 0.0715567328125 0.089000459375 0.0506205609375 0.169172203125
2 0.0279649953125 0.9018150265625 0.00908890625 0.9188858578125 0.0662429265625 0.9289636546875 0.0543437734375 0.9064663171875 0.0279649953125 0.9018150265625
2 0.02421875 0.8046875 0.0484375 0.171875