2 0.6104166953125 0.9233901812499999 0.63676456875 0.995811753125 0.7140882656249999 0.9511688953125 0.65212770625 0.9018857734375001 0.6104166953125 0.9233901812499999
2 0.6883971515625 0.8397062953125 0.66394518125 0.8821756687500001 0.6840344671875 0.9169713328125001 0.7212225343750001 0.9367400968749999 0.74746880625 0.9241642609375 0.7452953234375 0.871292534375 0.6883971515625 0.8397062953125
2 0.745572903125 0.809273315625 0.755697675 0.8446670812500001 0.8028502546875 0.8638377453125001 0.81428855 0.8211494515625001 0.7667567890625 0.779000596875 0.745572903125 0.809273315625
2 0.5619390875 0.482281646875 0.5367287562499999 0.47879464374999997 0.5118976046875 0.49828582812500005 0.5157051296875 0.5450592265624999 0.565089853125 0.5680960749999999 0.5844207781249999 0.5569353609375 0.57979623125 0.5132111265625 0.5619390875 0.482281646875
2 0.43010962187499996 0.535196315625 0.448944046875 0.5990684953125001 0.48940019843749993 0.6066406046874999 0.5059008781250001 0.5816491921875 0.4813473078125 0.5391211593749999 0.43010962187499996 0.535196315625
2 0.6589728890625 0.44945626406250005 0.6355568609375 0.4758627984375 0.64241355 0.5234532187500001 0.7118875578125 0.5812857296875 0.72926391875 0.5042396124999999 0.704710346875 0.46171157812499997 0.6589728890625 0.44945626406250005
2 0.783699521875 0.0449534140625 0.7218992234375 0.0316621578125 0.6932018875 0.053385484375 0.6799106312500001 0.1151857828125 0.727223471875 0.1703483125 0.78597460625 0.182822546875 0.8232213328125001 0.15358576875000002 0.8293783203125 0.1062142703125 0.783699521875 0.0449534140625
2 0.3453311359375 0.522284240625 0.3243661703125 0.5395432828125 0.32311130781249997 0.5686197984375 0.3498970234375 0.6150140171875 0.3781565171875 0.6193180421875 0.396670421875 0.6112064921875 0.3983631234375 0.556102621875 0.3453311359375 0.522284240625
2 0.5967776921875 0.596195309375 0.5654690328124999 0.5910742640625 0.5422719234375 0.6044671203124999 0.5387849203124999 0.629677453125 0.5611063484375001 0.6683393015625 0.6021606015625001 0.6858759234375 0.6245406890625 0.6755322296874999 0.6274295921874999 0.6403573859375 0.5967776921875 0.596195309375
2 0.96796875 0.58359375 0.0640625 0.2671875
2 0.5984375 0.2828125 0.246875 0.259375
2 0.0609375 0.27734375 0.121875 0.1890625
2 0.30625 0.73125 0.24375 0.2671875