2 0.7348714171874999 0.5276324171875 0.7482319015625001 0.5664340859375 0.8331277921875 0.5705882812499999 0.8241183921875 0.46685464374999996 0.79500335 0.45017080312499996 0.76217116875 0.46147582812500004 0.7348714171874999 0.5276324171875
2 0.64841229375 0.5674185390625001 0.67454259375 0.5851301109375 0.7093317890625 0.5698126109375 0.732914403125 0.531644890625 0.7163722828125 0.4739070296875 0.6804569125000001 0.4762578265625 0.6450337687500001 0.528518425 0.64841229375 0.5674185390625001
2 0.5724154671874999 0.45336432968749996 0.5938993453125 0.5060619859375 0.6199311984375 0.513791596875 0.6784998984375 0.48027030000000004 0.697873146875 0.42018164375 0.6775154453125001 0.380450690625 0.6404739 0.36983478125 0.593844175 0.3992451609375 0.5724154671874999 0.45336432968749996
2 0.7757718203125 0.4234065546875 0.79500335 0.45017080312499996 0.859836871875 0.4445399265625 0.877253109375 0.3884637453125 0.85699385 0.358714753125 0.8379592125 0.3519144265625 0.7873170140625 0.37936779062500003 0.7757718203125 0.4234065546875
2 0.877308278125 0.49528057031249995 0.9053955921875 0.50897966875 0.9521237609375 0.48955125 0.9795219578125 0.43337662187500003 0.9711032296875001 0.38953475000000004 0.9092544515625001 0.3941378953125 0.863947790625 0.45647890156250004 0.877308278125 0.49528057031249995
2 0.536389759375 0.242081471875 0.5558181765625 0.2888096421875 0.58185003125 0.296539253125 0.618596240625 0.27720928125 0.6440374234374999 0.225047125 0.6317046671875 0.1892302 0.5926076609375001 0.172644803125 0.5440209234375 0.20606765781249997 0.536389759375 0.242081471875
2 0.43482191875 0.4706940109375 0.44818240468750004 0.50949568125 0.49902149375000004 0.5020062359375 0.5146776046875 0.46990645000000003 0.5043018625 0.4300770515625 0.4912367140625 0.421221265625 0.4485210171875 0.442606696875 0.43482191875 0.4706940109375
2 0.187565325 0 0.131819059375 0.1142967796875 0.1429271953125 0.1271650390625 0.19376628437500001 0.11967559531250001 0.22145981718750002 0.09344685 0.237017484375 0.0513651015625 0.22262926875 0.009578690625 0.1946122921875 0 0.187565325 0
2 0.014410109374999999 0.5586968765625 0.015099226562500002 0.6285706015625 0.0344292 0.6653168125 0.059334878125000004 0.6600797171874999 0.1184390828125 0.579633359375 0.13213818125000001 0.5515460453125 0.119608534375 0.49576519843750005 0.0864810171875 0.4771243421875 0.0377958328125 0.500565234375 0.014410109374999999 0.5586968765625
2 0.1850878984375 0.656842915625 0.1983499390625 0.6856626218749999 0.2492874734375 0.6881551406249999 0.27893801875 0.6579139203125 0.2845137265625 0.6159306171875001 0.2663099265625 0.5921511140625 0.23729332812499998 0.5854492328124999 0.196633090625 0.6128041515625 0.1850878984375 0.656842915625
2 0.6790159109375 0.9374834859375 0.6903209359375 0.9703156671875 0.7163527921874999 0.978045278125 0.751043540625 0.9527458171875001 0.762588734375 0.9087070546874999 0.7502559796875 0.8728901296875 0.7203100953125 0.873185465625 0.6926165625 0.8994142109375 0.6790159109375 0.9374834859375
2 0.8104281312499999 1 0.8681809406250001 0.8857032203124999 0.83030855625 0.8920664890625 0.7947869671875 0.9343451281249999 0.7961405859374999 1 0.8104281312499999 1
2 0.7823876828125 1 0.77511838125 0.9644879015625 0.7273624812499999 0.9809315765625 0.7180621890625 1 0.7823876828125 1