2 0.8348214281249999 0.7700892859375 0.8348214281249999 0.8147321421875 0.8638392859374999 0.8526785718750001 0.8973214281249999 0.8504464281249999 0.9241071421875 0.8102678578125 0.9241071421875 0.765625 0.8816964281249999 0.7276785718750001 0.8348214281249999 0.7700892859375
2 0.8191964281249999 0.5803571421875 0.7857142859375 0.6138392859375 0.7767857140625 0.6941964281249999 0.8013392859374999 0.7410714281249999 0.8392857140625001 0.7477678578125 0.8883928578125 0.7120535718750001 0.8973214281249999 0.640625 0.8683035718750001 0.5892857140625 0.8191964281249999 0.5803571421875
2 0.7254464281249999 0.7276785718750001 0.6964285718750001 0.7522321421875 0.6830357140625 0.8236607140625001 0.7120535718750001 0.8660714281249999 0.7723214281249999 0.8683035718750001 0.7991071421875 0.8325892859374999 0.7991071421875 0.7745535718750001 0.7700892859375 0.7366071421875 0.7254464281249999 0.7276785718750001
2 0.7120535718750001 0.8660714281249999 0.6919642859375 0.8861607140625001 0.6875 0.9486607140625001 0.703125 0.9732142859374999 0.7455357140625 0.9799107140625001 0.7633928578125 0.9620535718750001 0.7678571421875 0.9040178578125 0.7522321421875 0.875 0.7120535718750001 0.8660714281249999
2 0.5982142859375 0.9888392859374999 0.6830357140625 0.9977678578125 0.6785714281249999 0.921875 0.6450892859375 0.8973214281249999 0.6071428578125 0.9308035718750001 0.5982142859375 0.9888392859374999
2 0.5044642859375 0.9665178578125 0.5245535718750001 1 0.5848214281249999 0.9977678578125 0.5982142859375 0.9129464281249999 0.5424107140625 0.8794642859374999 0.5044642859375 0.921875 0.5044642859375 0.9665178578125
2 0.3883928578125 0.8058035718750001 0.38392857187499996 0.8549107140625001 0.41741071406249997 0.90625 0.44196428593750003 0.9084821421875 0.477678571875 0.8325892859374999 0.453125 0.7901785718750001 0.41741071406249997 0.78125 0.3883928578125 0.8058035718750001
2 0.6517857140625 0.6227678578125 0.6428571421875 0.6495535718750001 0.6473214281249999 0.6808035718750001 0.6785714281249999 0.6986607140625 0.71875 0.6674107140625 0.7142857140625 0.6227678578125 0.6852678578125 0.6026785718750001 0.6517857140625 0.6227678578125
2 0.116071428125 0.7879464281249999 0.11160714218750001 0.8370535718750001 0.13616071406250002 0.875 0.1741071421875 0.8772321421875 0.2053571421875 0.8504464281249999 0.2053571421875 0.7879464281249999 0.1540178578125 0.75 0.116071428125 0.7879464281249999
2 0 0.9888392859374999 0.0133928578125 0.9888392859374999 0.0446428578125 0.9620535718750001 0.0580357140625 0.8861607140625001 0.0022321421875000002 0.8660714281249999 0 0.9888392859374999
2 0.12946428593749998 0.5513392859375 0.116071428125 0.609375 0.140625 0.6517857140625 0.18303571406250002 0.6540178578125 0.2053571421875 0.6049107140625 0.18303571406250002 0.5379464281249999 0.1584821421875 0.53125 0.12946428593749998 0.5513392859375
2 0.196428571875 0.5022321421875 0.19196428593749998 0.5558035718750001 0.234375 0.6294642859375 0.2678571421875 0.6272321421875 0.31696428593750003 0.578125 0.32142857187499996 0.5111607140625 0.2522321421875 0.46875 0.196428571875 0.5022321421875
2 0 0.140625 0.0133928578125 0.140625 0.053571428125 0.087053571875 0.053571428125 0.0334821421875 0.0334821421875 0 0 0.0022321421875000002 0 0.140625
2 0.259375 0.3890625 0.1359375 0.16015625
2 0.43203125 0.0265625 0.0984375 0.053125
2 0.3484375 0.01328125 0.08046875 0.0265625