0 0.27734375 0.83515625 0.0890625 0.0859375
0 0.3171875 0.91015625 0.0640625 0.084375
0 0.25625 0.9609375 0.1 0.078125
0 0.03828125 0.5859375 0.075 0.1109375
0 0.40390625 0.546875 0.1078125 0.1234375
0 0.3484375 0.48515625 0.090625 0.1
0 0.35625 0.4125 0.065625 0.075
0 0.4203125 0.4421875 0.075 0.0984375
0 0.165625 0.14765625 0.0578125 0.0828125
0 0.28671875 0.06953125 0.0671875 0.0984375
0 0.5015625 0.09375 0.13125 0.15625
0 0.77265625 0.15703125 0.103125 0.13125
0 0.92265625 0.28671875 0.1375 0.184375
0 0.51796875 0.7703125 0.15 0.1671875
0 0.63984375 0.87265625 0.0984375 0.1296875
0 0.5875 0.62890625 0.071875 0.096875
0 0.13515625 0.9625 0.0953125 0.075
0 0.9734375 0.35546875 0.0421875 0.0984375
0 0.98046875 0.4953125 0.0390625 0.121875