2 0.63671875 0.840625 0.090625 0.1078125
2 0.56328125 0.8578125 0.09375 0.12109375
2 0.63125 0.7296875 0.11796875 0.1421875
2 0.7234375 0.7625 0.12578125 0.16640625
2 0.36328125 0.840625 0.140625 0.196875
2 0.39375 0.51796875 0.096875 0.14296875
2 0.765625 0.31171875 0.1203125 0.1453125
2 0.846875 0.47890625 0.10234375 0.13984375
2 0.91015625 0.8046875 0.1453125 0.175
2 0.94453125 0.93203125 0.1109375 0.1359375
2 0.33984375 0.15 0.13359375 0.146875
2 0.10078125 0.084375 0.128125 0.15078125
2 0.09375 0.41640625 0.1125 0.14921875
2 0.04921875 0.92890625 0.0984375 0.1328125
2 0.18359375 0.953125 0.17890625 0.09375
2 0.803125 0.0171875 0.0796875 0.03359375
2 0.04921875 0.04765625 0.09765625 0.0953125
2 0.1609375 0.0234375 0.08515625 0.046875
2 0.2859375 0.38125 0.18203125 0.21796875
2 0.58515625 0.5859375 0.103125 0.2625
2 0.9640625 0.05234375 0.071875 0.1046875
2 0.47578125 0.05390625 0.134375 0.10625