2 0.7546875 0.8109375 0.1390625 0.1703125
2 0.8390625 0.51484375 0.1171875 0.1421875
2 0.8546875 0.3734375 0.171875 0.21875
2 0.97265625 0.89765625 0.0546875 0.1109375
2 0.64375 0.5625 0.140625 0.175
2 0.67734375 0.36328125 0.125 0.1515625
2 0.0828125 0.29921875 0.125 0.15625
2 0.46328125 0.2859375 0.1078125 0.121875
2 0.62734375 0.16171875 0.1078125 0.14375
2 0.89375 0.1421875 0.1265625 0.1546875
2 0.884375 0.8890625 0.0953125 0.1125
2 0.85 0.0578125 0.146875 0.115625
2 0.57265625 0.64453125 0.11875 0.15
2 0.4859375 0.5453125 0.103125 0.128125
2 0.41015625 0.4953125 0.0984375 0.134375
2 0.38984375 0.05859375 0.128125 0.1109375
2 0.146875 0.06875 0.1125 0.078125
2 0.85546875 0.62578125 0.0890625 0.1046875
2 0.7328125 0.59296875 0.1125 0.1296875
2 0.9703125 0.61484375 0.059375 0.1140625
2 0.31328125 0.83515625 0.1265625 0.1671875
2 0.75078125 0.103125 0.096875 0.1171875
2 0.4953125 0.84921875 0.1765625 0.21875
2 0.209375 0.75 0.153125 0.190625