2 0.5065835140625 0.66500203125 0.5406051 0.64205418125 0.5578878875 0.5999351921875 0.538347340625 0.54838455 0.5102885359375 0.5406565484375 0.47450173125 0.560987353125 0.46330486249999997 0.595193640625 0.47316748437499995 0.6380413234375 0.5065835140625 0.66500203125
2 0.7183178921875 0.4764929859375 0.6869133515625 0.49767561562499996 0.680950571875 0.5283514640625 0.6951338921875 0.5606693984375 0.7170452125 0.5649285265625 0.752647315625 0.5104530031250001 0.7183178921875 0.4764929859375
2 0.87925055625 0.6078276578125 0.8773006359375 0.5710658937499999 0.8385889484375 0.5362540484375 0.8115666718749999 0.55828850625 0.7944070203125 0.6231706421875 0.8121207796875 0.660722665625 0.8340320999999999 0.6649817953125 0.87925055625 0.6078276578125
2 0.8678175343750001 0.7602319453125 0.8665963031249999 0.69632476875 0.83847593125 0.6772151953125001 0.8035409515625 0.693163734375 0.78881364375 0.7221359328125 0.8049468843750001 0.7912156328125 0.8268582062500001 0.7954747609374999 0.8678175343750001 0.7602319453125
2 0.946934440625 0.6573668109375 0.9711549703125 0.6029528546875 0.9270860578125 0.5489083031249999 0.8852133375 0.5771518078125 0.8775469046875 0.6165921859375 0.881200478125 0.6445894234375 0.91461650625 0.6715501328125 0.946934440625 0.6573668109375
2 0.3836954140625 0.6070061859375 0.34717991875 0.6544824031250001 0.35698097500000003 0.685948509375 0.3780404703125 0.694589903125 0.41291388125 0.667259790625 0.41266761250000006 0.6217334953125 0.3836954140625 0.6070061859375
2 0.25747169531249997 0.7416452640625 0.20342714375 0.7857141765625 0.194057059375 0.8339190828125 0.2301517015625 0.870496146875 0.2991082640625 0.8315997578125 0.2987388609375 0.763310315625 0.25747169531249997 0.7416452640625
2 0.8487796453125 0.9634581843750001 0.880307321875 0.9650387 0.9247970875 0.9350299734374999 0.9245508171875001 0.8895036796875001 0.8920481796875 0.8695422796875001 0.8535211953124999 0.8688751578125 0.8291159640625001 0.88914439375 0.8249799703124999 0.9338188625000001 0.8487796453125 0.9634581843750001
2 0 0.87789418125 0.0183456359375 0.8838993265624999 0.04713313125 0.864481915625 0.0625891328125 0.80836430625 0.0484058109375 0.7760463734374999 0.0168165703125 0.7630842828125 0 0.773042865625 0 0.87789418125
2 0.32119417031249997 0.7062793140625 0.3463280921875 0.6588646671875 0.3373788625 0.62301629375 0.317232759375 0.6213742109375 0.28680318125 0.660937721875 0.32119417031249997 0.7062793140625
2 0.17014436718749998 0.9452409078124999 0.18408141718749998 0.9320325468749999 0.19174785 0.89259216875 0.1653311296875 0.8647180671875001 0.1182243203125 0.8964920125000001 0.11755719687499999 0.935018996875 0.17014436718749998 0.9452409078124999
2 0.183291159375 0.9477963859375 0.28755210781249996 0.9612408968749999 0.2706901734375 0.9193066078125 0.2259541390625 0.903789040625 0.190167334375 0.92411984375 0.183291159375 0.9477963859375
2 0.0019458890624999999 0.4418447484375 0.044978271874999996 0.46612684375 0.0972576046875 0.41944088749999997 0.11088681874999999 0.3493246609375 0.07381721718749999 0.29436671406250003 0.0326116203125 0.28408323593749996 0.0019458890624999999 0.4418447484375
2 0.3661562390625 0.439874590625 0.396462684375 0.37754793124999997 0.3279269734375 0.3323910421875 0.297374259375 0.3491914078125 0.2635373765625 0.40628397656250004 0.297076540625 0.4560078328125 0.3269005640625 0.46635287812500004 0.3661562390625 0.439874590625
2 0.4929956328125 0.41905124687499995 0.4944530140625 0.364760425 0.44880358593749997 0.34224354687499997 0.4060790390625 0.37486931874999996 0.3993875671875 0.43269057968749997 0.41880497656250004 0.46147807500000004 0.45118447812499995 0.45867632656249996 0.4929956328125 0.41905124687499995
2 0.7970139453125 0.4576811296875 0.8432073640625 0.4189078765625 0.8647492796874999 0.35487756406250004 0.8408264703125001 0.3024750953125 0.8144713171875001 0.2859825671875 0.7621304171875 0.3212869515625 0.731823971875 0.3836136109375 0.75489495625 0.4403983421875 0.7970139453125 0.4576811296875
2 0.9223858390625 0.32742431562499996 0.9581110765625 0.2957119390625 0.9649256828125001 0.260653825 0.9542728015625 0.23356998125 0.9016240625 0.211966496875 0.880687703125 0.22608825000000002 0.8669353531249999 0.27344133125000003 0.8846491140625 0.3109933546875 0.9223858390625 0.32742431562499996
2 1 0.1640887015625 0.9905420265625 0.14056747187500002 0.9581009578125 0.131987646875 0.9380164234375 0.141727134375 0.924264075 0.189080215625 0.9674195921875001 0.2361254578125 0.9962070890625 0.216708046875 1 0.20512075625 1 0.1640887015625
2 1 0.09318131874999999 0.9324129296875 0.07696813125 0.9624216546875 0.12145789843749999 1 0.121254621875 1 0.09318131874999999
2 0.8398413921874999 0.1203699203125 0.8817756796875 0.10350798750000001 0.900885253125 0.075387615625 0.8316208515625 0.0573761375 0.8195721546874999 0.0959646890625 0.8398413921874999 0.1203699203125
2 0.6218262765625 0.1189226578125 0.643737596875 0.1231817859375 0.66801969375 0.08014940312499999 0.6416029734375 0.052275300000000004 0.6067911296874999 0.0909869875 0.6218262765625 0.1189226578125
2 0.8817756796875 0.10350798750000001 0.900885253125 0.075387615625 0.7439755671875 0.04033961875 0.7564552375 0.08142208281249999 0.77666290625 0.0944457390625 0.8212142390625001 0.0758185875 0.8398413921874999 0.1203699203125 0.8817756796875 0.10350798750000001
2 0.7917081703125 0.28610570156250004 0.801806946875 0.210755384375 0.7665025640625001 0.158414484375 0.7227414890625 0.1612777984375 0.6635244140625 0.220258721875 0.664868778125 0.306929046875 0.7115547359375001 0.35920837968749997 0.7917081703125 0.28610570156250004
2 0.47514862031250005 0.1950117828125 0.5240206484375001 0.1658548828125 0.5377729984374999 0.118501803125 0.5173806265625001 0.07133342499999999 0.47179276562499994 0.060198120312500006 0.4369809203125 0.0989098078125 0.42067309531249997 0.15940968125 0.44447277031250004 0.18904900156249999 0.47514862031250005 0.1950117828125
2 0.47201007187500005 0 0.470879371875 0.053198812500000005 0.53052741875 0.073888903125 0.5689312703125 0.0517928796875 0.5800665734375 0.0062050171875 0.5442583578125 0 0.47201007187500005 0
2 0.40058856093750006 0.1691491703125 0.3864052390625 0.1368312359375 0.35834643593750004 0.1291032359375 0.3260900703125 0.1546681296875 0.3175718109375 0.1984907734375 0.3553701046875 0.2263033078125 0.3833057734375 0.2112681609375 0.40058856093750006 0.1691491703125
2 0.6218262765625 0.1189226578125 0.643737596875 0.1231817859375 0.66801969375 0.08014940312499999 0.6416029734375 0.052275300000000004 0.6067911296874999 0.0909869875 0.6218262765625 0.1189226578125
2 0.671875 0.76484375 0.1703125 0.221875