2 0.9263392859374999 0.7678571421875 0.90625 0.7924107140625 0.90625 0.859375 0.9352678578125 0.9017857140625001 0.9732142859374999 0.9084821421875 1 0.8861607140625001 0.9955357140625001 0.7924107140625 0.984375 0.7678571421875 0.9263392859374999 0.7678571421875
2 0.9263392859374999 0.6383928578125 0.8861607140625001 0.65625 0.8660714281249999 0.6986607140625 0.8705357140625001 0.7522321421875 0.8861607140625001 0.7723214281249999 0.9107142859374999 0.7700892859375 0.9486607140625001 0.7544642859375 0.9642857140625001 0.7254464281249999 0.9553571421875 0.6674107140625 0.9263392859374999 0.6383928578125
2 0.703125 0.5089285718750001 0.6785714281249999 0.5379464281249999 0.6785714281249999 0.5959821421875 0.6986607140625 0.6205357140625 0.7321428578125 0.6227678578125 0.7589285718750001 0.6004464281249999 0.7678571421875 0.5558035718750001 0.7433035718750001 0.5178571421875 0.703125 0.5089285718750001
2 1 0.35044642812500004 0.9754464281249999 0.34821428593750003 0.9419642859374999 0.3772321421875 0.9375 0.45758928593750003 0.9575892859374999 0.48660714218749995 1 0.493303571875 1 0.35044642812500004
2 1 0.1897321421875 0.9575892859374999 0.178571428125 0.9196428578125 0.234375 0.9196428578125 0.2790178578125 0.9575892859374999 0.33482142812500004 0.9821428578125 0.33705357187499996 1 0.33258928593750003 1 0.1897321421875
2 0.7991071421875 0.087053571875 0.8169642859374999 0.0959821421875 0.8705357140625001 0.055803571875 0.8861607140625001 0 0.7767857140625 0.0022321421875000002 0.7991071421875 0.087053571875
2 0.5379464281249999 0.03125 0.5223214281249999 0.046875 0.5267857140625 0.131696428125 0.5625 0.149553571875 0.6294642859375 0.118303571875 0.6339285718750001 0.069196428125 0.6138392859375 0.03125 0.5379464281249999 0.03125
2 0.48883928593750003 0.1383928578125 0.46428571406249997 0.180803571875 0.47321428593750003 0.2209821421875 0.5 0.234375 0.5446428578125 0.2075892859375 0.5446428578125 0.162946428125 0.515625 0.133928571875 0.48883928593750003 0.1383928578125
2 0.5535714281249999 0.180803571875 0.5580357140625 0.22544642812500001 0.6026785718750001 0.2522321421875 0.6339285718750001 0.2165178578125 0.6183035718750001 0.147321428125 0.5691964281249999 0.15625 0.5535714281249999 0.180803571875
2 0.46428571406249997 0.265625 0.45535714218749995 0.3147321421875 0.484375 0.36607142812500004 0.53125 0.3772321421875 0.5625 0.33258928593750003 0.5625 0.2790178578125 0.5245535718750001 0.2366071421875 0.46428571406249997 0.265625
2 0.45758928593750003 0.37053571406249997 0.428571428125 0.40848214218749995 0.428571428125 0.462053571875 0.453125 0.5089285718750001 0.5 0.515625 0.5267857140625 0.484375 0.5357142859375 0.41741071406249997 0.49776785781250005 0.375 0.45758928593750003 0.37053571406249997
2 0.38616071406249997 0.43303571406249997 0.3571428578125 0.48883928593750003 0.36607142812500004 0.5200892859375 0.40178571406249997 0.5379464281249999 0.428571428125 0.5245535718750001 0.4375 0.493303571875 0.41964285781250005 0.444196428125 0.38616071406249997 0.43303571406249997
2 0.3883928578125 0.5825892859375 0.39732142812500004 0.6361607140625 0.42410714218749995 0.6495535718750001 0.47321428593750003 0.609375 0.47321428593750003 0.5691964281249999 0.44866071406249997 0.5401785718750001 0.3883928578125 0.5825892859375
2 0.462053571875 0.6383928578125 0.41964285781250005 0.6986607140625 0.43303571406249997 0.765625 0.477678571875 0.7790178578125 0.53125 0.7254464281249999 0.5267857140625 0.671875 0.493303571875 0.6339285718750001 0.462053571875 0.6383928578125
2 0.30803571406249997 0.9352678578125 0.30803571406249997 0.9977678578125 0.37946428593750003 0.9977678578125 0.3928571421875 0.9084821421875 0.3772321421875 0.8839285718750001 0.33705357187499996 0.8839285718750001 0.30803571406249997 0.9352678578125
2 0.2209821421875 0.59375 0.196428571875 0.6227678578125 0.2008928578125 0.6629464281249999 0.2299107140625 0.6919642859375 0.25892857187499996 0.6941964281249999 0.28571428593750003 0.671875 0.28571428593750003 0.6227678578125 0.27008928593750003 0.5982142859375 0.2209821421875 0.59375
2 0.196428571875 0.5736607140625 0.2209821421875 0.59375 0.29017857187499996 0.5915178578125 0.31696428593750003 0.5424107140625 0.30357142812500004 0.5022321421875 0.2165178578125 0.491071428125 0.196428571875 0.5736607140625
2 0.11160714218750001 0.45758928593750003 0.0982142859375 0.5200892859375 0.1272321421875 0.5714285718750001 0.1696428578125 0.5825892859375 0.1875 0.5647321421875 0.196428571875 0.475446428125 0.149553571875 0.428571428125 0.11160714218750001 0.45758928593750003
2 0.008928571875000001 0.5647321421875 0.0446428578125 0.5334821421875 0.053571428125 0.462053571875 0.0022321421875000002 0.40625 0.008928571875000001 0.5647321421875
2 0.24330357187499999 0.29017857187499996 0.19196428593749998 0.3415178578125 0.18303571406250002 0.430803571875 0.2209821421875 0.48660714218749995 0.2991071421875 0.48883928593750003 0.33928571406249997 0.43973214218749995 0.33482142812500004 0.3459821421875 0.29241071406249997 0.2946428578125 0.24330357187499999 0.29017857187499996
2 0.35044642812500004 0.2232142859375 0.31696428593750003 0.2522321421875 0.30803571406249997 0.29241071406249997 0.3459821421875 0.34821428593750003 0.37946428593750003 0.3459821421875 0.40625 0.3102678578125 0.41071428593750003 0.27008928593750003 0.38616071406249997 0.22767857187499999 0.35044642812500004 0.2232142859375
2 0 0.162946428125 0.0491071421875 0.17633928593749998 0.0803571421875 0.118303571875 0.0758928578125 0.0736607140625 0.046875 0.0446428578125 0.015625 0.0446428578125 0 0.055803571875 0 0.162946428125
2 0.28828125 0.075 0.17421875 0.1484375
2 0.12421875 0.765625 0.14921875 0.2078125
2 0.75703125 0.25625 0.1296875 0.21484375
2 0.665625 0.87265625 0.15703125 0.2546875