2 0.8125 0.2209821421875 0.8080357140625001 0.27008928593750003 0.8370535718750001 0.31696428593750003 0.8616071421875 0.3147321421875 0.8928571421875 0.25669642812500004 0.8794642859374999 0.2075892859375 0.8459821421875 0.19196428593749998 0.8125 0.2209821421875
2 0.765625 0.2678571421875 0.7455357140625 0.29241071406249997 0.7455357140625 0.35491071406249997 0.7857142859375 0.36830357187499996 0.8169642859374999 0.3459821421875 0.8214285718750001 0.3102678578125 0.8013392859374999 0.27678571406249997 0.765625 0.2678571421875
2 0.5044642859375 0.43526785781250005 0.5089285718750001 0.5022321421875 0.5290178578125 0.5223214281249999 0.5625 0.5200892859375 0.6071428578125 0.43526785781250005 0.578125 0.375 0.546875 0.375 0.5044642859375 0.43526785781250005
2 0.41741071406249997 0.415178571875 0.38392857187499996 0.46651785781250005 0.40625 0.5200892859375 0.45535714218749995 0.5424107140625 0.491071428125 0.515625 0.48660714218749995 0.44866071406249997 0.45758928593750003 0.415178571875 0.41741071406249997 0.415178571875
2 0.7566964281249999 0.375 0.7366071421875 0.40848214218749995 0.7589285718750001 0.493303571875 0.8080357140625001 0.5111607140625 0.8482142859374999 0.462053571875 0.84375 0.39955357187499996 0.8147321421875 0.3616071421875 0.7566964281249999 0.375
2 0.6897321421875 0.43303571406249997 0.6517857140625 0.475446428125 0.65625 0.5379464281249999 0.6808035718750001 0.5714285718750001 0.7366071421875 0.5825892859375 0.7633928578125 0.5424107140625 0.7633928578125 0.5066964281249999 0.7366071421875 0.453125 0.6897321421875 0.43303571406249997
2 0.33258928593750003 0.32142857187499996 0.2991071421875 0.3459821421875 0.2946428578125 0.40401785781250005 0.30803571406249997 0.444196428125 0.35267857187499996 0.462053571875 0.3928571421875 0.412946428125 0.3928571421875 0.359375 0.36830357187499996 0.3258928578125 0.33258928593750003 0.32142857187499996
2 0.32142857187499996 0.484375 0.3125 0.5245535718750001 0.33258928593750003 0.5714285718750001 0.37053571406249997 0.5736607140625 0.40178571406249997 0.5245535718750001 0.3883928578125 0.484375 0.3459821421875 0.46428571406249997 0.32142857187499996 0.484375
2 0.27008928593750003 0.5089285718750001 0.24107142812500001 0.5290178578125 0.2321428578125 0.5736607140625 0.25669642812500004 0.6205357140625 0.29017857187499996 0.6227678578125 0.32142857187499996 0.6004464281249999 0.3258928578125 0.5558035718750001 0.30133928593750003 0.5178571421875 0.27008928593750003 0.5089285718750001
2 0.5848214281249999 0.7120535718750001 0.5625 0.7790178578125 0.5915178578125 0.8169642859374999 0.6339285718750001 0.8236607140625001 0.6651785718750001 0.7924107140625 0.6741071421875 0.7299107140625 0.6272321421875 0.6919642859375 0.5848214281249999 0.7120535718750001
2 0.41741071406249997 0.7410714281249999 0.3928571421875 0.7611607140625 0.3883928578125 0.8147321421875 0.41741071406249997 0.8616071421875 0.4375 0.859375 0.46875 0.828125 0.46875 0.7790178578125 0.444196428125 0.7455357140625 0.41741071406249997 0.7410714281249999
2 0.006696428124999999 0.0580357140625 0 0.180803571875 0.0357142859375 0.1852678578125 0.071428571875 0.1540178578125 0.0758928578125 0.10491071406250001 0.0513392859375 0.0669642859375 0.006696428124999999 0.0580357140625
2 0.34821428593750003 0.046875 0.3928571421875 0.069196428125 0.4375 0.037946428125 0.44196428593750003 0.006696428124999999 0.33705357187499996 0 0.34821428593750003 0.046875
2 0.5089285718750001 0.0334821421875 0.5290178578125 0 0.45089285781250005 0.0022321421875000002 0.47098214218749995 0.03125 0.5089285718750001 0.0334821421875
2 0.8515625 0.92578125 0.115625 0.1484375
2 0.2375 0.9625 0.140625 0.07421875
2 0.1625 0.03984375 0.1375 0.0796875