2 0.55234375 0.3109375 0.2109375 0.2515625
2 0.8171875 0.70625 0.121875 0.1515625
2 0.90078125 0.5875 0.1421875 0.1640625
2 0.9359375 0.3546875 0.128125 0.15625
2 0.7796875 0.51796875 0.14375 0.1625
2 0.740625 0.68671875 0.1265625 0.1421875
2 0.584375 0.87734375 0.1328125 0.1484375
2 0.48203125 0.8859375 0.18125 0.1890625
2 0.55859375 0.65 0.1078125 0.121875
2 0.4703125 0.63203125 0.146875 0.165625
2 0.409375 0.73828125 0.1296875 0.140625
2 0.36484375 0.921875 0.128125 0.1375
2 0.5640625 0.98984375 0.096875 0.0203125
2 0.4328125 0.9671875 0.1125 0.065625
2 0.40078125 0.509375 0.1296875 0.1546875
2 0.4234375 0.353125 0.128125 0.15
2 0.4578125 0.2078125 0.153125 0.1796875
2 0.71953125 0.60234375 0.0984375 0.103125
2 0.33671875 0.44609375 0.1265625 0.1390625
2 0.30625 0.23828125 0.153125 0.178125
2 0.5171875 0.065625 0.140625 0.13125
2 0.22734375 0.20546875 0.1328125 0.15625
2 0.12421875 0.3921875 0.134375 0.159375
2 0.33359375 0.715625 0.1234375 0.14375
2 0.87421875 0.8625 0.115625 0.1875
2 0.77734375 0.08671875 0.075 0.059375
2 0.45 0.01015625 0.0875 0.0203125
2 0.7140625 0.06015625 0.078125 0.0515625
2 0.1953125 0.0921875 0.20625 0.184375
2 0.9015625 0.13515625 0.125 0.090625