2 0.7209821421875 0.8660714281249999 0.6919642859375 0.8995535718750001 0.6919642859375 0.9486607140625001 0.7254464281249999 0.9776785718750001 0.75 0.9754464281249999 0.7678571421875 0.9620535718750001 0.7767857140625 0.9084821421875 0.7522321421875 0.8705357140625001 0.7209821421875 0.8660714281249999
2 0.6674107140625 0.7053571421875 0.6383928578125 0.734375 0.6339285718750001 0.7790178578125 0.6629464281249999 0.8258928578125 0.6919642859375 0.8236607140625001 0.71875 0.8013392859374999 0.7276785718750001 0.7566964281249999 0.7075892859375 0.7142857140625 0.6674107140625 0.7053571421875
2 0.40401785781250005 0.7455357140625 0.3571428578125 0.796875 0.3571428578125 0.8415178578125 0.38169642812500004 0.8705357140625001 0.415178571875 0.8683035718750001 0.446428571875 0.8325892859374999 0.45089285781250005 0.7924107140625 0.4375 0.7566964281249999 0.40401785781250005 0.7455357140625
2 0.35044642812500004 0.6517857140625 0.30803571406249997 0.7165178578125 0.33258928593750003 0.7678571421875 0.36607142812500004 0.7700892859375 0.40178571406249997 0.7388392859375 0.40625 0.6986607140625 0.3727678578125 0.6517857140625 0.35044642812500004 0.6517857140625
2 0.30133928593750003 0.5714285718750001 0.27455357187499996 0.5669642859375 0.25 0.6004464281249999 0.2455357140625 0.6450892859375 0.27008928593750003 0.6830357140625 0.2991071421875 0.6897321421875 0.34375 0.6450892859375 0.34375 0.6138392859375 0.320788459375 0.5770327640625 0.30133928593750003 0.5714285718750001
2 0.30357142812500004 0.5111607140625 0.2991071421875 0.5424107140625 0.3459821421875 0.5982142859375 0.36607142812500004 0.6004464281249999 0.3883928578125 0.5379464281249999 0.37946428593750003 0.47991071406249997 0.35491071406249997 0.47321428593750003 0.30357142812500004 0.5111607140625
2 0.444196428125 0.45535714218749995 0.3928571421875 0.47098214218749995 0.39732142812500004 0.5870535718750001 0.415178571875 0.6004464281249999 0.44196428593750003 0.5870535718750001 0.46875 0.5290178578125 0.46875 0.47991071406249997 0.444196428125 0.45535714218749995
2 0.5334821421875 0.5044642859375 0.48214285781250005 0.515625 0.446428571875 0.6004464281249999 0.46875 0.6629464281249999 0.5089285718750001 0.6852678578125 0.5625 0.6584821421875 0.5758928578125 0.6138392859375 0.5669642859375 0.5379464281249999 0.5334821421875 0.5044642859375
2 0.6049107140625 0.48660714218749995 0.5758928578125 0.5111607140625 0.5714285718750001 0.5424107140625 0.5982142859375 0.609375 0.6294642859375 0.6227678578125 0.6651785718750001 0.5870535718750001 0.6651785718750001 0.5424107140625 0.6316964281249999 0.491071428125 0.6049107140625 0.48660714218749995
2 0.5647321421875 0.35267857187499996 0.53125 0.3772321421875 0.5223214281249999 0.430803571875 0.5491071421875 0.47991071406249997 0.5758928578125 0.484375 0.6071428578125 0.453125 0.6116071421875 0.39508928593750003 0.5870535718750001 0.3571428578125 0.5647321421875 0.35267857187499996
2 0.625 0.41741071406249997 0.625 0.45758928593750003 0.6607142859375 0.493303571875 0.7008928578125 0.43526785781250005 0.671875 0.3883928578125 0.640625 0.3928571421875 0.625 0.41741071406249997
2 0.30580357187499996 0.3928571421875 0.28125 0.41741071406249997 0.27678571406249997 0.453125 0.296875 0.48660714218749995 0.32142857187499996 0.484375 0.34821428593750003 0.462053571875 0.34821428593750003 0.42633928593750003 0.328125 0.3928571421875 0.30580357187499996 0.3928571421875
2 0.1852678578125 0.36607142812500004 0.15625 0.40848214218749995 0.15625 0.44866071406249997 0.2008928578125 0.462053571875 0.22767857187499999 0.453125 0.2321428578125 0.39955357187499996 0.21205357187499999 0.37053571406249997 0.1852678578125 0.36607142812500004
2 0.2299107140625 0.28125 0.2053571421875 0.30580357187499996 0.2053571421875 0.35491071406249997 0.2477678578125 0.415178571875 0.27232142812500004 0.412946428125 0.30357142812500004 0.38169642812500004 0.2991071421875 0.30580357187499996 0.28794642812500004 0.28571428593750003 0.2299107140625 0.28125
2 0.0982142859375 0.25669642812500004 0.0892857140625 0.30133928593750003 0.1272321421875 0.3571428578125 0.15625 0.359375 0.1875 0.328125 0.1875 0.2790178578125 0.1272321421875 0.2321428578125 0.0982142859375 0.25669642812500004
2 0.12276785781249999 0.11160714218750001 0.0982142859375 0.149553571875 0.102678571875 0.194196428125 0.13616071406250002 0.2321428578125 0.178571428125 0.2388392859375 0.20982142812500001 0.194196428125 0.2053571421875 0.14508928593749998 0.16741071406250002 0.10714285781249999 0.12276785781249999 0.11160714218750001
2 0.13616071406250002 0 0.0982142859375 0.0290178578125 0.0982142859375 0.060267857812500006 0.12276785781249999 0.0982142859375 0.15178571406250002 0.100446428125 0.18303571406250002 0.078125 0.1875 0.046875 0.171875 0.0133928578125 0.13616071406250002 0
2 0.0334821421875 0.0357142859375 0.0044642859375000005 0.0825892859375 0.0133928578125 0.1540178578125 0.0491071421875 0.16741071406250002 0.084821428125 0.149553571875 0.102678571875 0.10491071406250001 0.0647321421875 0.03125 0.0334821421875 0.0357142859375
2 0.40848214218749995 0.022321428125 0.36383928593750003 0.0803571421875 0.32142857187499996 0.10491071406250001 0.38616071406249997 0.16071428593749998 0.46875 0.17633928593749998 0.5 0.149553571875 0.48214285781250005 0.0647321421875 0.45758928593750003 0.03125 0.40848214218749995 0.022321428125
2 0.6049107140625 0 0.5982142859375 0.069196428125 0.6227678578125 0.102678571875 0.6473214281249999 0.10491071406250001 0.6830357140625 0.069196428125 0.6830357140625 0.015625 0.671875 0 0.6049107140625 0
2 0.796875 0 0.7857142859375 0.015625 0.7857142859375 0.0959821421875 0.8392857140625001 0.14508928593749998 0.8928571421875 0.0959821421875 0.9017857140625001 0.037946428125 0.8816964281249999 0 0.796875 0
2 1 0.060267857812500006 0.9486607140625001 0.0357142859375 0.9107142859374999 0.069196428125 0.9017857140625001 0.140625 0.9308035718750001 0.178571428125 0.9776785718750001 0.180803571875 1 0.1584821421875 1 0.060267857812500006
2 0.921875 0.1875 0.8928571421875 0.21205357187499999 0.8839285718750001 0.25669642812500004 0.9375 0.296875 0.96875 0.2834821421875 0.9821428578125 0.24330357187499999 0.9575892859374999 0.19196428593749998 0.921875 0.1875
2 0.2165178578125 0.8080357140625001 0.18303571406250002 0.8415178578125 0.18303571406250002 0.8816964281249999 0.2165178578125 0.9107142859374999 0.2455357140625 0.9084821421875 0.27232142812500004 0.8727678578125 0.27232142812500004 0.8370535718750001 0.2522321421875 0.8125 0.2165178578125 0.8080357140625001
2 0.9453125 0.4546875 0.10859375 0.18671875
2 0.271875 0.1921875 0.1328125 0.19296875