1 0.41328125 0.84609375 0.096875 0.128125
1 0.51171875 0.81796875 0.1125 0.1515625
1 0.64921875 0.69375 0.0921875 0.1078125
1 0.25625 0.2796875 0.10625 0.14375
1 0.175 0.22109375 0.115625 0.1234375
1 0.13203125 0.1015625 0.096875 0.153125
1 0.05234375 0.26796875 0.0765625 0.1609375
1 0.3515625 0.159375 0.1109375 0.1421875
1 0.51171875 0.05078125 0.1078125 0.1015625
1 0.615625 0.06953125 0.140625 0.1328125
1 0.88828125 0.1390625 0.1421875 0.146875
1 0.86015625 0.2859375 0.11875 0.146875
1 0.96484375 0.3828125 0.0703125 0.15