2 0.8102678578125 0.6696428578125 0.7633928578125 0.7120535718750001 0.75 0.7879464281249999 0.7745535718750001 0.8214285718750001 0.8303571421875 0.8325892859374999 0.8705357140625001 0.7745535718750001 0.875 0.7209821421875 0.8504464281249999 0.6830357140625 0.8102678578125 0.6696428578125
2 0.7209821421875 0.5803571421875 0.6919642859375 0.609375 0.6875 0.6629464281249999 0.7165178578125 0.7053571421875 0.7544642859375 0.7120535718750001 0.7946428578125 0.6674107140625 0.7991071421875 0.6272321421875 0.7790178578125 0.5892857140625 0.7209821421875 0.5803571421875
2 0.7165178578125 0.41071428593750003 0.6741071421875 0.44866071406249997 0.6696428578125 0.5245535718750001 0.703125 0.5714285718750001 0.7589285718750001 0.5691964281249999 0.7857142859375 0.5334821421875 0.7857142859375 0.46651785781250005 0.7611607140625 0.428571428125 0.7165178578125 0.41071428593750003
2 0.8950892859374999 0.42410714218749995 0.8392857140625001 0.475446428125 0.8348214281249999 0.5513392859375 0.8638392859374999 0.59375 0.9107142859374999 0.5959821421875 0.9508928578125 0.5691964281249999 0.9642857140625001 0.5245535718750001 0.9375 0.44866071406249997 0.8950892859374999 0.42410714218749995
2 0.71875 0.9799107140625001 0.7299107140625 1 0.7991071421875 0.9977678578125 0.8125 0.9486607140625001 0.7745535718750001 0.9107142859374999 0.7366071421875 0.9352678578125 0.71875 0.9799107140625001
2 0.32366071406249997 0.7544642859375 0.2991071421875 0.8236607140625001 0.3102678578125 0.8482142859374999 0.33928571406249997 0.8504464281249999 0.36607142812500004 0.8325892859374999 0.375 0.7924107140625 0.35491071406249997 0.7589285718750001 0.32366071406249997 0.7544642859375
2 0.0892857140625 0.9933035718750001 0.15178571406250002 0.9977678578125 0.15178571406250002 0.9263392859374999 0.10491071406250001 0.9196428578125 0.0803571421875 0.9486607140625001 0.0892857140625 0.9933035718750001
2 0 0.9352678578125 0.0357142859375 0.9620535718750001 0.0982142859375 0.890625 0.09375 0.8191964281249999 0.037946428125 0.7901785718750001 0 0.8102678578125 0 0.9352678578125
2 0.7790178578125 0.25892857187499996 0.75 0.3147321421875 0.7723214281249999 0.38169642812500004 0.7946428578125 0.39955357187499996 0.8303571421875 0.3727678578125 0.8392857140625001 0.3102678578125 0.8102678578125 0.2633928578125 0.7790178578125 0.25892857187499996
2 0.9464285718750001 0.296875 0.9665178578125 0.31696428593750003 0.9955357140625001 0.3147321421875 1 0.22544642812500001 0.9709821421875 0.21875 0.9464285718750001 0.2522321421875 0.9464285718750001 0.296875
2 0.7008928578125 0.171875 0.71875 0.21205357187499999 0.75 0.22544642812500001 0.78125 0.1897321421875 0.78125 0.140625 0.734375 0.125 0.7008928578125 0.171875
2 0.6473214281249999 0.2388392859375 0.6473214281249999 0.265625 0.6830357140625 0.29241071406249997 0.71875 0.2522321421875 0.6941964281249999 0.2008928578125 0.671875 0.2008928578125 0.6473214281249999 0.2388392859375
2 0.42633928593750003 0.28125 0.40625 0.296875 0.40178571406249997 0.3459821421875 0.42633928593750003 0.38392857187499996 0.45089285781250005 0.38616071406249997 0.47321428593750003 0.36830357187499996 0.477678571875 0.31919642812500004 0.45758928593750003 0.28571428593750003 0.42633928593750003 0.28125
2 0.40625 0.19866071406250002 0.40178571406249997 0.2388392859375 0.421875 0.27232142812500004 0.459821428125 0.27455357187499996 0.48214285781250005 0.21205357187499999 0.46428571406249997 0.171875 0.43526785781250005 0.165178571875 0.40625 0.19866071406250002
2 0.477678571875 0.1540178578125 0.48214285781250005 0.194196428125 0.5178571421875 0.2075892859375 0.5535714281249999 0.171875 0.5491071421875 0.131696428125 0.5245535718750001 0.10714285781249999 0.477678571875 0.1540178578125
2 0.2946428578125 0.28794642812500004 0.30357142812500004 0.33705357187499996 0.3258928578125 0.3415178578125 0.36383928593750003 0.33482142812500004 0.38392857187499996 0.30580357187499996 0.3459821421875 0.2232142859375 0.2946428578125 0.28794642812500004
2 0.15625 0.328125 0.15625 0.36383928593750003 0.16741071406250002 0.38392857187499996 0.2053571421875 0.390625 0.22767857187499999 0.36830357187499996 0.22767857187499999 0.33258928593750003 0.1852678578125 0.2991071421875 0.15625 0.328125
2 0.1383928578125 0.11383928593749999 0.15178571406250002 0.171875 0.178571428125 0.180803571875 0.2142857140625 0.13616071406250002 0.2053571421875 0.0915178578125 0.180803571875 0.0758928578125 0.1383928578125 0.11383928593749999
2 0.3616071421875 0.069196428125 0.390625 0.102678571875 0.415178571875 0.10491071406250001 0.45535714218749995 0.069196428125 0.45535714218749995 0.0022321421875000002 0.36383928593750003 0 0.3616071421875 0.069196428125
2 0.0915178578125 0 0.0803571421875 0.0647321421875 0.125 0.10491071406250001 0.147321428125 0.0915178578125 0.165178571875 0.0290178578125 0.149553571875 0 0.0915178578125 0
2 0.0513392859375 0.0625 0.0178571421875 0.0915178578125 0.0133928578125 0.13616071406250002 0.037946428125 0.1696428578125 0.0625 0.171875 0.084821428125 0.162946428125 0.0982142859375 0.118303571875 0.084821428125 0.078125 0.0513392859375 0.0625
2 0.8638392859374999 0.084821428125 0.8928571421875 0.087053571875 0.9241071421875 0.015625 0.9129464281249999 0 0.7589285718750001 0.0022321421875000002 0.8638392859374999 0.084821428125
2 0.9796875 0.5203125 0.03984375 0.13828125
2 0.6515625 0.03125 0.0984375 0.0625
2 0.9640625 0.97109375 0.07109375 0.0578125