1 0.83359375 0.91328125 0.096875 0.146875
1 0.74296875 0.71796875 0.1375 0.140625
1 0.79453125 0.615625 0.1078125 0.13125
1 0.94375 0.609375 0.1125 0.146875
1 0.86171875 0.42578125 0.1390625 0.1609375
1 0.82890625 0.2875 0.1 0.1265625
1 0.88203125 0.06640625 0.1109375 0.1328125
1 0.553125 0.03515625 0.11875 0.0703125
1 0.49609375 0.190625 0.084375 0.1171875
1 0.41171875 0.0875 0.0984375 0.1234375
1 0.3796875 0.1953125 0.0984375 0.1234375
1 0.25703125 0.2953125 0.1 0.1234375
1 0.20625 0.50625 0.125 0.15
1 0.4203125 0.7171875 0.075 0.1234375
1 0.596875 0.87265625 0.0984375 0.11875
1 0.0125 0.22421875 0.025 0.0921875
1 0.01484375 0.0953125 0.0296875 0.10625
1 0.06640625 0.04609375 0.1078125 0.078125