2 1 0.3772321421875 0.984375 0.375 0.9598214281249999 0.39955357187499996 0.9553571421875 0.45758928593750003 0.9754464281249999 0.48660714218749995 1 0.484375 1 0.3772321421875
2 0.9151785718750001 0.6361607140625 0.9397321421875 0.6607142859375 0.9910714281249999 0.6584821421875 0.9955357140625001 0.5647321421875 0.9620535718750001 0.5401785718750001 0.9151785718750001 0.5870535718750001 0.9151785718750001 0.6361607140625
2 0.8727678578125 0.49553571406249997 0.8482142859374999 0.5379464281249999 0.8571428578125 0.5736607140625 0.8839285718750001 0.5870535718750001 0.9107142859374999 0.5691964281249999 0.9196428578125 0.5334821421875 0.8950892859374999 0.49553571406249997 0.8727678578125 0.49553571406249997
2 0.8370535718750001 0.6160714281249999 0.8169642859374999 0.6361607140625 0.8080357140625001 0.6986607140625 0.8571428578125 0.7388392859375 0.8883928578125 0.6986607140625 0.8883928578125 0.6540178578125 0.859375 0.6160714281249999 0.8370535718750001 0.6160714281249999
2 0.8459821421875 0.7767857140625 0.8169642859374999 0.796875 0.8035714281249999 0.8504464281249999 0.828125 0.875 0.8705357140625001 0.8727678578125 0.9017857140625001 0.8325892859374999 0.8973214281249999 0.8013392859374999 0.8727678578125 0.7767857140625 0.8459821421875 0.7767857140625
2 0.8928571421875 0.8683035718750001 0.8928571421875 0.9174107140625001 0.9821428578125 0.9174107140625001 0.9821428578125 0.8549107140625001 0.953125 0.8303571421875 0.9174107140625001 0.8303571421875 0.8928571421875 0.8683035718750001
2 0.7410714281249999 0.9709821421875 0.7433035718750001 1 0.8571428578125 0.9977678578125 0.8482142859374999 0.9486607140625001 0.8147321421875 0.9241071421875 0.7834821421875 0.9285714281249999 0.7410714281249999 0.9709821421875
2 0.7098214281249999 0.859375 0.7053571421875 0.9084821421875 0.75 0.9352678578125 0.7857142859375 0.8995535718750001 0.7767857140625 0.859375 0.7388392859375 0.8348214281249999 0.7098214281249999 0.859375
2 0.6049107140625 0.8258928578125 0.5803571421875 0.890625 0.6004464281249999 0.9241071421875 0.6339285718750001 0.9263392859374999 0.6696428578125 0.8950892859374999 0.6696428578125 0.8549107140625001 0.6361607140625 0.8258928578125 0.6049107140625 0.8258928578125
2 0.47098214218749995 0.8571428578125 0.44196428593750003 0.8772321421875 0.43303571406249997 0.921875 0.44196428593750003 0.9620535718750001 0.48214285781250005 0.984375 0.5223214281249999 0.9620535718750001 0.53125 0.8995535718750001 0.5066964281249999 0.8660714281249999 0.47098214218749995 0.8571428578125
2 0.65625 0.9977678578125 0.6361607140625 0.9419642859374999 0.59375 0.9486607140625001 0.5915178578125 1 0.65625 0.9977678578125
2 0.3125 0.9977678578125 0.375 0.9977678578125 0.375 0.9308035718750001 0.32366071406249997 0.9151785718750001 0.30357142812500004 0.9352678578125 0.3125 0.9977678578125
2 0.0915178578125 0.8616071421875 0.053571428125 0.9084821421875 0.053571428125 0.9441964281249999 0.078125 0.9776785718750001 0.12053571406250001 0.9799107140625001 0.15178571406250002 0.953125 0.15178571406250002 0.8995535718750001 0.1272321421875 0.8660714281249999 0.0915178578125 0.8616071421875
2 0.13616071406250002 0.6205357140625 0.10714285781249999 0.6495535718750001 0.10714285781249999 0.6852678578125 0.13616071406250002 0.7366071421875 0.1696428578125 0.7388392859375 0.196428571875 0.7075892859375 0.196428571875 0.6540178578125 0.17633928593749998 0.625 0.13616071406250002 0.6205357140625
2 0.2388392859375 0.6071428578125 0.20982142812500001 0.640625 0.2053571421875 0.6897321421875 0.2299107140625 0.7366071421875 0.2633928578125 0.7388392859375 0.30803571406249997 0.703125 0.30357142812500004 0.6495535718750001 0.265625 0.6071428578125 0.2388392859375 0.6071428578125
2 0.27008928593750003 0.5357142859375 0.25446428593750003 0.5691964281249999 0.2834821421875 0.6160714281249999 0.3125 0.6138392859375 0.33482142812500004 0.5959821421875 0.33482142812500004 0.5379464281249999 0.30580357187499996 0.5178571421875 0.27008928593750003 0.5357142859375
2 0.3772321421875 0.49553571406249997 0.34375 0.5200892859375 0.34375 0.578125 0.36383928593750003 0.6160714281249999 0.40178571406249997 0.6227678578125 0.42410714218749995 0.609375 0.4375 0.5513392859375 0.40848214218749995 0.5044642859375 0.3772321421875 0.49553571406249997
2 0.2477678578125 0.39732142812500004 0.21875 0.430803571875 0.20982142812500001 0.48883928593750003 0.234375 0.5267857140625 0.2678571421875 0.5290178578125 0.3125 0.49776785781250005 0.32142857187499996 0.44866071406249997 0.29241071406249997 0.40625 0.2477678578125 0.39732142812500004
2 0.0022321421875000002 0.5491071421875 0 0.6897321421875 0.0267857140625 0.6941964281249999 0.0625 0.6674107140625 0.0669642859375 0.5870535718750001 0.046875 0.5535714281249999 0.0022321421875000002 0.5491071421875
2 0.15178571406250002 0.421875 0.15625 0.453125 0.1875 0.46651785781250005 0.20982142812500001 0.43973214218749995 0.194196428125 0.38392857187499996 0.16741071406250002 0.3928571421875 0.15178571406250002 0.421875
2 0.0982142859375 0.3147321421875 0.0982142859375 0.35044642812500004 0.118303571875 0.3883928578125 0.15625 0.390625 0.18303571406250002 0.32366071406249997 0.1584821421875 0.28125 0.131696428125 0.27678571406249997 0.0982142859375 0.3147321421875
2 0.046875 0.2232142859375 0.0267857140625 0.2834821421875 0.055803571875 0.32142857187499996 0.0803571421875 0.31919642812500004 0.10714285781249999 0.28794642812500004 0.10714285781249999 0.25669642812500004 0.0736607140625 0.2232142859375 0.046875 0.2232142859375
2 0.43973214218749995 0.125 0.3928571421875 0.180803571875 0.41071428593750003 0.2388392859375 0.43526785781250005 0.25892857187499996 0.46875 0.25669642812500004 0.491071428125 0.234375 0.49553571406249997 0.162946428125 0.47098214218749995 0.12946428593749998 0.43973214218749995 0.125
2 0.7477678578125 0.45089285781250005 0.7008928578125 0.49776785781250005 0.6919642859375 0.5513392859375 0.7276785718750001 0.6183035718750001 0.7589285718750001 0.6272321421875 0.8035714281249999 0.5825892859375 0.8080357140625001 0.5066964281249999 0.7700892859375 0.45535714218749995 0.7477678578125 0.45089285781250005
2 0.6138392859375 0.34821428593750003 0.59375 0.38169642812500004 0.59375 0.41741071406249997 0.6383928578125 0.46651785781250005 0.6785714281249999 0.42633928593750003 0.6830357140625 0.38616071406249997 0.6629464281249999 0.33482142812500004 0.6138392859375 0.34821428593750003
2 0.7388392859375 0.2455357140625 0.7098214281249999 0.2834821421875 0.7142857140625 0.3415178578125 0.7388392859375 0.3616071421875 0.7678571421875 0.359375 0.7946428578125 0.328125 0.7991071421875 0.28794642812500004 0.7790178578125 0.25 0.7388392859375 0.2455357140625
2 0.859375 0.3571428578125 0.8839285718750001 0.35491071406249997 0.9017857140625001 0.3102678578125 0.8638392859374999 0.27232142812500004 0.8392857140625001 0.32366071406249997 0.859375 0.3571428578125
2 1 0.171875 0.9888392859374999 0.040178571875 0.9508928578125 0.1272321421875 0.9799107140625001 0.1696428578125 1 0.171875
2 0.92734375 0.0796875 0.00078125 0.0015625
2 0.1741071421875 0.069196428125 0.16741071406250002 0.1741071421875 0.2991071421875 0.17633928593749998 0.3303571421875 0.11383928593749999 0.32366071406249997 0.0892857140625 0.22544642812500001 0.040178571875 0.1741071421875 0.069196428125
2 0.91015625 0.06484375 0.115625 0.12578125