2 0.8370535718750001 0.7455357140625 0.7924107140625 0.7544642859375 0.7678571421875 0.7834821421875 0.7678571421875 0.8727678578125 0.7879464281249999 0.90625 0.8125 0.9129464281249999 0.8459821421875 0.9017857140625001 0.8794642859374999 0.8504464281249999 0.875 0.7879464281249999 0.8370535718750001 0.7455357140625
2 0.7075892859375 0.7232142859375 0.6651785718750001 0.7611607140625 0.6607142859375 0.828125 0.6941964281249999 0.8705357140625001 0.7366071421875 0.8727678578125 0.7633928578125 0.828125 0.7633928578125 0.7745535718750001 0.734375 0.7276785718750001 0.7075892859375 0.7232142859375
2 0.6361607140625 0.8482142859374999 0.5982142859375 0.890625 0.59375 0.9308035718750001 0.6138392859375 0.96875 0.6517857140625 0.9709821421875 0.6875 0.9352678578125 0.6875 0.8950892859374999 0.6629464281249999 0.8526785718750001 0.6361607140625 0.8482142859374999
2 0.5513392859375 0.7410714281249999 0.5223214281249999 0.7745535718750001 0.5178571421875 0.8504464281249999 0.5379464281249999 0.8794642859374999 0.59375 0.890625 0.625 0.8415178578125 0.625 0.7879464281249999 0.5870535718750001 0.7410714281249999 0.5513392859375 0.7410714281249999
2 0.546875 0.6205357140625 0.5223214281249999 0.6584821421875 0.5267857140625 0.7165178578125 0.5714285718750001 0.734375 0.6116071421875 0.6763392859375 0.6116071421875 0.6361607140625 0.5870535718750001 0.6160714281249999 0.546875 0.6205357140625
2 0.5424107140625 0.5 0.5178571421875 0.5290178578125 0.5133928578125 0.5736607140625 0.5580357140625 0.6049107140625 0.5803571421875 0.5870535718750001 0.5892857140625 0.5424107140625 0.5647321421875 0.5 0.5424107140625 0.5
2 0.3415178578125 0.5625 0.30803571406249997 0.5959821421875 0.30357142812500004 0.6540178578125 0.33705357187499996 0.7008928578125 0.37053571406249997 0.6986607140625 0.41964285781250005 0.6495535718750001 0.41964285781250005 0.6049107140625 0.39955357187499996 0.5758928578125 0.3415178578125 0.5625
2 0.421875 0.6607142859375 0.36607142812500004 0.7120535718750001 0.3571428578125 0.7433035718750001 0.375 0.796875 0.412946428125 0.8348214281249999 0.446428571875 0.8370535718750001 0.48214285781250005 0.8058035718750001 0.491071428125 0.7299107140625 0.477678571875 0.6897321421875 0.421875 0.6607142859375
2 0.359375 0.8125 0.3303571421875 0.8772321421875 0.359375 0.9151785718750001 0.38392857187499996 0.9174107140625001 0.415178571875 0.8861607140625001 0.415178571875 0.8549107140625001 0.390625 0.8125 0.359375 0.8125
2 0.140625 0.8616071421875 0.10714285781249999 0.8995535718750001 0.10714285781249999 0.9441964281249999 0.13616071406250002 0.9821428578125 0.15625 0.9799107140625001 0.19196428593749998 0.953125 0.2008928578125 0.9174107140625001 0.171875 0.8660714281249999 0.140625 0.8616071421875
2 0.2075892859375 0.9598214281249999 0.16071428593749998 0.9933035718750001 0.2366071421875 0.9977678578125 0.2075892859375 0.9598214281249999
2 0.37946428593750003 0.462053571875 0.40401785781250005 0.49553571406249997 0.44196428593750003 0.49776785781250005 0.46875 0.43973214218749995 0.41741071406249997 0.38392857187499996 0.38392857187499996 0.41741071406249997 0.37946428593750003 0.462053571875
2 0.4375 0.296875 0.43303571406249997 0.3772321421875 0.47098214218749995 0.42410714218749995 0.48660714218749995 0.421875 0.5178571421875 0.38616071406249997 0.5178571421875 0.33258928593750003 0.46651785781250005 0.27678571406249997 0.4375 0.296875
2 0.5491071421875 0.359375 0.5491071421875 0.39508928593750003 0.59375 0.421875 0.6294642859375 0.38169642812500004 0.6294642859375 0.35044642812500004 0.6004464281249999 0.30803571406249997 0.5491071421875 0.359375
2 0.7566964281249999 0.3616071421875 0.7008928578125 0.412946428125 0.7008928578125 0.475446428125 0.734375 0.53125 0.7857142859375 0.5379464281249999 0.8258928578125 0.48883928593750003 0.8392857140625001 0.43973214218749995 0.796875 0.37053571406249997 0.7566964281249999 0.3616071421875
2 0.6696428578125 0.25669642812500004 0.6607142859375 0.2834821421875 0.6830357140625 0.3415178578125 0.7098214281249999 0.35044642812500004 0.7544642859375 0.3102678578125 0.75 0.25669642812500004 0.7120535718750001 0.22767857187499999 0.6696428578125 0.25669642812500004
2 0.8080357140625001 0.13616071406250002 0.8080357140625001 0.171875 0.8415178578125 0.2142857140625 0.875 0.21205357187499999 0.90625 0.1584821421875 0.8883928578125 0.109375 0.8459821421875 0.09375 0.8080357140625001 0.13616071406250002
2 0.428571428125 0.0424107140625 0.41964285781250005 0.0959821421875 0.444196428125 0.12946428593749998 0.46428571406249997 0.1272321421875 0.491071428125 0.100446428125 0.49553571406249997 0.060267857812500006 0.45758928593750003 0.0267857140625 0.428571428125 0.0424107140625
2 0.3727678578125 0.22767857187499999 0.32142857187499996 0.265625 0.31696428593750003 0.3415178578125 0.3415178578125 0.375 0.38392857187499996 0.38616071406249997 0.41964285781250005 0.36383928593750003 0.4375 0.30133928593750003 0.41071428593750003 0.24330357187499999 0.3727678578125 0.22767857187499999
2 0.21875 0.2209821421875 0.2232142859375 0.2834821421875 0.26116071406249997 0.33482142812500004 0.2991071421875 0.33258928593750003 0.32142857187499996 0.2165178578125 0.296875 0.1875 0.2522321421875 0.18303571406250002 0.21875 0.2209821421875
2 0.0758928578125 0.046875 0.071428571875 0.109375 0.100446428125 0.15178571406250002 0.133928571875 0.1540178578125 0.1696428578125 0.087053571875 0.15625 0.0424107140625 0.11383928593749999 0.0178571421875 0.0758928578125 0.046875
2 0 0.29241071406249997 0.0424107140625 0.3258928578125 0.071428571875 0.32366071406249997 0.12053571406250001 0.27008928593750003 0.12053571406250001 0.2165178578125 0.0915178578125 0.1696428578125 0.0424107140625 0.165178571875 0 0.2165178578125 0 0.29241071406249997
2 0.0044642859375000005 0.412946428125 0.0491071421875 0.3772321421875 0.0446428578125 0.33258928593750003 0.006696428124999999 0.30803571406249997 0.0044642859375000005 0.412946428125
2 0.2859375 0.04765625 0.14140625 0.0953125
2 0.6359375 0.05703125 0.109375 0.1140625
2 0.9453125 0.03984375 0.10859375 0.07890625