2 0.0984375 0.3234375 0.09375 0.11484375
2 0.08359375 0.44296875 0.084375 0.1140625
2 0.34453125 0.30390625 0.084375 0.128125
2 0.19921875 0.0640625 0.10234375 0.128125
2 0.3984375 0.12421875 0.11015625 0.146875
2 0.43125 0.3140625 0.11015625 0.14453125
2 0.42578125 0.55078125 0.10390625 0.13125
2 0.3578125 0.66953125 0.1140625 0.14453125
2 0.440625 0.43984375 0.096875 0.11953125
2 0.5046875 0.56640625 0.0828125 0.12109375
2 0.63203125 0.30078125 0.10703125 0.1546875
2 0.69453125 0.19296875 0.08984375 0.11328125
2 0.75546875 0.37109375 0.14609375 0.1859375
2 0.5703125 0.5984375 0.08125 0.12421875
2 0.6515625 0.63515625 0.1296875 0.19375
2 0.4953125 0.853125 0.13359375 0.18671875
2 0.3015625 0.96875 0.10234375 0.0625
2 0.88203125 0.909375 0.1359375 0.18125
2 0.7765625 0.5203125 0.0875 0.121875
2 0.77578125 0.2078125 0.0859375 0.1265625
2 0.85390625 0.228125 0.1078125 0.1546875
2 0.87109375 0.38359375 0.11328125 0.17421875
2 0.84375 0.61640625 0.09609375 0.140625
2 0.959375 0.2671875 0.08125 0.125
2 0.9484375 0.37734375 0.07421875 0.1171875
2 0.9421875 0.49296875 0.07734375 0.14453125
2 0.9546875 0.04765625 0.090625 0.08984375