2 0.6484375 0.66328125 0.121875 0.1578125
2 0.52734375 0.65390625 0.15 0.1890625
2 0.940625 0.234375 0.065625 0.134375
2 0.9078125 0.04765625 0.065625 0.0953125
2 0.89296875 0.70546875 0.1421875 0.1640625
2 0.43125 0.334375 0.1265625 0.153125
2 0.63203125 0.0546875 0.1109375 0.109375
2 0.846875 0.0265625 0.1125 0.053125
2 0.2609375 0.50859375 0.1265625 0.1515625
2 0.13359375 0.68828125 0.121875 0.1546875
2 0.49765625 0.93125 0.1421875 0.1375
2 0.39609375 0.2125 0.13125 0.16875
2 0.26796875 0.07734375 0.1109375 0.10625
2 0.34296875 0.3046875 0.11875 0.140625
2 0.24921875 0.28203125 0.1375 0.171875
2 0.1046875 0.221875 0.1109375 0.128125
2 0.0828125 0.565625 0.125 0.1625
2 0.30625 0.8984375 0.20625 0.203125
2 0.72890625 0.48984375 0.1390625 0.184375
2 0.48671875 0.17578125 0.1578125 0.1625