0 0.41640625 0.2796875 0.1125 0.134375
0 0.38828125 0.1765625 0.071875 0.0796875
0 0.4140625 0.04140625 0.10625 0.0828125
0 0.1484375 0.2765625 0.1234375 0.128125
0 0.02890625 0.73984375 0.0578125 0.1234375
0 0.6734375 0.13515625 0.1515625 0.165625
0 0.7609375 0.12109375 0.109375 0.115625
0 0.7625 0.36484375 0.109375 0.10625
0 0.7625 0.4515625 0.08125 0.084375
0 0.92578125 0.64765625 0.1453125 0.1921875
0 0.82734375 0.86484375 0.146875 0.15
0 0.7171875 0.77890625 0.078125 0.084375
0 0.5953125 0.853125 0.278125 0.2484375
0 0.49375 0.97578125 0.078125 0.0484375
0 0.6828125 0.934375 0.18125 0.13125