2 0.06015625 0.06796875 0.11484375 0.1359375
2 0.10703125 0.1828125 0.115625 0.15390625
2 0.01796875 0.92421875 0.0359375 0.1484375
2 0.43359375 0.2265625 0.09921875 0.13671875
2 0.4875 0.1203125 0.1140625 0.1671875
2 0.58828125 0.09296875 0.11640625 0.1609375
2 0.678125 0.06875 0.10234375 0.128125
2 0.57421875 0.23828125 0.14140625 0.17578125
2 0.5140625 0.34296875 0.12578125 0.14140625
2 0.603125 0.42734375 0.1171875 0.1515625
2 0.346875 0.44296875 0.10390625 0.14296875
2 0.39765625 0.540625 0.14140625 0.178125
2 0.44765625 0.6484375 0.13515625 0.14765625
2 0.5671875 0.609375 0.1359375 0.17109375
2 0.52265625 0.72890625 0.1078125 0.13359375
2 0.93203125 0.8953125 0.13515625 0.19921875
2 0.88203125 0.97109375 0.1296875 0.0578125
2 0.41015625 0.9359375 0.1984375 0.128125
2 0.2609375 0.21328125 0.16796875 0.20234375
2 0.140625 0.9640625 0.10234375 0.07109375