2 0.0609375 0.3109375 0.121875 0.146875
2 0.0703125 0.59609375 0.140625 0.1796875
2 0.28984375 0.2 0.153125 0.1609375
2 0.18203125 0.2515625 0.103125 0.10625
2 0.27421875 0.54140625 0.1671875 0.1671875
2 0.47734375 0.815625 0.1609375 0.1765625
2 0.3015625 0.95078125 0.1375 0.0984375
2 0.37421875 0.97421875 0.1671875 0.0515625
2 0.4 0.61953125 0.134375 0.1546875
2 0.465625 0.66328125 0.13125 0.14375
2 0.52421875 0.73671875 0.1125 0.125
2 0.609375 0.57890625 0.1890625 0.2046875
2 0.54765625 0.1125 0.1421875 0.1609375
2 0.69609375 0.08671875 0.1578125 0.1734375
2 0.7109375 0.2078125 0.103125 0.1140625
2 0.74296875 0.65546875 0.2234375 0.2421875
2 0.84453125 0.55703125 0.125 0.1390625
2 0.98203125 0.715625 0.0359375 0.1625