0 0.69375 0.7203125 0.115625 0.121875
0 0.5046875 0.725 0.0984375 0.1078125
0 0.4 0.83671875 0.1765625 0.2015625
0 0.296875 0.92734375 0.15625 0.1453125
0 0.2125 0.6625 0.146875 0.1671875
0 0.21953125 0.54921875 0.0953125 0.1046875
0 0.1984375 0.315625 0.1703125 0.190625
0 0.14609375 0.2015625 0.1234375 0.1359375
0 0.521875 0.22578125 0.159375 0.19375
0 0.6015625 0.39375 0.1390625 0.15625
0 0.8578125 0.3359375 0.1328125 0.1453125
0 0.92734375 0.3109375 0.09375 0.10625
0 0.6671875 0.02265625 0.1875 0.0453125
0 0.81015625 0.89140625 0.0875 0.071875