2 0 0.238577665625 0.033711075 0.26068284375 0.0726758484375 0.193819809375 0.07902211406250001 0.14431268125000002 0.06800299531250001 0.10465645781249999 0.00395315 0.07672028125 0 0.08111070000000001 0 0.238577665625
2 0.1529418203125 0.104675415625 0.1269032234375 0.076982359375 0.1022664796875 0.07603831093749999 0.08114385625000001 0.09949736249999999 0.078788471875 0.1398545125 0.11467797500000002 0.184912953125 0.1510537234375 0.1539489 0.1529418203125 0.104675415625
2 0.0907421625 0.19734340625 0.040982432812500004 0.2714778 0.053403407812500005 0.3378830265625 0.14561359375 0.3486969375 0.14587567031249998 0.22574686718749998 0.1242952390625 0.19782016875 0.0907421625 0.19734340625
2 0.134556559375 0.47891836874999993 0.1608477578125 0.42613076406249994 0.153585878125 0.372866396875 0.13693090000000002 0.353622390625 0.080853340625 0.3498556734375 0.059730717187500004 0.373314725 0.05784261875 0.4225882109375 0.093965765625 0.47210481875 0.134556559375 0.47891836874999993
2 0.28684466406250003 0.4418796078125 0.2744236875 0.3754743796875 0.2335992515625 0.3642026609375 0.1817367390625 0.39821354531250003 0.1796149984375 0.4430288640625 0.2148035765625 0.4747128 0.2549270828125 0.4726100171875 0.28684466406250003 0.4418796078125
2 0.178222621875 0.373810446875 0.239936040625 0.3571649453125 0.265059025 0.282086503125 0.24348807187500002 0.21169039218750002 0.1845973234375 0.196895078125 0.1632410546875 0.21589596093750002 0.152436621875 0.2656367328125 0.15640854843750002 0.34142558125 0.178222621875 0.373810446875
2 0.353774046875 0.1835584890625 0.3368854265625 0.159856315625 0.3033323484375 0.15937955312500002 0.282443365625 0.187296771875 0.2840788640625 0.21850394374999998 0.296042034375 0.233523425 0.33616554062500004 0.23142064062499998 0.353774046875 0.1835584890625
2 0.3267440078125 0.39284924375 0.3666433515625 0.343818878125 0.362671425 0.2680300296875 0.34132463749999997 0.24456150000000001 0.29862158125 0.240093853125 0.26928355000000004 0.27739469375 0.26340456875 0.33581815625 0.27888185625 0.37524073750000003 0.3267440078125 0.39284924375
2 0.446413603125 0.3731663890625 0.48278935 0.3422023375 0.48726647500000003 0.2570298671875 0.44668516093750005 0.20774690312500002 0.4133657234375 0.2117283078125 0.38825221718749997 0.2443373359375 0.38354145 0.3250516375 0.41943095625 0.3701100765625 0.446413603125 0.3731663890625
2 0.582757134375 0.2877887125 0.5585971562500001 0.253291584375 0.5180063625 0.24647803437500002 0.4931264984375 0.28354522968749996 0.4959302109375 0.3370432421875 0.521968809375 0.3647362953125 0.5850935625 0.3323703890625 0.582757134375 0.2877887125
2 0.6521902390625 0.3757933296875 0.697248678125 0.3399038234375 0.6975012781250001 0.259423165625 0.657854534375 0.2279728703125 0.6198432890625 0.22772975 0.5951970671875 0.2692551140625 0.5994026359375 0.3495021296875 0.6207494234375 0.372970659375 0.6521902390625 0.3757933296875
2 0.8239559906249999 0.32655775625 0.8678462171874999 0.26837741406250004 0.8594161234375 0.192822209375 0.8150775703124999 0.1571473890625 0.7768326812499999 0.1524461 0.7430364828125 0.18998058281250002 0.7470084078125 0.26576943124999997 0.7927488171875 0.32819325625 0.8239559906249999 0.32655775625
2 0.9279146562499999 0.2629941546875 0.9513831875 0.241647365625 0.9621876203124999 0.1919065953125 0.9450653578124999 0.16374625468749998 0.901895015625 0.1503622734375 0.8723233421875 0.1832049453125 0.8695006734374999 0.2146457609375 0.8964738406249999 0.2601714859375 0.9279146562499999 0.2629941546875
2 0.9823756749999999 0.1506148734375 0.9777028218750001 0.061451521875000005 0.941336553125 0.0499461609375 0.9073067109374999 0.083022475 0.9098767796875 0.13206231875000002 0.9450653578124999 0.16374625468749998 0.9673561953125001 0.1625780421875 0.9823756749999999 0.1506148734375
2 0.8765607703124999 0 0.9080171171875 0.05392756562499999 0.958234653125 0.031178920312500004 0.9578486015625 0 0.8765607703124999 0
2 0.6807557359375 0 0.6966046218749999 0.0717128421875 0.71771776875 0.0907232046875 0.748924940625 0.08908770625 0.7801415921875 0.04498279375 0.77778414375 0 0.6807557359375 0
2 0.8206442828125 0 0.7885906421875 0.0355991734375 0.7827116609375 0.09402263749999999 0.798422590625 0.1379033859375 0.846752028125 0.164428225 0.887819584375 0.1376886984375 0.9016803296875 0.0609652796875 0.8606317296875 0.0027659796875 0.8381305359375 0 0.8206442828125 0
2 0.9013613812499999 0.43873183125 0.92858715 0.403776896875 0.925316153125 0.3413625515625 0.9035020781249999 0.3089776859375 0.860799021875 0.304510040625 0.8312273484375 0.33735271093749997 0.8300401781250001 0.4000007 0.8607705875 0.43191828125000004 0.9013613812499999 0.43873183125
2 0.8724811562499999 0.5274184187500001 0.8783601359375 0.46899495468749997 0.8077493406249999 0.4011689140625 0.760344996875 0.43494615625 0.7640832796875 0.5062768375 0.7889441859375 0.5541484671875 0.8368063375 0.5717569734375 0.8724811562499999 0.5274184187500001
2 0.7054166937499999 0.5384091015625 0.7415587968749999 0.5029868828125 0.7507277328125 0.4220389390625 0.714604584375 0.37252233125 0.667677003125 0.37274649531250004 0.6381053296875 0.4055891671875 0.632927278125 0.47738713437499997 0.6601340890625 0.5273710265625 0.7054166937499999 0.5384091015625
2 0.5603999484375 0.5862428171875 0.6216555593749999 0.5182115703125 0.621674515625 0.4332727421875 0.57593410625 0.37084891875000003 0.5200901890625 0.37154036874999996 0.4656386515625 0.4414502359375 0.46937693437499994 0.5127809171875 0.5104255328125 0.5709802171875 0.5603999484375 0.5862428171875
2 0.420356046875 0.43041216093749995 0.395242540625 0.46302118906249995 0.3893635609375 0.521444653125 0.43370211562499994 0.557119471875 0.46561969375 0.5263890640625 0.46164776874999996 0.4506002140625 0.420356046875 0.43041216093749995
2 0.6068128515625 0.7894493859375 0.634973190625 0.772327121875 0.6542266734375 0.713202728125 0.6314780296875 0.6629851953125 0.5754004703125 0.6592184750000001 0.5460624390625 0.696519315625 0.5444079828125 0.75025096875 0.57091386875 0.786860359375 0.6068128515625 0.7894493859375
2 0.34309899375 0.7049209734375 0.3705584046875 0.67442420625 0.3762037421875 0.611542575 0.34969785781249996 0.5749331859375 0.306994803125 0.570465540625 0.2818812953125 0.60307456875 0.2755350296875 0.652581696875 0.3163499890625 0.7063228296874999 0.34309899375 0.7049209734375
2 0.5497533296875 0.9801970624999999 0.5812036234375 0.9405503171875 0.581689865625 0.8645278281250001 0.5448657906250001 0.8016367171875001 0.50685454375 0.8013935968749999 0.46930110625 0.8525362234375 0.4681139359375 0.9151842109375 0.49532074687499994 0.9651681046875 0.5497533296875 0.9801970624999999
2 0.16309880625 1 0.158612275 0.9805790421875 0.12177872187500001 0.9601573437500001 0.0831400453125 1 0.16309880625 1
2 0.06972810625 1 0.0856366171875 0.9955795640625 0.1337513671875 0.9327074109375 0.1257885609375 0.8660685406249999 0.07511321875 0.8374314359374999 0.022530821875000002 0.9430066453125001 0.025100890625 0.9920464890625 0.0365125953125 1 0.06972810625 1
2 0.06015625 0.06015625 0.0875 0.078125
2 0.4377893859375 1 0.45355226249999997 0.978533128125 0.45074854999999997 0.9250351171875 0.4247099515625 0.8973420624999999 0.37285691875000004 0.8888835343749999 0.35220157812499997 0.9212589203125001 0.35500529062499997 0.9747569328125 0.3756325609375 1 0.4377893859375 1
2 0.366470075 1 0.3482012171875 0.9728783125 0.328256284375 0.9761587890625 0.2977321640625 1 0.366470075 1
2 0.0421875 0.8375 0.059375 0.184375
2 0.9125 0.6625 0.159375 0.228125
2 0.64296875 0.8875 0.159375 0.209375