2 0.03984375 0.78203125 0.0796875 0.1671875
2 0.11640625 0.66953125 0.0828125 0.1
2 0.07109375 0.1640625 0.08125 0.1765625
2 0.153125 0.8421875 0.121875 0.1515625
2 0.25546875 0.703125 0.1234375 0.1359375
2 0.25546875 0.83125 0.134375 0.15625
2 0.2703125 0.94453125 0.1015625 0.06875
2 0.371875 0.93671875 0.140625 0.1171875
2 0.4109375 0.6953125 0.13125 0.1421875
2 0.41796875 0.4953125 0.1125 0.1296875
2 0.428125 0.37734375 0.1171875 0.1390625
2 0.47421875 0.2671875 0.1140625 0.1390625
2 0.4625 0.59296875 0.109375 0.1265625
2 0.56328125 0.57734375 0.1234375 0.1390625
2 0.60625 0.38828125 0.11875 0.125
2 0.615625 0.2859375 0.1078125 0.1265625
2 0.68515625 0.13828125 0.109375 0.1375
2 0.17109375 0.01015625 0.0796875 0.0203125
2 0.71640625 0.51484375 0.1234375 0.15
2 0.77578125 0.290625 0.1359375 0.1546875
2 0.8015625 0.4078125 0.0921875 0.115625
2 0.909375 0.79453125 0.1265625 0.1609375
2 0.6375 0.93359375 0.1 0.125
2 0.8859375 0.4125 0.1140625 0.1484375
2 0.91328125 0.9765625 0.0546875 0.046875
2 0.64140625 0.67734375 0.1953125 0.2515625