2 0.7433035718750001 0.7678571421875 0.6964285718750001 0.7924107140625 0.6875 0.8549107140625001 0.7209821421875 0.9017857140625001 0.75 0.9040178578125 0.78125 0.8772321421875 0.7901785718750001 0.8058035718750001 0.7700892859375 0.7723214281249999 0.7433035718750001 0.7678571421875
2 0.734375 0.6517857140625 0.6986607140625 0.6607142859375 0.6473214281249999 0.734375 0.6540178578125 0.7544642859375 0.7142857140625 0.7790178578125 0.7566964281249999 0.7589285718750001 0.78125 0.7209821421875 0.78125 0.6897321421875 0.734375 0.6517857140625
2 0.5870535718750001 0.6875 0.5446428578125 0.7522321421875 0.5580357140625 0.8013392859374999 0.6026785718750001 0.8191964281249999 0.6294642859375 0.7924107140625 0.6339285718750001 0.734375 0.6205357140625 0.6986607140625 0.5870535718750001 0.6875
2 0.6383928578125 0.9977678578125 0.5959821421875 0.9508928578125 0.5736607140625 0.9553571421875 0.5446428578125 0.9977678578125 0.6383928578125 0.9977678578125
2 0.40848214218749995 0.8839285718750001 0.37053571406249997 0.9308035718750001 0.375 0.9665178578125 0.412946428125 1 0.45089285781250005 0.9977678578125 0.47321428593750003 0.9665178578125 0.47321428593750003 0.921875 0.444196428125 0.8883928578125 0.40848214218749995 0.8839285718750001
2 0.38392857187499996 0.9040178578125 0.3727678578125 0.9642857140625001 0.3415178578125 0.9553571421875 0.2946428578125 0.9977678578125 0.45089285781250005 0.9977678578125 0.47321428593750003 0.9665178578125 0.47321428593750003 0.921875 0.43526785781250005 0.8839285718750001 0.38392857187499996 0.9040178578125
2 0.5513392859375 0.3883928578125 0.5066964281249999 0.38392857187499996 0.46875 0.41741071406249997 0.459821428125 0.46651785781250005 0.477678571875 0.5245535718750001 0.5267857140625 0.546875 0.5513392859375 0.5401785718750001 0.5803571421875 0.49776785781250005 0.5803571421875 0.430803571875 0.5513392859375 0.3883928578125
2 0.390625 0.47321428593750003 0.3616071421875 0.5066964281249999 0.3616071421875 0.546875 0.40178571406249997 0.5736607140625 0.428571428125 0.5558035718750001 0.43303571406249997 0.5111607140625 0.412946428125 0.477678571875 0.390625 0.47321428593750003
2 0.5089285718750001 0.28794642812500004 0.49553571406249997 0.35044642812500004 0.515625 0.37946428593750003 0.5758928578125 0.38169642812500004 0.5892857140625 0.36830357187499996 0.5848214281249999 0.296875 0.5424107140625 0.25892857187499996 0.5089285718750001 0.28794642812500004
2 0.7366071421875 0.5424107140625 0.7366071421875 0.5825892859375 0.7767857140625 0.609375 0.7991071421875 0.5959821421875 0.8080357140625001 0.546875 0.7700892859375 0.5133928578125 0.7366071421875 0.5424107140625
2 0.90625 0.2790178578125 0.9017857140625001 0.32366071406249997 0.9352678578125 0.375 0.9642857140625001 0.3772321421875 0.9955357140625001 0.359375 1 0.3147321421875 0.9397321421875 0.24107142812500001 0.90625 0.2790178578125
2 0.7790178578125 0.125 0.75 0.14508928593749998 0.7321428578125 0.19866071406250002 0.765625 0.25892857187499996 0.8125 0.26116071406249997 0.8392857140625001 0.234375 0.84375 0.17633928593749998 0.8236607140625001 0.12946428593749998 0.7790178578125 0.125
2 1 0.0111607140625 0.9799107140625001 0.0044642859375000005 0.9419642859374999 0.0513392859375 0.9375 0.100446428125 0.9620535718750001 0.1383928578125 1 0.14508928593749998 1 0.0111607140625
2 0.6450892859375 0.040178571875 0.6160714281249999 0.078125 0.6116071421875 0.140625 0.640625 0.178571428125 0.6785714281249999 0.180803571875 0.7098214281249999 0.14508928593749998 0.71875 0.0959821421875 0.6897321421875 0.0446428578125 0.6450892859375 0.040178571875
2 0 0.2522321421875 0.040178571875 0.2834821421875 0.0758928578125 0.26116071406249997 0.0892857140625 0.21205357187499999 0.0669642859375 0.1540178578125 0.0290178578125 0.1428571421875 0 0.162946428125 0 0.2522321421875
2 0.5267857140625 0.0647321421875 0.5558035718750001 0 0.459821428125 0.0022321421875000002 0.493303571875 0.0625 0.5267857140625 0.0647321421875
2 0.5446428578125 0.10491071406250001 0.5602678578125 0.125 0.59375 0.12276785781249999 0.6116071421875 0.0424107140625 0.5736607140625 0 0.5446428578125 0.0424107140625 0.5446428578125 0.10491071406250001
2 0.6830357140625 0.0022321421875000002 0.5892857140625 0.0022321421875000002 0.6383928578125 0.037946428125 0.6830357140625 0.0022321421875000002
2 0.7544642859375 0.0334821421875 0.7901785718750001 0.0022321421875000002 0.7098214281249999 0.0022321421875000002 0.7299107140625 0.03125 0.7544642859375 0.0334821421875
2 0.98359375 0.23515625 0.0328125 0.1296875
2 0.153125 0.94140625 0.1125 0.1171875