2 0.6897321421875 0.7098214281249999 0.6495535718750001 0.7276785718750001 0.6205357140625 0.7700892859375 0.6205357140625 0.8102678578125 0.6696428578125 0.8370535718750001 0.7053571421875 0.8147321421875 0.7232142859375 0.7745535718750001 0.71875 0.734375 0.6897321421875 0.7098214281249999
2 0.5758928578125 0.6584821421875 0.5803571421875 0.7120535718750001 0.6004464281249999 0.7321428578125 0.6294642859375 0.7299107140625 0.6741071421875 0.6897321421875 0.6450892859375 0.6116071421875 0.6049107140625 0.6160714281249999 0.5758928578125 0.6584821421875
2 0.6897321421875 0.5535714281249999 0.6696428578125 0.5825892859375 0.6696428578125 0.6227678578125 0.6919642859375 0.6852678578125 0.7232142859375 0.6986607140625 0.7767857140625 0.6584821421875 0.78125 0.6004464281249999 0.7522321421875 0.5625 0.6897321421875 0.5535714281249999
2 0.5915178578125 0.428571428125 0.5491071421875 0.46651785781250005 0.5446428578125 0.546875 0.5736607140625 0.5892857140625 0.6160714281249999 0.5870535718750001 0.65625 0.5379464281249999 0.6607142859375 0.484375 0.6227678578125 0.43303571406249997 0.5915178578125 0.428571428125
2 0.7008928578125 0.444196428125 0.6964285718750001 0.5245535718750001 0.7165178578125 0.5446428578125 0.7767857140625 0.5513392859375 0.7991071421875 0.47991071406249997 0.78125 0.43973214218749995 0.7388392859375 0.415178571875 0.7008928578125 0.444196428125
2 0.8995535718750001 0.5357142859375 0.875 0.578125 0.8794642859374999 0.6227678578125 0.9285714281249999 0.6540178578125 0.96875 0.6138392859375 0.96875 0.578125 0.9397321421875 0.5267857140625 0.8995535718750001 0.5357142859375
2 0.8772321421875 0.2991071421875 0.84375 0.3415178578125 0.8392857140625001 0.38616071406249997 0.8683035718750001 0.43303571406249997 0.8973214281249999 0.43973214218749995 0.9330357140625001 0.40401785781250005 0.9419642859374999 0.33705357187499996 0.921875 0.30357142812500004 0.8772321421875 0.2991071421875
2 0.7857142859375 0.2165178578125 0.78125 0.26116071406249997 0.8102678578125 0.2991071421875 0.84375 0.296875 0.8705357140625001 0.26116071406249997 0.8660714281249999 0.21205357187499999 0.8147321421875 0.1875 0.7857142859375 0.2165178578125
2 0.41741071406249997 0.375 0.40625 0.444196428125 0.45089285781250005 0.48883928593750003 0.491071428125 0.47098214218749995 0.5 0.41741071406249997 0.484375 0.38392857187499996 0.41741071406249997 0.375
2 0.446428571875 0.640625 0.43303571406249997 0.6852678578125 0.44196428593750003 0.7254464281249999 0.48660714218749995 0.7388392859375 0.5223214281249999 0.6986607140625 0.5223214281249999 0.6495535718750001 0.49776785781250005 0.6160714281249999 0.446428571875 0.640625
2 0.35044642812500004 0.7946428578125 0.3258928578125 0.8325892859374999 0.3303571421875 0.8861607140625001 0.37053571406249997 0.9040178578125 0.415178571875 0.8504464281249999 0.41071428593750003 0.8191964281249999 0.38169642812500004 0.7901785718750001 0.35044642812500004 0.7946428578125
2 0.415178571875 0.9129464281249999 0.40625 0.953125 0.415178571875 0.984375 0.45089285781250005 0.9977678578125 0.48214285781250005 0.9799107140625001 0.5 0.921875 0.44866071406249997 0.8928571421875 0.415178571875 0.9129464281249999
2 0.0959821421875 0.6071428578125 0.0580357140625 0.6361607140625 0.0491071421875 0.6808035718750001 0.0647321421875 0.71875 0.10714285781249999 0.734375 0.147321428125 0.6897321421875 0.147321428125 0.6361607140625 0.1272321421875 0.6116071421875 0.0959821421875 0.6071428578125
2 0 0.828125 0.0133928578125 0.828125 0.0446428578125 0.8013392859374999 0.0446428578125 0.765625 0.0022321421875000002 0.71875 0 0.828125
2 0 0.5915178578125 0.024553571875 0.6205357140625 0.0446428578125 0.6183035718750001 0.071428571875 0.5959821421875 0.071428571875 0.5647321421875 0.053571428125 0.5111607140625 0.0290178578125 0.49553571406249997 0 0.5111607140625 0 0.5915178578125
2 0.100446428125 0.41964285781250005 0.071428571875 0.43973214218749995 0.0580357140625 0.49776785781250005 0.0803571421875 0.5915178578125 0.1383928578125 0.6004464281249999 0.16071428593749998 0.5736607140625 0.15625 0.47098214218749995 0.131696428125 0.42410714218749995 0.100446428125 0.41964285781250005
2 0.046875 0.147321428125 0.0178571421875 0.1852678578125 0.03125 0.26116071406249997 0.0625 0.2834821421875 0.125 0.2388392859375 0.116071428125 0.171875 0.0736607140625 0.1428571421875 0.046875 0.147321428125
2 0.634375 0.98125 0.0828125 0.0375
2 0.4296875 0.0171875 0.08359375 0.03359375
2 0.0140625 0.65546875 0.028125 0.09765625
2 0.0109375 0.41953125 0.021875 0.08671875
2 0.1921875 0.09609375 0.20546875 0.1921875
2 0.540625 0.30625 0.14375 0.23046875
2 0.85078125 0.86640625 0.11796875 0.2671875