1 0.86328125 0.584375 0.14375 0.171875
1 0.80078125 0.43515625 0.2296875 0.2390625
1 0.896875 0.34140625 0.1328125 0.1515625
1 0.76328125 0.25078125 0.1484375 0.1609375
1 0.58828125 0.37109375 0.1984375 0.2296875
1 0.50703125 0.23828125 0.1390625 0.1515625
1 0.37890625 0.1640625 0.1421875 0.1671875
1 0.41953125 0.4140625 0.153125 0.1859375
1 0.6640625 0.7078125 0.153125 0.171875
1 0.721875 0.8875 0.146875 0.15
1 0.51953125 0.83671875 0.159375 0.1734375
1 0.3703125 0.92890625 0.1625 0.1421875
1 0.22890625 0.31796875 0.15 0.1734375
1 0.184375 0.20703125 0.15625 0.1546875