2 0.7203125 0.85703125 0.09453125 0.11953125
2 0.8046875 0.7859375 0.07578125 0.10859375
2 0.8296875 0.659375 0.09609375 0.1171875
2 0.79140625 0.5578125 0.0859375 0.1234375
2 0.70625 0.63984375 0.12109375 0.1671875
2 0.596875 0.6234375 0.1109375 0.146875
2 0.5796875 0.3890625 0.0671875 0.09765625
2 0.49140625 0.45859375 0.07421875 0.10859375
2 0.4328125 0.7171875 0.12265625 0.15234375
2 0.34375 0.65859375 0.11953125 0.1375
2 0.37578125 0.5171875 0.1375 0.17890625
2 0.375 0.353125 0.0734375 0.09140625
2 0.51640625 0.23828125 0.0953125 0.1234375
2 0.35625 0.1703125 0.09765625 0.14140625
2 0.39453125 0.05703125 0.09609375 0.1140625
2 0.2453125 0.20078125 0.13671875 0.1734375
2 0.0921875 0.390625 0.109375 0.11953125
2 0.1984375 0.940625 0.103125 0.11875
2 0.19609375 0.78359375 0.13203125 0.14140625
2 0.02734375 0.88515625 0.0546875 0.1234375
2 0.0234375 0.7734375 0.046875 0.15
2 0.7328125 0.0328125 0.1109375 0.065625
2 0.95625 0.04765625 0.0875 0.0953125
2 0.98359375 0.24765625 0.0328125 0.1390625
2 0.98203125 0.38671875 0.0359375 0.14765625
2 0.9375 0.9171875 0.096875 0.1296875
2 0.81015625 0.321875 0.1703125 0.1765625
2 0.15 0.6140625 0.16171875 0.2