2 0.071875 0.578125 0.1140625 0.146875
2 0.04375 0.4640625 0.0875 0.134375
2 0.23125 0.34140625 0.13125 0.159375
2 0.35859375 0.37265625 0.1296875 0.171875
2 0.35078125 0.23984375 0.1234375 0.134375
2 0.3203125 0.13828125 0.1171875 0.1359375
2 0.65546875 0.45390625 0.11875 0.1625
2 0.68671875 0.621875 0.1125 0.1390625
2 0.8546875 0.82734375 0.1359375 0.1765625
2 0.92890625 0.51953125 0.0953125 0.1203125
2 0.89140625 0.4234375 0.11875 0.1546875
2 0.86015625 0.2015625 0.146875 0.18125
2 0.94765625 0.06328125 0.0765625 0.1265625
2 0.0421875 0.81796875 0.0671875 0.121875
2 0.16953125 0.46875 0.1140625 0.221875
2 0.5359375 0.746875 0.1390625 0.1546875