2 0.66875 0.2203125 0.15 0.178125
2 0.65546875 0.1125 0.1734375 0.1640625
2 0.55 0.20625 0.125 0.153125
2 0.5703125 0.33125 0.1859375 0.1875
2 0.9328125 0.31015625 0.134375 0.1765625
2 0.9265625 0.43125 0.1328125 0.1484375
2 0.98671875 0.43359375 0.0265625 0.1453125
2 0.94765625 0.6765625 0.078125 0.1390625
2 0.88671875 0.89140625 0.06875 0.140625
2 0.8234375 0.878125 0.1375 0.1546875
2 0.8640625 0.76328125 0.1484375 0.1578125
2 0.64375 0.9296875 0.084375 0.1015625
2 0.43984375 0.8109375 0.0984375 0.1203125
2 0.40234375 0.72421875 0.1296875 0.13125
2 0.409375 0.60234375 0.1765625 0.2046875
2 0.346875 0.82265625 0.1625 0.18125
2 0.403125 0.9375 0.125 0.125
2 0.4921875 0.95234375 0.140625 0.0953125
2 0.2390625 0.88359375 0.1421875 0.1421875
2 0.09609375 0.7125 0.153125 0.1796875
2 0.02890625 0.68671875 0.0578125 0.1765625
2 0.01484375 0.5578125 0.0296875 0.153125
2 0.14296875 0.403125 0.11875 0.14375
2 0.21171875 0.43203125 0.115625 0.1375
2 0.27109375 0.3875 0.1328125 0.1515625
2 0.34140625 0.29375 0.1515625 0.171875
2 0.24765625 0.2875 0.0890625 0.115625
2 0.08515625 0.2921875 0.115625 0.1390625
2 0.30078125 0.1171875 0.1640625 0.225
2 0.75859375 0.58984375 0.196875 0.2296875