2 0.5333623000000001 0.569934421875 0.5487351984375 0.6079836796875 0.5874641031250001 0.6195733031249999 0.63074636875 0.5918722125 0.6510576671875 0.532596325 0.62566271875 0.4781684015625 0.585189478125 0.470688175 0.5495642015625 0.508914196875 0.5333623000000001 0.569934421875
2 0.46912060312500004 0.46991809218749997 0.4920915703125 0.50149289375 0.5226016828125 0.5095938453125 0.5617745484375 0.4801484203125 0.583830184375 0.41676313593750003 0.5614210234375 0.3781520734375 0.5074959828125001 0.379511365625 0.47598010312500005 0.41948172499999997 0.46912060312500004 0.46991809218749997
2 0.42731547656249996 0.5855430046875 0.4502275203125 0.6001184125 0.49238617500000004 0.5864898515625 0.5139389265625 0.54714021875 0.5062230171875 0.5196158953125 0.44345845625 0.5075233906250001 0.4201613703125 0.5509824171875 0.42731547656249996 0.5855430046875
2 0.4946018796875 0.7183755859375001 0.5099747781249999 0.75642484375 0.5363754921874999 0.762781459375 0.5603522265625 0.7462849515625 0.574306909375 0.7134097781250001 0.562481603125 0.68414111875 0.5307889593749999 0.6731133 0.5068122265625 0.6896098078125 0.4946018796875 0.7183755859375001
2 0.6698287984375 0.7054581843750001 0.69167615625 0.7511055109375 0.7490309468749999 0.72452803125 0.7517810484375 0.6723473265625 0.7218327421875 0.6572101124999999 0.6796740875 0.6708386765625 0.6698287984375 0.7054581843750001
2 0.545894659375 0.8031957796875 0.5753400828124999 0.842368646875 0.6257175312500001 0.8322287546875 0.6390514875 0.789390453125 0.62137245 0.762486853125 0.5914241437500001 0.747349640625 0.5522512749999999 0.7767950640625 0.545894659375 0.8031957796875
2 0.6762717421875 0.8730870375 0.6981190984375 0.9187343625000001 0.7262641515625 0.9209815812500001 0.75783895 0.8980106156250001 0.7764059140625 0.842844125 0.7557410890625 0.800123665625 0.7299021781249999 0.7867307859375 0.684875578125 0.8185412703124999 0.6762717421875 0.8730870375
2 0.8224067671874999 0.9229931171875 0.8500489343750001 0.9492759906250001 0.8959634578125 0.8353954140625 0.845527090625 0.8285359140624999 0.8128876 0.882578796875 0.8224067671874999 0.9229931171875
2 0.365552575 0.8624401531249999 0.380304746875 0.8905262828125 0.436535928125 0.8780213296875001 0.45099349375 0.8211105015625 0.42104518750000003 0.8059732890625 0.3905939953125 0.8148717281250001 0.365552575 0.8624401531249999
2 0.3301629828125 0.968663740625 0.3376432078125 0.9281905 0.31934344375 0.891323771875 0.273016471875 0.8862086078125 0.24093878750000003 0.933215228125 0.3301629828125 0.968663740625
2 0.1830263015625 0.6297680078125001 0.1960341375 0.6619635328125 0.23295978750000002 0.6606631593750001 0.257498325 0.6371303890625 0.27319734218749997 0.6001458203125 0.2637370984375 0.576730890625 0.2361538515625 0.5674474109375 0.2004696546875 0.5886740406250001 0.1830263015625 0.6297680078125001
2 0.19364167031249999 0.4790796234375 0.21548902656250002 0.5247269515624999 0.247743475 0.5287185046875 0.2910257375 0.5010174171874999 0.30610403124999996 0.4540697171875 0.28718354062499996 0.4072398609375 0.265454028125 0.39559131875000003 0.20112189531250002 0.438606384375 0.19364167031249999 0.4790796234375
2 0.3100955859375 0.4218152703125 0.32957788125 0.46160886406249996 0.370051121875 0.4690890890625 0.41682205625 0.43316920625 0.43713335468750003 0.37389331718749996 0.4023960046875 0.3300492484375 0.364287825 0.32842275625 0.32106448125 0.37312323593749996 0.3100955859375 0.4218152703125
2 0.3817311796875 0.2873287890625 0.4464168375 0.34631007343750003 0.4838453703125 0.32097404687500003 0.5128783453125 0.24115117343749998 0.4342380046875 0.21504506406249999 0.39506513593750003 0.24449048750000002 0.3817311796875 0.2873287890625
2 0.42539848437499994 0.2015932640625 0.4582736578125 0.21554794687499998 0.48872485 0.2066495078125 0.5026795328125 0.173774334375 0.4908542265625 0.1445056734375 0.45916158281249997 0.13347785625 0.42933111718749994 0.152339425 0.42539848437499994 0.2015932640625
2 0.5192938828125 0.23174985 0.55216905625 0.2457045328125 0.5937069859374999 0.2221128421875 0.6170040718750001 0.1786538125 0.5980246593749999 0.11482456562500001 0.557492496875 0.09034494843749999 0.5276031109375 0.09220712656249999 0.506286046875 0.1995543234375 0.5192938828125 0.23174985
2 0.7325700609375 0.20345955 0.7432128375 0.2298013453125 0.7637598203125 0.238523021875 0.8094071453125 0.216675665625 0.8251061640625 0.1796910953125 0.8126601328125 0.14045930625 0.786821221875 0.127066428125 0.747027628125 0.1465487234375 0.7325700609375 0.20345955
2 0.7393706390625 0.13602378906249998 0.7873830265625 0.1200301640625 0.809556503125 0.0906436625 0.7261860390625 0.052830089062499995 0.709304490625 0.08688779218750001 0.7393706390625 0.13602378906249998
2 0.303299115625 0.15219006875000002 0.2910887671875 0.1809558453125 0.3053380578125 0.233077628125 0.33584816875 0.24117858124999997 0.3867285 0.207003034375 0.396338103125 0.10438595937499999 0.350690778125 0.126233315625 0.333070659375 0.116329109375 0.303299115625 0.15219006875000002
2 0.1290779625 0.1170361609375 0.14856025781249999 0.15682975625 0.17907036875 0.16493070625 0.21301023125000002 0.147813471875 0.2292121328125 0.0867932484375 0.21327742968750002 0.055780253125 0.18569418437500002 0.046496770312500005 0.14415625468749999 0.0700884640625 0.1290779625 0.1170361609375
2 0.120501534375 0.34861210468750004 0.1434135796875 0.3631875140625 0.166266703125 0.36076353125 0.1919288484375 0.3231582359375 0.178862090625 0.2739633171875 0.1483519796875 0.2658623671875 0.11098236875 0.308197784375 0.120501534375 0.34861210468750004
2 0.58621854375 0.9367080078125 0.6057008374999999 0.9765016 0.64206468125 0.982237490625 0.6753838187500001 0.955157128125 0.684608378125 0.9105744906250001 0.668673675 0.87956149375 0.6469441625 0.867912953125 0.5995524999999999 0.8938697046874999 0.58621854375 0.9367080078125
2 0.1796875 0.8171875 0.1828125 0.203125
2 0.76328125 0.39765625 0.2234375 0.23125