2 0.3446697921875 0.4459415953125 0.2983083625 0.4161100765625 0.26690729687500003 0.42449190000000003 0.2370757765625 0.470853328125 0.2359070890625 0.537807415625 0.288535409375 0.592305634375 0.3399837453125 0.5865062203125 0.3653516578125 0.540066878125 0.3446697921875 0.4459415953125
2 0.22070169218750002 0.38573316874999997 0.18757525625 0.3650625984375 0.1311958390625 0.3975657359375 0.11702589687500001 0.44196805625 0.1250960703125 0.49122354531249995 0.17349452031249998 0.5322530343749999 0.2184422296875 0.5151777375 0.2420068578125 0.44414960625 0.22070169218750002 0.38573316874999997
2 0.2867874453125 0.3087498 0.2555422046875 0.30820441249999997 0.2350274609375 0.3324036375 0.2341704234375 0.3815033 0.2693338796875 0.413371840625 0.3097400703125 0.4006822375 0.306445153125 0.3336502375 0.2867874453125 0.3087498
2 0.3689356328125 0.3347410140625 0.335731284375 0.31853405 0.3153723640625 0.3338060625 0.31443741406250003 0.38736933281249997 0.34482561718750004 0.43701438281250005 0.38515389375 0.42878838437500005 0.3947823171875 0.3887717578125 0.3689356328125 0.3347410140625
2 0.1222573328125 0.2701581890625 0.099939303125 0.2697686265625 0.07942455937500001 0.29396785312499996 0.078567521875 0.343067515625 0.1003401625 0.37470231875 0.1338561609375 0.3730548609375 0.15460464375 0.33546481875 0.1222573328125 0.2701581890625
2 0.27538962499999997 0.7059328015624999 0.286977159375 0.6815777515625 0.28360432812499997 0.6190093578125 0.24194024218750002 0.5758649328125001 0.188065321875 0.5927844062500001 0.16731684062500002 0.6303744484375 0.17084549531249998 0.6840156296875 0.205853128125 0.7248113828125 0.2348276109375 0.72754961875 0.26669615156250004 0.692386159375 0.27538962499999997 0.7059328015624999
2 0.334752309375 0.7583160875 0.2884687921875 0.7240209625 0.2526820328125 0.72786126875 0.209459696875 0.7739889609375 0.20875848437500003 0.8141614109375 0.2565336359375 0.8908997484375 0.303518365625 0.885022421875 0.33789140156249997 0.8342752984375 0.334752309375 0.7583160875
2 0.20210203125 0.811812740625 0.16631527343750002 0.8156530453125 0.1275565421875 0.86185865 0.1443981015625 0.920197175 0.1839472546875 0.956607234375 0.217541165625 0.95049616875 0.2472947734375 0.9085983453124999 0.20210203125 0.811812740625
2 0 0.6337266687499999 0.015242592187500001 0.645579846875 0.03983138125 0.6437765625 0.060424039062500004 0.61511373125 0.0613589890625 0.5615504609374999 0.04170128125 0.5366500249999999 0 0.5598307171875 0 0.6337266687499999
2 0.48278524218749996 0.207244259375 0.46304962187500004 0.1868074265625 0.4202947609375 0.2061534828125 0.4235117671875 0.27764908906249997 0.4409766265625 0.3002787671875 0.465487503125 0.3029390890625 0.4815386421875 0.2786619515625 0.48278524218749996 0.207244259375
2 0.6171608890625 0.18280000000000002 0.593039578125 0.1578216484375 0.55725281875 0.1616619546875 0.5366601609375 0.1903247859375 0.5359589484375 0.2304972375 0.5578095015625 0.25766843437500003 0.582320378125 0.2603287578125 0.6166155015625 0.21404524062500002 0.6171608890625 0.18280000000000002
2 0.5874298765625 0.479201265625 0.5759202546875 0.49909271093749996 0.5752190421875001 0.5392651609375 0.5971475078124999 0.5619727546875 0.6377874359375 0.53589233125 0.6232166343750001 0.475360959375 0.5874298765625 0.479201265625
2 0.6814885421875 0.5902347265625 0.6529815375 0.5607148578125 0.6306635078125 0.5603252953125 0.6055293328125 0.5933738203125001 0.6048281203125 0.6335462703125 0.635450059375 0.6698005046875 0.655497328125 0.672382915625 0.6852509359375001 0.630485090625 0.6814885421875 0.5902347265625
2 0.64641429375 0.6811543 0.6125866421875 0.7006561828125 0.6118075171874999 0.745292240625 0.6293502906249999 0.7634583140625 0.6653707875 0.7462271921875 0.6661499125 0.7015911328125 0.64641429375 0.6811543
2 0.60389316875 0.6871095406250001 0.5755419875000001 0.648662459375 0.544218834375 0.652580678125 0.5281676953125001 0.676857815625 0.5316184390625 0.734962603125 0.5580105109375 0.7577481078125 0.591604421875 0.75163704375 0.60311404375 0.7317455984375 0.60389316875 0.6871095406250001
2 0.78845925625 0.6010318375 0.746561434375 0.5712782328125 0.698797578125 0.6217916171875 0.7027157953125001 0.6531147703125 0.7334935609375 0.6804417921875 0.749077225 0.6829462890625 0.7924553875 0.6278913859374999 0.78845925625 0.6010318375
2 0.89480666875 0.647537796875 0.8708411828125 0.6136322359374999 0.8395180296874999 0.6175504515625 0.8006034734374999 0.67268326875 0.8201053546875 0.70651091875 0.84453831875 0.713634846875 0.8690491953124999 0.7162951671875 0.8941054562499999 0.6877102500000001 0.89480666875 0.647537796875
2 0.726525459375 0.69594754375 0.6789953421875 0.7330701109375 0.6739863484375 0.7642374390625 0.7001446828125 0.8004137609375 0.758639034375 0.7746449890625 0.755032465625 0.7254674125 0.726525459375 0.69594754375
2 0.8199608265625 0.8426898515625 0.7869123015625 0.817555675 0.7600527546875 0.8215518062499999 0.743923703125 0.8502925484375 0.742755015625 0.9172466359375001 0.7648393062500001 0.9310270171875 0.8074383421875 0.9206081718749999 0.82356739375 0.8918674265625001 0.8199608265625 0.8426898515625
2 0.955894725 0.7289734765625 0.9186163328125 0.6903705703125 0.8529201421874999 0.7450359125 0.8566825343750001 0.7852862765624999 0.8917680812500001 0.821618421875 0.9342892046875001 0.8156631828125 0.9550376875 0.778073140625 0.955894725 0.7289734765625
2 0.946900896875 0.860532978125 0.9068842703125 0.8509045546875 0.8862916125 0.8795673859375001 0.8854345734375 0.9286670484374999 0.9162123390625 0.9559940703124999 0.9612379609374999 0.9344551671874999 0.9707884734375 0.898902146875 0.946900896875 0.860532978125
2 0.9544143875 0.8137819875 0.9851142390625001 0.845572615625 0.9959113531250001 0.7386019 0.9804056015624999 0.7316337984375 0.9544143875 0.8137819875
2 0.96998675625 0.6890347625000001 0.991915221875 0.711742353125 0.9912027140624999 0.6246630843750001 0.9706879687500001 0.6488623109375 0.96998675625 0.6890347625000001
2 1 0.2260517921875 0.9502951609375 0.28237916093750004 0.9534342546874999 0.358338371875 0.9930613171875 0.390284825 1 0.2696020375 1 0.2260517921875
2 0.42733063906249996 0.9541580578125 0.39757703125 0.9960558828125 0.482463453125 0.9930726140624999 0.46734726406249993 0.9637864828125 0.42733063906249996 0.9541580578125