2 0.8772321421875 0.2678571421875 0.8482142859374999 0.30133928593750003 0.84375 0.3459821421875 0.8973214281249999 0.3772321421875 0.9285714281249999 0.3459821421875 0.9330357140625001 0.3102678578125 0.9040178578125 0.2678571421875 0.8772321421875 0.2678571421875
2 0.7767857140625 0.234375 0.7857142859375 0.296875 0.8058035718750001 0.31696428593750003 0.8303571421875 0.3147321421875 0.8794642859374999 0.24330357187499999 0.8549107140625001 0.1741071421875 0.8058035718750001 0.1875 0.7767857140625 0.234375
2 0.6763392859375 0.0982142859375 0.6294642859375 0.13616071406250002 0.625 0.1897321421875 0.6584821421875 0.25 0.7053571421875 0.2522321421875 0.7321428578125 0.22544642812500001 0.7410714281249999 0.140625 0.7120535718750001 0.10714285781249999 0.6763392859375 0.0982142859375
2 0.5044642859375 0.390625 0.5133928578125 0.421875 0.5491071421875 0.43526785781250005 0.5803571421875 0.390625 0.5714285718750001 0.359375 0.5379464281249999 0.33928571406249997 0.5044642859375 0.390625
2 0.5647321421875 0.45089285781250005 0.5357142859375 0.493303571875 0.5401785718750001 0.546875 0.5803571421875 0.5647321421875 0.625 0.5066964281249999 0.6205357140625 0.47098214218749995 0.5959821421875 0.446428571875 0.5647321421875 0.45089285781250005
2 0.6183035718750001 0.5535714281249999 0.5803571421875 0.5825892859375 0.5758928578125 0.6316964281249999 0.59375 0.6808035718750001 0.6339285718750001 0.6986607140625 0.6696428578125 0.6540178578125 0.6741071421875 0.609375 0.6517857140625 0.5691964281249999 0.6183035718750001 0.5535714281249999
2 0.6674107140625 0.7008928578125 0.6339285718750001 0.734375 0.6339285718750001 0.796875 0.6584821421875 0.8348214281249999 0.6964285718750001 0.8370535718750001 0.7276785718750001 0.7924107140625 0.7276785718750001 0.734375 0.703125 0.7053571421875 0.6674107140625 0.7008928578125
2 0.5825892859375 0.71875 0.5580357140625 0.7433035718750001 0.5535714281249999 0.796875 0.59375 0.828125 0.625 0.796875 0.625 0.7522321421875 0.6138392859375 0.7276785718750001 0.5825892859375 0.71875
2 0.6741071421875 0.8638392859374999 0.6651785718750001 0.9084821421875 0.6852678578125 0.9375 0.7232142859375 0.9397321421875 0.75 0.8861607140625001 0.7410714281249999 0.8549107140625001 0.703125 0.8392857140625001 0.6741071421875 0.8638392859374999
2 0.8013392859374999 0.7901785718750001 0.7633928578125 0.8191964281249999 0.7544642859375 0.8816964281249999 0.7879464281249999 0.9330357140625001 0.8214285718750001 0.9352678578125 0.8616071421875 0.8950892859374999 0.8616071421875 0.8459821421875 0.8325892859374999 0.7991071421875 0.8013392859374999 0.7901785718750001
2 0.421875 0.96875 0.38392857187499996 0.9977678578125 0.5357142859375 0.9977678578125 0.5022321421875 0.9508928578125 0.46651785781250005 0.9553571421875 0.444196428125 0.9821428578125 0.421875 0.96875
2 0.36383928593750003 0.9732142859374999 0.3928571421875 0.9754464281249999 0.41071428593750003 0.9084821421875 0.3727678578125 0.875 0.33928571406249997 0.9352678578125 0.36383928593750003 0.9732142859374999
2 0.296875 0.90625 0.32142857187499996 0.9084821421875 0.3616071421875 0.8370535718750001 0.30580357187499996 0.8125 0.27678571406249997 0.8683035718750001 0.296875 0.90625
2 0.25446428593750003 0.9441964281249999 0.2477678578125 1 0.35267857187499996 0.9977678578125 0.33928571406249997 0.9441964281249999 0.3147321421875 0.9241071421875 0.2834821421875 0.9196428578125 0.25446428593750003 0.9441964281249999
2 0.19866071406250002 0.9732142859374999 0.1696428578125 0.9933035718750001 0.22767857187499999 0.9977678578125 0.19866071406250002 0.9732142859374999
2 0.15178571406250002 0.9977678578125 0.0959821421875 0.9285714281249999 0.053571428125 0.984375 0.055803571875 1 0.15178571406250002 0.9977678578125
2 0 0.9977678578125 0.0178571421875 0.9977678578125 0.0446428578125 0.9709821421875 0.053571428125 0.9174107140625001 0.0022321421875000002 0.8616071421875 0 0.9977678578125
2 0.11383928593749999 0.7723214281249999 0.071428571875 0.8102678578125 0.0669642859375 0.8638392859374999 0.100446428125 0.9196428578125 0.1383928578125 0.921875 0.1741071421875 0.8950892859374999 0.178571428125 0.8415178578125 0.16071428593749998 0.796875 0.11383928593749999 0.7723214281249999
2 0.1696428578125 0.8058035718750001 0.1897321421875 0.84375 0.2321428578125 0.8459821421875 0.25 0.7790178578125 0.2209821421875 0.7410714281249999 0.203125 0.7410714281249999 0.1696428578125 0.8058035718750001
2 0.116071428125 0.671875 0.11160714218750001 0.7075892859375 0.125 0.7388392859375 0.16071428593749998 0.7566964281249999 0.1875 0.7299107140625 0.19196428593749998 0.6674107140625 0.140625 0.6473214281249999 0.116071428125 0.671875
2 0.2790178578125 0.6294642859375 0.25 0.6584821421875 0.2455357140625 0.7165178578125 0.27455357187499996 0.7544642859375 0.30803571406249997 0.7566964281249999 0.3303571421875 0.7388392859375 0.34375 0.6897321421875 0.31919642812500004 0.6383928578125 0.2790178578125 0.6294642859375
2 0 0.5870535718750001 0.0290178578125 0.6160714281249999 0.0669642859375 0.6138392859375 0.0892857140625 0.578125 0.0892857140625 0.5290178578125 0.0647321421875 0.5 0.0334821421875 0.49553571406249997 0 0.5290178578125 0 0.5870535718750001
2 0.359375 0.36607142812500004 0.3125 0.41741071406249997 0.3125 0.47098214218749995 0.33705357187499996 0.5133928578125 0.3883928578125 0.5245535718750001 0.43303571406249997 0.475446428125 0.43303571406249997 0.430803571875 0.40848214218749995 0.3928571421875 0.359375 0.36607142812500004
2 0 0.7700892859375 0.0267857140625 0.7700892859375 0.0446428578125 0.7433035718750001 0.040178571875 0.7075892859375 0.0022321421875000002 0.6785714281249999 0 0.7700892859375
2 0.0647321421875 0.33928571406249997 0.0357142859375 0.36830357187499996 0.03125 0.421875 0.0513392859375 0.45089285781250005 0.0803571421875 0.45758928593750003 0.116071428125 0.430803571875 0.12053571406250001 0.38169642812500004 0.100446428125 0.34375 0.0647321421875 0.33928571406249997
2 0.0580357140625 0.131696428125 0.053571428125 0.1852678578125 0.078125 0.21875 0.10714285781249999 0.2209821421875 0.133928571875 0.1852678578125 0.133928571875 0.131696428125 0.087053571875 0.10714285781249999 0.0580357140625 0.131696428125
2 0.0357142859375 0.024553571875 0.055803571875 0 0 0.0022321421875000002 0.0022321421875000002 0.0267857140625 0.0357142859375 0.024553571875
2 0.8348214281249999 0.0200892859375 0.8504464281249999 0 0.78125 0.0022321421875000002 0.8058035718750001 0.022321428125 0.8348214281249999 0.0200892859375
2 0.35267857187499996 0.0200892859375 0.375 0.0022321421875000002 0.3125 0.0022321421875000002 0.328125 0.022321428125 0.35267857187499996 0.0200892859375