2 0.576451725 0.137375275 0.6313032859375001 0.142907703125 0.6565043015625001 0.118198915625 0.6490700281249999 0.062221178125 0.627444428125 0.02806593125 0.5837010015625 0.009665242187500001 0.540493078125 0.0381896140625 0.537114553125 0.077089728125 0.576451725 0.137375275
2 0.517630965625 0.2306347234375 0.5465491171875 0.2339148046875 0.58398444375 0.18337105 0.5763532796875 0.1473572359375 0.5487581921875 0.11114652968750001 0.50892879375 0.10077078749999999 0.472521196875 0.14832979531249998 0.4801523625 0.1843436125 0.517630965625 0.2306347234375
2 0.63545748125 0.22780359374999998 0.6881551406249999 0.2492874734375 0.7213811015625 0.22066465468750002 0.7138483812499999 0.1746688796875 0.6941797953125 0.14452610625 0.6563074109375 0.1381628375 0.6231798937499999 0.15680369375 0.6139303265625 0.1836663875 0.63545748125 0.22780359374999998
2 0.4945286859375 0.346208890625 0.5273608671875001 0.35751391718750003 0.5635715718750001 0.3299188296875 0.5668516515625 0.3010006765625 0.549238525 0.2648884171875 0.5114645875 0.2485431875 0.47031212343749995 0.2710980703125 0.46898905781250005 0.30402869843749997 0.4945286859375 0.346208890625
2 0.4213197109375 0.48125475156249997 0.4541518921875 0.49255977812499996 0.47626971874999996 0.47680522031250006 0.4816052578125 0.4419175796875 0.436200153125 0.3895585359375 0.401115621875 0.40418691874999996 0.3939215140625 0.42508012500000003 0.4213197109375 0.48125475156249997
2 0.3624123984375 0.38084447187500003 0.40317108125 0.39821742968749996 0.42528890781250006 0.382462871875 0.4285689875 0.3535447203125 0.3872748015625 0.28924669999999997 0.348177796875 0.305832096875 0.33687277031249996 0.338664278125 0.3624123984375 0.38084447187500003
2 0.382025815625 0.5178040703125 0.4032143578125 0.49505229531249995 0.39763865 0.4530689921875 0.348122628125 0.4126489234375 0.31367204531250004 0.46422040468750003 0.3293281578125 0.4963201921875 0.382025815625 0.5178040703125
2 0.2084736203125 0.40128872656250003 0.24923230468750002 0.4186616859375 0.28338755 0.39703608749999997 0.2889199796875 0.342184525 0.259367878125 0.30196134531249996 0.2174830203125 0.297555090625 0.200405396875 0.308367890625 0.1908604953125 0.3651764671875 0.2084736203125 0.40128872656250003
2 0.0982782703125 0.44013367187499997 0.150975928125 0.46161755 0.1831741609375 0.43597947656249997 0.18860814374999998 0.39110987656249996 0.1652224203125 0.33297823437499996 0.1135524921875 0.30850961250000003 0.072301584375 0.3410464578125 0.0649105859375 0.381903584375 0.0982782703125 0.44013367187499997
2 0.22500385 0.5472025578124999 0.263707071875 0.5705450046875 0.2911604375 0.5199028078125 0.2696332828125 0.4757655984375 0.23782883125 0.46147582812500004 0.21272626093749997 0.4762026578125 0.20944618125 0.5051208093749999 0.22500385 0.5472025578124999
2 0.216904240625 0.1537951640625 0.213580884375 0.0858784515625 0.1293189421875 0.126975746875 0.185536846875 0.196412415625 0.216904240625 0.1537951640625
2 0.6571144656250001 0.5624453968750001 0.6971407546874999 0.55285721875 0.7124582546875 0.5180680234375 0.692986559375 0.467961328125 0.6332916843749999 0.447406734375 0.6008965609375 0.49300872812499996 0.6184112421875 0.5391029515625 0.6571144656250001 0.5624453968750001
2 0.8373252656249999 0.6111424750000001 0.8721144609374999 0.6264599734375 0.9042142468750001 0.6108038625 0.911703690625 0.5599647734375 0.8842070484375 0.51377210625 0.8483901250000001 0.50143935 0.811250134375 0.5220372203125 0.8078716078125 0.5609373328125 0.8373252656249999 0.6111424750000001
2 0.89759891875 0.77545699375 0.95245048125 0.780989425 0.9801007374999999 0.7103833046875 0.9367510921875001 0.6520547703124999 0.8948662359374999 0.6476485171874999 0.8596832593749999 0.6722588593750001 0.8581633015625 0.7251534078125 0.89759891875 0.77545699375
2 0.81695566875 0.85452511875 0.8497878515625 0.8658301453125 0.877044325 0.83515186875 0.871370175 0.8031505265625001 0.8497445750000001 0.7689952796874999 0.8158846640625 0.760674996875 0.7907820921875001 0.775401825 0.7874035671875 0.8143019375 0.81695566875 0.85452511875
2 0.7004954953125 0.9212604875 0.7452666515625 0.9366764312500001 0.78744684375 0.911136803125 0.785052771875 0.8502173078125 0.7614701593750001 0.8120495890624999 0.7056893109375 0.7995199421875 0.6865562296875 0.8163022281250001 0.6770113249999999 0.8731108046875 0.7004954953125 0.9212604875
2 0.48852352187500003 0.9551085046875001 0.53730715 0.9685674359374999 0.5594249765625 0.952812878125 0.566815975 0.9119557515625001 0.54333180625 0.86380606875 0.501643840625 0.8394358937499999 0.46450385 0.8600337625 0.45916831093750005 0.8949214031249999 0.48852352187500003 0.9551085046875001
2 0.3885070203125 0.9740879734375 0.43122271718749994 0.99547340625 0.45931003125 0.9817743078125 0.47081195 0.9289782046875 0.445370765625 0.8768160500000001 0.401627340625 0.8584153625000001 0.37652476875 0.8731421890625001 0.36697986718750003 0.929950765625 0.3885070203125 0.9740879734375
2 0.300378240625 1 0.26295089374999997 0.9508872484375 0.22507850937499999 0.9445239796875 0.19792047968749998 0.9652202953125 0.19370844375000001 1 0.300378240625 1
2 1 0.46388282812500004 0.994599290625 0.45496323906249997 0.94889885 0.4325500765625 0.9137158734374999 0.45716042031250004 0.9083803343750001 0.4920480609375 0.9397910046875 0.546265675 0.9705677265625001 0.5635401890625 1 0.549185109375 1 0.46388282812500004
2 1 0.7205833765625 0.9999662140625001 0.7205621546875001 0.9714851187500001 0.774189096875 0.9910552593749999 0.81431383125 1 0.8101946078125 1 0.7205833765625
2 0.6109207171875 1 0.5801212921875 0.979970909375 0.55707418125 0.9887282484375 0.552387665625 1 0.6109207171875 1
2 0.07578125 0.4828125 0.1515625 0.253125
2 0.678125 0.31796875 0.203125 0.2359375