2 0.8628982875 0.424197359375 0.8359090765625 0.4509648109375 0.833185459375 0.4820958953125 0.8506692265625 0.512754228125 0.8838294156250001 0.5178960375 0.9103458734375 0.47092120312499997 0.8976984937499999 0.4362046609375 0.8628982875 0.424197359375
2 0.8829383421875001 0.3744152453125 0.877934628125 0.329164090625 0.8426616703124999 0.29694940625 0.79779960625 0.297505821875 0.76441765625 0.3461206734375 0.771923228125 0.4139974046875 0.8051670796874999 0.44379389687500004 0.8511964109375001 0.4298955875 0.8829383421875001 0.3744152453125
2 0.9421966703125 0.2093088109375 0.932829321875 0.18832325156250002 0.8935818187500001 0.1759268625 0.8617562218750001 0.2067525234375 0.858254428125 0.246778203125 0.883854615625 0.28710930625 0.908509296875 0.28702564218750004 0.9274657515625 0.2752401015625 0.9421966703125 0.2093088109375
2 1 0.2051300484375 0.9813605093750001 0.19705051875 0.9495349125000001 0.227876178125 0.9419749109375 0.26306547187499996 0.9623496218750001 0.3119020828125 0.9914516015625001 0.3122075078125 1 0.30626498281250003 1 0.2051300484375
2 0.8890841234375 0.6371112375 0.8483639296875 0.6671587203125 0.83152024375 0.7060171359375 0.8522840453124999 0.7504064500000001 0.8850551453125 0.75999555625 0.91774258125 0.7449299828125 0.9316953234375 0.6878932890625 0.8890841234375 0.6371112375
2 0.9161317984374999 0.8657851984375 0.91557538125 0.8209231328125 0.8973134375 0.799159396875 0.8520622843749999 0.8041631109375 0.8242948984374999 0.8398251578125 0.8366368546875 0.9036436796875 0.8714370609375001 0.915650978125 0.9045135859375 0.8961381078124999 0.9161317984374999 0.8657851984375
2 0.71327978125 0.8794073171875001 0.7307635484375 0.91006565 0.7683710359375 0.915596546875 0.8117311796875001 0.829763296875 0.7493853484375 0.79966138125 0.7183379265625 0.821592446875 0.71327978125 0.8794073171875001
2 0.63598489375 1 0.6461267953125 0.98108431875 0.6411230812500001 0.9358331640625 0.6139665437499999 0.91329125 0.5865045796875 0.9198513171875 0.568799053125 0.9429496468749999 0.5725344921875 1 0.63598489375 1
2 0.3327031828125 0.926775271875 0.3497978625 0.9618809031250001 0.3788998421875 0.9621863265625 0.39768896875 0.9010914218750001 0.3798161140625 0.8748803890625 0.35757962499999996 0.8729349484375 0.3327031828125 0.926775271875
2 0.364804971875 0.7391269265625 0.3382048484375 0.7614470796874999 0.32908849375 0.8144255656249999 0.345794084375 0.8539784921875 0.37005967812499996 0.8583421265625001 0.39424160625 0.8380510765625001 0.4045252265625 0.7717307 0.364804971875 0.7391269265625
2 0.33620497656250004 0.88674959375 0.31583026406250003 0.8379129828125 0.2765827609375 0.82551659375 0.245924428125 0.8430003609375 0.23274986250000002 0.891142459375 0.262019171875 0.9407572468750001 0.2903429734375 0.9499572671875001 0.3185831140625 0.9345026046875 0.33620497656250004 0.88674959375
2 0.2347497359375 0.7658399453125 0.251455328125 0.8053928750000001 0.30201561875 0.8165383343749999 0.3312556953125 0.7384324140625 0.2874772296875 0.70099225625 0.2471461234375 0.72659244375 0.2347497359375 0.7658399453125
2 0.3040699234375 0.5881697953125 0.282917034375 0.5482277796874999 0.23883314531250002 0.5398896 0.20256025000000003 0.570326171875 0.1978911921875 0.623693746875 0.2145967828125 0.6632466734375 0.26070977812499996 0.6740030453125 0.299400865625 0.64153736875 0.3040699234375 0.5881697953125
2 0.3404809125 0.47932188125 0.315269815625 0.43454347968749996 0.275244134375 0.4310416859375 0.24419671406250001 0.45297275 0.2318003265625 0.49222025468749997 0.2448367953125 0.5224894984375 0.299455296875 0.53847134375 0.3333099984375 0.5100638765625 0.3404809125 0.47932188125
2 0.16583980468749998 0.3497686296875 0.11544684062499999 0.3879325328125 0.105941396875 0.44535831562499995 0.134821615625 0.4994204015625 0.180934609375 0.5101767734375 0.2147893109375 0.4817693046875 0.22990931718750002 0.41139071875 0.16583980468749998 0.3497686296875
2 0.286582121875 0.1990040265625 0.242192809375 0.2197678265625 0.2104508765625 0.27524816875 0.2102291171875 0.3290048296875 0.24869844375 0.3502958140625 0.316796934375 0.28903358125 0.3170186953125 0.23527691874999998 0.286582121875 0.1990040265625
2 0.3573497984375 0.20967673437499998 0.3235787609375 0.2627388828125 0.32413517812500003 0.3076009484375 0.350902628125 0.334590159375 0.38445190625 0.3352846703125 0.40418653750000005 0.314604534375 0.40924468437500006 0.2567896640625 0.3573497984375 0.20967673437499998
2 0.31418218124999997 0.114032615625 0.2849128734375 0.06441782812499999 0.23715986249999998 0.046795965625000005 0.19121419687500002 0.0853489578125 0.181708753125 0.142774740625 0.2057525875 0.2008950359375 0.24780737187500002 0.20681502031250001 0.3002294390625 0.171069309375 0.31418218124999997 0.114032615625
2 0.4986341578125 0.157058103125 0.47303397187499996 0.116727 0.44673927343750003 0.10994517343750002 0.4201391515625 0.1322653265625 0.41063370781249997 0.189691109375 0.4321756828125 0.22518582812500001 0.4653358734375 0.2303276375 0.4947432765625 0.2015310828125 0.4986341578125 0.157058103125
2 0.43136827499999997 0.1063597171875 0.45710655781250004 0.068279478125 0.42822633750000005 0.0142173921875 0.389618915625 0.0713377515625 0.411160890625 0.10683246875 0.43136827499999997 0.1063597171875
2 0.5303801234375001 0.46008519999999997 0.500721728125 0.41491771093749996 0.47403794218749995 0.41258318281250006 0.43815413437500006 0.43857245625 0.4294268671875 0.48710364375 0.45424887812500003 0.5363293437500001 0.4918563640625 0.5418602406249999 0.5249328890625 0.52234736875 0.5303801234375001 0.46008519999999997
2 0.6297770265625 0.45085594687499997 0.611904171875 0.4246449140625 0.568209371875 0.4118594375 0.5412201609375 0.4386268875 0.536551103125 0.49199446093750004 0.5499766593750001 0.5178164078124999 0.587584146875 0.5233473046875 0.6214388484375 0.49493983750000003 0.6297770265625 0.45085594687499997
2 0.3260200578125 0 0.3268003296875 0.0210284515625 0.360822359375 0.0419303484375 0.402404390625 0.0276429484375 0.40646981406249993 0 0.3260200578125 0
2 0.84453125 0.98125 0.1078125 0.0375
2 0.125 0.94765625 0.128125 0.0515625
2 0.2390625 0.9625 0.0859375 0.040625