2 0.1734375 0.56484375 0.09921875 0.14609375
2 0.0859375 0.82265625 0.12421875 0.17578125
2 0.25234375 0.540625 0.11015625 0.14609375
2 0.27578125 0.834375 0.13125 0.165625
2 0.071875 0.978125 0.09453125 0.04375
2 0.38828125 0.46875 0.11796875 0.14921875
2 0.53984375 0.809375 0.109375 0.1609375
2 0.6875 0.89921875 0.1609375 0.2015625
2 0.65859375 0.60625 0.115625 0.14453125
2 0.7546875 0.6 0.09609375 0.153125
2 0.57734375 0.10234375 0.10625 0.1359375
2 0.64296875 0.04609375 0.128125 0.09140625
2 0.69609375 0.3578125 0.125 0.1671875
2 0.73046875 0.06171875 0.10859375 0.12265625
2 0.7421875 0.21875 0.1203125 0.13984375
2 0.80234375 0.29140625 0.13046875 0.14375
2 0.8046875 0.39765625 0.128125 0.13671875
2 0.91328125 0.2921875 0.1328125 0.16171875
2 0.975 0.12890625 0.05 0.1171875
2 0.3109375 0.6578125 0.11328125 0.18671875
2 0.88046875 0.63359375 0.14921875 0.17109375
2 0.86328125 0.9171875 0.15078125 0.165625
2 0.50625 0.3359375 0.15078125 0.18828125