0 0.5859375 0.76328125 0.134375 0.1703125
0 0.70703125 0.68828125 0.1625 0.32734375
0 0.60390625 0.51796875 0.175 0.19765625
0 0.534375 0.63359375 0.1375 0.16875
0 0.42421875 0.703125 0.134375 0.16484375
0 0.28046875 0.70859375 0.1578125 0.2203125
0 0.47734375 0.92421875 0.10546875 0.13359375
0 0.7984375 0.96875 0.096875 0.06171875
0 0.39140625 0.40859375 0.1921875 0.24765625
0 0.16484375 0.2 0.08515625 0.09453125
0 0.48515625 0.07265625 0.146875 0.1453125
0 0.7390625 0.36953125 0.1109375 0.17578125
0 0.78828125 0.4890625 0.1 0.1421875
0 0.84140625 0.6015625 0.10625 0.14140625
0 0.415625 0.58515625 0.0953125 0.10546875
0 0.78046875 0.025 0.14765625 0.05