2 0.63984375 0.63046875 0.128125 0.12109375
2 0.59296875 0.43984375 0.115625 0.1484375
2 0.5046875 0.50703125 0.084375 0.12109375
2 0.49375 0.39765625 0.07578125 0.09375
2 0.609375 0.23671875 0.08203125 0.128125
2 0.67734375 0.16640625 0.08671875 0.1375
2 0.7375 0.25 0.14140625 0.146875
2 0.371875 0.18515625 0.103125 0.14140625
2 0.290625 0.25 0.12109375 0.146875
2 0.32109375 0.39765625 0.12265625 0.15390625
2 0.42578125 0.6640625 0.09453125 0.1296875
2 0.325 0.64765625 0.0984375 0.14765625
2 0.31796875 0.8421875 0.09921875 0.13515625
2 0.359375 0.9421875 0.13046875 0.115625
2 0.26171875 0.96796875 0.08515625 0.0640625
2 0.10859375 0.8234375 0.11640625 0.16484375
2 0.05390625 0.9484375 0.1078125 0.103125
2 0.24453125 0.72421875 0.07890625 0.11328125
2 0.08984375 0.6328125 0.09140625 0.11328125
2 0.03359375 0.68828125 0.0671875 0.11953125
2 0.084375 0.4984375 0.07890625 0.09375
2 0.15859375 0.40078125 0.11484375 0.153125
2 0.96640625 0.0765625 0.0671875 0.153125
2 0.9796875 0.86796875 0.03984375 0.1296875
2 0.95078125 0.9734375 0.0984375 0.053125
2 0.3140625 0.01640625 0.075 0.03203125
2 0.9484375 0.38203125 0.10234375 0.21875
2 0.53359375 0.06953125 0.21015625 0.13828125
2 0.62890625 0.859375 0.13984375 0.28125