2 0.7098214281249999 0.9486607140625001 0.75 0.9620535718750001 0.7767857140625 0.921875 0.7522321421875 0.8660714281249999 0.7053571421875 0.9040178578125 0.7098214281249999 0.9486607140625001
2 0.671875 0.8080357140625001 0.6183035718750001 0.8258928578125 0.5892857140625 0.8683035718750001 0.6116071421875 0.953125 0.6473214281249999 0.9665178578125 0.6919642859375 0.9397321421875 0.7053571421875 0.8816964281249999 0.6964285718750001 0.828125 0.671875 0.8080357140625001
2 0.5870535718750001 0.6428571421875 0.5223214281249999 0.7075892859375 0.5267857140625 0.7924107140625 0.5803571421875 0.8549107140625001 0.6517857140625 0.7924107140625 0.6607142859375 0.7611607140625 0.6517857140625 0.6808035718750001 0.5870535718750001 0.6428571421875
2 0.5089285718750001 0.9486607140625001 0.5446428578125 0.9754464281249999 0.5669642859375 0.9084821421875 0.5334821421875 0.8839285718750001 0.5089285718750001 0.9084821421875 0.5089285718750001 0.9486607140625001
2 0.444196428125 0.8705357140625001 0.41071428593750003 0.9084821421875 0.40625 0.953125 0.43526785781250005 0.9955357140625001 0.459821428125 0.9977678578125 0.491071428125 0.9799107140625001 0.5044642859375 0.9129464281249999 0.47991071406249997 0.875 0.444196428125 0.8705357140625001
2 0.27455357187499996 0.78125 0.25446428593750003 0.8013392859374999 0.25892857187499996 0.8727678578125 0.29241071406249997 0.90625 0.32142857187499996 0.9084821421875 0.34821428593750003 0.8727678578125 0.34821428593750003 0.8191964281249999 0.32366071406249997 0.7857142859375 0.27455357187499996 0.78125
2 0.2008928578125 0.9754464281249999 0.2209821421875 1 0.25 0.9977678578125 0.28125 0.9665178578125 0.28571428593750003 0.9174107140625001 0.22544642812500001 0.8660714281249999 0.2008928578125 0.9754464281249999
2 0.8348214281249999 0.7924107140625 0.8348214281249999 0.8370535718750001 0.8839285718750001 0.8504464281249999 0.9241071421875 0.7790178578125 0.9040178578125 0.71875 0.84375 0.7433035718750001 0.8348214281249999 0.7924107140625
2 0.7522321421875 0.6473214281249999 0.7276785718750001 0.6763392859375 0.7321428578125 0.7700892859375 0.7566964281249999 0.8035714281249999 0.7991071421875 0.8013392859374999 0.8303571421875 0.7834821421875 0.8348214281249999 0.7075892859375 0.8058035718750001 0.6607142859375 0.7522321421875 0.6473214281249999
2 0.8214285718750001 0.6183035718750001 0.8125 0.6540178578125 0.8415178578125 0.7142857140625 0.8794642859374999 0.7165178578125 0.90625 0.6941964281249999 0.9017857140625001 0.640625 0.859375 0.5982142859375 0.8214285718750001 0.6183035718750001
2 1 0.6183035718750001 0.953125 0.5982142859375 0.9151785718750001 0.640625 0.9151785718750001 0.6897321421875 0.9441964281249999 0.7366071421875 0.9866071421875 0.734375 1 0.7209821421875 1 0.6183035718750001
2 0.7767857140625 0.48883928593750003 0.7678571421875 0.5558035718750001 0.8125 0.5647321421875 0.84375 0.5424107140625 0.8482142859374999 0.49776785781250005 0.796875 0.46875 0.7767857140625 0.48883928593750003
2 0.5848214281249999 0.5870535718750001 0.5848214281249999 0.6227678578125 0.6383928578125 0.640625 0.6607142859375 0.5870535718750001 0.6450892859375 0.5580357140625 0.6138392859375 0.5491071421875 0.5848214281249999 0.5870535718750001
2 0.5 0.6227678578125 0.5044642859375 0.6450892859375 0.5357142859375 0.6629464281249999 0.5669642859375 0.6272321421875 0.5669642859375 0.6049107140625 0.5424107140625 0.5848214281249999 0.5 0.6227678578125
2 0.46428571406249997 0.5334821421875 0.477678571875 0.578125 0.5089285718750001 0.5915178578125 0.5401785718750001 0.5691964281249999 0.5446428578125 0.5290178578125 0.493303571875 0.48660714218749995 0.46428571406249997 0.5334821421875
2 0.008928571875000001 0.765625 0.0357142859375 0.7299107140625 0.040178571875 0.6540178578125 0.0022321421875000002 0.625 0.008928571875000001 0.765625
2 0.13616071406250002 0.40178571406249997 0.11160714218750001 0.430803571875 0.10714285781249999 0.48883928593750003 0.13616071406250002 0.53125 0.165178571875 0.5334821421875 0.196428571875 0.49776785781250005 0.2008928578125 0.44866071406249997 0.16741071406250002 0.40625 0.13616071406250002 0.40178571406249997
2 0.21205357187499999 0.25892857187499996 0.16071428593749998 0.29241071406249997 0.16071428593749998 0.35044642812500004 0.2008928578125 0.3772321421875 0.22544642812500001 0.37053571406249997 0.25 0.33258928593750003 0.2455357140625 0.28794642812500004 0.21205357187499999 0.25892857187499996
2 0.2075892859375 0.0446428578125 0.1696428578125 0.0825892859375 0.165178571875 0.13616071406250002 0.1897321421875 0.1696428578125 0.24107142812500001 0.180803571875 0.27678571406249997 0.149553571875 0.27678571406249997 0.0959821421875 0.2522321421875 0.053571428125 0.2075892859375 0.0446428578125
2 0.35267857187499996 0.10491071406250001 0.3571428578125 0.055803571875 0.32366071406249997 0.008928571875000001 0.27678571406249997 0.0290178578125 0.265625 0.071428571875 0.2388392859375 0.0446428578125 0.2075892859375 0.0446428578125 0.1696428578125 0.0825892859375 0.1741071421875 0.1540178578125 0.2165178578125 0.18303571406250002 0.24107142812500001 0.180803571875 0.27232142812500004 0.1584821421875 0.2790178578125 0.12053571406250001 0.31919642812500004 0.133928571875 0.35267857187499996 0.10491071406250001
2 0.444196428125 0.2455357140625 0.41071428593750003 0.2790178578125 0.40625 0.33705357187499996 0.42410714218749995 0.38169642812500004 0.46428571406249997 0.39508928593750003 0.5089285718750001 0.36383928593750003 0.5178571421875 0.30133928593750003 0.484375 0.25446428593750003 0.444196428125 0.2455357140625
2 0.5379464281249999 0.32142857187499996 0.5089285718750001 0.39955357187499996 0.5334821421875 0.43303571406249997 0.5535714281249999 0.430803571875 0.5848214281249999 0.39955357187499996 0.5892857140625 0.359375 0.5691964281249999 0.3258928578125 0.5379464281249999 0.32142857187499996
2 0.7879464281249999 0.29017857187499996 0.7633928578125 0.3147321421875 0.7589285718750001 0.36383928593750003 0.7834821421875 0.40178571406249997 0.8125 0.39955357187499996 0.84375 0.36383928593750003 0.84375 0.32366071406249997 0.828125 0.2991071421875 0.7879464281249999 0.29017857187499996
2 0.8727678578125 0.19196428593749998 0.8348214281249999 0.2299107140625 0.8303571421875 0.28794642812500004 0.8526785718750001 0.33258928593750003 0.8883928578125 0.3459821421875 0.9330357140625001 0.29241071406249997 0.9330357140625001 0.234375 0.9040178578125 0.196428571875 0.8727678578125 0.19196428593749998
2 0.9375 0.1584821421875 0.9464285718750001 0.1897321421875 0.9910714281249999 0.21205357187499999 1 0.109375 0.9754464281249999 0.102678571875 0.9464285718750001 0.12276785781249999 0.9375 0.1584821421875
2 0.6272321421875 0.31696428593750003 0.5982142859375 0.3415178578125 0.5892857140625 0.421875 0.609375 0.45535714218749995 0.65625 0.462053571875 0.6875 0.430803571875 0.6919642859375 0.36830357187499996 0.6674107140625 0.3303571421875 0.6272321421875 0.31696428593750003