2 0.7278566703125 0.30255038125 0.6954825687499999 0.305413840625 0.6922217921875 0.3903487390625 0.73611079375 0.42371125000000004 0.7640012234375 0.415396065625 0.783576471875 0.3791904484375 0.771745671875 0.33591289375 0.7278566703125 0.30255038125
2 0.6815731765625 0.49963809843749996 0.645051659375 0.47301126875 0.597606334375 0.486441925 0.5825147578125 0.52809926875 0.600744984375 0.5880479015625 0.6314988765625 0.61210681875 0.669324703125 0.6047596890625 0.699803403125 0.55958673125 0.6815731765625 0.49963809843749996
2 0.680187446875 0.6579726406249999 0.7240764484375 0.691335153125 0.7503670234375 0.6788521984375 0.754575503125 0.61507205 0.7222217546875 0.5868453640625 0.6956152796875 0.5922767343750001 0.680187446875 0.6579726406249999
2 0.635330390625 0.6345455234374999 0.6135234859375001 0.6524802046875 0.6093353625 0.6851702093750001 0.636869184375 0.7319837312499999 0.6650755171875 0.7307201296875 0.688818534375 0.6929146562499999 0.6670523375 0.6486690453125 0.635330390625 0.6345455234374999
2 0.7685158328125 0.863161415625 0.7992493703125 0.918310478125 0.8701014546874999 0.8911129109375 0.8470716578124999 0.8186609671875 0.8153497109375 0.8045374453124999 0.7752718703125 0.8247037859375 0.7685158328125 0.863161415625
2 1 0.5678308000000001 0.9911499687499999 0.564905746875 0.96517529375 0.5844402859375 0.9600191140625001 0.627065684375 0.9875529359374999 0.673879209375 1 0.6750919890625 1 0.5678308000000001
2 1 0.40790755 0.9727056140625001 0.3424548015625 0.9569822359375 0.3700089796875 0.967213178125 0.4091187640625 1 0.4141621390625 1 0.40790755
2 0.9160894046875001 0.6558834640625 0.8993979703124999 0.6933730375 0.91059696875 0.722547425 0.9512862562500001 0.7475743984375 0.9817446000000001 0.7334915875 0.9644824296875001 0.66360755625 0.936928253125 0.6478841796875 0.9160894046875001 0.6558834640625
2 0.410226990625 0 0.39819495625 0.0728443078125 0.43566417656249995 0.1206258875 0.47475360625 0.141485090625 0.530850371875 0.131906303125 0.5507618734374999 0.071662125 0.5232533609375001 0 0.410226990625 0
2 0.56891068125 0.25597134062500004 0.5224537687499999 0.2283764546875 0.49584729375 0.23380782656250002 0.47018851875 0.2603939484375 0.48105126093750006 0.3136068984375 0.509553140625 0.350485025 0.5582620671875 0.3652607015625 0.586172853125 0.325855371875 0.56891068125 0.25597134062500004
2 0.48181577343750004 0.614572959375 0.438894828125 0.5712750515625 0.395617275 0.58310585 0.376357928125 0.6263630499999999 0.39458815468749997 0.686311684375 0.4327095296875 0.7171062828125 0.477271040625 0.7023916703124999 0.4962144859375 0.6520828875 0.48181577343750004 0.614572959375
2 0.2630945703125 0.8109067484375 0.23392018281250002 0.822105746875 0.230995659375 0.8830020828125 0.2617495515625 0.907061 0.292839696875 0.9070813546875 0.30984703125 0.8766433640625 0.2906487484375 0.8266301265625 0.2630945703125 0.8109067484375
2 0.15230712500000002 0.6406396359375 0.12123733437499999 0.6095291359375 0.078611934375 0.60437295625 0.047817334375 0.6424943296875 0.0641114515625 0.7223137562499999 0.1105683640625 0.7499086421875 0.144226421875 0.7441613703125001 0.1663695828125 0.7021881265625 0.15230712500000002 0.6406396359375
2 0.21513106249999997 1 0.21651553125 0.9698527390624999 0.16492279062499998 0.9537931046875 0.1459996984375 0.9730117421875001 0.1563595203125 1 0.21513106249999997 1
2 0.6784044 0.9336161828125 0.6450418875 0.9775051843749999 0.7200617453125 0.948707759375 0.6784044 0.9336161828125
2 0.31328041406249996 0.038493384375 0.340834590625 0.0542167625 0.3687250234375 0.045901578124999995 0.39246804062499996 0.008096103125 0.31328041406249996 0.038493384375
2 0.503125 0.92265625 0.2375 0.1546875