2 0.55078125 0.871875 0.1828125 0.209375
2 0.4546875 0.9390625 0.1625 0.121875
2 0.46015625 0.79296875 0.1828125 0.203125
2 0.35546875 0.78515625 0.1546875 0.1796875
2 0.48046875 0.653125 0.1734375 0.1921875
2 0.3390625 0.6828125 0.1640625 0.1734375
2 0.18203125 0.73125 0.1359375 0.1546875
2 0.08828125 0.7953125 0.1765625 0.190625
2 0.02890625 0.66796875 0.0578125 0.1640625
2 0.2109375 0.4421875 0.159375 0.1796875
2 0.44921875 0.4734375 0.1625 0.18125
2 0.59296875 0.43671875 0.2 0.23125
2 0.68046875 0.65703125 0.18125 0.1984375
2 0.80625 0.615625 0.15 0.1703125
2 0.73046875 0.50390625 0.1953125 0.21875
2 0.83515625 0.4734375 0.1265625 0.1484375
2 0.790625 0.36953125 0.15625 0.16875
2 0.88046875 0.29453125 0.125 0.1328125
2 0.846875 0.13359375 0.1234375 0.1015625
2 0.88828125 0.796875 0.11875 0.18125
2 0.80703125 0.97890625 0.0921875 0.0421875
2 0.26171875 0.91875 0.10625 0.078125
2 0.725 0.08671875 0.1453125 0.109375
2 0.16875 0.28984375 0.2234375 0.2578125
2 0.64375 0.91953125 0.215625 0.1609375
2 0.91953125 0.484375 0.1609375 0.209375