2 0.09921875 0.8703125 0.19375 0.196875
2 0.13828125 0.0578125 0.1234375 0.115625
2 0.4125 0.84375 0.146875 0.171875
2 0.3953125 0.69140625 0.1265625 0.159375
2 0.353125 0.4125 0.1484375 0.1734375
2 0.4375 0.55390625 0.1171875 0.1390625
2 0.51484375 0.66796875 0.13125 0.1515625
2 0.5625 0.5421875 0.1234375 0.1515625
2 0.33984375 0.05703125 0.1390625 0.1140625
2 0.44453125 0.06171875 0.1421875 0.1234375
2 0.63203125 0.17734375 0.1828125 0.2109375
2 0.7703125 0.35234375 0.153125 0.1703125
2 0.775 0.21796875 0.165625 0.1625
2 0.94765625 0.68359375 0.0859375 0.1453125
2 0.98125 0.471875 0.0375 0.1125
2 0.621875 0.9703125 0.128125 0.059375
2 0.9578125 0.07578125 0.084375 0.0671875
2 0.46171875 0.74921875 0.1078125 0.128125
2 0.88671875 0.3875 0.11875 0.1984375