0 0.90625 0.75625 0.0890625 0.1015625
0 0.9671875 0.80546875 0.065625 0.0984375
0 0.76484375 0.77421875 0.09375 0.0953125
0 0.57890625 0.82734375 0.0828125 0.090625
0 0.43359375 0.98515625 0.0890625 0.0296875
0 0.73359375 0.88359375 0.171875 0.159375
0 0.6625 0.509375 0.0875 0.103125
0 0.75078125 0.23046875 0.115625 0.1375
0 0.609375 0.534375 0.0828125 0.0875
0 0.453125 0.41953125 0.1515625 0.1671875
0 0.35546875 0.421875 0.090625 0.1046875
0 0.4203125 0.2828125 0.1484375 0.1609375
0 0.48828125 0.221875 0.0890625 0.0984375
0 0.44140625 0.053125 0.078125 0.0875