2 0.4171875 0.42734375 0.134375 0.1515625
2 0.4609375 0.60703125 0.1546875 0.16875
2 0.553125 0.5734375 0.159375 0.18125
2 0.5484375 0.7015625 0.2015625 0.2078125
2 0.40078125 0.97890625 0.1515625 0.0421875
2 0.628125 0.31796875 0.15625 0.1703125
2 0.68671875 0.45859375 0.1921875 0.2140625
2 0.7546875 0.37109375 0.1921875 0.2078125
2 0.80078125 0.4921875 0.1578125 0.165625
2 0.7203125 0.915625 0.1203125 0.0984375
2 0.11875 0.61171875 0.2375 0.2671875
2 0.49609375 0.1 0.2609375 0.2
2 0.54609375 0.89296875 0.1984375 0.2140625