2 0.7949095453125 0.3695877515625 0.7918501906250001 0.329277853125 0.770321365625 0.3061910171875 0.7384671968750001 0.322946671875 0.7561293234375001 0.3928020546875 0.7949095453125 0.3695877515625
2 0.641346678125 0.4178293 0.6693341484374999 0.44784218906250006 0.709644046875 0.44478283437500005 0.740280140625 0.39894909843750004 0.733226625 0.3450987015625 0.6941631375 0.3124655265625 0.66230896875 0.32922118125 0.6429046921875 0.3732136390625 0.641346678125 0.4178293
2 0.659603675 0.534609028125 0.6918969109375 0.569239284375 0.7142047421875 0.570018290625 0.74437343125 0.537569253125 0.7463988484375 0.4795688921875 0.7293315921875 0.45663785625 0.6734841125 0.4569211234375 0.657167525 0.47645286562500005 0.659603675 0.534609028125
2 0.8497655421875001 0.525615103125 0.8764074734375 0.466240865625 0.846578721875 0.42499616093750003 0.8102629875 0.44159601562499995 0.8040876062500001 0.49051744218750004 0.8497655421875001 0.525615103125
2 1 0.45167712031249996 0.98566628125 0.40751817187499995 0.94903894375 0.4330411578125 0.95440698125 0.47119817187499996 0.981020578125 0.476594546875 1 0.4588959484375 1 0.45167712031249996
2 1 0.23093440156249997 0.9734288640625 0.24627858281249998 1 0.3106048765625 1 0.23093440156249997
2 1 0.136750875 0.9774796984374999 0.1302778625 0.9370139999999999 0.1377987828125 0.93068281875 0.1911817765625 0.950058759375 0.21195992968750002 1 0.21370391562500002 1 0.136750875
2 0.8358001906249999 0.09406125625 0.8685608296874999 0.11530681406250001 0.8982621171874999 0.09624247500000001 0.8851890203125 0.08685193906250001 0.896604975 0.01577848125 0.83645173125 0.01144438125 0.82428510625 0.040055059375 0.8358001906249999 0.09406125625
2 0.6085435796875001 0.1419628671875 0.644236109375 0.143209278125 0.6607084984375 0.11921596875 0.63995868125 0.0738212984375 0.6199595343750001 0.0708894109375 0.594252409375 0.10349424843749999 0.6085435796875001 0.1419628671875
2 0.3671516015625 0.14693429375 0.398382565625 0.148024903125 0.4237780875 0.1243431953125 0.42580350468750006 0.0663428359375 0.3827458546875 0.0201691609375 0.328272253125 0.0450689421875 0.32733744531250003 0.0718383390625 0.3671516015625 0.14693429375
2 0.15480936875 0.2154582578125 0.1797374859375 0.20516125000000002 0.185912865625 0.15623982187500002 0.17808034374999998 0.12469725625000001 0.14747258593749998 0.1057603828125 0.11593002031249999 0.11359290468750001 0.10959883749999999 0.1669758984375 0.15480936875 0.2154582578125
2 0.25212814687499996 0.37073493750000003 0.2772120640625 0.3559763640625 0.2793932828125 0.2935144375 0.240329796875 0.2608812625 0.21755456093749997 0.27348695312500004 0.21091177656250001 0.335793078125 0.25212814687499996 0.37073493750000003
2 0.24885631875 0.464427828125 0.2886988109375 0.4747531734375 0.305638603125 0.4373751640625 0.2808946234375 0.3784399953125 0.2448904921875 0.3861167171875 0.23409774374999998 0.43934390937499995 0.24885631875 0.464427828125
2 0.24327580625 0.5602736 0.2717306828125 0.576901790625 0.3065167390625 0.5401469875 0.29069589218749997 0.48152342187499997 0.2573120453125 0.478124128125 0.23606648749999998 0.5108847703125 0.24327580625 0.5602736
2 0.1385635734375 0.424840265625 0.17840606718750002 0.435165609375 0.2010538375 0.3622508734375 0.1538462234375 0.3069982640625 0.12183625468749999 0.32821548749999996 0.115505071875 0.3815984796875 0.1385635734375 0.424840265625
2 0.0264012140625 0.43879149687499996 0.052859007812500004 0.4486494375 0.0881124703125 0.3985099359375 0.05444535625 0.3392631640625 0.017973821875 0.360324584375 0.0074926765625 0.4046286453125 0.0264012140625 0.43879149687499996
2 0.0571081015625 0.5828080265625 0.0838774984375 0.583742834375 0.11067523125 0.51990703125 0.0719233484375 0.47835072343749996 0.0448423484375 0.48633904687499996 0.029743834375 0.534948871875 0.0571081015625 0.5828080265625
2 0.06934551875 0.7440476140625 0.0899678703125 0.7291332390624999 0.0961432515625 0.6802118109374999 0.0664703015625 0.634505540625 0.043850867187499996 0.642649665625 0.032746517187500004 0.7047999890625001 0.06934551875 0.7440476140625
2 0.15074431875 0.7156210749999999 0.18596944375 0.7302521828125 0.20431144843750002 0.6527200796875 0.174482696875 0.611475375 0.133705396875 0.627919428125 0.1276858171875 0.6723792890625 0.15074431875 0.7156210749999999
2 0.6012774953125 0.9256688390625 0.6201860328125 0.959831690625 0.656190165625 0.9521549703125001 0.6820530921875 0.9150885640625 0.656997509375 0.8650765281250001 0.6325367953125001 0.8619888390625 0.6069854718750001 0.8901321109375001 0.6012774953125 0.9256688390625
2 0.8869735328124999 0.9311785578125 0.9149610062500001 0.9611914468749999 0.9372688359374999 0.9619704546875001 0.9631317625 0.9249040468749999 0.960384009375 0.87567101875 0.938699384375 0.8570457484375 0.9142386703125001 0.85395805625 0.8883757453125 0.8910244625000001 0.8869735328124999 0.9311785578125
2 0.6198319734375 0.7141339484375 0.646912975 0.706145625 0.66815853125 0.6733849843749999 0.66956074375 0.6332308875 0.6352704265625 0.5918303828125 0.584635184375 0.6347322281250001 0.5876945390625 0.6750421265625 0.6198319734375 0.7141339484375
2 0.564820175 0.5625681640625 0.5928076453125 0.5925810515625 0.6366726390624999 0.5516762859375001 0.6210075921875 0.4885911546875 0.5919295109375 0.48980922812500005 0.5662223875 0.5224140671875 0.564820175 0.5625681640625
2 0.502825653125 0.547002246875 0.540203659375 0.5639420390625001 0.5625398265625 0.4999504359375 0.5284053109375 0.4540883625 0.49670694375 0.46638245312500004 0.4865374 0.5017633781249999 0.502825653125 0.547002246875
2 0.45833745625000005 0.605753278125 0.48803874062499997 0.5866889390625001 0.498208284375 0.5513080109375 0.4602354078125 0.48744387343750006 0.437304371875 0.5045111296875 0.42573261562500003 0.580046153125 0.45833745625000005 0.605753278125
2 0.5797912234375 0.45364929531250003 0.610866384375 0.45920147031249997 0.6316445390625 0.4398255296875 0.633358353125 0.3907483 0.603218 0.358426728125 0.576137 0.366415053125 0.5610384859375 0.41502487656250003 0.5797912234375 0.45364929531250003
2 0.47367677812500003 0.35837005624999996 0.49751428750000004 0.3793040109375 0.535827103125 0.36947440781249996 0.56493351875 0.303485721875 0.5351047671875 0.2622410171875 0.5060266875 0.2634590921875 0.46615585781249996 0.31790435625 0.47367677812500003 0.35837005624999996
2 0.5906123062499999 0.33565149375000003 0.6101440499999999 0.35196808125 0.6633995781250001 0.29799021875 0.633726628125 0.2522839484375 0.6044927453125 0.25796358750000004 0.5878645546875 0.2864184625 0.5906123062499999 0.33565149375000003
2 0.372972828125 0.5558687078125 0.40158350625 0.56803533125 0.42760223125 0.526507359375 0.42900444374999996 0.4863532640625 0.39440252343750004 0.4538758890625 0.3719388921875 0.45755844999999995 0.3565287765625 0.51509140625 0.372972828125 0.5558687078125
2 0.371875 0.79375 0.1859375 0.19375
2 0.76015625 0.659375 0.1578125 0.2265625