1 0.840625 0.9140625 0.10390625 0.17109375
1 0.67421875 0.7546875 0.1109375 0.1421875
1 0.484375 0.6375 0.115625 0.15390625
1 0.3984375 0.875 0.1125 0.17265625
1 0.2234375 0.6453125 0.10234375 0.15234375
1 0.09453125 0.83203125 0.1109375 0.1265625
1 0.0234375 0.6859375 0.046875 0.1625
1 0.03125 0.2890625 0.0625 0.121875
1 0.41875 0.3046875 0.09609375 0.1265625
1 0.52265625 0.359375 0.103125 0.1203125
1 0.67890625 0.38671875 0.10234375 0.15625
1 0.8046875 0.2828125 0.1 0.12734375
1 0.784375 0.03046875 0.11640625 0.0609375
1 0.58671875 0.14765625 0.13203125 0.1515625
1 0.3359375 0.05390625 0.10546875 0.1078125