2 0.7620720234375 0.6603464765625 0.77046971875 0.6117571765625 0.7511064359375 0.5719055359375 0.716609084375 0.5626619984375 0.685381784375 0.5843361640625 0.6501822749999999 0.6812051640625 0.6780565734375 0.697917596875 0.7175986140624999 0.6969584328125 0.7620720234375 0.6603464765625
2 0.684535940625 0.570244215625 0.6717957125 0.5229236796875 0.6427659718750001 0.510523415625 0.613849553125 0.52357324375 0.5683340234375 0.5899474609375 0.57171739375 0.6463152562500001 0.6145294828125001 0.6762737953125 0.652802759375 0.6541767078125 0.684535940625 0.570244215625
2 0.79335191875 0.47461361562500004 0.7857697015625 0.44254046875 0.736644159375 0.4016467078125 0.6921707500000001 0.438258665625 0.680616328125 0.48138035468749996 0.6965132828125 0.5341685015625 0.7314335546875 0.5504580125 0.77517444375 0.5252041984375 0.79335191875 0.47461361562500004
2 0.6037298109375 0.44922425156249995 0.582168965625 0.4434470390625 0.5146696703125 0.4969980734375 0.5380355203125 0.556409275 0.565486896875 0.56607573125 0.613849553125 0.52357324375 0.6219376484375 0.4933880609375 0.6037298109375 0.44922425156249995
2 0.6309545437499999 0.40799052500000005 0.6248677328125 0.44795548749999997 0.6449635359375 0.476448984375 0.6956370765625 0.42532215781250005 0.6985671609375 0.3798895859375 0.680049721875 0.35412989375000004 0.6309545437499999 0.40799052500000005
2 0.6004597625 0.4183065484375 0.6410439234374999 0.38758512343749996 0.6537537875 0.3401512671875 0.6159863890625 0.2999900265625 0.5504883781250001 0.3633208375 0.6004597625 0.4183065484375
2 0.5419773609375 0.386460046875 0.5204165171875 0.38068283593749996 0.4857228875 0.4152935078125 0.4776347921875 0.4454786890625 0.504044046875 0.484907409375 0.55556343125 0.44787253125 0.5636515265625001 0.41768735 0.5419773609375 0.386460046875
2 0.7547912703125 0.2563017296875 0.7408955984375 0.21329336250000003 0.7161780281250001 0.20204854062500002 0.67201421875 0.22025638125000002 0.651525859375 0.279471303125 0.666576971875 0.3181675 0.6940283484374999 0.3278339578125 0.7334570671875 0.3014247046875 0.7547912703125 0.2563017296875
2 0.875139440625 0.3763625296875 0.86355465625 0.324729825 0.8313681890625 0.30686195 0.8024517703124999 0.319911778125 0.7756499578125 0.368191478125 0.78018876875 0.420247103125 0.8100643515625 0.4467393171875 0.8460267453125001 0.43326656718749995 0.875139440625 0.3763625296875
2 0.5358379578125 0.590483703125 0.5081599375 0.5299170609375 0.49091126249999995 0.5252952921875 0.44559201093749995 0.5478153 0.4130129875 0.6176558437499999 0.45362751250000005 0.6816888140625 0.47360999374999996 0.68473221875 0.520817209375 0.6465418984375 0.5358379578125 0.590483703125
2 0.4292195421875 0.652039875 0.407658696875 0.6462626640625 0.370963784375 0.67109355625 0.3536321515625 0.7357760890625 0.3929779140625 0.778671134375 0.4324066328125 0.752261878125 0.45173955 0.697359125 0.4292195421875 0.652039875
2 0.361493603125 0.6546907234375 0.3475979328125 0.6116823546875 0.314256025 0.5981266484375001 0.28102743750000003 0.610021034375 0.2507592984375 0.671237240625 0.27812771718749996 0.7502080015625 0.3067345375 0.755562290625 0.3430065296875 0.7236854234375001 0.361493603125 0.6546907234375
2 0.34787716875 0.49852384375 0.36292828125 0.5372200421875 0.3829107625 0.5402634468749999 0.41633562812499997 0.48451485156249996 0.3915047359375 0.4478199390625 0.354809821875 0.47265083125 0.34787716875 0.49852384375
2 0.5193299390624999 0.9280712734375 0.51563696875 0.890107596875 0.48302758125 0.8651937484375001 0.4431759421875 0.8845570281249999 0.42499846718749995 0.9351476125 0.43458196875 0.9770005390625001 0.46950224062499996 0.99329005 0.49684029531249996 0.9775064171875 0.5193299390624999 0.9280712734375
2 0.3660931453125 0.8962551359375001 0.3498865890625 0.8618711078124999 0.31107706875 0.8514721281250001 0.2841619359375 0.8743017343749999 0.267985746875 0.9346720984375001 0.282191015625 0.9592763484375 0.328046509375 0.9692524078125 0.3522278390625 0.9480011625 0.3660931453125 0.8962551359375001
2 0.666842115625 0.8173895625 0.6353052124999999 0.8574678453125 0.6683375218750001 0.88942766875 0.69714061875 0.8509277484375 0.666842115625 0.8173895625
2 0.8659344046875 0.8591817578125 0.8336649796875 0.9106181843750001 0.8899498187500001 0.9765391156250001 0.922188878125 0.8303482953125 0.8659344046875 0.8591817578125
2 0.364105953125 0.274094784375 0.3265651953125 0.284833728125 0.30869732031249997 0.3170201953125 0.31943626406250003 0.3545609515625 0.3457321984375 0.368539578125 0.3719148109375 0.3570681140625 0.392093571875 0.31625730937499996 0.364105953125 0.274094784375
2 0.2983812984375 0.28652541249999997 0.2801734578125 0.242361603125 0.25861261406249997 0.2365843921875 0.212137921875 0.26341656874999997 0.20058349999999997 0.3065382578125 0.2199467796875 0.3463898984375 0.2517103265625 0.3572118 0.28567143437500003 0.3339592703125 0.2983812984375 0.28652541249999997
2 0.1276469578125 0.45800041093750005 0.1169080140625 0.4204596546875 0.089033715625 0.40374722187499995 0.05349424375 0.42426594531250006 0.034161328125 0.4791686984375 0.05036788125 0.513552728125 0.0778192578125 0.5232191859374999 0.1117803671875 0.4999666578125 0.1276469578125 0.45800041093750005
2 0.0742314734375 0.15713811875 0.0499671890625 0.247693665625 0.0853103828125 0.27102915 0.1201173328125 0.2618685703125 0.14923002968750002 0.2049645328125 0.131022190625 0.16080072343750001 0.09768028125 0.1472450171875 0.0742314734375 0.15713811875
2 0.334169640625 0.058093784375 0.30051813125 0.0629421953125 0.265824503125 0.09755286875 0.26258481875 0.1613895578125 0.29677257031250004 0.1890372125 0.345135228125 0.146534725 0.35668964999999997 0.1034130359375 0.334169640625 0.058093784375
2 0.22013361250000002 0 0.217627759375 0.0014467546875 0.2029166125 0.03910083125 0.21092175000000002 0.07821995000000001 0.24079733124999997 0.10471216406249999 0.288004546875 0.06652184375 0.2949372 0.0406488296875 0.2609907 0 0.22013361250000002 0
2 0.433707203125 0 0.40305102187499997 0.0511307671875 0.4055885484375 0.0934066125 0.44724519531249995 0.127677321875 0.48983064218749994 0.106735678125 0.5157866109375 0.044364028124999996 0.48741183593750004 0 0.433707203125 0
2 0.81328125 0.984375 0.1390625 0.03125
2 0.98125 0.56640625 0.0375 0.1015625
2 0.5265625 0.19375 0.1921875 0.2875