0 0.67890625 0.8171875 0.1375 0.17734375
0 0.47734375 0.90390625 0.146875 0.19140625
0 0.3265625 0.81171875 0.1203125 0.18046875
0 0.07421875 0.96875 0.14765625 0.06171875
0 0.02265625 0.7859375 0.04453125 0.17890625
0 0.05234375 0.203125 0.1046875 0.165625
0 0.66171875 0.515625 0.07890625 0.09921875
0 0.7234375 0.37890625 0.13359375 0.16796875
0 0.921875 0.44375 0.08828125 0.11484375
0 0.784375 0.203125 0.08125 0.1078125
0 0.86875 0.10625 0.1640625 0.2125
0 0.665625 0.15859375 0.15703125 0.21640625
0 0.53046875 0.034375 0.14921875 0.06796875