0 0.0203125 0.51328125 0.040625 0.1421875
0 0.046875 0.38671875 0.09375 0.1171875
0 0.20703125 0.4328125 0.1359375 0.1390625
0 0.3140625 0.253125 0.1203125 0.1296875
0 0.24453125 0.19296875 0.10625 0.10625
0 0.165625 0.23984375 0.128125 0.1296875
0 0.48671875 0.6328125 0.23125 0.2453125
0 0.61171875 0.709375 0.0875 0.0921875
0 0.41328125 0.9375 0.1390625 0.125
0 0.58203125 0.959375 0.0984375 0.08125
0 0.90390625 0.234375 0.1734375 0.1890625
0 0.5390625 0.0109375 0.096875 0.021875
0 0.24140625 0.32265625 0.125 0.1265625
0 0.1984375 0.36484375 0.1171875 0.11875
0 0.14765625 0.17734375 0.115625 0.1296875