2 0.88780370625 0.1949486140625 0.9173618875 0.1913165078125 0.8728897078125 0.0626038515625 0.8515288562500001 0.056126184375 0.8294122671874999 0.0736775515625 0.8320958562499999 0.120208740625 0.88780370625 0.1949486140625
2 0.8130638343750001 0.250656465625 0.844534459375 0.2653314578125 0.8765680328125001 0.248921396875 0.8855210953125001 0.214782590625 0.8439252906249999 0.139657146875 0.8168425046875001 0.1305113 0.7920577375 0.1537845984375 0.79740950625 0.19459385625 0.8130638343750001 0.250656465625
2 0.7074162828125 0.260604265625 0.76749656875 0.2886201640625 0.7953350875 0.273736978125 0.8039025796875 0.22548612656250003 0.7871069484375 0.17934050625 0.7539166609375 0.153414434375 0.7079638265625 0.1772660875 0.696342584375 0.217126828125 0.7074162828125 0.260604265625
2 0.42247639687499994 0.1695313640625 0.46233713437499996 0.1811526078125 0.48178554062499995 0.1693231734375 0.4892117265625 0.1309893109375 0.47241609531249995 0.084843690625 0.4495283671875 0.07417096875 0.41463382656250003 0.0892469390625 0.407207640625 0.1275808015625 0.42247639687499994 0.1695313640625
2 0.5087525734375 0.432678609375 0.57379905625 0.487391721875 0.6142227453125 0.4679279078125 0.6277410265625 0.3941211484375 0.6048378921875 0.331195303125 0.554481809375 0.29726468906250003 0.51272403125 0.31958946718750003 0.49653756875 0.399118159375 0.5087525734375 0.432678609375
2 0.666699465625 0.57947476875 0.7309748078125 0.6059637890625 0.7792102515625 0.562278159375 0.778423703125 0.4818009484375 0.7368278984375001 0.40667550468749997 0.69257931875 0.38952511562500003 0.6397632453125001 0.42062557656250005 0.62738626875 0.48451534843750005 0.666699465625 0.57947476875
2 0.7135545999999999 0.3818907375 0.755327784375 0.4118190796875 0.783166303125 0.39693589375 0.79020691875 0.3444899859375 0.7764650390625001 0.3067344796875 0.743660321875 0.2949204515625 0.7114339609375 0.30427449218749997 0.70133959375 0.34833028593750004 0.7135545999999999 0.3818907375
2 0.78755414375 0.402465040625 0.8024373296875 0.430303559375 0.8537419328125001 0.4472611640625 0.886724028125 0.4138780921875 0.8844260109375 0.381458946875 0.870298559375 0.3295913953125 0.8287181609375001 0.3067190734375 0.7940164046875 0.328851065625 0.8031776578125 0.3540214046875 0.78755414375 0.402465040625
2 0.8104880921875001 0.5698971312500001 0.85034883125 0.5815183734375 0.9260372234375 0.5088375125 0.9199297203125001 0.49205728593750003 0.824183753125 0.4508932703125 0.7866210328125 0.47169117343750006 0.7822485968749999 0.5184151499999999 0.8104880921875001 0.5698971312500001
2 0.9085320765624999 0.6434802921875 0.945339065625 0.646711421875 0.9680186000000001 0.5980749999999999 0.95274984375 0.5561244375000001 0.921086434375 0.5343934203125 0.9014452421874999 0.53916683125 0.87876570625 0.5878032546874999 0.9085320765624999 0.6434802921875
2 0.63509768125 0.7667562421875 0.6780121703125 0.7867675968750001 0.7106086953124999 0.7392724796875 0.6968668140625 0.7015169734375 0.6552864140625 0.6786446515625 0.6356452234375001 0.6834180640625 0.619828925 0.724805678125 0.63509768125 0.7667562421875
2 0.5881347 0.59856841875 0.6268541328125 0.6201066484375 0.6546926515625 0.6052234624999999 0.6609775328125 0.5768065874999999 0.6365475234375 0.5096856875 0.6136597953125 0.4990129625 0.5760970734375 0.5198108671874999 0.5671440125 0.5539496734375 0.5881347 0.59856841875
2 0.5070791328124999 0.5781868984375 0.5593322546875 0.5781714906250001 0.5644604234374999 0.507418484375 0.5408015546875 0.46852167031249997 0.50380178125 0.45823451875 0.4650977546875 0.4889494109375 0.46492037656249996 0.5341465109375 0.5070791328124999 0.5781868984375
2 0.5246613124999999 0.7048097296875 0.5669974468750001 0.7036530171875001 0.5805311359374999 0.6820993796875 0.5629643609375 0.607729671875 0.4931598734375 0.585628490625 0.4718144265625 0.631403946875 0.4828881265625 0.6748813859375 0.5246613124999999 0.7048097296875
2 0.5475798546874999 0.8199886968750001 0.571015125 0.7473232421875 0.55193688125 0.7210115984375001 0.4992981875 0.7069149609375 0.477567171875 0.7385783734375 0.4901677484375 0.78625086875 0.5475798546874999 0.8199886968750001
2 0.5844022484375 0.8754729484375 0.6357068499999999 0.8924305531250001 0.6608771890625 0.8832693 0.672112859375 0.8292965171875 0.6656197859375 0.798404246875 0.615263703125 0.76447363125 0.573505925 0.7867984109374999 0.5649384359375 0.8350492624999999 0.5844022484375 0.8754729484375
2 1 0.7284169328125001 0.9815985109375 0.7332807296875 0.9688359625 0.78305845625 1 0.8271461921875 1 0.7284169328125001
2 0.51209125 1 0.493653290625 0.9655123921875 0.4650436296875 0.9521714875 0.425391084375 0.9998593906250001 0.42543598437499996 1 0.51209125 1
2 0.1973003515625 0.973609375 0.23868796718750002 0.9894256734375 0.276057903125 0.9615717484375 0.29148863125 0.9060720890624999 0.2781323203125 0.882428625 0.22243987656250003 0.8599418765625 0.19326726875 0.8776860281250001 0.17745096875 0.919073640625 0.1973003515625 0.973609375
2 0.2241133171875 0.7144335875000001 0.2550055875 0.7079405140625 0.28226575 0.6718892624999999 0.2750015359375 0.612772903125 0.1845919296875 0.560165021875 0.15561210625 0.584965196875 0.16936939374999999 0.6749738265625 0.2241133171875 0.7144335875000001
2 0.24293714843749997 0.52467671875 0.277461525 0.547741825 0.3163583375 0.52408295625 0.32264321875 0.4956660828125 0.3058475859375 0.44952046250000005 0.27151599375 0.43351137812499996 0.235094578125 0.44439229375 0.226141515625 0.4785310984375 0.24293714843749997 0.52467671875
2 0.36902784375 0.6426858390625 0.39018050312499997 0.5898543609375 0.355077771875 0.5456211875 0.32076158593750004 0.581865225 0.3360303421875 0.6238157890625 0.36902784375 0.6426858390625
2 0.271323209375 0.42645535625 0.3081147890625 0.37743336250000004 0.294372909375 0.33967785625 0.254319384375 0.3210005921875 0.21103473125 0.3391303140625 0.20474985 0.3675471890625 0.271323209375 0.42645535625
2 0.15625 0.94609375 0.084375 0.1078125
2 0.25390625 0.18359375 0.2140625 0.2140625
2 0.93203125 0.42109375 0.1359375 0.2546875
2 0.609375 0.06171875 0.1875 0.1234375