2 0.36953125 0.0609375 0.2015625 0.121875
2 0.58515625 0.05859375 0.1390625 0.1171875
2 0.74609375 0.11484375 0.121875 0.1203125
2 0.62578125 0.2765625 0.1796875 0.2
2 0.52421875 0.48203125 0.1609375 0.18125
2 0.45546875 0.39375 0.1359375 0.15
2 0.23984375 0.3921875 0.1640625 0.18125
2 0.13984375 0.378125 0.1265625 0.1390625
2 0.06171875 0.38359375 0.1234375 0.1765625
2 0.8015625 0.38203125 0.1390625 0.1484375
2 0.8296875 0.47890625 0.165625 0.1796875
2 0.9375 0.390625 0.125 0.23125
2 0.82890625 0.62421875 0.1265625 0.134375
2 0.79140625 0.7515625 0.1796875 0.2015625
2 0.690625 0.74609375 0.1484375 0.159375
2 0.68046875 0.89296875 0.121875 0.13125
2 0.5140625 0.81875 0.1453125 0.15625
2 0.38125 0.72265625 0.159375 0.1640625
2 0.434375 0.9171875 0.15625 0.165625
2 0.5046875 0.9375 0.1375 0.125
2 0.7328125 0.97265625 0.1375 0.0546875
2 0.03828125 0.75 0.0765625 0.13125
2 0.1484375 0.14765625 0.103125 0.1375
2 0.33984375 0.95234375 0.1328125 0.0953125