3 0.0453125 0.04765625 0.08984375 0.0953125
3 0.04609375 0.6984375 0.09140625 0.1453125
3 0.23359375 0.59296875 0.121875 0.1578125
3 0.28359375 0.5015625 0.0796875 0.096875
3 0.0203125 0.7953125 0.040625 0.121875
3 0.03828125 0.91640625 0.075 0.1078125
3 0.40625 0.67734375 0.1265625 0.11953125
3 0.4078125 0.29296875 0.1046875 0.1546875
3 0.64375 0.25234375 0.07734375 0.09453125
3 0.77734375 0.3796875 0.10546875 0.14609375
3 0.7984375 0.740625 0.10234375 0.125
3 0.93515625 0.7546875 0.1078125 0.165625