2 0.93984375 0.5328125 0.090625 0.13984375
2 0.8625 0.4546875 0.08125 0.140625
2 0.91484375 0.121875 0.06953125 0.09375
2 0.57578125 0.1375 0.09765625 0.1421875
2 0.49921875 0.14140625 0.078125 0.09609375
2 0.509375 0.2703125 0.10234375 0.134375
2 0.45 0.43515625 0.1125 0.16796875
2 0.5640625 0.65859375 0.10234375 0.1375
2 0.4984375 0.734375 0.103125 0.1375
2 0.40703125 0.73359375 0.103125 0.14296875
2 0.39765625 0.8609375 0.08984375 0.11015625
2 0.29609375 0.81171875 0.09140625 0.10546875
2 0.303125 0.29609375 0.0921875 0.10859375
2 0.25078125 0.196875 0.121875 0.1421875
2 0.2140625 0.325 0.103125 0.12578125
2 0.1453125 0.4171875 0.090625 0.11875
2 0.13203125 0.28984375 0.08046875 0.12890625
2 0.02734375 0.27734375 0.05390625 0.09609375
2 0.028125 0.96171875 0.05625 0.0765625
2 0.6125 0.0390625 0.09375 0.078125
2 0.5375 0.03359375 0.065625 0.0671875
2 0.8453125 0.971875 0.0953125 0.05546875
2 0.10859375 0.97890625 0.0828125 0.04140625
2 0.0171875 0.83203125 0.034375 0.1140625
2 0.3390625 0.084375 0.17421875 0.16875
2 0.1484375 0.021875 0.1171875 0.04375