2 0.65703125 0.5375 0.1515625 0.1921875
2 0.55 0.50859375 0.13125 0.1890625
2 0.92890625 0.64453125 0.1375 0.2046875
2 0.959375 0.4125 0.08125 0.184375
2 0.6234375 0.20390625 0.1125 0.1296875
2 0.521875 0.2078125 0.1484375 0.171875
2 0.50546875 0.3421875 0.14375 0.1734375
2 0.4890625 0.10390625 0.1328125 0.153125
2 0.32890625 0.40859375 0.1296875 0.146875
2 0.365625 0.5125 0.171875 0.18125
2 0.121875 0.875 0.1578125 0.134375
2 0.7921875 0.67421875 0.1890625 0.203125
2 0.03515625 0.5078125 0.0703125 0.1625
2 0.72578125 0.06015625 0.1140625 0.065625
2 0.759375 0.17890625 0.2265625 0.259375
2 0.321875 0.67421875 0.1953125 0.271875