2 0.2234756625 0.6864076703124999 0.1687547609375 0.61985325 0.1276096484375 0.6187965265625001 0.0924453328125 0.6583390921875 0.0816568921875 0.720062584375 0.1130935734375 0.7785111203125 0.1796829234375 0.779010371875 0.2213389328125 0.731884459375 0.2234756625 0.6864076703124999
2 0.0985076359375 0.82778540625 0.066025878125 0.8288887 0.0362732515625 0.8651795984374999 0.037376545312499995 0.8976613562500001 0.11264089531249999 0.9187273421875 0.12288351093750001 0.8499663312499999 0.0985076359375 0.82778540625
2 0.263645559375 0.8574565296875001 0.29611567499999997 0.8379465156249999 0.2879748578125 0.806010584375 0.251161421875 0.806033871875 0.18351535000000002 0.8466797312500001 0.16297190156250002 0.892168165625 0.184653575 0.9343816437499999 0.2339278609375 0.9489675796875 0.255028778125 0.9289233828125001 0.263645559375 0.8574565296875001
2 0.3410699265625 0.8698591609375 0.305940540625 0.96462188125 0.3941999234375 0.9889278921875 0.408774215625 0.9212468906250001 0.3410699265625 0.8698591609375
2 0.59054165625 0.7089131953125001 0.5758975015625001 0.666153890625 0.5369124046875 0.6564338140625 0.4984964234375 0.6905646953125 0.49094800625 0.739293153125 0.5137096875 0.7771749546875 0.5413255875 0.786360846875 0.5808215796875 0.747898290625 0.59054165625 0.7089131953125001
2 0.4421729734375 0.6581178671875 0.4264488109375 0.619690240625 0.40045874687499994 0.613210190625 0.3512193921875 0.6538444078125 0.3404193078125 0.6971611796875 0.3588493140625 0.733962971875 0.40162026093750003 0.7377255375 0.43354454843749995 0.711178003125 0.4421729734375 0.6581178671875
2 0.3133259484375 0.658199371875 0.2986934390625 0.633846784375 0.246190771875 0.6506626 0.2494773703125 0.7112944390625 0.2727615921875 0.7194003234374999 0.30468588125 0.692852790625 0.3133259484375 0.658199371875
2 0.25315843125000004 0.539676465625 0.20876164843749997 0.5332080593749999 0.17900901875 0.5694989546875 0.1747122734375 0.6236391 0.196382303125 0.6474458609375 0.230489896875 0.6490484078125001 0.268905878125 0.614917528125 0.25315843125000004 0.539676465625
2 0.6505345203124999 0.5513353328124999 0.6169611109375001 0.5383635875 0.58070514375 0.5638311125000001 0.5720650765624999 0.59848453125 0.5883234203125001 0.6255429593749999 0.633266028125 0.6390488875 0.65977863125 0.6157530234374999 0.6505345203124999 0.5513353328124999
2 0.5832829078125 0.35973138125 0.5329402578125 0.367883840625 0.521071809375 0.43393900937499996 0.5427418390625001 0.45774576875 0.5936186718750001 0.43822411250000004 0.6044187562500001 0.394907340625 0.5832829078125 0.35973138125
2 0.9092503609374999 0.4548070578125 0.8621593796875 0.4683712015625 0.8524393046875 0.5073562984375 0.8730293250000001 0.5354947343750001 0.912002778125 0.5268080937499999 0.9228028625 0.4834913203125 0.9092503609374999 0.4548070578125
2 1 0.4958372984375 0.9655738109374999 0.487253884375 0.9390612062500001 0.51054975 0.93258115625 0.5365398140625001 0.9510111609375 0.57334160625 0.99864796875 0.5668149812500001 1 0.5613922796875 1 0.4958372984375
2 1 0.39075091875 0.9828306578125 0.3811336109375 0.9552264046875001 0.390354434375 0.9368429734375001 0.4271795140625 0.9531129609375 0.47264466250000003 1 0.470103109375 1 0.39075091875
2 0.6151140500000001 0.1859301046875 0.591818184375 0.1594175015625 0.560416434375 0.1561891203125 0.53390383125 0.1794849859375 0.517703703125 0.24446014531250002 0.529630371875 0.270438565625 0.5821446828125 0.2720294703125 0.6097372953125 0.244401928125 0.6151140500000001 0.1859301046875
2 0.5187604265625 0.20331503281250002 0.50195625625 0.1692190828125 0.48462954687500004 0.1648990484375 0.44729357187499996 0.1946982515625 0.43433347031249997 0.2466783796875 0.4505918140625 0.2737368078125 0.479287721875 0.278591025 0.5047203171875 0.25962683750000004 0.5187604265625 0.20331503281250002
2 0.4407902328125 0.1838748796875 0.42181440312499996 0.14003556875 0.400156015625 0.134635525 0.368231728125 0.161183059375 0.35743164374999997 0.2044998328125 0.38019332499999997 0.2423816328125 0.413220909375 0.24831585781249998 0.43432182656249996 0.2282716609375 0.4407902328125 0.1838748796875
2 0.38507082812500004 0.2504991609375 0.34066240312499996 0.2256240359375 0.309818121875 0.24783989218750002 0.29576636875 0.28574498125000003 0.32936306718749997 0.3355301609375 0.37483985625 0.3376668921875 0.3986233296875 0.279183425 0.38507082812500004 0.2504991609375
2 0.1103975796875 0 0.0931760375 0.10180588125000001 0.129455290625 0.113151790625 0.1496286078125 0.107276725 0.1613795796875 0.0866042578125 0.1700080046875 0.033544120312499995 0.154869184375 0 0.1103975796875 0
2 0.264236540625 0.080042703125 0.240940675 0.05353009843749999 0.18736964375 0.0930843078125 0.1776612109375 0.15047612187499998 0.189587878125 0.1764545421875 0.2226154625 0.1823887671875 0.262111453125 0.1439262109375 0.264236540625 0.080042703125
2 0.015625 0.85625 0.03125 0.075
2 0.07109375 0.2203125 0.0640625 0.1390625