2 0.45489937812500003 0.6915063421875 0.48489404062499997 0.6627965515625001 0.49264619062500004 0.6188319203125 0.4758301859375 0.5728018375 0.442469103125 0.5691859546875 0.4166107125 0.5872921953125 0.40291166875 0.6392745390625 0.4248993515625 0.6816833734375 0.45489937812500003 0.6915063421875
2 0.2751862421875 0.83661109375 0.3139738296875 0.8094517328125 0.323276409375 0.7566941734375 0.299217909375 0.7003207359375 0.2622355796875 0.691533175 0.21129401250000002 0.7233491937500001 0.2071631109375 0.772485503125 0.226825146875 0.828083728125 0.2751862421875 0.83661109375
2 0.21492599375000002 0.805586390625 0.19371352656250002 0.7587810921875 0.17431705 0.75309439375 0.12906754843749998 0.8040466937499999 0.1358003890625 0.8686980390624999 0.1624393625 0.8847280953125001 0.2079490578125 0.845154559375 0.21492599375000002 0.805586390625
2 0.29432789062500003 0.8694517875000001 0.27441102812499996 0.8410075578124999 0.22786055625 0.8350660296875001 0.1885579484375 0.8780006203124999 0.1864978625 0.941101534375 0.25710146875 0.9648837406249999 0.287096128125 0.9361739515625 0.29432789062500003 0.8694517875000001
2 0.54673155 0.8776921265625001 0.5363828265625 0.8464018624999999 0.508193425 0.8391647328125 0.4647491796875 0.8541701125 0.454671384375 0.9113241343749999 0.5030378453125001 0.9583842609375001 0.5402750015625 0.9400178265625 0.54673155 0.8776921265625001
2 0.48440048437499994 0.83270281875 0.5436199578124999 0.8182124609375 0.5560233984375 0.7478690484375 0.523952553125 0.7240814765625 0.4766322328125 0.761069171875 0.48440048437499994 0.83270281875
2 0.5881210765625 0.9643204203125 0.632080340625 0.9335398125 0.6450041703125 0.8859539312500001 0.6318094140625 0.8450955265625 0.5912058359375 0.8311362890625 0.555779303125 0.8520885625 0.5469971109375 0.9276036515625 0.5581210484375 0.9544974515625 0.5881210765625 0.9643204203125
2 0.609295978125 0.7413964015625 0.644462315625 0.7090653625 0.6516940796874999 0.6423432 0.6304816125 0.5955379015625 0.5934992828125 0.586750340625 0.55807275 0.6077026140624999 0.5428232765625001 0.668477884375 0.56041449375 0.7101115046875 0.609295978125 0.7413964015625
2 0.7817773515625001 0.6630138125 0.8197897234375 0.640250915625 0.8342639828125 0.583872109375 0.8130515140625001 0.5370668109375 0.76650104375 0.5311252828125 0.733145328125 0.5660421625 0.7246179625 0.6144032562499999 0.7429843968750001 0.6516404140625001 0.7817773515625001 0.6630138125
2 0.893228628125 0.59653574375 0.9260693218749999 0.57739409375 0.9358922906249999 0.547394065625 0.9154550374999999 0.49619230468750003 0.8916620984374999 0.489730390625 0.8554603500000001 0.515079128125 0.8492586296875 0.5502508328125 0.8632286015625 0.586712775 0.893228628125 0.59653574375
2 0.8454040203125001 0.7263641875 0.835055296875 0.695073925 0.795226934375 0.6767182234375 0.76497208125 0.6940492484375 0.750497821875 0.7504280546875 0.7864501078125 0.790766071875 0.834030621875 0.7651571421875001 0.8454040203125001 0.7263641875
2 0.8891191921875 0.79980309375 0.9258413265625001 0.7972118859374999 0.9573864171875 0.7597091703125 0.961772146875 0.6834188640625001 0.9216835921875 0.6536843984375 0.8867720796875 0.65886144375 0.8552269890625 0.6963641609375 0.8567881515625 0.764636753125 0.8891191921875 0.79980309375
2 0.76338945 0.47164561718750003 0.783306315625 0.5000898484375 0.8220992687500001 0.5114632453125 0.8771771046874999 0.469043678125 0.88880533125 0.40309673124999995 0.87535038125 0.350859559375 0.8272441140625 0.31517819999999996 0.778628190625 0.333804828125 0.7486388984375 0.401047378125 0.76338945 0.47164561718750003
2 0.5820507515625 0.08608465937500001 0.5688559953125 0.0452262546875 0.52023470625 0.025320123437499998 0.492825884375 0.052219290625000005 0.48481890781250003 0.123337915625 0.536286228125 0.1528121890625 0.576624246875 0.1168599015625 0.5820507515625 0.08608465937500001
2 0.4434562140625 0.22937342031250002 0.4571552578125 0.1773910765625 0.4186171328125 0.1388636828125 0.3831906 0.1598159578125 0.366645521875 0.202230159375 0.38061549375000003 0.2386921015625 0.41423676875000004 0.25368674687500004 0.4434562140625 0.22937342031250002
2 1 0.0818286203125 0.9645323156250001 0.0764628515625 0.9691943375 0.1271495921875 0.995058096875 0.1475761109375 1 0.14477331875 1 0.0818286203125
2 0.44687510625 0 0.4597196296875 0.021449414062499998 0.49566655 0.023254671875 0.5236137171874999 0 0.44687510625 0
2 0.362275890625 0.39411874375 0.41140683593749994 0.359716884375 0.42096424375 0.2798053328125 0.40906509062499996 0.25730799531250004 0.363289834375 0.24697000624999998 0.32114119375 0.280336453125 0.30589171875 0.34111172343749996 0.3206369046875 0.3731772015625 0.362275890625 0.39411874375
2 0.32578125 0.56484375 0.1828125 0.1828125
2 0.6546875 0.3484375 0.159375 0.19375
2 0.96484375 0.371875 0.0703125 0.2375
2 0.17890625 0.10234375 0.1609375 0.190625