2 0.15625 0.36328125 0.1171875 0.15703125
2 0.30625 0.0828125 0.125 0.165625
2 0.23828125 0.29609375 0.11484375 0.14453125
2 0.24609375 0.4265625 0.11875 0.14609375
2 0.36875 0.66015625 0.1203125 0.159375
2 0.0546875 0.9015625 0.109375 0.17109375
2 0.5453125 0.3859375 0.15703125 0.1984375
2 0.64765625 0.24453125 0.121875 0.14375
2 0.67265625 0.375 0.1265625 0.1484375
2 0.62109375 0.503125 0.11328125 0.13984375
2 0.8671875 0.6078125 0.1234375 0.1515625
2 0.94765625 0.53828125 0.1046875 0.17578125
2 0.1671875 0.9640625 0.1203125 0.07109375
2 0.94140625 0.94375 0.1171875 0.1125
2 0.975 0.76484375 0.05 0.1390625
2 0.47109375 0.02265625 0.09375 0.04453125
2 0.015625 0.04609375 0.03125 0.0921875
2 0.11484375 0.74140625 0.16796875 0.14296875
2 0.0421875 0.22890625 0.084375 0.1671875
2 0.47578125 0.22734375 0.13125 0.21796875
2 0.5296875 0.7828125 0.16171875 0.17734375