2 0.63515625 0.95390625 0.1328125 0.0921875
2 0.596875 0.88203125 0.0859375 0.1109375
2 0.47421875 0.9328125 0.1546875 0.134375
2 0.515625 0.80390625 0.1328125 0.1640625
2 0.621875 0.74453125 0.1125 0.1296875
2 0.5734375 0.621875 0.1375 0.178125
2 0.67890625 0.63359375 0.1421875 0.1671875
2 0.728125 0.5109375 0.146875 0.1515625
2 0.8703125 0.48359375 0.1359375 0.165625
2 0.94453125 0.3125 0.0875 0.1109375
2 0.828125 0.19296875 0.15 0.175
2 0.7578125 0.1171875 0.1171875 0.140625
2 0.3625 0.34140625 0.159375 0.165625
2 0.309375 0.46640625 0.1609375 0.1703125
2 0.45390625 0.58046875 0.125 0.1640625
2 0.39140625 0.725 0.1515625 0.175
2 0.23359375 0.80703125 0.140625 0.171875
2 0.1 0.8296875 0.090625 0.103125
2 0.0390625 0.79921875 0.078125 0.2140625
2 0.12578125 0.18828125 0.16875 0.20625
2 0.23671875 0.16015625 0.1453125 0.165625
2 0.18359375 0.06953125 0.1484375 0.1390625
2 0.37265625 0.025 0.1390625 0.05
2 0.5734375 0.3859375 0.1765625 0.21875
2 0.8234375 0.834375 0.16875 0.1890625