2 0.7566964281249999 0.625 0.7232142859375 0.6629464281249999 0.7276785718750001 0.7433035718750001 0.7566964281249999 0.7723214281249999 0.7991071421875 0.7745535718750001 0.8348214281249999 0.7299107140625 0.84375 0.6584821421875 0.8102678578125 0.6205357140625 0.7566964281249999 0.625
2 0.7566964281249999 0.48214285781250005 0.7098214281249999 0.5290178578125 0.7098214281249999 0.5870535718750001 0.7254464281249999 0.6160714281249999 0.7678571421875 0.6183035718750001 0.8125 0.5959821421875 0.8214285718750001 0.5424107140625 0.796875 0.49553571406249997 0.7566964281249999 0.48214285781250005
2 0.8482142859374999 0.6897321421875 0.8392857140625001 0.734375 0.84375 0.7700892859375 0.8794642859374999 0.7790178578125 0.9196428578125 0.734375 0.9196428578125 0.6986607140625 0.8950892859374999 0.6696428578125 0.8482142859374999 0.6897321421875
2 0.921875 0.7455357140625 0.8839285718750001 0.7879464281249999 0.8839285718750001 0.828125 0.9040178578125 0.8616071421875 0.9464285718750001 0.8683035718750001 0.96875 0.8415178578125 0.9732142859374999 0.7700892859375 0.9486607140625001 0.7455357140625 0.921875 0.7455357140625
2 0.859375 0.8794642859374999 0.84375 0.9040178578125 0.84375 0.9397321421875 0.8705357140625001 0.9620535718750001 0.8705357140625001 0.9263392859374999 0.9107142859374999 0.9174107140625001 0.8861607140625001 0.875 0.859375 0.8794642859374999
2 0.6294642859375 0.9040178578125 0.625 0.9665178578125 0.6540178578125 1 0.6830357140625 0.9977678578125 0.71875 0.9620535718750001 0.71875 0.9129464281249999 0.6629464281249999 0.8794642859374999 0.6294642859375 0.9040178578125
2 0.5714285718750001 0.7299107140625 0.5669642859375 0.7924107140625 0.6026785718750001 0.8683035718750001 0.6294642859375 0.8861607140625001 0.6696428578125 0.796875 0.6696428578125 0.7566964281249999 0.6227678578125 0.6919642859375 0.5714285718750001 0.7299107140625
2 0.4375 0.765625 0.45535714218749995 0.8504464281249999 0.484375 0.875 0.5133928578125 0.8727678578125 0.5357142859375 0.8370535718750001 0.5357142859375 0.7834821421875 0.45758928593750003 0.7366071421875 0.4375 0.765625
2 0.5401785718750001 0.5691964281249999 0.53125 0.6138392859375 0.5558035718750001 0.65625 0.5848214281249999 0.6629464281249999 0.6160714281249999 0.6361607140625 0.6205357140625 0.5825892859375 0.5736607140625 0.5357142859375 0.5401785718750001 0.5691964281249999
2 0.5803571421875 0.5245535718750001 0.609375 0.5535714281249999 0.6339285718750001 0.5513392859375 0.65625 0.5022321421875 0.609375 0.446428571875 0.5803571421875 0.475446428125 0.5803571421875 0.5245535718750001
2 0.35491071406249997 0.6785714281249999 0.3125 0.7254464281249999 0.3125 0.7745535718750001 0.3415178578125 0.8080357140625001 0.37053571406249997 0.8102678578125 0.41071428593750003 0.7790178578125 0.41071428593750003 0.7477678578125 0.3928571421875 0.6986607140625 0.35491071406249997 0.6785714281249999
2 0.2053571421875 0.6852678578125 0.2053571421875 0.7209821421875 0.234375 0.7678571421875 0.2678571421875 0.7700892859375 0.2946428578125 0.703125 0.27008928593750003 0.6517857140625 0.2388392859375 0.6517857140625 0.2053571421875 0.6852678578125
2 0.13616071406250002 0.6517857140625 0.084821428125 0.703125 0.12276785781249999 0.7633928578125 0.15178571406250002 0.765625 0.178571428125 0.7388392859375 0.18303571406250002 0.6986607140625 0.1696428578125 0.6629464281249999 0.13616071406250002 0.6517857140625
2 0.21205357187499999 0.8258928578125 0.19196428593749998 0.8861607140625001 0.2321428578125 0.9174107140625001 0.25446428593750003 0.8995535718750001 0.25892857187499996 0.859375 0.234375 0.8258928578125 0.21205357187499999 0.8258928578125
2 0.0022321421875000002 0.7410714281249999 0 0.9308035718750001 0.0133928578125 0.9352678578125 0.053571428125 0.9084821421875 0.0758928578125 0.859375 0.03125 0.7566964281249999 0.0022321421875000002 0.7410714281249999
2 0.0915178578125 0.875 0.053571428125 0.9174107140625001 0.0491071421875 0.9620535718750001 0.0736607140625 1 0.12053571406250001 0.9977678578125 0.15178571406250002 0.9665178578125 0.15178571406250002 0.921875 0.12276785781249999 0.8794642859374999 0.0915178578125 0.875
2 0.037946428125 0.46428571406249997 0.008928571875000001 0.493303571875 0.0044642859375000005 0.5513392859375 0.0290178578125 0.5803571421875 0.0625 0.5825892859375 0.084821428125 0.5602678578125 0.0892857140625 0.5111607140625 0.0736607140625 0.477678571875 0.037946428125 0.46428571406249997
2 0.1540178578125 0.32142857187499996 0.116071428125 0.39508928593750003 0.140625 0.43303571406249997 0.19196428593749998 0.43526785781250005 0.21875 0.40401785781250005 0.2142857140625 0.3727678578125 0.1897321421875 0.3258928578125 0.1540178578125 0.32142857187499996
2 0.0825892859375 0.16071428593749998 0.053571428125 0.171875 0.0044642859375000005 0.25669642812500004 0.022321428125 0.328125 0.071428571875 0.3415178578125 0.10714285781249999 0.31919642812500004 0.12053571406250001 0.2790178578125 0.116071428125 0.194196428125 0.0825892859375 0.16071428593749998
2 0.16741071406250002 0.116071428125 0.125 0.162946428125 0.125 0.27008928593750003 0.1540178578125 0.30803571406249997 0.2142857140625 0.31919642812500004 0.2633928578125 0.2790178578125 0.2678571421875 0.171875 0.234375 0.116071428125 0.16741071406250002 0.116071428125
2 0.0267857140625 0.33705357187499996 0.0022321421875000002 0.3125 0.008928571875000001 0.39955357187499996 0.0267857140625 0.33705357187499996
2 0 0.078125 0.008928571875000001 0.22544642812500001 0.0758928578125 0.131696428125 0.0758928578125 0.0959821421875 0.046875 0.0669642859375 0 0.078125
2 0.296875 0.16071428593749998 0.27232142812500004 0.180803571875 0.27232142812500004 0.25669642812500004 0.29241071406249997 0.2946428578125 0.32142857187499996 0.296875 0.35267857187499996 0.25669642812500004 0.35267857187499996 0.2209821421875 0.3258928578125 0.171875 0.296875 0.16071428593749998
2 0.3303571421875 0.118303571875 0.3303571421875 0.16741071406250002 0.3928571421875 0.19866071406250002 0.415178571875 0.180803571875 0.415178571875 0.0959821421875 0.3727678578125 0.0758928578125 0.3303571421875 0.118303571875
2 0.453125 0.0669642859375 0.42410714218749995 0.100446428125 0.42410714218749995 0.171875 0.444196428125 0.2008928578125 0.47321428593750003 0.203125 0.5089285718750001 0.17633928593749998 0.5223214281249999 0.1272321421875 0.493303571875 0.0669642859375 0.453125 0.0669642859375
2 0.39955357187499996 0.20982142812500001 0.3616071421875 0.25669642812500004 0.3571428578125 0.30133928593750003 0.39955357187499996 0.3571428578125 0.42410714218749995 0.35491071406249997 0.45089285781250005 0.33258928593750003 0.459821428125 0.2522321421875 0.42633928593750003 0.20982142812500001 0.39955357187499996 0.20982142812500001
2 0.7879464281249999 0 0.7589285718750001 0.069196428125 0.796875 0.125 0.8303571421875 0.131696428125 0.8616071421875 0.109375 0.8616071421875 0.0424107140625 0.8415178578125 0.0044642859375000005 0.7879464281249999 0
2 0.90625 0.0513392859375 0.9263392859374999 0 0.8482142859374999 0.0022321421875000002 0.8727678578125 0.0491071421875 0.90625 0.0513392859375
2 0.2991071421875 0.055803571875 0.32142857187499996 0.0647321421875 0.35267857187499996 0.0424107140625 0.35491071406249997 0 0.28571428593750003 0.0022321421875000002 0.2991071421875 0.055803571875
2 1 0.0022321421875000002 0.9397321421875 0 0.9419642859374999 0.0736607140625 1 0.0959821421875 1 0.0022321421875000002
2 0.32109375 0.0375 0.0859375 0.07421875
2 0.0359375 0.0328125 0.071875 0.065625
2 0.6875 0.15078125 0.19765625 0.175
2 0.5140625 0.51640625 0.14609375 0.18046875