2 0.7120535718750001 0.5625 0.6808035718750001 0.5758928578125 0.6607142859375 0.609375 0.6607142859375 0.671875 0.703125 0.7366071421875 0.7455357140625 0.7388392859375 0.7857142859375 0.6986607140625 0.7946428578125 0.6316964281249999 0.765625 0.5758928578125 0.7120535718750001 0.5625
2 0.671875 0.428571428125 0.6383928578125 0.47098214218749995 0.6383928578125 0.5245535718750001 0.6629464281249999 0.5535714281249999 0.7008928578125 0.5558035718750001 0.7366071421875 0.515625 0.7366071421875 0.47098214218749995 0.7075892859375 0.43303571406249997 0.671875 0.428571428125
2 0.8683035718750001 0.39732142812500004 0.8348214281249999 0.45758928593750003 0.8392857140625001 0.5200892859375 0.8772321421875 0.5758928578125 0.9151785718750001 0.5736607140625 0.9553571421875 0.5379464281249999 0.9642857140625001 0.47098214218749995 0.9263392859374999 0.41964285781250005 0.8683035718750001 0.39732142812500004
2 0.9040178578125 0.5803571421875 0.8660714281249999 0.609375 0.8616071421875 0.671875 0.8950892859374999 0.7142857140625 0.9330357140625001 0.7165178578125 0.9598214281249999 0.6852678578125 0.9642857140625001 0.6272321421875 0.9352678578125 0.5892857140625 0.9040178578125 0.5803571421875
2 0.515625 0.5625 0.48660714218749995 0.6138392859375 0.491071428125 0.671875 0.53125 0.6852678578125 0.5848214281249999 0.6450892859375 0.5848214281249999 0.5959821421875 0.5558035718750001 0.5491071421875 0.515625 0.5625
2 0.5513392859375 0.7276785718750001 0.5178571421875 0.7566964281249999 0.5133928578125 0.8147321421875 0.5424107140625 0.8526785718750001 0.5803571421875 0.859375 0.6116071421875 0.8147321421875 0.6116071421875 0.7611607140625 0.5915178578125 0.7321428578125 0.5513392859375 0.7276785718750001
2 0.459821428125 0.9040178578125 0.45535714218749995 0.9441964281249999 0.47991071406249997 0.9910714281249999 0.5089285718750001 0.9933035718750001 0.5357142859375 0.9308035718750001 0.5267857140625 0.9040178578125 0.48883928593750003 0.8794642859374999 0.459821428125 0.9040178578125
2 0.412946428125 0.7678571421875 0.3727678578125 0.7723214281249999 0.34375 0.8147321421875 0.35267857187499996 0.8861607140625001 0.3883928578125 0.8995535718750001 0.42633928593750003 0.8883928578125 0.44196428593750003 0.8549107140625001 0.44196428593750003 0.8147321421875 0.412946428125 0.7678571421875
2 0.34375 0.9352678578125 0.35267857187499996 0.9933035718750001 0.4375 0.9977678578125 0.44196428593750003 0.9174107140625001 0.421875 0.9017857140625001 0.36383928593750003 0.9017857140625001 0.34375 0.9352678578125
2 0.09375 0.7834821421875 0.09375 0.8504464281249999 0.1272321421875 0.8883928578125 0.165178571875 0.890625 0.2008928578125 0.8504464281249999 0.196428571875 0.7924107140625 0.13616071406250002 0.7410714281249999 0.09375 0.7834821421875
2 0.0647321421875 0.6116071421875 0.0446428578125 0.6897321421875 0.0580357140625 0.7254464281249999 0.09375 0.7433035718750001 0.12946428593749998 0.7299107140625 0.1383928578125 0.6584821421875 0.100446428125 0.6160714281249999 0.0647321421875 0.6116071421875
2 0.109375 0.5133928578125 0.0803571421875 0.5736607140625 0.118303571875 0.625 0.15178571406250002 0.6272321421875 0.1741071421875 0.6004464281249999 0.1741071421875 0.5513392859375 0.149553571875 0.5178571421875 0.109375 0.5133928578125
2 0.2075892859375 0.5535714281249999 0.19196428593749998 0.6049107140625 0.20982142812500001 0.671875 0.25892857187499996 0.6941964281249999 0.3125 0.6183035718750001 0.2946428578125 0.546875 0.27455357187499996 0.53125 0.2075892859375 0.5535714281249999
2 0.060267857812500006 0.3928571421875 0.0267857140625 0.41741071406249997 0.0178571421875 0.475446428125 0.0424107140625 0.5089285718750001 0.0758928578125 0.5200892859375 0.11160714218750001 0.47991071406249997 0.11160714218750001 0.42633928593750003 0.0825892859375 0.3928571421875 0.060267857812500006 0.3928571421875
2 0.475446428125 0.0758928578125 0.444196428125 0.0803571421875 0.40178571406249997 0.1272321421875 0.40625 0.21205357187499999 0.459821428125 0.234375 0.5133928578125 0.194196428125 0.5267857140625 0.1584821421875 0.5089285718750001 0.100446428125 0.475446428125 0.0758928578125
2 0.5915178578125 0.0357142859375 0.5535714281249999 0.0647321421875 0.5446428578125 0.12276785781249999 0.5736607140625 0.178571428125 0.625 0.180803571875 0.65625 0.1540178578125 0.6651785718750001 0.0915178578125 0.640625 0.040178571875 0.5915178578125 0.0357142859375
2 0.35491071406249997 0.084821428125 0.3883928578125 0.0825892859375 0.41964285781250005 0.0022321421875000002 0.328125 0 0.3258928578125 0.0647321421875 0.35491071406249997 0.084821428125
2 0.0625 0.9977678578125 0.0334821421875 0.9553571421875 0 0.953125 0.0022321421875000002 1 0.0625 0.9977678578125
2 0.03984375 0.325 0.0796875 0.159375
2 0.334375 0.18671875 0.153125 0.2390625
2 0.46171875 0.4328125 0.1390625 0.19140625