2 0.8552545328125 0.759917621875 0.8498447640625001 0.7212476390625 0.831042115625 0.708416565625 0.79473719375 0.7196800671875 0.769695771875 0.767248490625 0.7698725359374999 0.818246665625 0.7974557812499999 0.8275301484375 0.83606684375 0.8051209859374999 0.8552545328125 0.759917621875
2 0.7650834921875 0.789539809375 0.7690750468750001 0.7572853625 0.7402503484375 0.7280756234375 0.7022010890625 0.743448521875 0.6847577359375 0.7845424875 0.6942769015625 0.8249568078125 0.7177507515625 0.832495953125 0.75287314375 0.8183055859374999 0.7650834921875 0.789539809375
2 0.76753488125 0.9894231093749999 0.809516771875 0.9247963734375 0.7930202640624999 0.9008196406250001 0.7501819609375 0.8874856828125001 0.71760139375 0.9585279578125 0.76753488125 0.9894231093749999
2 0.5670889015625 1 0.61734938125 0.9547720875 0.6089538234375 0.9002852421875 0.5819323828125 0.8839654984375 0.5421387906249999 0.9034477921875 0.518841703125 0.9469068203125 0.525995809375 0.9814674078125 0.555685709375 1 0.5670889015625 1
2 0.5688067046875 0.8177711890625 0.555178140625 0.7756125328125 0.4848155140625 0.7699944859375 0.4690575734375 0.7899796640625001 0.45634434375 0.8427810953125 0.47171724218750005 0.8808303531250001 0.49755615156250005 0.89422323125 0.555472746875 0.860609490625 0.5688067046875 0.8177711890625
2 0.617086290625 0.70974434375 0.5890001609375 0.7244965171875 0.5680681359374999 0.7738092765625 0.5752222406249999 0.8083698640625 0.59458669375 0.814164675 0.6442844953125 0.7770622625 0.6476553234375 0.7348446859375 0.617086290625 0.70974434375
2 0.5779134234375001 0.7391897671875001 0.60233411875 0.6816582140625 0.5740123046875001 0.628412821875 0.5095034093749999 0.6204297125 0.4802936703125 0.6492544109375 0.46882188906250005 0.7219820984374999 0.5011941796875 0.7599724359375 0.5504480187499999 0.76390506875 0.5779134234375001 0.7391897671875001
2 0.392456175 0.844761115625 0.3732684859375 0.889964478125 0.4056407734375 0.9279548156249999 0.442507503125 0.9096550515624999 0.45646218593750004 0.876779878125 0.4205423046875 0.8300089421875001 0.392456175 0.844761115625
2 0.44602243750000004 1 0.45445064999999996 0.97292249375 0.44380787499999996 0.9465806999999999 0.40096957343749995 0.9332467421875 0.35881091875000004 0.9468753062499999 0.3477831 0.9785679484375001 0.4015657609375 1 0.44602243750000004 1
2 0.3465731640625 0.7986109046875 0.31201257656250003 0.8057650109375001 0.283482484375 0.861552228125 0.292380925 0.8920034203125 0.3240735671875 0.9030312359374999 0.35508656250000004 0.8870965328124999 0.3742742515625 0.8418931703125001 0.3465731640625 0.7986109046875
2 0.30441450937500003 0.81223946875 0.32298147187500004 0.7570729765624999 0.303499178125 0.7172793828125 0.23730486874999998 0.7304050609375 0.2168757265625 0.7556821671875 0.202418159375 0.8125929953125001 0.23242538906250002 0.8447296 0.266424171875 0.8446117578125 0.30441450937500003 0.81223946875
2 0.3033224140625 0.6662812078125 0.30432817968750003 0.6182099 0.27724781875 0.5848907640625 0.2344684375 0.5885561984375001 0.1918658203125 0.6432198062500001 0.20088210312500002 0.7076697796875 0.230830409375 0.7228069953125 0.27591593125 0.7079959015624999 0.3033224140625 0.6662812078125
2 0.230861925 0.5627762078125 0.234232753125 0.5205586328125 0.207152390625 0.487239496875 0.161505065625 0.509086853125 0.1440617109375 0.5501808203125 0.145362084375 0.5871064687499999 0.178296178125 0.6180605421875 0.21690724218750002 0.59565138125 0.230861925 0.5627762078125
2 0 0.5021345953125 0.01678825625 0.53010520625 0.050166314062499995 0.520024234375 0.0717190640625 0.48067460312500004 0.0492509828125 0.42506414843749996 0.007092326562499999 0.43869271093749995 0 0.45164142656250006 0 0.5021345953125
2 0.167625996875 0.414688571875 0.178268771875 0.4410303671875 0.20174262031249998 0.4485695109375 0.2391122328125 0.40623409375 0.2178856015625 0.37054989531250004 0.178092009375 0.39003219218749996 0.167625996875 0.414688571875
2 0.36742296875 0.2182076140625 0.36606367500000003 0.16428257500000001 0.33076451875 0.1274747671875 0.26057865625 0.17285489375000002 0.241390965625 0.21805825781250002 0.236275803125 0.2643852296875 0.2768668859375 0.30586423749999997 0.333659871875 0.2863230234375 0.36742296875 0.2182076140625
2 0.320506784375 0.0430985359375 0.30480776718749997 0.08008310625000001 0.33718005624999997 0.11807344374999999 0.3804034 0.0733729640625 0.3732492953125 0.0388123765625 0.35033725 0.0242369671875 0.320506784375 0.0430985359375
2 0.665342578125 0.08762636093750001 0.687013171875 0.08227551250000001 0.70563905625 0.044108410937499995 0.62874305 0.013892904687499999 0.631284875 0.0707448109375 0.665342578125 0.08762636093750001
2 0.68414111875 0.437518396875 0.65020125625 0.45463563125000006 0.630392840625 0.4898758640625 0.643400678125 0.5220713906250001 0.670983925 0.5313548734375 0.7037412546875 0.5113107734375 0.7194402734375 0.47432620312499996 0.68414111875 0.437518396875
2 0.7075875609375 0.26802736562499996 0.6314301234374999 0.281773771875 0.5981699078125 0.325853525 0.6206379906249999 0.3814639796875 0.6605494265625 0.39598046875000004 0.6763662874999999 0.39299468125 0.7217190078125 0.2861503671875 0.7075875609375 0.26802736562499996
2 0.8132493437500001 0.3104532203125 0.8131315015625 0.2764544375 0.7860511390625 0.24313530156250002 0.7421481484375 0.2608732625 0.72644913125 0.29785783125 0.726566971875 0.3318566140625 0.7500997421875 0.3563951515625 0.7951852640625 0.3415840578125 0.8132493437500001 0.3104532203125
2 0.8878707234375 0.1917836 0.8991342250000001 0.2280885234375 0.920863740625 0.23973706562500002 0.977036 0.21023272187500003 0.985078028125 0.16272321875 0.9170215421875 0.14595951093749998 0.8878707234375 0.1917836
2 0.72578125 0.97890625 0.1265625 0.0421875
2 0.50859375 0.03515625 0.1515625 0.0703125