2 0.19535454531250002 0 0.18084285625000002 0.02396690625 0.1881354109375 0.054842071874999995 0.226401575 0.088406646875 0.269117271875 0.0670212140625 0.28868741249999996 0.026896479687500002 0.2854300828125 0 0.19535454531250002 0
2 0.5059793484374999 0 0.5043765234375 0.032755629687499996 0.5517938109375 0.0832009375 0.6063500375 0.047722625000000005 0.617993675 0.013665823437499999 0.5954237671875 0 0.5059793484374999 0
2 0.49865909531249997 0.1615918375 0.52542334375 0.1423603078125 0.5389255515625 0.0943090734375 0.5176385640625 0.06157533750000001 0.48255403281250003 0.0469469546875 0.4507495828125 0.061236725000000006 0.429320871875 0.11535589375 0.44659538750000005 0.1461326140625 0.49865909531249997 0.1615918375
2 0.45780196875 0.168982834375 0.410242959375 0.20539043281249997 0.41567694218750006 0.25026003281250003 0.43779477031249997 0.2660145921875 0.4824674796875 0.240616684375 0.49411111874999997 0.2065598828125 0.45780196875 0.168982834375
2 0.6714356203125 0.168872496875 0.710772790625 0.1085869515625 0.66418634375 0.041162465625 0.6184859031250001 0.063575628125 0.5930447203125 0.1157377828125 0.6085591109374999 0.1704908984375 0.6326339515625 0.1822329828125 0.6714356203125 0.168872496875
2 0.5640400140625 0.3126875921875 0.6021092890624999 0.3262882453125 0.634843025 0.3050012578125 0.6522592609375 0.248925075 0.6279875296874999 0.21721906875000002 0.5940291734375001 0.21555739062499998 0.5564521250000001 0.25186654218750004 0.5467655015624999 0.2819108703125 0.5640400140625 0.3126875921875
2 0.4993601046875 0.43511725468750007 0.5639967375 0.4095224578125 0.5914933796875 0.36332979062500004 0.58214536875 0.3264851359375 0.5289554828125 0.29805920937499997 0.48726751718749994 0.3224293859375 0.46182633281249996 0.374591540625 0.465204859375 0.4134916546875 0.4993601046875 0.43511725468750007
2 0.8082102203125 0.3721736828125 0.864920353125 0.3526468203125 0.8865459515625 0.318491571875 0.8921216578125 0.2765082703125 0.86178199375 0.23687576250000003 0.811872190625 0.2373679890625 0.7743935859375 0.28365910156249996 0.7738580828125 0.3305841625 0.8082102203125 0.3721736828125
2 1 0.5177795953125 0.960640934375 0.5433750828125 0.9430278078125 0.5794873421875 0.9525727125 0.6362959203125 0.9746905390625 0.6520504781249999 1 0.6060423328125 1 0.5177795953125
2 0.9414645765625 0.6234276609375 0.931919671875 0.566619084375 0.9148420484375 0.555806284375 0.8730556359375001 0.5701945 0.849473021875 0.60836221875 0.8548085609375 0.6432498609375 0.9198389765625 0.6575829078125001 0.9414645765625 0.6234276609375
2 0.93471941875 0.7492791234375 0.9523325437500001 0.7131668640625 0.9490524640625001 0.6842487109375 0.919937421875 0.66756486875 0.8701260609375 0.67803905625 0.8565254093749999 0.7161083296874999 0.905899709375 0.7625411640624999 0.93471941875 0.7492791234375
2 0.7719248546874999 0.74190001875 0.791987221875 0.7516850890625 0.8273474656250001 0.7508293390625 0.8406724062500001 0.728244196875 0.85632851875 0.696144409375 0.85294999375 0.65724429375 0.8258904093749999 0.646529940625 0.78811646875 0.6628751703125 0.7664908703125 0.6970304171875 0.7719248546874999 0.74190001875
2 0.6945303 0.9922366031250001 0.74527094375 0.9747651968750001 0.7766816140625 0.920547584375 0.755099290625 0.8578679656249999 0.7320521796875 0.849110625 0.6962352546874999 0.86144338125 0.6688370578125 0.917618009375 0.667273825 0.9615583265625001 0.6945303 0.9922366031250001
2 0.7974763734375 0.9033715156250001 0.8661254796875 0.8797337328125 0.89939471875 0.8115216843749999 0.893960734375 0.7666520828125 0.8487957984375001 0.742140184375 0.793113396875 0.7646517937499999 0.7617027265625 0.8188694062499999 0.7652781421875 0.8777334421875 0.7974763734375 0.9033715156250001
2 0.251429484375 0.500454896875 0.262974678125 0.45641613281250004 0.2427154203125 0.4266671421875 0.194959521875 0.44311081718749995 0.179303409375 0.47521060468750004 0.18473739218750002 0.5200802062500001 0.21673873437500002 0.52575435625 0.251429484375 0.500454896875
2 0.3017449625 0.7435422046875 0.2923969515625 0.70669755 0.265337365625 0.6959831953125 0.239502403125 0.70821750625 0.21993226250000003 0.748342240625 0.22516935624999998 0.7732479203125 0.2880458640625 0.77162951875 0.3017449625 0.7435422046875
2 0.2807100359375 0.8375892171875 0.27742995625 0.8086710640625 0.252327384375 0.7939442359375 0.21846747500000002 0.80226451875 0.2008543484375 0.8383767796875 0.23417875625 0.87698155625 0.2590844359375 0.8717444625 0.2807100359375 0.8375892171875
2 0.14238409375 0.8818800375 0.213580884375 0.9141215484374999 0.212159375 0.8712089609375001 0.1829458859375 0.84454315625 0.1530984484375 0.8548204531250001 0.14238409375 0.8818800375
2 0.11678929687499999 0.81724340625 0.0691318421875 0.8436690421874999 0.134359146875 0.8779660109374999 0.1470305140625 0.8468939531249999 0.11678929687499999 0.81724340625
2 0 0.810808234375 0.037032054687499996 0.8280129296875 0.0314011796875 0.76317940625 0 0.736327590625 0 0.810808234375
2 0.08635118750000001 0.7676289374999999 0.113749384375 0.711454309375 0.093194790625 0.651759434375 0.0393709578125 0.6602766078125 0.00981885625 0.7004997875 0.027290262500000002 0.7512404312500001 0.0554760203125 0.7749214906249999 0.08635118750000001 0.7676289374999999
2 0.715625 0.06875 0.0984375 0.0734375
2 0.09765625 0.25078125 0.115625 0.1546875