2 0.158023984375 0.19127640625 0.1468271125 0.15707011875000002 0.0970416890625 0.13491252812500001 0.0521209515625 0.184574815625 0.0640465140625 0.24592651562499998 0.09538948750000001 0.27849071875 0.138360303125 0.26559019687499996 0.158023984375 0.19127640625
2 0.23441083125 0.15141517499999999 0.301181321875 0.10887533125 0.28408323593749996 0.0326116203125 0.1946727328125 0.05226518125 0.2039196828125 0.12323323593749999 0.23441083125 0.15141517499999999
2 0.42600922499999994 0.1778420140625 0.44457481093749995 0.144672253125 0.43885829843749996 0.068470109375 0.40142940937500005 0.027993203124999998 0.3629024234375 0.028660328125000002 0.3329552671875 0.06176851875 0.3396467390625 0.1195897796875 0.37092814375 0.1635355578125 0.42600922499999994 0.1778420140625
2 0.56557455625 0.11205659999999999 0.539527240625 0.0716412625 0.49753138437500005 0.0661609015625 0.465880575 0.0905045671875 0.4663629953125 0.16317627031249998 0.5422573015625 0.214367628125 0.566056978125 0.18472830625 0.56557455625 0.11205659999999999
2 0.682366621875 0.20987234531249999 0.7123753484375001 0.16538258125 0.7090911796875 0.1250903765625 0.659490459375 0.068788065625 0.6174330359375 0.07468927812500001 0.5918681421875001 0.10694564531249999 0.6037937046875 0.16829734375 0.6456048562500001 0.20792242343749998 0.682366621875 0.20987234531249999
2 0.63792830625 0.33220633906249997 0.6731711218750001 0.2912470125 0.6681833015625 0.2421902796875 0.6150521421875 0.1911220578125 0.5905237765625 0.19361596875 0.5570461796874999 0.2319582515625 0.5593553874999999 0.2906313375 0.6064006296875 0.33378685625000004 0.63792830625 0.33220633906249997
2 0.46531635 0.35666302031249997 0.48473375937499996 0.327875525 0.47877097968750004 0.297199675 0.449131659375 0.2733999984375 0.42545511874999997 0.280276175 0.40695110156250003 0.302064359375 0.41461753437500004 0.3415047375 0.43902276562500003 0.361773975 0.46531635 0.35666302031249997
2 0.3445114234375 0.191409659375 0.3236981984375 0.15452475937500001 0.2808505171875 0.1446621359375 0.24652109375000003 0.17862215312500002 0.2481016109375 0.210149828125 0.2855305015625 0.250626734375 0.3179100015625 0.2534284828125 0.3445114234375 0.191409659375
2 0.2081071265625 0.320250421875 0.2300184484375 0.3159912921875 0.259175346875 0.2671192625 0.2481016109375 0.210149828125 0.191378446875 0.175697271875 0.16496172656250002 0.20357137343749998 0.15765457968750002 0.259565846875 0.1801714578125 0.30521527656249997 0.2081071265625 0.320250421875
2 0.1700009953125 0.40497082500000003 0.197331109375 0.3700974125 0.18625737343749998 0.313127978125 0.1592966640625 0.27971195 0.11200515156249999 0.282082725 0.09082252187499999 0.31348726562499996 0.0992176453125 0.3800730546875 0.13056061875 0.41263725781250005 0.1700009953125 0.40497082500000003
2 0.290210484375 0.356591334375 0.2536334203125 0.3204966921875 0.2255746171875 0.32822469375 0.20524381093750002 0.36401149843749997 0.21120659218750001 0.39468734843750003 0.24778365624999998 0.4307819890625 0.274077240625 0.425671034375 0.290210484375 0.356591334375
2 0.24857391562500003 0.4465458265625 0.19629458125000002 0.3998598703125 0.18138256875 0.4050323921875 0.1410287984375 0.41969813437500003 0.1354868703125 0.47307556406250006 0.20255508125000002 0.53735214375 0.2444893703125 0.554214078125 0.24857391562500003 0.4465458265625
2 0.3284810796875 0.5651747968749999 0.3621433796875 0.49268779531250007 0.35106964218750003 0.43571835937500003 0.323133975 0.4206832140625 0.28107655 0.42658442656249995 0.25636348125 0.4632230578125 0.2629318203125 0.543807465625 0.2838066125 0.5693107921875 0.3284810796875 0.5651747968749999
2 0.3329763609375 0.7052841171875001 0.3559242109375 0.67126253125 0.3466772609375 0.600294478125 0.2942747921875 0.57637166875 0.270598253125 0.5832478421875 0.2529460609375 0.60941829375 0.260489359375 0.67162181875 0.2962145953125 0.7033341953125001 0.3329763609375 0.7052841171875001
2 0.4374220109375 0.657694884375 0.4735166546875 0.621117821875 0.46950379375000006 0.5536802078124999 0.4251371625 0.5009083328124999 0.383079740625 0.5068095484375 0.355688059375 0.5530645328125 0.3693172734375 0.6231807593750001 0.39019206562500003 0.6486840875000001 0.4374220109375 0.657694884375
2 0.1983474015625 0.6677835437499999 0.230059778125 0.63205830625 0.228602396875 0.5777674828125 0.16329940625 0.5108738578125 0.1352406015625 0.51860185625 0.10699709531249998 0.560474578125 0.112836740625 0.6139135734375001 0.1624374609375 0.6702158859375 0.1983474015625 0.6677835437499999
2 0.5810718875 0.48424122187499996 0.6040197359375 0.4502196359375 0.5964764390624999 0.3880161109375 0.5607512015625 0.3563037328125 0.532692396875 0.364031734375 0.5106579421874999 0.391054009375 0.513090284375 0.42696395000000004 0.5347553359375 0.4682311140625 0.5810718875 0.48424122187499996
2 0.7172914828125 0.389545178125 0.741942984375 0.3642881203125 0.7412142921875 0.3371427109375 0.713401759375 0.2993444171875 0.671344334375 0.30524563125 0.6484580531249999 0.3278856421875 0.6508903953125 0.3637955828125 0.676147453125 0.3884470828125 0.7172914828125 0.389545178125
2 0.6841731734375001 0.5233223125 0.723798253125 0.481511159375 0.71893356875 0.4096912796875 0.6516806546875 0.3795594203125 0.6236218499999999 0.38728742031249996 0.607673309375 0.4222223984375 0.61436478125 0.480043659375 0.6474114078125 0.5213723906250001 0.6841731734375001 0.5233223125
2 0.57577623125 0.49209235625 0.5772336124999999 0.5463831796874999 0.6166124234375 0.5500983203125 0.62215435 0.49672089062499997 0.57577623125 0.49209235625
2 0.6758294984375001 0.60907924375 0.613081984375 0.5553324109375 0.55702594375 0.5594068359375 0.53742383125 0.6223390515625 0.5605462625000001 0.7178970390625 0.6321814406249999 0.7471770734375001 0.6736333078125 0.6913673015625 0.6758294984375001 0.60907924375
2 0.5578676515625001 0.72751339375 0.5278074765625 0.6196604406249999 0.4998102390625 0.6160068671875 0.4805159625 0.6220312140625001 0.45391454062500003 0.6840500375 0.46851871406249995 0.7357853828125 0.5173907453125001 0.7649422828125 0.5578676515625001 0.72751339375
2 0.46564528125000004 0.9432707499999999 0.4929753953125 0.9083973390625 0.4923698390625 0.8584887796875 0.459323215625 0.8171600484375 0.4120317015625 0.8195308234375001 0.3907259375 0.8736985109375001 0.40362646093750004 0.916669328125 0.43411760624999995 0.9448512656249999 0.46564528125000004 0.9432707499999999
2 0.8789739328125 0.9288715140624999 0.978852615625 0.916278828125 0.9634581843750001 0.8487796453125 0.9057600562499999 0.8327079718749999 0.8714306359374999 0.8666679890625 0.8789739328125 0.9288715140624999
2 0.6532923859374999 0.8908783984375 0.6255414171875 0.8416985328125 0.5835455609375 0.8362181718749999 0.55968431875 0.8772390671875 0.569054403125 0.925443975 0.604779640625 0.9571563515625 0.6266909625 0.952897221875 0.6532923859374999 0.8908783984375
2 0.9427782109375 0.62540730625 0.9207437546874999 0.6524295812500001 0.919645659375 0.6935736125 0.9641354249999999 0.7235823375 0.9844046609375001 0.69917710625 0.98465093125 0.6536508125 0.9427782109375 0.62540730625
2 1 0.485318778125 0.9698106046875001 0.48371746875 0.9450975359375 0.5203560984375 0.9472836109375 0.6017923328125 0.9951806796874999 0.649330115625 1 0.648393334375 1 0.485318778125
2 0.8656112234375 0.4857804078125 0.855625465625 0.5513912359375001 0.8930543546875 0.5918681421875001 0.9245820312499999 0.590287625 0.9337775296874999 0.508912959375 0.9076686484375 0.47987919375 0.8656112234375 0.4857804078125
2 0.866955590625 0.3991100828125 0.8648825328124999 0.458634996875 0.911199084375 0.474645103125 0.9270860578125 0.451091696875 0.9202714515625001 0.41603358437500004 0.900248484375 0.394912521875 0.866955590625 0.3991100828125
2 0.87890625 0.33828125 0.0015625 0.003125
2 0.9223445078125 0.3565086703125 0.90603668125 0.2960087984375 0.8667194374999999 0.28091208437500004 0.8411545437499999 0.31316845 0.8452905375 0.35784291874999996 0.8653135046875 0.3789639828125 0.9064575343750001 0.3800620765625 0.9223445078125 0.3565086703125
2 0.76796875 0.7484375 0.1671875 0.2296875
2 0.79453125 0.06640625 0.2046875 0.1328125