2 1 0.7924107140625 0.953125 0.7767857140625 0.9285714281249999 0.8147321421875 0.9330357140625001 0.859375 0.953125 0.8883928578125 1 0.890625 1 0.7924107140625
2 0.8638392859374999 0.7142857140625 0.8392857140625001 0.7433035718750001 0.8392857140625001 0.8147321421875 0.859375 0.84375 0.8839285718750001 0.8415178578125 0.9196428578125 0.8058035718750001 0.9285714281249999 0.765625 0.9040178578125 0.71875 0.8638392859374999 0.7142857140625
2 0.7879464281249999 0.6964285718750001 0.7455357140625 0.7700892859375 0.765625 0.8035714281249999 0.8035714281249999 0.8058035718750001 0.8303571421875 0.7790178578125 0.8348214281249999 0.7388392859375 0.8058035718750001 0.6964285718750001 0.7879464281249999 0.6964285718750001
2 0.6808035718750001 0.6473214281249999 0.6517857140625 0.7075892859375 0.6897321421875 0.7589285718750001 0.7098214281249999 0.7566964281249999 0.7366071421875 0.7299107140625 0.7410714281249999 0.6897321421875 0.7254464281249999 0.6607142859375 0.6808035718750001 0.6473214281249999
2 0.462053571875 0.48214285781250005 0.42633928593750003 0.48214285781250005 0.38392857187499996 0.5334821421875 0.38392857187499996 0.578125 0.4375 0.6138392859375 0.46651785781250005 0.6071428578125 0.49553571406249997 0.5558035718750001 0.491071428125 0.515625 0.462053571875 0.48214285781250005
2 0.30357142812500004 0.5959821421875 0.31696428593750003 0.6584821421875 0.35267857187499996 0.6763392859375 0.39732142812500004 0.6316964281249999 0.359375 0.5535714281249999 0.32366071406249997 0.5625 0.30357142812500004 0.5959821421875
2 0.35491071406249997 0.41071428593750003 0.3303571421875 0.47098214218749995 0.35044642812500004 0.5089285718750001 0.3883928578125 0.515625 0.43303571406249997 0.47098214218749995 0.43303571406249997 0.430803571875 0.41741071406249997 0.41071428593750003 0.35491071406249997 0.41071428593750003
2 0.33928571406249997 0.328125 0.33482142812500004 0.3727678578125 0.36383928593750003 0.39732142812500004 0.41964285781250005 0.40401785781250005 0.4375 0.3772321421875 0.44196428593750003 0.30580357187499996 0.38169642812500004 0.2946428578125 0.33928571406249997 0.328125
2 0.5066964281249999 0.2321428578125 0.46875 0.265625 0.459821428125 0.33258928593750003 0.493303571875 0.36607142812500004 0.5357142859375 0.36383928593750003 0.5580357140625 0.31919642812500004 0.5535714281249999 0.265625 0.5290178578125 0.2321428578125 0.5066964281249999 0.2321428578125
2 0.25669642812500004 0.2008928578125 0.2232142859375 0.25669642812500004 0.22767857187499999 0.29241071406249997 0.25669642812500004 0.33482142812500004 0.2946428578125 0.33705357187499996 0.32142857187499996 0.30133928593750003 0.32142857187499996 0.24330357187499999 0.29241071406249997 0.2053571421875 0.25669642812500004 0.2008928578125
2 0.087053571875 0.2232142859375 0.0446428578125 0.25669642812500004 0.0357142859375 0.3102678578125 0.0647321421875 0.35267857187499996 0.102678571875 0.35044642812500004 0.12946428593749998 0.3147321421875 0.133928571875 0.265625 0.109375 0.22767857187499999 0.087053571875 0.2232142859375
2 0.1272321421875 0.053571428125 0.09375 0.087053571875 0.0892857140625 0.1584821421875 0.11383928593749999 0.18303571406250002 0.1383928578125 0.180803571875 0.1741071421875 0.1540178578125 0.178571428125 0.1272321421875 0.165178571875 0.0736607140625 0.1272321421875 0.053571428125
2 0.0111607140625 0.0357142859375 0 0.1272321421875 0.0357142859375 0.13616071406250002 0.0625 0.109375 0.0669642859375 0.069196428125 0.0513392859375 0.040178571875 0.0111607140625 0.0357142859375
2 0.9352678578125 0.1696428578125 0.8683035718750001 0.196428571875 0.8571428578125 0.2165178578125 0.8705357140625001 0.296875 0.9241071421875 0.31919642812500004 0.95461165625 0.305521521875 0.9776785718750001 0.2522321421875 0.96875 0.203125 0.9352678578125 0.1696428578125
2 1 0.29241071406249997 0.9665178578125 0.28125 0.9419642859374999 0.33258928593750003 0.9665178578125 0.37053571406249997 0.9821428578125 0.36830357187499996 1 0.35044642812500004 1 0.29241071406249997
2 0.9263392859374999 0.0267857140625 0.8950892859374999 0.0357142859375 0.8392857140625001 0.11383928593749999 0.8571428578125 0.171875 0.8883928578125 0.1852678578125 0.9441964281249999 0.15625 0.9732142859374999 0.100446428125 0.96875 0.069196428125 0.9263392859374999 0.0267857140625
2 0.2477678578125 0.6696428578125 0.2142857140625 0.6897321421875 0.2053571421875 0.7433035718750001 0.2299107140625 0.7946428578125 0.2678571421875 0.8013392859374999 0.2946428578125 0.7745535718750001 0.30357142812500004 0.7254464281249999 0.29017857187499996 0.6941964281249999 0.2477678578125 0.6696428578125
2 0.1584821421875 0.7142857140625 0.12946428593749998 0.7477678578125 0.125 0.8013392859374999 0.140625 0.8303571421875 0.1741071421875 0.8370535718750001 0.2008928578125 0.8147321421875 0.20982142812500001 0.765625 0.196428571875 0.7299107140625 0.1584821421875 0.7142857140625
2 0.1696428578125 0.9933035718750001 0.2678571421875 0.9977678578125 0.2633928578125 0.9709821421875 0.22544642812500001 0.9419642859374999 0.1897321421875 0.9508928578125 0.1696428578125 0.9933035718750001
2 0.040178571875 0.734375 0.0357142859375 0.7834821421875 0.0647321421875 0.8258928578125 0.0982142859375 0.8236607140625001 0.12053571406250001 0.8058035718750001 0.125 0.7388392859375 0.0736607140625 0.7053571421875 0.040178571875 0.734375
2 0.5640625 0.7875 0.11328125 0.19765625
2 0.4328125 0.18359375 0.13515625 0.23671875