0 0.58203125 0.29453125 0.175 0.1890625
0 0.47265625 0.11953125 0.128125 0.1171875
0 0.36953125 0.28125 0.1265625 0.1578125
0 0.134375 0.0859375 0.1265625 0.078125
0 0.02265625 0.20859375 0.0453125 0.1609375
0 0.35390625 0.55390625 0.1546875 0.1984375
0 0.703125 0.4875 0.1 0.11875
0 0.6859375 0.62578125 0.0765625 0.0984375
0 0.78359375 0.58359375 0.1359375 0.159375
0 0.8484375 0.7203125 0.146875 0.121875
0 0.734375 0.91171875 0.1359375 0.1265625
0 0.9890625 0.70703125 0.021875 0.1046875
0 0.98515625 0.60703125 0.0296875 0.0953125
0 0.178125 0.84296875 0.1578125 0.1875
0 0.08203125 0.8640625 0.084375 0.215625