2 0.49140625 0.05703125 0.1609375 0.1140625
2 0.36875 0.0359375 0.125 0.071875
2 0.2234375 0.065625 0.1265625 0.13125
2 0.21640625 0.16796875 0.1359375 0.1515625
2 0.309375 0.1609375 0.1734375 0.190625
2 0.18828125 0.31015625 0.175 0.1890625
2 0.0625 0.34921875 0.0875 0.1015625
2 0.30546875 0.3453125 0.1859375 0.190625
2 0.4390625 0.4125 0.1546875 0.1671875
2 0.515625 0.3296875 0.1140625 0.11875
2 0.54296875 0.24375 0.1109375 0.1140625
2 0.70546875 0.321875 0.1546875 0.175
2 0.53984375 0.465625 0.165625 0.18125
2 0.65546875 0.46640625 0.165625 0.18125
2 0.6390625 0.5734375 0.1125 0.1125
2 0.4921875 0.68671875 0.171875 0.178125
2 0.39296875 0.7546875 0.0984375 0.1109375
2 0.30546875 0.63984375 0.1828125 0.1921875
2 0.2484375 0.765625 0.128125 0.1375
2 0.2390625 0.87109375 0.13125 0.13125
2 0.11015625 0.70234375 0.128125 0.1328125
2 0.02578125 0.61796875 0.0515625 0.1484375
2 0.484375 0.86796875 0.2078125 0.2265625
2 0.51875 0.96875 0.140625 0.0625
2 0.79609375 0.94375 0.1171875 0.1125
2 0.86484375 0.81953125 0.140625 0.196875
2 0.91015625 0.66640625 0.1796875 0.20625
2 0.959375 0.56640625 0.08125 0.1328125
2 0.95390625 0.45078125 0.0921875 0.2015625
2 0.934375 0.39453125 0.13125 0.1765625
2 0.9125 0.28828125 0.175 0.1953125
2 0.81484375 0.36328125 0.1515625 0.1546875
2 0.73046875 0.69140625 0.2203125 0.2640625
2 0.80703125 0.159375 0.1875 0.171875