2 0.9808757874999999 0.790949365625 0.939035503125 0.781310828125 0.9083755609375 0.8037804046874999 0.9058842578125 0.8394076921875 0.9594188203125 0.9058038125 0.9730904671875 0.9022846390625 0.9808757874999999 0.790949365625
2 0.9998719703125 0.5192912984375 0.97833663125 0.475271125 0.9388787593749999 0.4635615859375 0.89775493125 0.5076753921875 0.8892531531250001 0.565258321875 0.9146190765625001 0.61849673125 0.9434105421875 0.6227476203125 0.990435953125 0.5902344609375 0.9998719703125 0.5192912984375
2 0.8325892046875 0.639611765625 0.7930224390625 0.6614585171875 0.79084255 0.6926323937500001 0.817454125 0.7280571578125 0.850699 0.7326194609375001 0.8742117078125 0.7163628796875 0.876703009375 0.6807355937499999 0.8325892046875 0.639611765625
2 0.702101003125 0.585735271875 0.6816871671875 0.653673196875 0.7243527984375 0.683507790625 0.7420728109375 0.622094275 0.702101003125 0.585735271875
2 0.766846428125 0.49180859843749997 0.7448907859375 0.485798121875 0.7186842546875 0.5085791125 0.7158815390625 0.5486598093749999 0.7496403500000001 0.5778715796875 0.77284164375 0.5660684109375 0.7804091828125 0.5218457125 0.766846428125 0.49180859843749997
2 0.83254135 0.28830623593750004 0.8184646593749999 0.2336196546875 0.7775586140625 0.21062088281250002 0.737369025 0.2413744546875 0.7288672468749999 0.298957384375 0.755167409375 0.3388355625 0.7928656953125001 0.3437092765625 0.8208318125 0.327764109375 0.83254135 0.28830623593750004
2 0.8771996109375 0.161648621875 0.8547300328125 0.13098868125000002 0.8280095671875 0.12912020468750002 0.8062564468750001 0.1522126046875 0.80314231875 0.19674671562499998 0.8294424812500001 0.236624890625 0.8540919468749999 0.23611095781250002 0.8734626562500001 0.21508955312500003 0.8771996109375 0.161648621875
2 0.8312325859374999 0.05102980625 0.83257186875 0.095875328125 0.8895319718750001 0.11328392812500002 0.90413785625 0.09640452187500001 0.8992794015625 0.0378873546875 0.8485322953125 0.027625990625000003 0.8312325859374999 0.05102980625
2 0.6557594546875001 0.224479790625 0.6194004515625 0.2644515984375 0.6172205609375 0.29562547499999997 0.6396901374999999 0.3262854171875 0.6643396046875 0.32577148125 0.688163721875 0.3050614921875 0.6954198484375 0.26529220468750003 0.6557594546875001 0.224479790625
2 0.53603129375 0.24072111093749998 0.5598554140625 0.220011121875 0.5626581296875 0.17993042343750001 0.52651690625 0.15278965312499998 0.5022724843749999 0.21150934375000002 0.53603129375 0.24072111093749998
2 1 0.034729835937499995 0.9735392140625001 0.031892139062500005 0.970939021875 0.1010757140625 0.9937200109375001 0.12728224531250001 1 0.12723854375000002 1 0.034729835937499995
2 0.20979447499999998 0 0.19635693125 0.0424364703125 0.2345691515625 0.071959653125 0.2628466828125 0.051561075 0.2659608109375 0.007026965625000001 0.262150053125 0 0.20979447499999998 0
2 0.14456669375 0.07909162812500001 0.12271994374999999 0.039524865625 0.09185748125 0.0328915640625 0.0605747125 0.0642679625 0.05176152187500001 0.12630430312500002 0.0745425125 0.152510834375 0.10809880000000001 0.152619725 0.1423868046875 0.1102655046875 0.14456669375 0.07909162812500001
2 0.0364725734375 0 0.0376848328125 0.0716177203125 0.0764262484375 0.029574914062500002 0.07306106875 0 0.0364725734375 0
2 0.452709990625 0.568296153125 0.412831815625 0.5945963140625 0.4043300375 0.65217924375 0.41820420468749997 0.67776295 0.4600444890625 0.6874014875000001 0.48894484531250004 0.6580960874999999 0.49205897343749994 0.6135619796875 0.452709990625 0.568296153125
2 0.616131653125 0.6311883609375 0.5945963140625 0.5871681843750001 0.5595918531249999 0.5757700609375 0.5286204984375 0.6026930484374999 0.520741546875 0.65136915625 0.546418884375 0.7001541546875 0.579663759375 0.70471645625 0.613017525 0.67572246875 0.616131653125 0.6311883609375
2 0.698442421875 0.798050821875 0.6565085046875 0.7257531187499999 0.6173620453125 0.7095901718750001 0.5581131625 0.7569117359375 0.5480543203125 0.8367617203125001 0.5734202421875 0.8900001296875001 0.6276865218750001 0.9139331390625 0.6950168796875 0.8470383437500001 0.698442421875 0.798050821875
2 0.6410467546875 0.9148673781250001 0.638244040625 0.9549480750000001 0.681221084375 0.9803292593749999 0.733322734375 0.9392206906249999 0.7379939265625 0.8724195265624999 0.7104481125000001 0.8503549937500001 0.6410467546875 0.9148673781250001
2 0.76232414375 1 0.7664587171874999 0.9773392812499999 0.73477090625 0.9505099234375001 0.6945813171874999 0.9812634984375 0.692010046875 1 0.76232414375 1
2 0.5567543390624999 1 0.598163340625 0.952145359375 0.5810814140625 0.9084365984374999 0.5377929546875 0.8875088265625 0.5112750125 0.9147432265625 0.5072266453125 0.97263756875 0.525554225 0.9985326875 0.5354923984375 1 0.5567543390624999 1
2 0.4307085703125 0.8509320406249999 0.405031234375 0.8021470421875 0.3738573578125 0.799967153125 0.33335635625000004 0.8351741359375 0.33024222812500004 0.879708246875 0.3565423890625 0.919586421875 0.394240675 0.9244601375 0.42251820625000003 0.9040615593749999 0.4307085703125 0.8509320406249999
2 0.3111829328125 0.8962762390625001 0.293166765625 0.8659277109374999 0.2623043015625 0.8592944093750001 0.2218033 0.8945013921875 0.212678696875 0.9609911437499999 0.226864278125 0.9821214390625 0.29604785312500004 0.9847216328125 0.3166642140625 0.9458865859375001 0.3111829328125 0.8962762390625001
2 0.3057321703125 0.654234984375 0.2907212421875 0.612908634375 0.2584106046875 0.5949861000000001 0.2271278375 0.6263624984375 0.21893747343749997 0.6794920171875 0.245237634375 0.7193701921875 0.2698871015625 0.7188562578125001 0.29785321875 0.7029110921874999 0.3057321703125 0.654234984375
2 0.2451287453125 0.7529264828125 0.20992175937500002 0.7124254796875 0.1790592953125 0.7057921796875 0.1427002921875 0.7457639875 0.1329528640625 0.8211605593750001 0.14713844375000001 0.842290853125 0.1981969640625 0.8480988078125 0.24584519999999999 0.806678825 0.2451287453125 0.7529264828125
2 0 0.9651709484375001 0.033296609375 0.9663482765625 0.008553509375 0.9042030437499999 0 0.9085544609375 0 0.9651709484375001
2 0.3182208109375 0 0.3297567359375 0.022675978125 0.3760504328125 0.0326259296875 0.40572750625 0 0.3182208109375 0
2 0.43929732968749996 0 0.47112912656250006 0.0168985453125 0.48627801093749995 0 0.43929732968749996 0
2 0 0.9651709484375001 0.033296609375 0.9663482765625 0.012695507812500001 0.9089678687499999 0 0.9122357765625001 0 0.9651709484375001
2 0.065625 0.953125 0.05625 0.0390625