2 0.175 0.69140625 0.1359375 0.175
2 0.05703125 0.7375 0.0921875 0.1390625
2 0.1234375 0.540625 0.1140625 0.1375
2 0.0875 0.35703125 0.075 0.1203125
2 0.05703125 0.1203125 0.1140625 0.1875
2 0.20625 0.3265625 0.1046875 0.13125
2 0.15625 0.23125 0.1109375 0.1203125
2 0.2734375 0.45859375 0.103125 0.1453125
2 0.26171875 0.615625 0.109375 0.13125
2 0.18125 0.98671875 0.084375 0.0265625
2 0.4703125 0.65390625 0.15625 0.1953125
2 0.3734375 0.4625 0.14375 0.1828125
2 0.23671875 0.80546875 0.1140625 0.1125
2 0.22109375 0.9265625 0.1109375 0.146875
2 0.35703125 0.884375 0.0734375 0.090625
2 0.459375 0.9359375 0.0921875 0.1125
2 0.4015625 0.57734375 0.109375 0.1265625
2 0.51953125 0.8625 0.1109375 0.1328125
2 0.56640625 0.71015625 0.1046875 0.1234375
2 0.615625 0.79609375 0.1015625 0.1125
2 0.690625 0.73984375 0.1109375 0.1328125
2 0.4890625 0.2390625 0.0984375 0.1390625
2 0.20234375 0.11640625 0.1890625 0.20625
2 0.3125 0.7453125 0.1078125 0.121875
2 0.48828125 0.5015625 0.10625 0.1296875
2 0.6015625 0.45234375 0.0921875 0.1140625
2 0.5796875 0.32578125 0.1078125 0.1265625
2 0.7140625 0.409375 0.0984375 0.11875
2 0.9296875 0.38125 0.1140625 0.1515625
2 0.80859375 0.4265625 0.1171875 0.153125
2 0.59453125 0.0671875 0.1171875 0.134375
2 0.86875 0.190625 0.0953125 0.121875
2 0.67890625 0.290625 0.090625 0.1203125
2 0.90859375 0.04375 0.0984375 0.0875
2 0.3640625 0.32890625 0.09375 0.1125
2 0.43125 0.34453125 0.0953125 0.1234375
2 0.78515625 0.9578125 0.084375 0.053125
2 0.4046875 0.10390625 0.1828125 0.2078125
2 0.7390625 0.8421875 0.1421875 0.1984375