2 0.691039228125 0.289276853125 0.713135253125 0.3276807046875 0.7438111015625 0.33364348593750004 0.7725985984375 0.314226075 0.7845241609375 0.252874375 0.76772379375 0.2223216609375 0.730048634375 0.21727227187499998 0.693471571875 0.2533669140625 0.691039228125 0.289276853125
2 0.635660428125 0.410399734375 0.6597063750000001 0.48556535 0.698294925 0.497614046875 0.7323165125 0.47466619843749996 0.7486243390625 0.41416632499999995 0.73261423125 0.3678497734375 0.706259078125 0.35135724375 0.6825825375 0.34448107031249997 0.6537950421875001 0.36389848125 0.635660428125 0.410399734375
2 0.6839370203125 0.5948756859375 0.7311053984375 0.574483315625 0.73792000625 0.5394252015625 0.723798253125 0.518488840625 0.7045039765625 0.5124644921875 0.672309178125 0.5494109593750001 0.6839370203125 0.5948756859375
2 0.5667553140625 0.29695340468750003 0.5897031640625 0.330974990625 0.6159967484375 0.33608594687500004 0.6412538062500001 0.31143444531250003 0.6294412609375 0.23182499843749999 0.60491289375 0.2293310875 0.5744217468749999 0.257513028125 0.5667553140625 0.29695340468750003
2 0.603199125 0.0743713234375 0.6330231484375 0.08471636875 0.6661929078125 0.06615078437500001 0.6782416046875 0.027562231250000003 0.593213365625 0.0087604953125 0.583658578125 0.02282068125 0.603199125 0.0743713234375
2 0.355677940625 0.2832111734375 0.382156228125 0.32246684999999997 0.40930163906250006 0.323195540625 0.4450268765625 0.2914831640625 0.457804265625 0.2257492 0.4322393703125 0.193492834375 0.3937123859375 0.1928257109375 0.3598139359375 0.23853670624999998 0.355677940625 0.2832111734375
2 0.395867246875 0.5911807812500001 0.424049184375 0.6216719296875 0.48253756875000003 0.5898364171875 0.49178451875 0.5188683625 0.46707145 0.4822297328125 0.43730899531249995 0.4832662609375 0.39988010625000003 0.5237431671875 0.395867246875 0.5911807812500001
2 0.3059026359375 0.4690930578125 0.3244682203125 0.5022628171875 0.3612299859375 0.5003128953125 0.3969552234375 0.46860051875000003 0.40376982968749997 0.43354240468749994 0.3842908515625 0.3933733359375 0.3509979578125 0.389175775 0.309186803125 0.4288008546875 0.3059026359375 0.4690930578125
2 0.3121204390625 0 0.312327603125 0.03829691875 0.3413613671875 0.0644058015625 0.3885297453125 0.0440134296875 0.3970850890625 0 0.3121204390625 0
2 0.09185424375 0 0.11445858906249999 0.0384917375 0.172095146875 0.011038490625 0.17299488125 0 0.09185424375 0
2 0.032580407812500004 0.7638745421875 0.05449172812500001 0.7681336703125 0.07889695937499999 0.747864434375 0.0891188703125 0.6952772640625 0.068788065625 0.659490459375 0.041642653125 0.6587617671875 0.0191257765625 0.7044111953125001 0.032580407812500004 0.7638745421875
2 0.16563896718749999 0.921625934375 0.20678299687499999 0.9205278390625 0.231188228125 0.9002586015625 0.23970648749999998 0.8564359609375 0.209759328125 0.8233277687499999 0.16605982187499999 0.8375726562500001 0.1469502484375 0.865693028125 0.16563896718749999 0.921625934375
2 0.2988105453125 0.9384161828125 0.26807312968749997 0.9210718281249999 0.2122017890625 0.951142121875 0.3042293375 0.969030465625 0.2988105453125 0.9384161828125
2 0 0.8962545421874999 0.0157901578125 0.8970461203125 0.0479849578125 0.8600996515625001 0.0459119015625 0.8005747390625 0.02217379375 0.7823169921875001 0 0.78006248125 0 0.8962545421874999
2 0.91216819375 1 0.9392781265625001 0.8605314828124999 0.9156015859375 0.8536553078125 0.87987635 0.8853676859374999 0.8670989609375 0.95110165 0.8930888156250001 1 0.91216819375 1
2 0.0472259125 0.396072184375 0.02251284375 0.3594335546875 0.002982415625 0.47160720468750006 0.031769912500000004 0.45218979375 0.0472259125 0.396072184375
2 0.9460311671875001 0.8140917953125 0.9724993359375 0.689623178125 0.9437734078125001 0.7204221625 0.9326996718749999 0.777391596875 0.9460311671875001 0.8140917953125
2 0.7793001875 0.42012910625 0.8145430031249999 0.46108843281249995 0.8416884140625 0.46181712499999994 0.8765618265624999 0.4344870109375 0.891648421875 0.31007996250000003 0.81210054375 0.3332740796875 0.7868434859375 0.35792558125 0.7793001875 0.42012910625
2 0.4984375 0.70625 0.2109375 0.225
2 0.94609375 0.33671875 0.1078125 0.2453125
2 0.18828125 0.26796875 0.20625 0.278125