2 0.830683603125 0.45947031875000005 0.8651783843749999 0.5005795984375 0.8922512593749999 0.4984668296875 0.914793171875 0.4713102921875 0.918684053125 0.42683731406250003 0.8951129718749999 0.388924403125 0.86156369375 0.388229890625 0.8345744843749999 0.414997340625 0.830683603125 0.45947031875000005
2 0.7560542781249999 0.6209912953125001 0.7867962734375 0.628162209375 0.8222909906250001 0.6066202328125 0.8147854203125 0.5387435015625 0.7509669 0.5510854593750001 0.7426287203124999 0.5951693484375 0.7560542781249999 0.6209912953125001
2 0.7644216890625 0.7046281125 0.794080084375 0.7497956015625 0.8340221015625 0.7286427125 0.8500876109375 0.69867889375 0.8454729859375 0.6489804421875001 0.8203455500000001 0.628856721875 0.7908544843749999 0.632998596875 0.7679234828125 0.6646024328125 0.7644216890625 0.7046281125
2 0.8566769093750001 0.8538615625 0.8833606968750001 0.8561960921875 0.9074589625 0.8112503625 0.8713241625 0.7632755906249999 0.892226059375 0.7292535609375 0.8816077828125 0.6969552125 0.8537567328125 0.7079625765625 0.8274076031250001 0.804246775 0.8566769093750001 0.8538615625
2 1 0.47876492343750005 0.9859499359375 0.47753570156249997 0.9582662125000001 0.5378524296875 0.9734154515625001 0.595194546875 0.9947901 0.5813799015625001 1 0.5218304687499999 1 0.47876492343750005
2 0.71858891875 0.8955564921875 0.755250903125 0.8606726218749999 0.7436871203125001 0.7879595046875 0.6868177546875 0.823316128125 0.6922105578125 0.8641199828125 0.71858891875 0.8955564921875
2 0.5336641906249999 0.8323236187499999 0.5693262359375 0.86009100625 0.6003736578125001 0.838159940625 0.6094900125 0.78518145625 0.5781916 0.733148475 0.5462823390625 0.7393194546874999 0.5271041234375 0.80486165625 0.5336641906249999 0.8323236187499999
2 0.3795358890625 0.6731956359375 0.430958021875 0.7001011828125 0.4674526765625 0.61590795 0.429594196875 0.53641300625 0.3887903390625 0.541805809375 0.3595502640625 0.6199117281250001 0.3795358890625 0.6731956359375
2 0.2753862640625 0.7111377796875 0.30504465937499997 0.7563052703124999 0.33211753437499997 0.7541925 0.360274009375 0.71408315625 0.3301428609375 0.6487082828124999 0.296204496875 0.6524610703125 0.2784989703125 0.6755593984375 0.2753862640625 0.7111377796875
2 0.3778706734375 0.8971168781250001 0.40852900625000005 0.8796331109375 0.42014721875000005 0.8492802015625 0.4155325921875 0.7995817515625 0.390794246875 0.7750107328125 0.3416522109375 0.824487425 0.346655925 0.869738578125 0.3778706734375 0.8971168781250001
2 0.41214369375000004 0.99198281875 0.3849034921875 0.9447862234375 0.3433214609375 0.9590736218749999 0.3385687375 0.9877865140625 0.41214369375000004 0.99198281875
2 0.14182923593750002 0.7778764796875001 0.1596184265625 0.7794328312500001 0.1825494265625 0.7478289953124999 0.1702074703125 0.684010475 0.141105490625 0.68370505 0.11739631406249999 0.72420348125 0.14182923593750002 0.7778764796875001
2 0.5468347234375 0.4256740828125 0.5732130843750001 0.457110590625 0.60434416875 0.45983420781250006 0.6369479421875 0.4201139515625 0.60681679375 0.354739078125 0.5781039015625 0.34998635624999996 0.5466673937500001 0.3763647203125 0.5468347234375 0.4256740828125
2 0.5493073468749999 0.320578953125 0.5804384296875 0.3233025703125 0.613042203125 0.2835823140625 0.5881365296875 0.2097019328125 0.5372708140625 0.22765845156250003 0.5318235812500001 0.2899206203125 0.5493073468749999 0.320578953125
2 0.7067953124999999 0.159585159375 0.7334790984375 0.1619196890625 0.760079221875 0.1395995375 0.7672501375 0.108857540625 0.7440681421875001 0.06649733125 0.6806387093749999 0.0743919921875 0.67230053125 0.1184758796875 0.7067953124999999 0.159585159375
2 0.5591726453125 0.130985165625 0.5977256375 0.1769308328125 0.63922400625 0.13798875156249998 0.627660225 0.06527563593749999 0.585605440625 0.0593556484375 0.5574489640625 0.0994649921875 0.5591726453125 0.130985165625
2 0.4696702734375 0.0783413375 0.49932867031250006 0.1235088265625 0.5304597546875 0.12623244375 0.552612578125 0.103523203125 0.5613398468749999 0.054992015625 0.5426051515625 0.0130208953125 0.5005503671875 0.0071009093750000005 0.47395024374999994 0.0294210609375 0.4696702734375 0.0783413375
2 0.487823353125 0.3062371234375 0.5177035109375 0.2976479515625 0.528932634375 0.2717423421875 0.511365203125 0.216429328125 0.48873962656250003 0.218931184375 0.4674486421875 0.25740051249999996 0.487823353125 0.3062371234375
2 0.3896773796875 0.3267791640625 0.4119975328125 0.3533792859375 0.44351770625000003 0.35165560625 0.456386846875 0.3326154859375 0.45332857187500003 0.26512784375 0.436706646875 0.250229596875 0.4079937546875 0.2454768765625 0.390288228125 0.26857520625000003 0.3896773796875 0.3267791640625
2 0.33750630312499996 0.43648892031250003 0.371666428125 0.37897947187500003 0.344426225 0.33178287812499996 0.3121278765625 0.3424011546875 0.3001205765625 0.3772013609375 0.33750630312499996 0.43648892031250003
2 0.1896618765625 0.4616455859375 0.2156511515625 0.49752939218750003 0.251618621875 0.4961947984375 0.2789969203125 0.46498005156250005 0.2861678359375 0.4342380546875 0.25970580781249997 0.378146865625 0.21242555 0.3807323859375 0.188716371875 0.4212308171875 0.1896618765625 0.4616455859375
2 0.170592525 0.3210557375 0.2043091296875 0.3710596140625 0.25431300625 0.33734300781250004 0.2504765578125 0.2787499625 0.2301855078125 0.2545680328125 0.2014726171875 0.24981530937500002 0.17448340625 0.2765827609375 0.170592525 0.3210557375
2 0.0853156921875 0.322557659375 0.10318854687500001 0.34876869374999997 0.1395451046875 0.34298680312499996 0.15763971875 0.315441175 0.140850465625 0.251233565625 0.12103216875 0.247259021875 0.088817484375 0.2825319796875 0.0853156921875 0.322557659375
2 0.151305446875 0.592729990625 0.1813529296875 0.6334501828125 0.21770948906249998 0.627668290625 0.2305786296875 0.608628171875 0.2360258640625 0.5463660031249999 0.2124547828125 0.5084530921875 0.1878001 0.50853675625 0.155196328125 0.5482570124999999 0.151305446875 0.592729990625
2 0.1451344671875 0.5608207296875001 0.12562159687500002 0.5277442046874999 0.0954360171875 0.5654353546875 0.123148971875 0.6328393343750001 0.1451344671875 0.5608207296875001
2 0.060719475 0.5780827359375 0.09621419375 0.5565407609374999 0.1153924078125 0.4909985578125 0.09018131093750001 0.44622015625 0.0622465953125 0.4325728390625 0.0376755765625 0.45731118593750003 0.026613781250000003 0.5325261578125 0.060719475 0.5780827359375
2 0 0.8045614234375 0.0125521765625 0.795694903125 0.024559476562499998 0.760894696875 0 0.7160174265625 0 0.8045614234375
2 0.06335539375 0.1637895328125 0.0345588390625 0.13438212968750002 0.022024353125 0.2520409765625 0.06391181093750001 0.2086515984375 0.06335539375 0.1637895328125
2 0.2048832578125 0 0.2059451140625 0.0194176671875 0.2431635125 0.029395862499999998 0.263348521875 0 0.2048832578125 0
2 0.22421875 0.809375 0.14375 0.2078125