2 0.8344431828125 0.48005914218749995 0.8006456999999999 0.462662475 0.7755507484375 0.47303781562499997 0.7491214640625 0.5272475015625 0.7655222796875 0.5784416515624999 0.7906200296875 0.5978468109375 0.8140421718749999 0.590148525 0.846827015625 0.513853828125 0.8344431828125 0.48005914218749995
2 0.91743471875 0.5616967625 0.8956825890625 0.536937490625 0.8588751671875 0.5362717234375001 0.8351201421875001 0.56237371875 0.8341214906250001 0.617584853125 0.8655776 0.6446855 0.9030535859375 0.6383243421875 0.922123065625 0.601849803125 0.91743471875 0.5616967625
2 1 0.45331846875000004 0.9702848921875 0.3639358890625 0.9070481859375 0.4174798078125 0.92244475625 0.46432409375 0.9636048421875 0.4937661140625 0.9880312312499999 0.49041769375 1 0.48209874687500004 1 0.45331846875000004
2 0.9605725187499999 0.2722530140625 0.9120498296875 0.2307656390625 0.870892540625 0.2311041203125 0.8347592781250001 0.28297243125 0.844468853125 0.34487480625 0.8916544140625 0.4004160234375 0.9291304015625 0.39405486875 0.9622537250000001 0.358917459375 0.9605725187499999 0.2722530140625
2 0.712660915625 0.657080525 0.686564515625 0.6928864984375 0.6912528609375 0.7330395421875 0.7113321796875 0.7604758687500001 0.7511523390625 0.774191234375 0.7799257953125001 0.7400580703124999 0.773228959375 0.6912052953125001 0.712660915625 0.657080525
2 0.6885897953125 0.88026923125 0.718711571875 0.9512042218750001 0.7816181921875 0.9458445140625 0.7765913671875 0.86453418125 0.7364355265625 0.8394420281249999 0.7059864625000001 0.8464717484375001 0.6885897953125 0.88026923125
2 0.7076704640625 0.9629166921874999 0.6892611578125 0.9030228093750001 0.6554636734375 0.8856261421875 0.629364475 0.891651615625 0.5969153125 0.9793231046875001 0.7076704640625 0.9629166921874999
2 0.610957965625 0.8615382328125 0.56745370625 0.8120196906249999 0.5249564906249999 0.796631515625 0.48581049218750005 0.8354502265624999 0.48280335 0.8819616281249999 0.5279832171875001 0.9585836140625 0.583194353125 0.9595822640625 0.614642065625 0.897341409375 0.610957965625 0.8615382328125
2 0.5152578125 1 0.5219633406249999 0.992045415625 0.49719567500000006 0.9244560453125 0.441315975 0.9304843187499999 0.44500287343749995 0.99606799375 0.45242463437499997 1 0.5152578125 1
2 0.6069185984375001 0.6058947671875 0.5691041328125 0.571098634375 0.53865506875 0.5781283546875 0.5135629140625 0.618284196875 0.5319722203125 0.6781780796875 0.5614198375 0.6965789921875001 0.5945459578125 0.6912220828125 0.6189695484375 0.6580931640625 0.6069185984375001 0.6058947671875
2 0.68222024375 0.75345174375 0.6527698296875 0.70527033125 0.6069269937499999 0.6952362671875 0.5751408 0.7163198328125 0.5550698734374999 0.7782250046875 0.6079452296875 0.848488634375 0.6631563625 0.8494872828125001 0.6899213265624999 0.8066543875000001 0.68222024375 0.75345174375
2 0.3141544140625 0.8361355796875 0.2947492546875 0.8612333296875001 0.30445882968750004 0.9231357046875001 0.336919184375 0.9545862171874999 0.370045303125 0.94922930625 0.3881105359375 0.9084049015625 0.3814136984375 0.8595521249999999 0.3141544140625 0.8361355796875
2 0.2846872109375 0.6092711656249999 0.25557807499999996 0.632027540625 0.2539080609375 0.664485096875 0.2800128546875 0.7180206234375001 0.3037706796875 0.7216991265625 0.3352183921875 0.6594582734375 0.322834559375 0.6256635875 0.2846872109375 0.6092711656249999
2 0.3204791953125 0.48646506718750004 0.2987298640625 0.4914862953125 0.2733048265625 0.5500458484374999 0.2950597546875 0.60458561875 0.3402340265625 0.6216466046875 0.38138571875 0.561747125 0.36163928125 0.5159070875 0.3204791953125 0.48646506718750004
2 0.4044609875 0.4235500515625 0.3783589921875 0.3997950265625 0.356609659375 0.4048162546875 0.3348631265625 0.439617984375 0.339551471875 0.4797710265625 0.3606350359375 0.5115572203125 0.39945094999999997 0.5209227203125 0.418520428125 0.48444818125 0.4044609875 0.4235500515625
2 0.5131964546875001 0.27932190625 0.4824117078125 0.27497483906250003 0.470713228125 0.41283623125 0.496815225 0.43659125625 0.5342912109375 0.4302301 0.5630646671874999 0.3960969359375 0.55569646875 0.3244905828125 0.5131964546875001 0.27932190625
2 0.6524089671875 0.42586904218750005 0.6594386875 0.45631810625 0.691563359375 0.47639182968749993 0.7333864140624999 0.4392459296875 0.7253524484375 0.4044469984375 0.688542228125 0.37400073125 0.6524089671875 0.42586904218750005
2 0.334180571875 0.29774240625 0.308078575 0.2739873796875 0.27227539843750004 0.27767148124999996 0.2501959828125 0.330876921875 0.26224693125 0.3830753171875 0.2937030390625 0.4101759625 0.33552889218750004 0.4028105625 0.3566068625 0.3750357546875 0.334180571875 0.29774240625
2 0.2391632671875 0.431930890625 0.198005978125 0.4322693703125 0.18228492031250002 0.49317029687499997 0.220102184375 0.55774693125 0.244864253125 0.5657753 0.2793247046875 0.5165840453125 0.27597348906249997 0.46237715625 0.2391632671875 0.431930890625
2 0.185286465625 0.3870978953125 0.1642028984375 0.355311703125 0.1334181546875 0.35096463437500003 0.10063051406250001 0.397478834375 0.11368570781250001 0.454027096875 0.14413757031250002 0.47677787499999996 0.16755971249999999 0.469079590625 0.1913119390625 0.41319709375 0.185286465625 0.3870978953125
2 0.1461068890625 0.0685506078125 0.098258359375 0.07959731249999999 0.079857446875 0.10904492968749999 0.101612375 0.1635847 0.13607842187500002 0.17395444375 0.15849631875 0.16190629375 0.170538875 0.124763190625 0.1461068890625 0.0685506078125
2 0.21374382656250002 0.5500514437499999 0.17358518750000002 0.4951787890625 0.13410070937500002 0.4928402125 0.11804117031250001 0.5125838500000001 0.12440512343750001 0.5798403375000001 0.162219590625 0.6146364703125 0.187650225 0.6156379171874999 0.21408230625 0.5912087328125 0.21374382656250002 0.5500514437499999
2 0.454972584375 0.2652736578125 0.410799759375 0.22278203749999997 0.3652926046875 0.2241247640625 0.3355177015625 0.2836885609375 0.3505813875 0.34893655625000003 0.39575845625 0.39577804375 0.43758430937500004 0.388412640625 0.46769489531249997 0.3402256328125 0.454972584375 0.2652736578125
2 0.44966792812499995 0 0.38969940468750003 0.0123128453125 0.3990733 0.06283843125000001 0.4572971703125 0.0768866796875 0.48573774218750004 0.0611572265625 0.4799509140625 0 0.44966792812499995 0
2 0.5245508578125 0.040742225 0.5175295328125 0.0996346609375 0.5747491578124999 0.10933304375 0.5737393156249999 0.0454221765625 0.5245508578125 0.040742225
2 0.00523835625 0.103363528125 0.034685971875 0.1217644421875 0.058108115625 0.1140661578125 0.0721591625 0.0856227859375 0.00523835625 0.103363528125
2 0.1140625 0.6609375 0.1875 0.2