1 0.68515625 0.79140625 0.109375 0.146875
1 0.73671875 0.67265625 0.1125 0.1328125
1 0.95703125 0.62421875 0.0796875 0.13125
1 0.6125 0.72734375 0.090625 0.1640625
1 0.521875 0.74921875 0.13125 0.165625
1 0.53046875 0.61484375 0.1328125 0.1390625
1 0.484375 0.4078125 0.103125 0.11875
1 0.215625 0.61328125 0.109375 0.121875
1 0.18125 0.74140625 0.1234375 0.1515625
1 0.01640625 0.83125 0.0328125 0.1625
1 0.12109375 0.08984375 0.1375 0.1484375
1 0.9796875 0.3140625 0.040625 0.14375
1 0.9453125 0.871875 0.075 0.0640625