0 0.15078125 0.81171875 0.1046875 0.1125
0 0.0328125 0.5640625 0.065625 0.1375
0 0.2546875 0.42890625 0.134375 0.1421875
0 0.2359375 0.30546875 0.0859375 0.0921875
0 0.16171875 0.2375 0.1328125 0.134375
0 0.32265625 0.2 0.1234375 0.1375
0 0.58125 0.31328125 0.0796875 0.0890625
0 0.70078125 0.20078125 0.0890625 0.0953125
0 0.621875 0.1625 0.1390625 0.1515625
0 0.61640625 0.66015625 0.1796875 0.1953125
0 0.61875 0.80546875 0.1546875 0.1640625
0 0.32421875 0.69453125 0.10625 0.1109375
0 0.459375 0.98125 0.09375 0.0375
0 0.73203125 0.97578125 0.1265625 0.0484375