2 0.2324971796875 0.932892278125 0.197116253125 0.922722734375 0.17664970156249998 0.93317554375 0.1613953859375 0.9862469359375 0.24831802656250002 0.99151584375 0.2515615171875 0.9625935640625001 0.2324971796875 0.932892278125
2 0.4631247453125 0.9163774328125 0.44387626874999997 0.9559083234375001 0.45139718906250004 0.9963740218750001 0.5450900796875 0.99964585 0.5234337890625 0.9162499671875001 0.4631247453125 0.9163774328125
2 0.3131169734375 0.92677356875 0.2997039390625 0.9910767765624999 0.377703446875 0.9960340828125 0.3686528484375 0.9354134343749999 0.3131169734375 0.92677356875
2 0.3634689484375 0.82802424375 0.339787240625 0.8026287218749999 0.2740818234375 0.829369784375 0.3023525609375 0.9152301515625 0.3403537734375 0.9143236796875 0.3708340671875 0.8729515078125001 0.3634689484375 0.82802424375
2 0.454258284375 0.7865246078125 0.430576578125 0.7611290875 0.3777884546875 0.8017222515625001 0.3805362046875 0.8509552796875001 0.40637079531250003 0.8786594843750001 0.4308315078125 0.8817471765624999 0.4565386328125 0.8491423359375 0.454258284375 0.7865246078125
2 0.4073622765625 0.7223488671875 0.37968640625 0.683412846875 0.33937650937499997 0.6864722000000001 0.313513584375 0.72353860625 0.307961409375 0.7546137671875 0.33332859375 0.795702671875 0.3757913734375 0.794952 0.40149849687500005 0.7623471625 0.4073622765625 0.7223488671875
2 0.32062377343750004 0.6478477828125 0.257411175 0.6032037828125 0.21769614843750001 0.6531874828124999 0.2067475984375 0.710876240625 0.22518873281250001 0.7584237921875 0.26303414375 0.7619788875 0.2874948578125 0.7650665765625 0.30858461406250004 0.7367675031250001 0.32062377343750004 0.6478477828125
2 0 0.7992856453125 0.0111610203125 0.8112543734375001 0.049162234375 0.8103479015625 0.0753367609375 0.7643583640625 0.0485957 0.6986529453125 0.008285803125000001 0.7017123 0 0.71163080625 0 0.7992856453125
2 0.713136659375 1 0.7337222703124999 0.970496975 0.740209253125 0.9126524171874999 0.7080718171875 0.8735605921875 0.6768408531250001 0.8724699828125001 0.63774903125 0.9046074203125001 0.62249471875 0.957678809375 0.6459187515625 1 0.713136659375 1
2 0.7033553218749999 0.752786703125 0.63274926875 0.7279860515625 0.6111921078125 0.7696698234375 0.6136282578125 0.8278259859375 0.6433012078125 0.8735322578125 0.7110037078125 0.8535614453125 0.7267254249999999 0.7871053578125 0.7033553218749999 0.752786703125
2 0.8185203640625 0.9086865890625001 0.7829836359375 0.9029786124999999 0.753126546875 0.9265045187500001 0.752347540625 0.9488123484375001 0.790787821875 0.9992917890624999 0.8357150875 0.9919266703125 0.8417346671875 0.9474668109375 0.8185203640625 0.9086865890625001
2 0.909210571875 0.7421073 0.8425986812499999 0.730847146875 0.8172031609375001 0.7545288546875 0.801481440625 0.8209849437500001 0.8313101921875001 0.8622296468749999 0.8780787374999999 0.8660963453124999 0.9308668609374999 0.8255031828125 0.909210571875 0.7421073
2 0.941178084375 0.466269203125 0.9071710328125 0.48071617499999997 0.8879225578125001 0.5202470640625 0.8949760734375 0.5740974624999999 0.9254280296875 0.5974959015625 0.984207396875 0.5772134890625 0.9780886890625 0.49659369375000006 0.941178084375 0.466269203125
2 0.8385337249999999 0.5274563828125001 0.801934725 0.48820875937499997 0.76608639375 0.49142391406249997 0.730988734375 0.53710185 0.72512495625 0.57710014375 0.763409434375 0.6320411499999999 0.8012548468749999 0.63559624375 0.83619670625 0.594379875 0.8385337249999999 0.5274563828125001
2 0.8899763093749999 0.39747609375000004 0.8545953828125 0.38730655 0.8293556640625 0.4065266921875 0.818562915625 0.45975388281249996 0.8573147999999999 0.501310190625 0.8887015640625 0.49793923281249997 0.9088848484375 0.43163894531249997 0.8899763093749999 0.39747609375000004
2 0.999674184375 0.3901393109375 0.96276358125 0.35981481875 0.9378354640625 0.37011182656249997 0.9232043546875 0.40533695312500007 0.9481041359375 0.4598105546875 0.977026415625 0.46305404687499996 0.9979603703125 0.4392165390625 0.999674184375 0.3901393109375
2 0.9532455796875 0.3125788703125 0.9075676453125 0.2774812109375 0.8687874234375 0.30069551250000004 0.858929484375 0.32715330625 0.8623004421875 0.358540071875 0.892596596875 0.3864000796875 0.9170573093750001 0.38948776875 0.9564607359374999 0.3484272015625 0.9532455796875 0.3125788703125
2 1 0.1640454125 0.9790093765625001 0.1504328109375 0.9476226109375 0.15380376875 0.92668865625 0.177641275 0.92372843125 0.262411034375 0.9578629484375 0.30827310625000004 1 0.28716282031249996 1 0.1640454125
2 0.9089981921874999 0.17255650312499998 0.871620184375 0.1556167109375 0.8495956203125001 0.21068518281249998 0.87911276875 0.2608530203125 0.9151169015624999 0.2531762984375 0.9209806796875 0.213178003125 0.9089981921874999 0.17255650312499998
2 0.7639477265625 0.1049531328125 0.735804453125 0.0794018109375 0.6999561234375 0.0826169671875 0.6788663671874999 0.110916040625 0.6769967515624999 0.164454834375 0.698213971875 0.1964648046875 0.736215184375 0.19555833281249999 0.76700708125 0.14526303125 0.7639477265625 0.1049531328125
2 0.614818090625 0.21812109531249999 0.5711089 0.25456429375 0.5693950859375 0.3036415234375 0.604464409375 0.3227341984375 0.6401569406250001 0.3239806078125 0.6506380843749999 0.27967654999999997 0.614818090625 0.21812109531249999
2 0.712575934375 0.4247836875 0.6892058328124999 0.390465034375 0.6358228375 0.3841338515625 0.60580995 0.4121213234375 0.59963456875 0.46104275 0.6382306515625 0.5070606234375 0.6762318640625 0.5061541515625 0.7064005546875001 0.47370511562499995 0.712575934375 0.4247836875
2 0.6068438875 0.51043158125 0.583006378125 0.489497625 0.539452990625 0.5214792593750001 0.56404116875 0.5848759953125 0.5885018828125 0.587963684375 0.6094358359375 0.564126178125 0.6068438875 0.51043158125
2 0.45526398125 0.2460518953125 0.410520853125 0.1841848375 0.36743486875000003 0.20278177187500002 0.3526479578125 0.24246846406250003 0.355395709375 0.29170149375 0.385691865625 0.3195615 0.41461414375 0.3228049921875 0.45401757031249995 0.2817444234375 0.45526398125 0.2460518953125
2 0.58765208125 0.42042124999999997 0.55504724375 0.3947141265625 0.5191989125 0.39792928125000004 0.49826495625 0.421766790625 0.5008569078125 0.4754613859375 0.5225415328125 0.4940866578125 0.5563927828125 0.48410125312499996 0.586873075 0.44272908125 0.58765208125 0.42042124999999997
2 0.5180941828125001 0.109768759375 0.494100871875 0.0932963703125 0.45825254062500004 0.0965115265625 0.418070109375 0.15987992499999998 0.46003714999999995 0.2372845640625 0.49604128125 0.229607840625 0.5294534625 0.1682365234375 0.5180941828125001 0.109768759375
2 0.42087453437500005 0.07957173281249999 0.3712024359375 0.0309335734375 0.335198303125 0.0386102953125 0.31364114375 0.08029406875 0.316544696875 0.1250655296875 0.3465292484375 0.16184866874999998 0.380068896875 0.16078639687500001 0.4196281234375 0.11526426249999999 0.42087453437500005 0.07957173281249999
2 0.4633642765625 0 0.396753759375 0.0027903 0.4213419375 0.066187034375 0.47104237031249996 0.050054584375 0.48376835781249994 0 0.4633642765625 0
2 0.10982543125 0.352364596875 0.084429909375 0.376046303125 0.078721934375 0.41158303281249997 0.0903928171875 0.46112766406250005 0.1168506109375 0.4709856046875 0.153166346875 0.45438575156249994 0.1685764625 0.39685279375000004 0.10982543125 0.352364596875
2 0.21103924218749998 0.3961021234375 0.17272642656249998 0.40593172656250004 0.17516257500000001 0.46408788906250004 0.1996232890625 0.4671755796875 0.22055724375 0.44333807187499996 0.21103924218749998 0.3961021234375
2 0.194935128125 0.2816310796875 0.1755591859375 0.260852925 0.1486339875 0.2643796828125 0.1229268640625 0.29698452343750004 0.12183625468749999 0.32821548749999996 0.1433650796875 0.3513023234375 0.1678257921875 0.3543900140625 0.19337711562499998 0.3262467421875 0.194935128125 0.2816310796875
2 0.016585825000000002 0.016316584375000002 0.013002393749999999 0.11893260624999999 0.0259196890625 0.132784709375 0.06176801875 0.1295695546875 0.0813281 0.08111553125 0.08257450937500001 0.045423001562499996 0.0458197078125 0.010636943749999999 0.016585825000000002 0.016316584375000002
2 0.28416645156250003 0.28474710625 0.2515616140625 0.25903998125 0.22925378125 0.258260975 0.203702459375 0.2864042484375 0.1972154765625 0.3442488078125 0.2228942640625 0.376414578125 0.261051278125 0.371046540625 0.286914203125 0.3339801359375 0.28416645156250003 0.28474710625
2 0.8390625 0.04140625 0.115625 0.0640625
2 0.1546875 0.0125 0.090625 0.025
2 0.5328125 0.2546875 0.0890625 0.1109375
2 0.96328125 0.840625 0.0546875 0.1640625
2 0.01328125 0.9484375 0.0265625 0.06875
2 0.31875 0.48203125 0.15625 0.2015625