2 0.428125 0.1046875 0.175 0.19375
2 0.21015625 0.32265625 0.1484375 0.1625
2 0.12890625 0.4390625 0.21875 0.246875
2 0.4046875 0.375 0.178125 0.1984375
2 0.27890625 0.53359375 0.15625 0.1734375
2 0.7671875 0.87734375 0.1578125 0.178125
2 0.428125 0.7046875 0.1328125 0.1421875
2 0.225 0.734375 0.1390625 0.1609375
2 0.03046875 0.621875 0.0609375 0.175
2 0.3515625 0.01875 0.11875 0.0375
2 0.02890625 0.7359375 0.0578125 0.1875
2 0.50703125 0.33828125 0.1515625 0.1703125
2 0.534375 0.4671875 0.1296875 0.1453125
2 0.5765625 0.54765625 0.128125 0.15
2 0.38203125 0.93515625 0.1484375 0.1296875
2 0.25 0.2171875 0.1109375 0.1203125
2 0.34140625 0.30546875 0.1390625 0.15
2 0.13671875 0.16796875 0.103125 0.125
2 0.8265625 0.29765625 0.1625 0.1875
2 0.08828125 0.72578125 0.121875 0.134375
2 0.6734375 0.196875 0.2234375 0.2484375
2 0.875 0.42265625 0.19375 0.2171875