0 0.5765625 0.13828125 0.125 0.146875
0 0.603125 0.0453125 0.0984375 0.0828125
0 0.48125 0.3375 0.0953125 0.1203125
0 0.4921875 0.509375 0.1078125 0.134375
0 0.6984375 0.64765625 0.103125 0.1046875
0 0.85234375 0.66484375 0.1 0.1140625
0 0.84453125 0.83125 0.2046875 0.23125
0 0.7046875 0.76796875 0.1359375 0.1734375
0 0.73359375 0.9046875 0.0859375 0.090625
0 0.121875 0.8671875 0.090625 0.1125
0 0.040625 0.88515625 0.08125 0.1421875
0 0.2703125 0.4734375 0.1546875 0.20625
0 0.38046875 0.19140625 0.0578125 0.071875