2 0.79375 0.94453125 0.06875 0.1015625
2 0.684375 0.9421875 0.1203125 0.115625
2 0.61015625 0.80546875 0.0796875 0.11484375
2 0.578125 0.71015625 0.09296875 0.15234375
2 0.54140625 0.56484375 0.1296875 0.159375
2 0.6375 0.49453125 0.1171875 0.16171875
2 0.7125 0.4109375 0.0984375 0.09296875
2 0.6140625 0.3609375 0.11640625 0.13671875
2 0.55546875 0.2765625 0.09140625 0.12265625
2 0.51953125 0.16328125 0.0734375 0.12109375
2 0.84609375 0.23046875 0.1109375 0.14296875
2 0.95859375 0.44765625 0.08203125 0.12265625
2 0.9671875 0.30859375 0.065625 0.1515625
2 0.36640625 0.68203125 0.0921875 0.13046875
2 0.509375 0.86796875 0.08515625 0.11484375
2 0.48203125 0.95859375 0.0921875 0.08203125
2 0.38359375 0.9484375 0.0984375 0.10234375
2 0.28984375 0.56171875 0.09453125 0.13828125
2 0.17578125 0.54453125 0.14375 0.190625
2 0.153125 0.3703125 0.11328125 0.14140625
2 0.8703125 0.9625 0.0953125 0.07421875
2 0.0546875 0.815625 0.109375 0.209375
2 0.94375 0.1453125 0.1125 0.24453125