2 0.1078125 0.86015625 0.090625 0.115625
2 0.2140625 0.884375 0.1453125 0.140625
2 0.31953125 0.76953125 0.1046875 0.13125
2 0.3734375 0.68515625 0.1265625 0.1703125
2 0.44375 0.553125 0.1640625 0.1859375
2 0.36796875 0.46171875 0.153125 0.1859375
2 0.315625 0.3625 0.11875 0.1140625
2 0.42265625 0.3375 0.1453125 0.1609375
2 0.5 0.26953125 0.11875 0.140625
2 0.5625 0.16875 0.1 0.1359375
2 0.2296875 0.1546875 0.1421875 0.165625
2 0.06796875 0.33828125 0.109375 0.1390625
2 0.09296875 0.2015625 0.1 0.1625
2 0.5859375 0.70859375 0.1203125 0.1484375
2 0.4015625 0.8546875 0.1109375 0.1328125
2 0.40625 0.94921875 0.109375 0.1015625
2 0.50390625 0.95078125 0.1203125 0.0984375
2 0.6890625 0.6109375 0.125 0.1578125
2 0.80390625 0.621875 0.1859375 0.2203125
2 0.86796875 0.4578125 0.14375 0.1640625
2 0.0421875 0.85859375 0.084375 0.0953125
2 0.8546875 0.89921875 0.15625 0.2015625
2 0.1546875 0.08984375 0.16875 0.1796875