2 0.12109375 0.26640625 0.1390625 0.1734375
2 0.03828125 0.2546875 0.0765625 0.128125
2 0.33125 0.3265625 0.1390625 0.1515625
2 0.42578125 0.21015625 0.11875 0.1375
2 0.1671875 0.3875 0.134375 0.1578125
2 0.296875 0.471875 0.1234375 0.1703125
2 0.646875 0.50703125 0.14375 0.16875
2 0.22265625 0.9546875 0.1359375 0.090625
2 0.47109375 0.87109375 0.11875 0.128125
2 0.5109375 0.953125 0.128125 0.09375
2 0.67265625 0.85546875 0.1125 0.14375
2 0.7625 0.91328125 0.146875 0.125
2 0.91875 0.7734375 0.103125 0.1421875
2 0.85703125 0.5609375 0.125 0.1546875
2 0.8734375 0.240625 0.1265625 0.159375
2 0.91171875 0.13046875 0.1015625 0.1609375
2 0.9375 0.24453125 0.08125 0.140625
2 0.90859375 0.3625 0.1234375 0.15
2 0.96328125 0.5125 0.0734375 0.165625
2 0.21875 0.228125 0.1125 0.134375
2 0.73671875 0.76640625 0.1078125 0.1265625
2 0.09765625 0.07734375 0.109375 0.059375