2 0.9068598437500001 0.43680721875 0.874442203125 0.4492511859375 0.8449428359375 0.5045319875 0.8514926859375 0.5392121671875 0.88795986875 0.5725520953125 0.9210620281249999 0.5530827421875 0.9387731625000001 0.50232701875 0.9068598437500001 0.43680721875
2 0.8188372765624999 0.5686539640625 0.794129540625 0.5747570640624999 0.7664459609375001 0.6259595390625 0.770733271875 0.6547456031250001 0.7985970484375 0.6744815078124999 0.82988341875 0.6590904828124999 0.8480413046875 0.6183072046875 0.8188372765624999 0.5686539640625
2 0.8520908484374999 0.6640910984375 0.8262230562499999 0.7112152468749999 0.8497707374999999 0.74613319375 0.8774255312499999 0.7388988249999999 0.9114499781250001 0.6954062546875 0.8786143718750001 0.6539096703125 0.8520908484374999 0.6640910984375
2 0.9005552453125001 0.719876221875 0.8669775515625 0.7733412375000001 0.8995753890625 0.8318356515625001 0.9393137546875 0.7151421609375 0.9005552453125001 0.719876221875
2 0.8378385765624999 0.9704988015625 0.868498 0.8741969515625 0.8378961468749999 0.882562590625 0.8211072984375001 0.909295096875 0.814737646875 0.9455532984374999 0.8378385765624999 0.9704988015625
2 0.824292125 0.8911659953125 0.8191113140624999 0.8424350437499999 0.7860379390625 0.8179362906250001 0.7373069875 0.823117103125 0.6960193859375 0.8829229843749999 0.71069710625 0.965202846875 0.742192459375 0.9767820984375 0.79116118125 0.9546034546875 0.824292125 0.8911659953125
2 0.647137021875 0.773197309375 0.694289953125 0.7550969953125 0.682768275 0.6986561375 0.6403781890625 0.711546853125 0.6299302078125 0.745989265625 0.647137021875 0.773197309375
2 0.64993266875 0.657159553125 0.6424893171875 0.602534484375 0.615756809375 0.5857456359375 0.5715509375 0.6027146812499999 0.5497614734375 0.6516546171875001 0.5585738625000001 0.6922289125 0.59233175625 0.70970228125 0.62951224375 0.6920487171875 0.64993266875 0.657159553125
2 0.693331396875 0.4883413015625 0.6586512156250001 0.4948911515625 0.6305208875 0.53612118125 0.6357016984375 0.5848521343749999 0.659487146875 0.602772253125 0.722059890625 0.571990203125 0.7257202515625 0.5198654406250001 0.693331396875 0.4883413015625
2 1 0.3791587015625 0.9914310328125 0.3840555078125 0.973719896875 0.43481123281249995 0.9861638640624999 0.46722887343749997 1 0.4719405796875 1 0.3791587015625
2 0.5239224671875 0.65481065625 0.49334940156249996 0.6192081890625001 0.4627475484375 0.627573828125 0.43324818125000003 0.68285463125 0.4590584 0.7236666953124999 0.5025797546875 0.7137230359375 0.519368603125 0.6869905296875001 0.5239224671875 0.65481065625
2 0.4403311375 0.5956029375 0.40770451406249997 0.5810766296875001 0.38118098906250003 0.5912580562499999 0.361654065625 0.6460921078124999 0.39969926875 0.6923515390625 0.4232757359375 0.68330138125 0.44869677656249995 0.626204790625 0.4403311375 0.5956029375
2 0.31113611093750004 0.6113831421875 0.28773984218750004 0.6913716812499999 0.31355006093750004 0.7321837453125 0.3511772984375 0.7245026265625001 0.3693351859375 0.6837193453125 0.352366140625 0.6395134734375 0.31113611093750004 0.6113831421875
2 0.33281043125 0.73831563125 0.292236134375 0.7471280203124999 0.2659215921875 0.7842797218750001 0.2692866171875 0.8370890031249999 0.3071228375 0.8563781593750001 0.3438565734375 0.82875215 0.3638302484375 0.7838905421875 0.33281043125 0.73831563125
2 0.4531067125 0.813865446875 0.44021599531250005 0.7714753609375 0.397616928125 0.757395803125 0.3769875203125 0.765314690625 0.359276384375 0.8160704140625 0.37261385156250004 0.8684329453125 0.40229341874999996 0.8840905234375 0.44128969375000004 0.86235863125 0.4531067125 0.813865446875
2 0.336355653125 0.8620632921875 0.2771479328125 0.9456546234375001 0.37094947500000003 0.987417759375 0.3873203578125 0.9067447015625 0.336355653125 0.8620632921875
2 0.441022665625 1 0.48019961406249995 0.97253105625 0.48701601875 0.9462453 0.4573652375 0.886619615625 0.41723769062500005 0.90540445 0.3931856890625 0.9484502687499999 0.4060764078125 0.9908403531250001 0.43099047968750004 1 0.441022665625 1
2 0.2941958515625 0.5232091624999999 0.28880605625 0.447507934375 0.2523388734375 0.41416800781249996 0.19226643906250002 0.43384634218749996 0.15279462500000002 0.4895738953125 0.161131478125 0.5641438546875001 0.211649434375 0.5988528203125 0.27422217656250003 0.568070771875 0.2941958515625 0.5232091624999999
2 0.313218453125 0.546338878125 0.3780825203125 0.477482840625 0.36474505156250003 0.425120309375 0.340275084375 0.41422557812500005 0.2955936734375 0.46519028437500004 0.313218453125 0.546338878125
2 0.0405035890625 0.3027491703125 0.0005562390625 0.392472384375 0.025919707812499998 0.42331200625000004 0.0658094875 0.4215250015625 0.1052812984375 0.3657974484375 0.0982846984375 0.321144825 0.06928965312499999 0.298461859375 0.0405035890625 0.3027491703125
2 0.2679313953125 0.1376776390625 0.24753975625 0.128598696875 0.1901766109375 0.164143590625 0.1765438046875 0.2167151046875 0.198275696875 0.25571138125 0.27308342343750003 0.2303766953125 0.2862694796875 0.1678327390625 0.2679313953125 0.1376776390625
2 0.39584374218749996 0.0040438890625 0.357085234375 0.00877795 0.3321397296875 0.0318788796875 0.3225852515625 0.08626618124999999 0.34568618125 0.1112116859375 0.38512920781250004 0.0994522375 0.4105502484375 0.042355646875 0.39584374218749996 0.0040438890625
2 0.51186746875 0 0.5071186515624999 0.0120491328125 0.5492421828125 0.0601243515625 0.588685209375 0.0483649046875 0.608658884375 0.003503296875 0.601280021875 0 0.51186746875 0
2 0.5875 0.25078125 0.159375 0.184375