2 0.7089151499999999 0.6171219109375 0.7612407296875 0.6316701421875 0.781732559375 0.6141337703125 0.7738913765625 0.546442040625 0.7064722875 0.5642619453125 0.6951521546875 0.5885380484375 0.7089151499999999 0.6171219109375
2 0.7045747046875 0.5313594265625 0.72885080625 0.5426795578125 0.7711867703124999 0.520551890625 0.7919403453125 0.47604570468749996 0.7811437046874999 0.4463821765625 0.75390125 0.4361417078125 0.709678596875 0.46231539218749995 0.7045747046875 0.5313594265625
2 0.640361925 0.4472327765625 0.6665247140624999 0.45450689375 0.6969952671875 0.4366978828125 0.7080427593749999 0.4024430578125 0.6910407734375 0.3649601359375 0.6473525062500001 0.374142728125 0.632258996875 0.40651086249999996 0.640361925 0.4472327765625
2 0.46830256875 0.472904759375 0.48638422031250006 0.513354034375 0.524685059375 0.5262882156249999 0.5745677796875001 0.48797648125000004 0.592616746875 0.41758014374999997 0.56995469375 0.3922352734375 0.5241070999999999 0.395485159375 0.48689681562500003 0.42246586875 0.46830256875 0.472904759375
2 0.538197203125 0.61879043125 0.54791418125 0.64548760625 0.5926821109375 0.6392713671875 0.599138309375 0.583172409375 0.577828559375 0.5707726125 0.5551774015625 0.5823762796875 0.538197203125 0.61879043125
2 0.41765640312499996 0.6660230140625 0.43196467656250004 0.714564321875 0.47484591875 0.7123941 0.4980314625 0.6837993421874999 0.51096564375 0.6454985 0.4880309515625 0.6101749062499999 0.45216207812500003 0.6131521546875 0.4327499125 0.633654878125 0.41765640312499996 0.6660230140625
2 0.4633185125 0.9483827015624999 0.4832868515625 0.984785959375 0.524008765625 0.97668303125 0.5488083578125 0.934063534375 0.5253283875 0.8787824953125 0.487572825 0.8858057578125 0.47031998750000004 0.9122411874999999 0.4633185125 0.9483827015624999
2 0.294214615625 0.9360264828125 0.3530072859375 0.931424290625 0.368373434375 0.9090348781250001 0.390741059375 0.850503953125 0.3678063671875 0.8151803609374999 0.28447585000000003 0.8354322328125001 0.2761329640625 0.8955772062499999 0.294214615625 0.9360264828125
2 0.1536619 0.7990616562499999 0.1655382046875 0.8316915375 0.1917009953125 0.838965653125 0.2299909421875 0.8149512968750001 0.2450844515625 0.7825831609375 0.23185584218750002 0.73700820625 0.21054609375000002 0.724608409375 0.174142834375 0.7445767484375 0.1536619 0.7990616562499999
2 0.1757350953125 0.656654934375 0.193816746875 0.6971042093750001 0.23993698125 0.7038330453125 0.272294221875 0.6819780171875001 0.2927751578125 0.627493109375 0.269567828125 0.5821907937499999 0.240438684375 0.5759963421875 0.1883966375 0.608375371875 0.1757350953125 0.656654934375
2 0.0863847203125 0.3834778390625 0.10635305937499999 0.419881096875 0.1346751765625 0.4330879171875 0.1751244515625 0.4150062671875 0.19533274843749998 0.3505426359375 0.18264941875000001 0.324925125 0.14515560156250001 0.3049785734375 0.10659301562500001 0.3190142078125 0.0863847203125 0.3834778390625
2 0.0666563375 0.2462076921875 0.10846881093750001 0.278019653125 0.14109869218749999 0.2661433484375 0.1543055125 0.23782122968750002 0.136758246875 0.18038086250000002 0.10250342187499999 0.1693333703125 0.0666563375 0.2462076921875
2 0.1976715671875 0 0.176629559375 0.031496156250000004 0.18041383125 0.06035265937499999 0.2572772578125 0.05925120625 0.28234949062500003 0.02661043125 0.272664084375 0 0.1976715671875 0
2 0.5472381703125 0.182147715625 0.6416270749999999 0.16458955625 0.656993225 0.14220014375 0.642150565625 0.11064992656249999 0.564207475 0.1087850265625 0.539407884375 0.1514045234375 0.5472381703125 0.182147715625
2 0.8430991078125001 0.1920392859375 0.8959590734375 0.1895964234375 0.9045745984375 0.1394301703125 0.8792188328125 0.1251436859375 0.8525216578125001 0.1348606640625 0.8430991078125001 0.1920392859375
2 1 0.21218181875000003 0.98469880625 0.2211248515625 0.985254978125 0.27803083281249996 1 0.2790522046875 1 0.21218181875000003
2 0.3978513796875 1 0.446589165625 0.9208785015625001 0.43255353124999996 0.882315915625 0.40827743125 0.8709957828125001 0.38293255937500004 0.8936578359375 0.41399022187499995 0.8814226046875 0.390476396875 0.898050765625 0.38486715 0.897406059375 0.3771013921875 0.9056102640624999 0.36739605000000003 0.9306483546875001 0.3559736390625 0.9303446281250001 0.35949616562500003 0.9861709453125 0.38915266718749997 1 0.3978513796875 1
2 1 0.5272127921875 0.9799329171875 0.5218388296875001 0.9475756765625001 0.54369385625 0.93275480625 0.586040715625 0.9505638171875 0.6165112671874999 0.9956043890625 0.6202737515625001 1 0.6108473328125 1 0.5272127921875
2 0.8089859078125 0.661322775 0.8249082296875001 0.6958393453125 0.84999135625 0.70014710625 0.902840428125 0.6607557078124999 0.9141605593750001 0.63647960625 0.8971585734374999 0.5989966843750001 0.8599373968749999 0.58902885625 0.823806778125 0.6189759171875 0.8089859078125 0.661322775