0 0.6625 0.94140625 0.07421875 0.1
0 0.54609375 0.96328125 0.096875 0.0734375
0 0.96328125 0.88828125 0.0734375 0.1046875
0 0.759375 0.578125 0.13359375 0.17109375
0 0.61015625 0.64609375 0.1 0.115625
0 0.39140625 0.671875 0.121875 0.171875
0 0.27109375 0.653125 0.06171875 0.09609375
0 0.09375 0.56328125 0.07734375 0.09921875
0 0.503125 0.39296875 0.09921875 0.14296875
0 0.88203125 0.4359375 0.0640625 0.09765625
0 0.928125 0.2875 0.14375 0.290625
0 0.81484375 0.115625 0.06328125 0.0828125
0 0.92109375 0.03984375 0.0671875 0.0796875
0 0.7375 0.17109375 0.08046875 0.09765625
0 0.39453125 0.0828125 0.06015625 0.0703125
0 0.3765625 0.021875 0.078125 0.04375
0 0.98203125 0.8234375 0.0359375 0.08515625