2 0.8671875 0.71796875 0.13125 0.1578125
2 0.90390625 0.5890625 0.11953125 0.12890625
2 0.7703125 0.49609375 0.11640625 0.165625
2 0.6859375 0.571875 0.12578125 0.178125
2 0.4890625 0.63515625 0.1171875 0.17890625
2 0.7 0.9375 0.11875 0.12421875
2 0.59453125 0.97734375 0.0734375 0.0453125
2 0.3875 0.96640625 0.11875 0.0671875
2 0.22109375 0.77421875 0.1 0.1375
2 0.15859375 0.68515625 0.115625 0.159375
2 0.4078125 0.3125 0.12734375 0.16875
2 0.6265625 0.190625 0.13359375 0.1765625
2 0.44921875 0.16328125 0.08515625 0.1140625
2 0.35703125 0.15390625 0.11953125 0.15078125
2 0.1984375 0.14453125 0.109375 0.14921875
2 0.06796875 0.13515625 0.1359375 0.1765625
2 0.975 0.88515625 0.05 0.1484375
2 0.9328125 0.98125 0.10703125 0.0375
2 0.93203125 0.271875 0.13515625 0.18984375
2 0.04765625 0.775 0.09453125 0.19375
2 0.50703125 0.2484375 0.12421875 0.2