2 0.8125 0.6361607140625 0.8415178578125 0.6607142859375 0.8727678578125 0.6607142859375 0.90625 0.609375 0.8973214281249999 0.5602678578125 0.8705357140625001 0.5334821421875 0.8370535718750001 0.5357142859375 0.8080357140625001 0.5825892859375 0.8125 0.6361607140625
2 0.7522321421875 0.6160714281249999 0.7834821421875 0.6160714281249999 0.8080357140625001 0.5825892859375 0.8125 0.5379464281249999 0.7767857140625 0.49776785781250005 0.7477678578125 0.5 0.7276785718750001 0.5334821421875 0.7522321421875 0.6160714281249999
2 0.6428571421875 0.5959821421875 0.671875 0.625 0.7075892859375 0.6160714281249999 0.7276785718750001 0.5825892859375 0.71875 0.5200892859375 0.6875 0.5066964281249999 0.6629464281249999 0.5089285718750001 0.6383928578125 0.5513392859375 0.6428571421875 0.5959821421875
2 0.78125 0.36830357187499996 0.8102678578125 0.3928571421875 0.8504464281249999 0.37946428593750003 0.8705357140625001 0.35044642812500004 0.8660714281249999 0.3102678578125 0.8348214281249999 0.27008928593750003 0.8013392859374999 0.27678571406249997 0.7723214281249999 0.328125 0.78125 0.36830357187499996
2 0.5580357140625 0.2834821421875 0.5825892859375 0.31696428593750003 0.6183035718750001 0.3125 0.6473214281249999 0.2790178578125 0.6428571421875 0.2299107140625 0.6160714281249999 0.2075892859375 0.578125 0.2053571421875 0.5625 0.2209821421875 0.5580357140625 0.2834821421875
2 0.4375 0.2075892859375 0.493303571875 0.2946428578125 0.5245535718750001 0.2946428578125 0.5491071421875 0.25669642812500004 0.5535714281249999 0.1852678578125 0.5089285718750001 0.13616071406250002 0.47991071406249997 0.133928571875 0.45535714218749995 0.1540178578125 0.4375 0.2075892859375
2 0.39732142812500004 0.131696428125 0.421875 0.15625 0.43973214218749995 0.15625 0.46875 0.11383928593749999 0.46875 0.0825892859375 0.446428571875 0.055803571875 0.41741071406249997 0.0580357140625 0.39732142812500004 0.0959821421875 0.39732142812500004 0.131696428125
2 0.040178571875 0.3147321421875 0.0491071421875 0.2834821421875 0.040178571875 0.234375 0.0133928578125 0.2075892859375 0 0.2075892859375 0.0022321421875000002 0.33928571406249997 0.040178571875 0.3147321421875
2 0.21875 0.27008928593750003 0.25669642812500004 0.30357142812500004 0.30133928593750003 0.2946428578125 0.3258928578125 0.25669642812500004 0.3258928578125 0.2075892859375 0.2946428578125 0.1584821421875 0.2522321421875 0.16071428593749998 0.2142857140625 0.2165178578125 0.21875 0.27008928593750003
2 0.8370535718750001 0.133928571875 0.8549107140625001 0.133928571875 0.8794642859374999 0.0959821421875 0.8616071421875 0.055803571875 0.8415178578125 0.053571428125 0.8169642859374999 0.087053571875 0.8370535718750001 0.133928571875
2 0.8638392859374999 0.0491071421875 0.8727678578125 0.0267857140625 0.9308035718750001 0.022321428125 0.9419642859374999 0.0022321421875000002 0.8035714281249999 0.0022321421875000002 0.8370535718750001 0.0446428578125 0.8638392859374999 0.0491071421875
2 0.90625 0.7433035718750001 0.9352678578125 0.7767857140625 0.9709821421875 0.7767857140625 0.9955357140625001 0.7299107140625 0.9955357140625001 0.6941964281249999 0.9642857140625001 0.6584821421875 0.9352678578125 0.65625 0.90625 0.7075892859375 0.90625 0.7433035718750001
2 1 0.7433035718750001 0.9821428578125 0.7611607140625 0.9977678578125 0.8214285718750001 1 0.7433035718750001
2 0.9375 0.8950892859374999 0.9620535718750001 0.9241071421875 1 0.921875 0.9910714281249999 0.8191964281249999 0.9575892859374999 0.8214285718750001 0.9330357140625001 0.8549107140625001 0.9375 0.8950892859374999
2 0.9977678578125 1 1 0.9397321421875 0.9486607140625001 0.9419642859374999 0.9375 0.9977678578125 0.9977678578125 1
2 0.48214285781250005 0.9441964281249999 0.5290178578125 0.9866071421875 0.5691964281249999 0.9776785718750001 0.5982142859375 0.9308035718750001 0.5848214281249999 0.8325892859374999 0.5446428578125 0.8236607140625001 0.5066964281249999 0.8303571421875 0.477678571875 0.8772321421875 0.48214285781250005 0.9441964281249999
2 0.109375 0.8258928578125 0.14508928593749998 0.8392857140625001 0.178571428125 0.8058035718750001 0.178571428125 0.7611607140625 0.1383928578125 0.7254464281249999 0.102678571875 0.734375 0.0892857140625 0.7879464281249999 0.109375 0.8258928578125
2 0.45078125 0.29609375 0.1375 0.165625
2 0.071875 0.86328125 0.14375 0.134375