2 0.9151785718750001 0.7790178578125 0.9151785718750001 0.8147321421875 0.9352678578125 0.8482142859374999 0.9598214281249999 0.8459821421875 0.9866071421875 0.8191964281249999 0.9866071421875 0.765625 0.9486607140625001 0.7410714281249999 0.9151785718750001 0.7790178578125
2 0.8459821421875 0.6071428578125 0.8348214281249999 0.640625 0.859375 0.6919642859375 0.8973214281249999 0.6986607140625 0.9375 0.640625 0.9375 0.5870535718750001 0.9129464281249999 0.5714285718750001 0.8459821421875 0.6071428578125
2 0.8191964281249999 0.47321428593750003 0.7901785718750001 0.5245535718750001 0.8035714281249999 0.5691964281249999 0.8392857140625001 0.5870535718750001 0.8839285718750001 0.5558035718750001 0.8839285718750001 0.5111607140625 0.8549107140625001 0.477678571875 0.8191964281249999 0.47321428593750003
2 0.7053571421875 0.5691964281249999 0.7254464281249999 0.5982142859375 0.7544642859375 0.5959821421875 0.7678571421875 0.5424107140625 0.7477678578125 0.5 0.7098214281249999 0.5334821421875 0.7053571421875 0.5691964281249999
2 0.6383928578125 0.48883928593750003 0.6517857140625 0.5290178578125 0.6875 0.5424107140625 0.71875 0.5022321421875 0.6986607140625 0.4375 0.6540178578125 0.45089285781250005 0.6383928578125 0.48883928593750003
2 0.5647321421875 0.49553571406249997 0.5223214281249999 0.5290178578125 0.5178571421875 0.5736607140625 0.5513392859375 0.6339285718750001 0.5848214281249999 0.6361607140625 0.625 0.578125 0.625 0.5424107140625 0.5959821421875 0.5044642859375 0.5647321421875 0.49553571406249997
2 0.5714285718750001 0.6852678578125 0.5625 0.734375 0.6160714281249999 0.7700892859375 0.6696428578125 0.734375 0.6741071421875 0.6986607140625 0.6049107140625 0.6651785718750001 0.5714285718750001 0.6852678578125
2 0.47321428593750003 0.6540178578125 0.477678571875 0.703125 0.49776785781250005 0.7276785718750001 0.53125 0.7299107140625 0.5580357140625 0.6674107140625 0.5290178578125 0.625 0.5022321421875 0.6205357140625 0.47321428593750003 0.6540178578125
2 0.2678571421875 0.8013392859374999 0.2678571421875 0.8325892859374999 0.29241071406249997 0.8526785718750001 0.3258928578125 0.8504464281249999 0.34821428593750003 0.8325892859374999 0.34821428593750003 0.7879464281249999 0.30133928593750003 0.7589285718750001 0.2678571421875 0.8013392859374999
2 0.27232142812500004 0.9977678578125 0.33928571406249997 0.9977678578125 0.33482142812500004 0.9352678578125 0.28794642812500004 0.9196428578125 0.2678571421875 0.9397321421875 0.27232142812500004 0.9977678578125
2 0.43303571406249997 0.9977678578125 0.40401785781250005 0.9464285718750001 0.38169642812500004 0.9464285718750001 0.35267857187499996 0.9888392859374999 0.43303571406249997 0.9977678578125
2 0.1875 0.8995535718750001 0.178571428125 0.9397321421875 0.19866071406250002 0.9776785718750001 0.2366071421875 0.984375 0.25446428593750003 0.9709821421875 0.2633928578125 0.9129464281249999 0.21205357187499999 0.8794642859374999 0.1875 0.8995535718750001
2 0.11383928593749999 0.8973214281249999 0.084821428125 0.921875 0.0803571421875 0.9665178578125 0.10491071406250001 1 0.15178571406250002 0.9977678578125 0.1741071421875 0.9799107140625001 0.165178571875 0.921875 0.140625 0.8973214281249999 0.11383928593749999 0.8973214281249999
2 0.180803571875 0.7678571421875 0.15625 0.8325892859374999 0.196428571875 0.8549107140625001 0.2232142859375 0.8415178578125 0.22767857187499999 0.8013392859374999 0.203125 0.7678571421875 0.180803571875 0.7678571421875
2 0.0825892859375 0.6964285718750001 0.0446428578125 0.7700892859375 0.0669642859375 0.8370535718750001 0.11160714218750001 0.8459821421875 0.15178571406250002 0.8191964281249999 0.165178571875 0.7566964281249999 0.1272321421875 0.7008928578125 0.0825892859375 0.6964285718750001
2 0.022321428125 0.859375 0.0491071421875 0.8191964281249999 0.0022321421875000002 0.78125 0 0.859375 0.022321428125 0.859375
2 0.037946428125 0.59375 0.0044642859375000005 0.6227678578125 0.0044642859375000005 0.6897321421875 0.0334821421875 0.7276785718750001 0.0491071421875 0.7254464281249999 0.0892857140625 0.6808035718750001 0.0892857140625 0.640625 0.0647321421875 0.5982142859375 0.037946428125 0.59375
2 0.296875 0.45535714218749995 0.25892857187499996 0.49776785781250005 0.25446428593750003 0.546875 0.29241071406249997 0.6026785718750001 0.32142857187499996 0.609375 0.3616071421875 0.5513392859375 0.3616071421875 0.5066964281249999 0.32366071406249997 0.459821428125 0.296875 0.45535714218749995
2 0.1852678578125 0.2366071421875 0.165178571875 0.265625 0.165178571875 0.33258928593750003 0.203125 0.375 0.2321428578125 0.3772321421875 0.2678571421875 0.33705357187499996 0.2678571421875 0.29241071406249997 0.24330357187499999 0.2455357140625 0.1852678578125 0.2366071421875
2 0.24330357187499999 0.0580357140625 0.21875 0.0959821421875 0.2232142859375 0.1540178578125 0.27232142812500004 0.1852678578125 0.3258928578125 0.140625 0.3258928578125 0.0959821421875 0.2834821421875 0.0491071421875 0.24330357187499999 0.0580357140625
2 0.30357142812500004 0.055803571875 0.3571428578125 0.0959821421875 0.39732142812500004 0.060267857812500006 0.3928571421875 0.0111607140625 0.3102678578125 0 0.30357142812500004 0.055803571875
2 0.46875 0.13616071406250002 0.48214285781250005 0.171875 0.5133928578125 0.180803571875 0.5446428578125 0.12276785781249999 0.5066964281249999 0.0803571421875 0.477678571875 0.0959821421875 0.46875 0.13616071406250002
2 0.5870535718750001 0.12946428593749998 0.5491071421875 0.162946428125 0.5491071421875 0.234375 0.5870535718750001 0.2678571421875 0.6294642859375 0.265625 0.6473214281249999 0.24330357187499999 0.6517857140625 0.180803571875 0.6183035718750001 0.133928571875 0.5870535718750001 0.12946428593749998
2 0.371875 0.28671875 0.1625 0.20234375
2 0.11171875 0.4859375 0.16875 0.16796875
2 0.3890625 0.5984375 0.16640625 0.2140625
2 0.86875 0.23203125 0.14296875 0.18203125
2 0.71171875 0.88125 0.171875 0.190625