2 0.08125 0.28828125 0.1296875 0.1859375
2 0.03359375 0.46015625 0.0671875 0.1390625
2 0.29296875 0.34140625 0.15 0.184375
2 0.31875 0.20859375 0.1265625 0.13125
2 0.41015625 0.0484375 0.1234375 0.096875
2 0.46328125 0.1015625 0.1375 0.159375
2 0.6546875 0.32421875 0.1234375 0.1484375
2 0.56015625 0.03828125 0.1109375 0.0765625
2 0.6390625 0.09453125 0.1453125 0.1640625
2 0.95 0.378125 0.1 0.19375
2 0.7140625 0.403125 0.1078125 0.1390625
2 0.93828125 0.61328125 0.121875 0.1671875
2 0.64921875 0.5375 0.1234375 0.1546875
2 0.0640625 0.7359375 0.128125 0.165625
2 0.0515625 0.86015625 0.103125 0.1421875
2 0.20625 0.81953125 0.11875 0.146875
2 0.65234375 0.8921875 0.1265625 0.1765625
2 0.60078125 0.97109375 0.1359375 0.0578125
2 0.87890625 0.94296875 0.1140625 0.1140625
2 0.73828125 0.2015625 0.1109375 0.134375
2 0.4140625 0.234375 0.0828125 0.0984375
2 0.7015625 0.05703125 0.1390625 0.0796875
2 0.36171875 0.5703125 0.2171875 0.2484375