2 0.11144412968749999 0.468783484375 0.13136099375000002 0.440339253125 0.1264548765625 0.38680647968750004 0.096460215625 0.358096690625 0.07266727656250001 0.364558603125 0.0509397875 0.3955886734375 0.053520259375000004 0.4359320578125 0.08506535 0.47343477500000003 0.11144412968749999 0.468783484375
2 0.11069574687499999 0.2717232234375 0.1006179515625 0.21456920156249998 0.047605567187499996 0.19671778906249998 0.032345357812499996 0.2130080375 0.037251475 0.2665408109375 0.07758949375 0.3024930984375 0.0951753453125 0.2993922390625 0.11069574687499999 0.2717232234375
2 0.210274703125 0.16803483125000002 0.1727827203125 0.1225144015625 0.1438181015625 0.1253550671875 0.13009759062499998 0.22750376249999998 0.1556957875 0.2569887703125 0.1872462453125 0.25595872656249996 0.21440560625 0.217171140625 0.210274703125 0.16803483125000002
2 0.218520409375 0.381905728125 0.23611162812500003 0.34027210937499996 0.22913469218750002 0.300703940625 0.19836481718750001 0.2675976859375 0.1701754140625 0.274834815625 0.14482667656249998 0.3110365640625 0.15335404218749998 0.359397659375 0.18257348906249998 0.38371098593749997 0.218520409375 0.381905728125
2 0.288890653125 0.1768384890625 0.26768891875 0.1465782671875 0.2343278359375 0.15019415 0.2169968109375 0.1804490046875 0.2219029296875 0.2339817765625 0.26715779687499996 0.24640131875 0.2878498765625 0.2223535515625 0.288890653125 0.1768384890625
2 0.3731503703125 0.513300703125 0.39358762187499996 0.4620989421875 0.3858354703125 0.4181343109375 0.34782309843750003 0.39537141249999996 0.31963369531249997 0.4026085421875 0.29945663749999996 0.44243153749999997 0.30798400312499996 0.49079263281249996 0.3276353078125 0.512259928125 0.3731503703125 0.513300703125
2 0.42097497656250005 0.643129146875 0.3842582078125 0.60200518125 0.359690053125 0.6040706328125001 0.3335661 0.6358759171874999 0.3289040765625 0.686562659375 0.38992880625000004 0.7369999375 0.422259846875 0.7018336 0.42097497656250005 0.643129146875
2 0.175271959375 0.8179146984375001 0.1460525140625 0.793601371875 0.1126914328125 0.797217253125 0.0961356234375 0.8318685703125 0.1046629890625 0.8802296671875001 0.16698332031250002 0.912305878125 0.18534975625 0.8750687203125 0.175271959375 0.8179146984375001
2 0.1791247125 1 0.17990178437499998 0.9984245187499999 0.1682735578125 0.9324775703125001 0.0974204921875 0.890573021875 0.0720717546875 0.9267747703125 0.078528303125 0.98910046875 0.0863200875 1 0.1791247125 1
2 0.2712862609375 1 0.281795653125 0.9849910328125 0.27171785625 0.9278370125000001 0.23577630156249998 0.8911095093749999 0.202415221875 0.8947253921874999 0.177066484375 0.9309271406249999 0.186369065625 0.983684696875 0.1979406953125 1 0.2712862609375 1
2 0.5869676015625 0.8903825953125001 0.56084365 0.9221878796875 0.5724718765625 0.988134828125 0.6461763421875 0.9819384734375 0.6531693765625 0.9059083625 0.6151570046875 0.8831454640624999 0.5869676015625 0.8903825953125001
2 0.814288084375 0.868432478125 0.8044543828125 0.9154979703125001 0.824880903125 0.941361728125 0.8476384328125001 0.9418821156250001 0.8639340499999999 0.9186095640625 0.85850754375 0.887834321875 0.814288084375 0.868432478125
2 0.8817854625000001 0.865597178125 0.8722065890625 0.939816665625 0.9363429109375 0.9307742781250001 0.9141111359374999 0.8689636000000001 0.8817854625000001 0.865597178125
2 0.66117635625 0.9770269890625001 0.74289853125 0.9648837406249999 0.7398030390625 0.908765128125 0.683169403125 0.89608539375 0.6549746359374999 0.9418552828125 0.66117635625 0.9770269890625001
2 0.9136336796875 0.583459053125 0.8947629578124999 0.5278554609375 0.853644359375 0.526039471875 0.8290708375 0.5666376828125 0.8399238484374999 0.6281881671875 0.8580247218749999 0.6408625359375 0.9004389249999999 0.6243174578125 0.9136336796875 0.583459053125
2 0.67418605 0.4080887125 0.65038774375 0.4530833875 0.655039034375 0.4794621671875 0.7062407953125 0.4998994203125 0.7259028328125 0.44430119531249995 0.7168550796875001 0.41869763125 0.67418605 0.4080887125
2 0.6237487703125 0.46911344374999997 0.6457364531249999 0.42670460937500004 0.642380765625 0.3819647609375 0.6227294609375 0.3604974671875 0.5849719171875 0.3648885625 0.5640196421875 0.400315096875 0.57177179375 0.444279728125 0.5965947765624999 0.4693682703125 0.6237487703125 0.46911344374999997
2 0.7186925375000001 0.22344799375000002 0.6879226609375 0.19034173906250001 0.6589580421875 0.1931824046875 0.6426570593750001 0.2549877171875 0.6620481703125 0.2878337765625 0.6985101109375 0.3018037484375 0.7248942578124999 0.2586196984375 0.7186925375000001 0.22344799375000002
2 0.778968884375 0.07682501093750001 0.7394060812500001 0.0452691875 0.700873321875 0.045263821875 0.6879387609375 0.07474346093749999 0.7031882359375 0.1355187296875 0.7655085671874999 0.167594940625 0.7854254328125 0.1391507109375 0.778968884375 0.07682501093750001
2 0.5136748375 0 0.4986467484375 0.0038581953125 0.49036347812500003 0.0597166125 0.5482873484375 0.092568040625 0.5682042109375 0.0641238109375 0.5620024906250001 0.0289521046875 0.53051140625 0 0.5136748375 0
2 0.38920222031249996 1 0.402825803125 0.977249615625 0.3906771890625 0.9340601984375001 0.36585420625 0.90897165625 0.3324931265625 0.9125875375 0.30714438906249997 0.9487892859375 0.314121325 0.9883574546875 0.32494223125 1 0.38920222031249996 1
2 0.4871989421875 1 0.48325774375 0.944934678125 0.436967465625 0.9394974390625 0.41601519218750005 0.9749239703124999 0.4204367734375 1 0.4871989421875 1
2 0.5076301046875 0.491854875 0.4696230984375 0.4305592171875 0.43212574843749996 0.42357154843749995 0.39720886875 0.4569272625 0.390996415625 0.49882107812500004 0.4134883859375 0.549252990625 0.44477865000000005 0.5596017125 0.5076301046875 0.491854875
2 1 0.7869643890625 0.996619259375 0.7841512953125 0.9544652515625 0.7893176078125 0.9198032015625 0.849827315625 0.9425499984375 0.9274132249999999 1 0.9187218359375 1 0.7869643890625