2 0.7858086265625001 0.08034421093750001 0.8197787562500001 0.118902415625 0.848852346875 0.11758153281249999 0.8672775125 0.047852031249999996 0.8283323140625001 0.0054068765625 0.8056332078124999 0.003696165625 0.7858086265625001 0.08034421093750001
2 0.88124429375 0 0.8878003812499999 0.031838704687500004 0.9295444093749999 0.060446770312499995 0.9492119234375 0.055782996875000004 0.9423626328125 0 0.88124429375 0
2 0.6215471390625 0.2444429609375 0.5925520796875 0.2097717078125 0.552128934375 0.2102372328125 0.5284959375 0.2558682109375 0.5372794234375 0.2907722296875 0.5662744843749999 0.3254434828125 0.5948040156250001 0.319691590625 0.6186697750000001 0.29427218593750004 0.6215471390625 0.2444429609375
2 0.48235577812499997 0 0.4570613953125 0.003766190625 0.49211964375 0.0511864140625 0.5250801859374999 0.0448904625 0.540152584375 0 0.48235577812499997 0
2 0.162045859375 0.20191076562500002 0.1330508 0.1672395125 0.09208359375 0.163274028125 0.05904451875 0.2055621171875 0.0572552734375 0.2642533609375 0.09285758125 0.3161045921875 0.136312321875 0.322013553125 0.167407921875 0.28221299843750003 0.162045859375 0.20191076562500002
2 0.1451800125 0.06454946875 0.12333626093750001 0.05148920312500001 0.08454529375 0.0652477578125 0.06868619687500001 0.10092859843749999 0.082444753125 0.13971956562500001 0.1092635734375 0.1566667796875 0.14222411562499998 0.15037082968749999 0.1600266859375 0.11220245468750001 0.1451800125 0.06454946875
2 0 0.2513796640625 0.028492978125000002 0.2497936796875 0.047927728125 0.224918334375 0.0413990125 0.17174621875 0 0.1541148671875 0 0.2513796640625
2 0.26651947656249997 0.4117247 0.22796127031250002 0.4456948265625 0.22065289843749997 0.4960681125 0.2441288296875 0.52242140625 0.2815203796875 0.5155813953124999 0.3048420796875 0.48573097968749995 0.30383249375 0.44087682343749995 0.26651947656249997 0.4117247
2 0.42541322968750006 0.42369968125 0.389965153125 0.42805215781249994 0.3730179359375 0.45487097812500005 0.3717727515625 0.51799323125 0.43264023281249997 0.537506515625 0.4598488828125 0.5026810328125 0.45386422812499994 0.45393992499999997 0.42541322968750006 0.42369968125
2 0.1275231640625 0.5434855 0.1098776578125 0.5096696015625 0.060359728125 0.4910116734375 0.0312076046875 0.5283246921875 0.03276125 0.5776098578125 0.06618731875 0.6117370515625 0.0996919203125 0.6098721109375 0.1269005703125 0.5750466265624999 0.1275231640625 0.5434855
2 0.17968002031250002 0.74847859375 0.161179159375 0.7260122484375 0.125187021875 0.725933715625 0.1010099671875 0.767133684375 0.106994621875 0.8158747906249999 0.144307640625 0.8450269140625 0.1905612125 0.8370987859374999 0.202766121875 0.8266045859375 0.17968002031250002 0.74847859375
2 0.0824277375 0.9088474578125 0.0834373234375 0.9537016156250001 0.1315558359375 0.9792780859375 0.1554215953125 0.9538586796875 0.158298959375 0.90402945625 0.1076929109375 0.876509509375 0.0824277375 0.9088474578125
2 0.3782986296875 0.6993533296875001 0.35583228437500003 0.717854190625 0.35241086250000003 0.76325240625 0.390812 0.8012665515625 0.4149105234375 0.7960587171875 0.435511925 0.7440532546874999 0.41343541093749997 0.710781415625 0.3782986296875 0.6993533296875001
2 0.5811154859375 0.629472434375 0.5563943703125 0.66624139375 0.562379025 0.7149824984375 0.5808798875 0.73744884375 0.6143844875 0.7355839015625001 0.638250246875 0.7101644953124999 0.6356084828124999 0.6520173109375 0.5811154859375 0.629472434375
2 0.5390544890625 0.8730208968750001 0.5104464234375 0.9147649250000001 0.51200006875 0.964050090625 0.5454261375 0.9981772843750001 0.5916797093749999 0.9902491546875 0.6090167531249999 0.9116576328124999 0.5849967640625 0.8808733296875 0.5390544890625 0.8730208968750001
2 0.74140581875 0.7627168546875 0.69375283125 0.777563528125 0.6734627265625 0.8137884281250001 0.6838783921875 0.8619854734375 0.735883853125 0.8825868765625 0.7880463828125001 0.8312040062499999 0.778174778125 0.7874379703125001 0.74140581875 0.7627168546875
2 1 0.49464814375 0.965138209375 0.49686195 0.9398730328125 0.5291999 0.9419707390625 0.5829160734375 0.9803718765625 0.62093021875 1 0.61718095625 1 0.49464814375
2 0.6390999328125 0.95519090625 0.600541728125 0.9891610359375 0.6714378812499999 0.9804560828125 0.6390999328125 0.95519090625
2 0.0539795734375 0.75041923125 0.026616692187500002 0.7290410078125 0.03998541875 0.8196046734375001 0.058876109375 0.79029831875 0.0539795734375 0.75041923125