2 0.38392857187499996 0.8147321421875 0.38392857187499996 0.8772321421875 0.45089285781250005 0.8995535718750001 0.477678571875 0.8683035718750001 0.477678571875 0.828125 0.43526785781250005 0.7723214281249999 0.38392857187499996 0.8147321421875
2 0.25 0.8459821421875 0.2455357140625 0.9263392859374999 0.29241071406249997 0.9598214281249999 0.32142857187499996 0.9575892859374999 0.375 0.8995535718750001 0.375 0.8370535718750001 0.3102678578125 0.8035714281249999 0.25 0.8459821421875
2 0.3616071421875 0.9352678578125 0.36607142812500004 0.9977678578125 0.45089285781250005 0.9977678578125 0.46428571406249997 0.9665178578125 0.446428571875 0.921875 0.39508928593750003 0.8883928578125 0.3616071421875 0.9352678578125
2 0.234375 0.477678571875 0.2008928578125 0.5200892859375 0.196428571875 0.5647321421875 0.22544642812500001 0.6205357140625 0.2678571421875 0.6183035718750001 0.2946428578125 0.5736607140625 0.29017857187499996 0.515625 0.26116071406249997 0.48214285781250005 0.234375 0.477678571875
2 0.2455357140625 0.40848214218749995 0.2455357140625 0.453125 0.2790178578125 0.491071428125 0.32142857187499996 0.48883928593750003 0.33482142812500004 0.41741071406249997 0.296875 0.375 0.27455357187499996 0.375 0.2455357140625 0.40848214218749995
2 0.2946428578125 0.30580357187499996 0.28571428593750003 0.35491071406249997 0.37053571406249997 0.38169642812500004 0.40178571406249997 0.32366071406249997 0.3928571421875 0.27455357187499996 0.35044642812500004 0.25446428593750003 0.2946428578125 0.30580357187499996
2 0.2790178578125 0.178571428125 0.25 0.19866071406250002 0.24107142812500001 0.234375 0.26116071406249997 0.27232142812500004 0.2991071421875 0.2834821421875 0.3303571421875 0.26116071406249997 0.33482142812500004 0.21205357187499999 0.3102678578125 0.18303571406250002 0.2790178578125 0.178571428125
2 0.194196428125 0.2321428578125 0.165178571875 0.26116071406249997 0.15625 0.32366071406249997 0.1897321421875 0.3616071421875 0.21875 0.36383928593750003 0.25446428593750003 0.32366071406249997 0.25892857187499996 0.2790178578125 0.2299107140625 0.2366071421875 0.194196428125 0.2321428578125
2 0 0.28794642812500004 0.0334821421875 0.3125 0.0758928578125 0.3102678578125 0.10714285781249999 0.265625 0.11160714218750001 0.2075892859375 0.0892857140625 0.1584821421875 0.046875 0.1383928578125 0 0.171875 0 0.28794642812500004
2 0.36383928593750003 0 0.3303571421875 0.0513392859375 0.33928571406249997 0.0825892859375 0.3727678578125 0.11160714218750001 0.40178571406249997 0.109375 0.428571428125 0.0825892859375 0.428571428125 0.024553571875 0.412946428125 0.0044642859375000005 0.36383928593750003 0
2 0.475446428125 0.2633928578125 0.47321428593750003 0.3415178578125 0.53125 0.35491071406249997 0.5535714281249999 0.31919642812500004 0.5446428578125 0.2790178578125 0.5200892859375 0.25446428593750003 0.475446428125 0.2633928578125
2 0.484375 0.3571428578125 0.45535714218749995 0.40401785781250005 0.46428571406249997 0.45758928593750003 0.49776785781250005 0.491071428125 0.5223214281249999 0.48883928593750003 0.5401785718750001 0.462053571875 0.5357142859375 0.39955357187499996 0.5111607140625 0.3616071421875 0.484375 0.3571428578125
2 0.5691964281249999 0.3303571421875 0.5401785718750001 0.36383928593750003 0.5401785718750001 0.39508928593750003 0.5535714281249999 0.453125 0.5892857140625 0.46651785781250005 0.625 0.43526785781250005 0.6294642859375 0.38616071406249997 0.6004464281249999 0.33482142812500004 0.5691964281249999 0.3303571421875
2 0.6495535718750001 0.45089285781250005 0.6205357140625 0.47991071406249997 0.6116071421875 0.5245535718750001 0.6361607140625 0.5625 0.6741071421875 0.5647321421875 0.6964285718750001 0.5379464281249999 0.7008928578125 0.47991071406249997 0.6808035718750001 0.45535714218749995 0.6495535718750001 0.45089285781250005
2 0.71875 0.5290178578125 0.7678571421875 0.5558035718750001 0.8169642859374999 0.475446428125 0.796875 0.428571428125 0.7098214281249999 0.462053571875 0.71875 0.5290178578125
2 0.8325892859374999 0.49553571406249997 0.7544642859375 0.5825892859375 0.8236607140625001 0.6339285718750001 0.8705357140625001 0.6361607140625 0.8928571421875 0.609375 0.8973214281249999 0.5513392859375 0.859375 0.49553571406249997 0.8325892859374999 0.49553571406249997
2 0.7700892859375 0.2678571421875 0.734375 0.2678571421875 0.6875 0.35044642812500004 0.7053571421875 0.421875 0.7276785718750001 0.42633928593750003 0.7924107140625 0.42410714218749995 0.8214285718750001 0.3727678578125 0.8035714281249999 0.29241071406249997 0.7700892859375 0.2678571421875
2 0.8415178578125 0.25446428593750003 0.8169642859374999 0.2790178578125 0.8169642859374999 0.3147321421875 0.8325892859374999 0.34821428593750003 0.8660714281249999 0.35491071406249997 0.8928571421875 0.32366071406249997 0.8928571421875 0.28794642812500004 0.8727678578125 0.25892857187499996 0.8415178578125 0.25446428593750003
2 0.8415178578125 0.36607142812500004 0.8169642859374999 0.42633928593750003 0.84375 0.47991071406249997 0.8794642859374999 0.48883928593750003 0.90625 0.453125 0.9107142859374999 0.39955357187499996 0.8816964281249999 0.3616071421875 0.8415178578125 0.36607142812500004
2 0.9665178578125 0.2633928578125 1 0.265625 0.9933035718750001 0.1383928578125 0.9464285718750001 0.16741071406250002 0.9375 0.22544642812500001 0.9665178578125 0.2633928578125
2 0.8973214281249999 0.0513392859375 0.90625 0.109375 0.96875 0.140625 1 0.1272321421875 0.9977678578125 0 0.9352678578125 0.0044642859375000005 0.8973214281249999 0.0513392859375
2 0.6830357140625 0.0334821421875 0.7075892859375 0 0.6205357140625 0.0022321421875000002 0.640625 0.03125 0.6830357140625 0.0334821421875
2 0.7901785718750001 0.0513392859375 0.8191964281249999 0 0.71875 0.0022321421875000002 0.7433035718750001 0.0491071421875 0.7901785718750001 0.0513392859375
2 0.8953125 0.9765625 0.109375 0.046875
2 0.4078125 0.56328125 0.2015625 0.22421875
2 0.68984375 0.86015625 0.1734375 0.234375