0 0.13046875 0.38203125 0.1234375 0.1453125
0 0.153125 0.603125 0.178125 0.20625
0 0.3328125 0.44921875 0.121875 0.1375
0 0.3890625 0.25234375 0.140625 0.1328125
0 0.4328125 0.08359375 0.18125 0.1671875
0 0.60078125 0.0421875 0.0828125 0.084375
0 0.71640625 0.25078125 0.1234375 0.140625
0 0.7421875 0.3828125 0.0875 0.096875
0 0.97734375 0.60078125 0.0453125 0.1921875
0 0.5578125 0.7265625 0.134375 0.1625
0 0.4703125 0.928125 0.1375 0.14375
0 0.36796875 0.915625 0.1640625 0.16875
0 0.26875 0.92734375 0.0875 0.0921875
0 0.29921875 0.37890625 0.0828125 0.0921875
0 0.31015625 0.51875 0.09375 0.1046875
0 0.18125 0.51484375 0.109375 0.1203125
0 0.54375 0.79921875 0.1390625 0.146875
0 0.4703125 0.7703125 0.1390625 0.15
0 0.096875 0.78359375 0.084375 0.13125