2 0.5204819406250001 0.0917874953125 0.5119312484375 0.04740625 0.461027253125 0.02443225625 0.4203463015625 0.0417002953125 0.3877771234375 0.1103945765625 0.4377199515625 0.17149933125 0.4987413796875 0.145597271875 0.5204819406250001 0.0917874953125
2 0.3165549359375 0.20921345625 0.348518540625 0.1956457125 0.37272596562500004 0.1476474984375 0.362502921875 0.10740546718749999 0.32815578125 0.091120878125 0.29081953125000004 0.10011049062499999 0.270751321875 0.149781053125 0.280974365625 0.19002308750000002 0.3165549359375 0.20921345625
2 0.35706923437500004 0.2400269578125 0.384371378125 0.255872628125 0.4247800640625 0.1975680453125 0.400028109375 0.16349316875 0.3534522671875 0.207268840625 0.35706923437500004 0.2400269578125
2 0.4438037828125 0.2100690109375 0.4079732296875 0.26300095 0.44056469218750005 0.3074655234375 0.46838908281249997 0.2922254265625 0.485112590625 0.25083329062500004 0.4756840609375 0.2205420375 0.4438037828125 0.2100690109375
2 0.4093956 0.33098404531250003 0.41942970468749996 0.30614876406249997 0.388071671875 0.2645899734375 0.3233499515625 0.2817746875 0.30909330625 0.32897838749999997 0.33340634062499996 0.370098259375 0.391877578125 0.3624254046875 0.4093956 0.33098404531250003
2 0.320966415625 0.251922353125 0.309071021875 0.215819534375 0.2681178046875 0.1920510296875 0.234042928125 0.21680298437499998 0.22145863437500002 0.2598674703125 0.2531722578125 0.318422034375 0.2892750765625 0.30652664218750003 0.320966415625 0.251922353125
2 0.18631698125 0.233632103125 0.2299037140625 0.2151306328125 0.2524387890625 0.1712716328125 0.25260544218750003 0.1231900953125 0.2228364359375 0.101532859375 0.1680654921875 0.1179230609375 0.14553042031250002 0.161782059375 0.1548756234375 0.21611408281250002 0.18631698125 0.233632103125
2 0.7361376843749999 0.0585458890625 0.724431228125 0.08752038437500001 0.7379989734375 0.119483990625 0.7594895546875 0.13779652343749998 0.78396924375 0.1308348546875 0.805270884375 0.084070071875 0.7361376843749999 0.0585458890625
2 0.7639233171875001 0.2936642703125 0.7917477078124999 0.278424175 0.8159551328125 0.23042596249999997 0.7999205234375 0.19265079375 0.7721794609375 0.18385011874999999 0.7447939875 0.1920452203125 0.722258915625 0.23590421875 0.732481959375 0.27614625 0.7639233171875001 0.2936642703125
2 1 0.2679534609375 0.967600340625 0.24836061874999998 0.910362534375 0.2589392546875 0.8512023953125001 0.3457794125 0.8811603421875001 0.4325139625 0.9175354265625 0.4616551109375 0.98771311875 0.42500776250000005 1 0.40453681093749994 1 0.2679534609375
2 0.6028495781250001 0.24543836093750002 0.5561904078125 0.3132548046875 0.575486390625 0.36679231562500003 0.598649321875 0.380965634375 0.6497199703125001 0.35585808750000003 0.6731328828125 0.297909096875 0.6028495781250001 0.24543836093750002
2 0.545906321875 0.4102123953125 0.56430218125 0.3646810453125 0.5313551249999999 0.3032206984375 0.4882073125 0.3146771734375 0.46734459062499994 0.3543969578125 0.4667390171875 0.40952349374999997 0.50478645 0.43452542968749996 0.545906321875 0.4102123953125
2 0.4448095171875 0.3982559578125 0.41575169531249995 0.410590271875 0.382304678125 0.49337454375 0.40908457499999995 0.5403059796874999 0.455138171875 0.5276160734374999 0.4943134265625 0.4664057078125 0.4448095171875 0.3982559578125
2 0.162487434375 0.41178494531250004 0.216024946875 0.3924889609375 0.2435770734375 0.336212321875 0.218469525 0.285141671875 0.194867675 0.2780133484375 0.15832593749999999 0.2969537390625 0.1291014609375 0.35736959375 0.139324503125 0.3976116265625 0.162487434375 0.41178494531250004
2 0 0.411403828125 0.023176540625 0.42290811250000004 0.0551401453125 0.409340365625 0.08269227031250001 0.35306372656249996 0.0724692265625 0.31282169375 0.0447281640625 0.3040210203125 0 0.4035336296875 0 0.411403828125
2 0 0.5189529187499999 0.0029416765625 0.5206602140625 0.0449393859375 0.48225718906250004 0.0466950640625 0.45407720312500005 0.024409971875 0.42581389375 0 0.4316911890625 0 0.5189529187499999
2 0.2606396984375 0.6753332890625 0.24962214375 0.6251404796875 0.20699657500000002 0.6055111890625 0.17459405156250002 0.6261239296875 0.15787054218750002 0.667516065625 0.17135496249999999 0.723520440625 0.2160917984375 0.7319655234375 0.2606396984375 0.6753332890625
2 0.1674046859375 0.7869254046874999 0.170038203125 0.744655428125 0.1378023328125 0.7171866312499999 0.106277646875 0.7237093796875 0.06789690312499999 0.7948705234375 0.098816015625 0.8434743093750001 0.1291072703125 0.834045778125 0.1674046859375 0.7869254046874999
2 0.28160803125 0.7247315890625 0.3276616296875 0.7120416828125 0.34852435000000004 0.672321896875 0.336712284375 0.6121783093750001 0.30897121875 0.6033776343749999 0.27242948125 0.622318025 0.260723025 0.6512925203125 0.25888402187500004 0.7035132749999999 0.28160803125 0.7247315890625
2 0 0.8361076109375001 0.036205565625000005 0.8494748140624999 0.035138787500000004 0.798487490625 0.0049308609375 0.7838752515625 0 0.7890948484375 0 0.8361076109375001
2 0.7313267390625 1 0.7379049828124999 0.983718275 0.7293542890625 0.9393370296875 0.7115640046875 0.9297418437499999 0.6442920937500001 0.9651557609375001 0.638769953125 1 0.7313267390625 1
2 0.8157301968749999 1 0.8072048374999999 0.9611609187499999 0.7852753375 0.9498933812500001 0.75040595 0.9646945578125001 0.7361416265625 1 0.8157301968749999 1
2 0.665593734375 0.91839098125 0.699229690625 0.900684021875 0.6972850734375 0.8637866921875 0.675355575 0.8525191546875 0.6437475625 0.8830826734375 0.665593734375 0.91839098125
2 0.8102549890624999 0.79868709375 0.8521693718750001 0.7843248359375 0.8696873937499999 0.7528834765625 0.8652759140624999 0.7101745828125 0.8367403375 0.69142313125 0.809354865625 0.69961823125 0.78435293125 0.737665665625 0.7825972515624999 0.7658456499999999 0.8102549890624999 0.79868709375
2 0.708363671875 0.7767798781249999 0.7635735343750001 0.75334468125 0.7819693937500001 0.70781333125 0.7734187015625 0.663432084375 0.7415384234375 0.6529590609375 0.7083413890625 0.6636210234375 0.6858063140625 0.7074800234375 0.6856396609375001 0.7555615625 0.708363671875 0.7767798781249999
2 1 0.5089552046875 0.9791013843749999 0.517826140625 0.9582386625 0.557545925 0.962650140625 0.6002548203125 0.9899522859375001 0.6161004890624999 1 0.5925222031249999 1 0.5089552046875
2 0.40390625 0.921875 0.1796875 0.15625
2 0.2546875 0.434375 0.196875 0.2390625