2 0.205154528125 0.7372488359375 0.196007403125 0.6938965578125 0.1487286703125 0.677898046875 0.10669251093750001 0.7030874859375 0.0828848953125 0.7460375609375001 0.097230790625 0.784615175 0.12933731875 0.8049642453124999 0.184827359375 0.792336671875 0.205154528125 0.7372488359375
2 0.125703559375 0.631957334375 0.1143921078125 0.5925096078125 0.0870602421875 0.5773593078125 0.0393793046875 0.5943155375 0.009078703125 0.64897926875 0.023424596875000002 0.6875568828125 0.057695457812499996 0.7040014 0.0954029578125 0.686621065625 0.125703559375 0.631957334375
2 0.0735187546875 0.4728722140625 0.030166474999999998 0.48201933906249994 0.0024543093750000002 0.5228050843750001 0.016376096875000003 0.5713561312500001 0.0905187859375 0.5665157625 0.10865972500000001 0.49235117187500005 0.0735187546875 0.4728722140625
2 0.30781379062499997 0.6257132390625 0.3008309953125 0.578456409375 0.27175890625 0.557237228125 0.2262423 0.5702889046874999 0.19853013125000002 0.6110746515625001 0.2042187109375 0.665270475 0.24629867343749998 0.68604365 0.277937296875 0.6704035390625 0.30781379062499997 0.6257132390625
2 0.40137193125000004 1 0.40182966875000004 0.9993954234375 0.4022099703125 0.9434593781249999 0.379608965625 0.8875452312500001 0.31240526874999996 0.8936798187500001 0.2703910109375 0.9418505640625 0.3714776796875 1 0.40137193125000004 1
2 0.5915737921875001 0.8136295328125 0.590235771875 0.7746059109375001 0.53949849375 0.7694509468749999 0.52260796875 0.79071393125 0.5248161015624999 0.8327719921875 0.545208975 0.8466280749999999 0.5725189390625001 0.8387970687499999 0.5915737921875001 0.8136295328125
2 0.64742223125 0.7220846062499999 0.6204487656250001 0.6280169515625 0.5502763328125 0.7039655703125 0.55638901875 0.7481879593749999 0.58068644375 0.7642083734375 0.617969840625 0.756801471875 0.64742223125 0.7220846062499999
2 0.5922467890625 0.6098322109375001 0.5752905593750001 0.562151275 0.5436300359375 0.5548100781249999 0.50375820625 0.5760949656250001 0.479526484375 0.629018475 0.48954372187499995 0.6754051921875 0.5138411453125 0.6914256046875 0.5636864109374999 0.670564825 0.5922467890625 0.6098322109375001
2 0.528838134375 0.503224590625 0.5175266828125 0.463776865625 0.46895373281249997 0.454717346875 0.42736357968750005 0.49291466093749997 0.41136506875 0.5401933921875 0.42787529218750003 0.5748664531250001 0.4543370453125 0.5869823140625 0.5063466390625 0.56221698125 0.528838134375 0.503224590625
2 0.645887096875 0.47622922343749996 0.6324113140625001 0.44068604999999994 0.5929416875 0.42901619531249996 0.561303065625 0.4446563078125 0.5331667921875 0.49541548593750007 0.5431840296875 0.5418022046875001 0.5774548875 0.5582467234374999 0.6129980609375 0.5447709406250001 0.645887096875 0.47622922343749996
2 0.7909548484375 0.73018640625 0.771834290625 0.686410021875 0.742338096875 0.675164275 0.7042064890625 0.7025180421874999 0.688207978125 0.7497967734375 0.7008136484375 0.7823055078125 0.7372488359375 0.794845471875 0.7710517859375 0.775300809375 0.7909548484375 0.73018640625
2 0.9797193515625 0.4264795390625 0.9605987921875 0.3827031546875 0.93500715 0.3736217359375 0.8972996484375001 0.39100207187499997 0.877396584375 0.43611647343750004 0.887837928125 0.47252975937499997 0.9121353515624999 0.48855017187499994 0.9641449453125001 0.4637848390625 0.9797193515625 0.4264795390625
2 0.9141244671875001 0.30079516562499997 0.84866099375 0.31299863125 0.8374152453124999 0.34249482656249997 0.8500209156249999 0.37500355937499996 0.8725781171874999 0.3849550921875 0.9206831578125 0.358025428125 0.9141244671875001 0.30079516562499997
2 0.7613352171875001 0.134434553125 0.7257920437500001 0.1479103359375 0.6998201 0.1947649625 0.7085212171874999 0.225109365625 0.7622929359375 0.22939422031249998 0.804709396875 0.1482687359375 0.7613352171875001 0.134434553125
2 0.20915806718750002 0 0.159002771875 0.0838426140625 0.2127744890625 0.08812746875000001 0.2621737484375 0.054258812499999996 0.2794795796875 0 0.20915806718750002 0
2 0.235821503125 0.1570494875 0.2284146015625 0.1197660890625 0.19501385468750002 0.1063560125 0.1490731421875 0.129381121875 0.129170078125 0.1744955265625 0.1478446296875 0.20526403593749998 0.1821154890625 0.2217085546875 0.2055209015625 0.21171321875000002 0.235821503125 0.1570494875
2 0.8721759140625001 0.4179098328125 0.8487267 0.381942553125 0.8109972953125 0.3763415796875 0.7732897921874999 0.393721915625 0.7507982953125001 0.45271430468749996 0.7707889640625 0.499525128125 0.7994150484375 0.507736434375 0.8535889687499999 0.47906655000000004 0.8721759140625001 0.4179098328125