2 0.215625 0.8984375 0.153125 0.175
2 0.03203125 0.90859375 0.0640625 0.1203125
2 0.20234375 0.41875 0.1265625 0.1765625
2 0.1734375 0.24453125 0.140625 0.1734375
2 0.31484375 0.3046875 0.1140625 0.1609375
2 0.32109375 0.11328125 0.1078125 0.165625
2 0.18828125 0.68046875 0.096875 0.1265625
2 0.41328125 0.83828125 0.11875 0.1484375
2 0.54921875 0.93671875 0.1140625 0.1265625
2 0.54453125 0.57734375 0.11875 0.15
2 0.625 0.57109375 0.1140625 0.1703125
2 0.68359375 0.5109375 0.0859375 0.11875
2 0.7203125 0.4171875 0.1 0.128125
2 0.584375 0.21875 0.1078125 0.1546875
2 0.47265625 0.059375 0.0953125 0.11875
2 0.09375 0.0375 0.0875 0.075
2 0.25234375 0.0390625 0.0828125 0.078125
2 0.36796875 0.028125 0.1109375 0.05625
2 0.65703125 0.17734375 0.121875 0.159375
2 0.8140625 0.83515625 0.115625 0.1453125
2 0.8828125 0.6734375 0.1015625 0.1203125
2 0.74765625 0.953125 0.1234375 0.09375
2 0.33359375 0.93828125 0.0984375 0.103125
2 0.85546875 0.94609375 0.1171875 0.1078125
2 0.234375 0.56875 0.1109375 0.1359375
2 0.06875 0.153125 0.0984375 0.134375
2 0.04375 0.47265625 0.0875 0.1671875
2 0.43984375 0.57421875 0.15625 0.2109375
2 0.803125 0.06171875 0.140625 0.090625