2 0.0609602828125 0.44136108125 0.0364903140625 0.4522558140625 0.027231176562499997 0.50280255625 0.0458358125 0.5336133890625 0.08709462812499999 0.5494511656250001 0.1233240421875 0.49911340624999995 0.10108782812499999 0.4601459171875 0.0609602828125 0.44136108125
2 0.139104246875 0.36991837968749997 0.093529334375 0.3388985625 0.0432203625 0.34663725312500004 0.04893428125 0.4198381734375 0.12284850624999999 0.46511774531250005 0.1461872046875 0.4571700734375 0.15636863125 0.4306465484375 0.139104246875 0.36991837968749997
2 0.23374172031249998 0.2202741421875 0.1754850734375 0.2046741359375 0.146490028125 0.2273571 0.1335993109375 0.269747184375 0.1762559484375 0.3436038375 0.2116206484375 0.3571790734375 0.2535351984375 0.3360741296875 0.2596095109375 0.2673982875 0.23374172031249998 0.2202741421875
2 0.3999658234375 0.368614396875 0.37754941249999996 0.40058528750000005 0.382103278125 0.432765159375 0.42880945937500003 0.4608379203125 0.45598871562500004 0.43407662656249996 0.45143485156249996 0.4018967546875 0.3999658234375 0.368614396875
2 0.42089057187499995 0.48146732812500004 0.39052648749999996 0.49009951875 0.3780825203125 0.522517159375 0.3885305 0.556959571875 0.45291903125 0.5918199484375 0.48236082812500003 0.559164540625 0.46464969375000004 0.5084088171875 0.42089057187499995 0.48146732812500004
2 0.4601821859375 0.6081332609375 0.413713771875 0.5970583328125 0.3894815734375 0.62495089375 0.38543203125000003 0.6707347890625 0.40766824375 0.70970228125 0.458452753125 0.73595925 0.48789455156250006 0.7033038421875 0.48423418749999997 0.6511790796875 0.4601821859375 0.6081332609375
2 0.4729790625 0.7685858750000001 0.42877318906250006 0.7516168296875 0.397962353125 0.7702214656249999 0.387334175 0.8067174343750001 0.41093942656250004 0.8597356968750001 0.457645609375 0.8878084578125 0.49140350312500003 0.8703350890625 0.498400103125 0.825682465625 0.4729790625 0.7685858750000001
2 0.5135245734375 0.7334301578125 0.4886078546875 0.754297334375 0.48839887187500003 0.7812676078125 0.506556759375 0.8220508875 0.547815575 0.8378886640625 0.57181000625 0.7929982703125 0.545942215625 0.745874125 0.5135245734375 0.7334301578125
2 0.48893198125000004 0.90319948125 0.4524360109375 0.892571303125 0.42412548437500003 0.9222796546875 0.4286793484375 0.9544595265625 0.474938778125 0.9925047296875 0.508696671875 0.9750313640625 0.515246521875 0.9403511828125 0.48893198125000004 0.90319948125
2 0.41511872343749995 1 0.42278523124999995 0.9521969875 0.389207534375 0.8987319734374999 0.342739121875 0.8876570453125 0.317822403125 0.9085242203125 0.310379053125 0.9631492890625 0.326786046875 1 0.41511872343749995 1
2 0.7470842671875 0.9177620609374999 0.71579789375 0.902371034375 0.681355484375 0.912819015625 0.669833803125 0.969259875 0.8084969531249999 0.9075230624999999 0.762028540625 0.8964481328125 0.7470842671875 0.9177620609374999
2 0.7687585859375 0.790829571875 0.7477112140625 0.836851234375 0.7912613546875 0.8907629984375 0.8168625921875 0.876921209375 0.82385919375 0.8322685859375 0.7687585859375 0.790829571875
2 0.804512465625 0.7064961515625 0.7635202046875 0.7516243125 0.829277771875 0.8005354625000001 0.8508006828125 0.7885094609375 0.8537189546875 0.745672625 0.804512465625 0.7064961515625
2 0.8684830328125 0.7952970796875001 0.8417505249999999 0.8120859265625 0.8274907703125001 0.840425240625 0.8370452484375001 0.8948125421875 0.93379385 0.8541806734374999 0.904979 0.8059252578124999 0.8684830328125 0.7952970796875001
2 1 0.8158258828125 0.9677607265624999 0.8097370312500001 0.95123843125 0.8439704625 1 0.8176066046875 1 0.8158258828125
2 1 0.60343296875 0.9635384703125001 0.5917122906250001 0.9307028640624999 0.633208875 0.9325474390625 0.681255309375 0.9584152296875 0.72837945625 1 0.7378806484375 1 0.60343296875
2 0.869261390625 0.5994797671875001 0.8529480796875 0.606742921875 0.8418731515625 0.6532113359375 0.8854232906249999 0.7071231 0.9232595124999999 0.6878339437500001 0.926177784375 0.644997109375 0.869261390625 0.5994797671875001
2 0.9206440640625001 0.50085780625 0.888226421875 0.488413840625 0.8494967000000001 0.527647884375 0.8789960671875001 0.5829286875 0.9143607656249999 0.5965039234375 0.9397242359375 0.5656643031249999 0.9392486999999999 0.5316686421875 0.9206440640625001 0.50085780625
2 0.792846859375 0.5430964796875 0.7545351015625 0.528389975 0.721461728125 0.552888728125 0.7199124921875 0.6097763359374999 0.7521211515624999 0.649190578125 0.7797759453124999 0.656424946875 0.809455509375 0.64076736875 0.8205304390625001 0.5942989562500001 0.792846859375 0.5430964796875
2 0.9774741 0.4144708296875 0.99218060625 0.3761590734375 0.9685753546875 0.32314081093749997 0.92436948125 0.3061717640625 0.897636975 0.3229606125 0.8870087968749999 0.3594565828125 0.9069824703125 0.4043181890625 0.9419004187500001 0.4278658703125 0.9774741 0.4144708296875
2 0.637697684375 0.3482878125 0.573993671875 0.3204528203125 0.540026796875 0.3648964625 0.533030196875 0.40954908906250004 0.5511880812500001 0.4503323671875 0.6119450359374999 0.47703608906249995 0.6543063359375 0.4459587015625 0.659487146875 0.397227746875 0.637697684375 0.3482878125
2 0.8705803421875 0.1908473140625 0.8322685859375 0.17614080625 0.80145775 0.19474544375 0.7985394765625 0.2375822796875 0.8225914796874999 0.2806280984375 0.8661128343750001 0.2905717578125 0.8898982828124999 0.272651640625 0.8964481328125 0.23797145937500003 0.8705803421875 0.1908473140625
2 0.696207334375 0 0.68462033125 0.014643281250000001 0.7064097953124999 0.0635832171875 0.7454060703125001 0.0853151078125 0.7710073093750001 0.07147331875 0.7798196984375 0.030899021875 0.7628583421874999 0 0.696207334375 0
2 0 0.1973821890625 0.0263451578125 0.188000428125 0.0406049125 0.15966111562500002 0 0.1761923265625 0 0.1973821890625