2 0.237748671875 0.218171034375 0.225232465625 0.191896275 0.20113394375000002 0.186688440625 0.17680265625 0.2016921828125 0.1625000421875 0.244914159375 0.20160230625 0.27445327812500003 0.23394025468750002 0.24918810156250001 0.237748671875 0.218171034375
2 0.19585324843750002 0.4311707921875 0.2265590203125 0.41919864687499997 0.24474858593749999 0.3809517375 0.22554659843749997 0.33586481875 0.1925860546875 0.32956886875 0.163823759375 0.34402854843749997 0.1544962140625 0.3833635765625 0.1742422609375 0.42401948437500003 0.19585324843750002 0.4311707921875
2 0.3598006046875 0.45130099687499997 0.40208869218750004 0.418261921875 0.40752928749999995 0.373951825 0.3877832421875 0.33329591718749996 0.359253709375 0.3275440234375 0.32551634375 0.34589065625000004 0.30958155 0.4024056609375 0.33321454687499996 0.4480366390625 0.3598006046875 0.45130099687499997
2 0.47368313593750005 0.36633215468749997 0.5076532640625 0.3277739515625 0.514181978125 0.2746018359375 0.5016657734375001 0.248327075 0.4603872703125 0.23651199531249997 0.4205867171875 0.2676075953125 0.4068281640625 0.30639856249999997 0.43877911875000003 0.35754866875 0.47368313593750005 0.36633215468749997
2 0.5082730203125 0.231147096875 0.5306608328125 0.21365582187499998 0.5471396859375 0.15270980625 0.5312805890625001 0.11702896562500001 0.4861151375 0.100238815625 0.45517660312499997 0.1324225359375 0.4491919484375 0.181163640625 0.4650510453125 0.21684448125000003 0.5082730203125 0.231147096875
2 0.6148500140625 0.223992953125 0.5951039687499999 0.1833370421875 0.5710054453125 0.1781292109375 0.53019530625 0.254078965625 0.551029471875 0.28587285625000003 0.5731845203125 0.2885931546875 0.611041596875 0.2550100203125 0.6148500140625 0.223992953125
2 0.713810175 0.27887294375 0.7433492937499999 0.23977068125 0.743270759375 0.20377854375 0.73021049375 0.1819347921875 0.701136903125 0.180613909375 0.6712864875 0.20393561093749998 0.6658458921875 0.24824570625 0.6783620984375001 0.2745204671875 0.713810175 0.27887294375
2 0.792480228125 0.2975280359375 0.8353123765625 0.26005795 0.8462721 0.20742989375 0.8165759156249999 0.17454788593749998 0.7830713140625 0.17268294374999998 0.7581959687500001 0.19211769375 0.746148125 0.25360776875 0.76255128125 0.2848576 0.792480228125 0.2975280359375
2 0.6621103374999999 0.0588789453125 0.6462512406250001 0.02319810625 0.6127466375 0.0213331625 0.5834402828125 0.040223853125 0.5719364984374999 0.09728292031249999 0.604431515625 0.1440020171875 0.64617554375 0.11539395 0.6621103374999999 0.0588789453125
2 0 0.5754316515625 0.0308206109375 0.548090590625 0.0378933859375 0.49048746562499995 0.002910834375 0.44571184218750004 0 0.48549775312500004 0 0.5754316515625
2 0.498951146875 0.5268580875 0.5257699687499999 0.5099108718750001 0.5400725828125 0.4666888953125 0.5175277046875 0.41219589687499997 0.48456716406250006 0.40589994531249995 0.43536053125 0.4403384359375 0.42657704531249996 0.475242453125 0.46016018125 0.51309953125 0.498951146875 0.5268580875
2 0.546449903125 0.5979084718750001 0.5228169078125 0.5522774921875 0.4809943453125 0.544893421875 0.4390175546875 0.5937130609375 0.44686998750000007 0.6396553359375 0.485428190625 0.6736254625 0.535490178125 0.6505365265624999 0.546449903125 0.5979084718750001
2 0.425960125 0.7000572921875 0.3916787 0.7228349328125 0.3856940453125 0.7715760375 0.4342023859375 0.797772265625 0.470348753125 0.7414900234374999 0.45394559687499997 0.7102401921875 0.425960125 0.7000572921875
2 0.391373075 0.9634303328125 0.435293340625 0.9170982296875 0.44679712499999996 0.8600391640625 0.42262007031250004 0.8188391953125 0.390747646875 0.8036812234375 0.341541015625 0.8381197140625 0.329493171875 0.8996097890625 0.3653310765625 0.955734965625 0.391373075 0.9634303328125
2 0.6217732796875 1 0.6297922375 0.9814599968750001 0.6147099640625 0.9211365734375001 0.5927876796875 0.898204703125 0.5637140875 0.8968838203124999 0.519482525 0.9274353609375 0.5105727078125 1 0.6217732796875 1
2 0.77630375625 1 0.7772186984375 0.9873303171875 0.77041789375 0.9717397859375 0.723853025 0.948031090625 0.6934585515625 0.9757838015625 0.6904851765625 1 0.77630375625 1
2 0.8629870468749999 1 0.867900103125 0.983709096875 0.8387479796875 0.9463960765625 0.8019004875 0.9351250562500001 0.7770251406249999 0.95455980625 0.7789791640625 1 0.8629870468749999 1
2 0.9413594890624999 0.8982747281250001 0.9104966531249999 0.8382626015625 0.8775361109375 0.83196665 0.84822975625 0.850857340625 0.8284080109374999 0.9023972765625 0.87979371875 0.9784227296875001 0.926512815625 0.9459277140625 0.9413594890624999 0.8982747281250001
2 0 0.941005203125 0.036115484375 0.9445481515624999 0.01357060625 0.890055153125 0 0.8873191578125 0 0.941005203125
2 0.043715303125 0.113386121875 0.0409193078125 0.22773701562499998 0.0732572578125 0.20247184062499998 0.0792419125 0.1537307359375 0.043715303125 0.113386121875
2 0.12425029843749999 0.0985366109375 0.142751159375 0.07607026875 0.1432166859375 0.035647121875 0.072864590625 0.022511159375 0.0741097765625 0.08563341249999999 0.12425029843749999 0.0985366109375
2 0.0165123234375 0.334936603125 0.009829378125 0.44431242812500005 0.03276125 0.42239014218750004 0.0398340234375 0.3647870171875 0.0165123234375 0.334936603125
2 0 0.5754316515625 0.0308206109375 0.548090590625 0.0384374453125 0.48605645624999994 0.002366775 0.4501428515625 0 0.483248871875 0 0.5754316515625
2 0.19296875 0.8203125 0.175 0.2
2 0.671875 0.71328125 0.19375 0.271875
2 0.93515625 0.3875 0.1296875 0.2125