2 0.417484603125 0.1903634984375 0.466858046875 0.1620639734375 0.48050655000000003 0.119324846875 0.46967394687499997 0.0736641109375 0.421776990625 0.052073246875 0.3856408140625 0.0717763890625 0.365769228125 0.12232079843749999 0.38784566875 0.17949952656249998 0.417484603125 0.1903634984375
2 0.4680719890625 0.424753184375 0.5068556171874999 0.403330765625 0.52514500625 0.3387579875 0.49619146093750005 0.27098944375 0.47263853125 0.2637011046875 0.41810725781249997 0.28405826875 0.399163846875 0.330235946875 0.4175275796875 0.40488159687499997 0.4680719890625 0.424753184375
2 0.5608699500000001 0.3531975890625 0.589991940625 0.334285546875 0.6020582437499999 0.2775180515625 0.585930734375 0.23529587031250002 0.55364434375 0.22615117499999998 0.5253134515625 0.25207740156249997 0.5169598578125 0.29137797499999996 0.53559774375 0.3432617953125 0.5608699500000001 0.3531975890625
2 0.39981786874999997 0.348631046875 0.377467275 0.31421414687500004 0.340814153125 0.3041412765625 0.3075682203125 0.3746629828125 0.33493956874999997 0.4284031578125 0.352406490625 0.43211586718749995 0.3886797421875 0.40103181093750007 0.39981786874999997 0.348631046875
2 0.3401601328125 0.2857461765625 0.33104680625 0.24273289375 0.29638711875 0.21254564843749998 0.2618331421875 0.246277159375 0.2516231921875 0.2943111921875 0.254787590625 0.322367928125 0.2877280015625 0.349907721875 0.3401601328125 0.2857461765625
2 0.39981786874999997 0.348631046875 0.381834003125 0.31514232343750004 0.340814153125 0.3041412765625 0.3075682203125 0.3746629828125 0.33493956874999997 0.4284031578125 0.352406490625 0.43211586718749995 0.387751565625 0.40539854062499997 0.39981786874999997 0.348631046875
2 0.39470301406249997 0.5552067843749999 0.450953565625 0.5374970734375 0.4726815078125 0.478219203125 0.45999255000000006 0.4412919296875 0.39119011875 0.41069344843750005 0.3547797875 0.45315841875 0.3517211015625 0.4890204390625 0.3617626046875 0.527666990625 0.39470301406249997 0.5552067843749999
2 0.2536793609375 0.123597475 0.28372952812499996 0.10031870312499999 0.2879905484375 0.0373281234375 0.27344523593750003 0.009134309375 0.23149720937499998 0.0024999906249999998 0.19257650312500002 0.0353033234375 0.192028190625 0.08082698125 0.21345060937500002 0.1196106109375 0.2536793609375 0.123597475
2 0.1732021 0.48074118749999994 0.20325226875000002 0.45746241562499995 0.21597259218749998 0.41909001874999996 0.195478353125 0.375939659375 0.1797307078125 0.37487440312500003 0.1426663546875 0.39894427499999996 0.1352409375 0.43387811875000004 0.1479298953125 0.4708053953125 0.1732021 0.48074118749999994
2 0.23719519843749998 0.6198539046875 0.22041366718750002 0.5592366234374999 0.184688725 0.544797021875 0.147624371875 0.56886689375 0.1305373171875 0.6063111140624999 0.13872246562499999 0.653691125 0.17695778281250002 0.6777923640625 0.23719519843749998 0.6198539046875
2 0.30500671874999996 0.8054184578125 0.33942361718749997 0.7830678625 0.356784828125 0.7228618140624999 0.3475344234375 0.691229446875 0.308370928125 0.6714949375 0.2669398453125 0.6946366328125 0.249578634375 0.7548426796875 0.26663432187499997 0.79269813125 0.30500671874999996 0.8054184578125
2 0.2235583046875 0.9524108015625 0.29342599062499997 0.9672616359375 0.322442271875 0.8844308375000001 0.295070925 0.8306906625 0.262784534375 0.82154596875 0.21234583749999997 0.8655931375 0.2071566390625 0.9329504468750001 0.2235583046875 0.9524108015625
2 0.08595344375 0.8912138421875 0.1265934265625 0.8610579625 0.13150846875 0.81646248125 0.1057193203125 0.776750675 0.076871484375 0.7729008875 0.048540592187499995 0.7988271140625 0.0383306421875 0.84686115 0.047581046875 0.878493515625 0.08595344375 0.8912138421875
2 0.5040199609375 0.85684806875 0.5592052562500001 0.854886003125 0.5938963109375 0.8097735796875 0.590077890625 0.76332174375 0.54668474375 0.73127814375 0.50181510625 0.74912493125 0.48565622968750005 0.7822024203125 0.48259754218750006 0.8180644390625 0.5040199609375 0.85684806875
2 0.65169769375 0.881391909375 0.63305980625 0.8295080890625 0.6060683250000001 0.816924840625 0.5519169171875 0.8784389328125 0.5749215328124999 0.9312509296875 0.603632290625 0.94648163125 0.6433440984375001 0.9206924828125 0.65169769375 0.881391909375
2 0.7091505765624999 0.8365536406249999 0.74384163125 0.791441215625 0.727714121875 0.749219034375 0.7119664765625 0.7481537781250001 0.68243325 0.8012085640625 0.7091505765624999 0.8365536406249999
2 0.75779565625 0.6506405890625 0.8055869031249999 0.6083126953125 0.8201635828124999 0.5612068406249999 0.8099850015625 0.533941203125 0.7698933265625 0.5185734234375 0.7399802359375001 0.53047128125 0.7148137421875 0.58445424375 0.7204885156249999 0.62217261875 0.75779565625 0.6506405890625
2 0.9135214609375 0.73394535625 0.9392049 0.70973840625 0.9450481187499999 0.6607761953125 0.9279924296875001 0.6229207421875 0.890411134375 0.6172146015625 0.859569865625 0.633479190625 0.8527984703125 0.6868081328125 0.8717105109375 0.7159301234375001 0.9135214609375 0.73394535625
2 0.8521444484374999 0.668413034375 0.837873290625 0.617457390625 0.8046587265625 0.6126794265625 0.7701047484375 0.6464109375 0.7555280703125 0.69351679375 0.7925610546875 0.7447465921875 0.8357114140625 0.7242523515625 0.8521444484374999 0.668413034375
2 0.8667838625 0.470707834375 0.8666781515625 0.406789078125 0.8432623015624999 0.38811982343749996 0.7928236015625 0.43216699375 0.7844700062500001 0.471467565625 0.8043102265625001 0.49622282812499996 0.840172246875 0.4992815140625 0.8667838625 0.470707834375
2 0.9701716375 0.3922751328125 0.9553835375 0.3115434765625 0.919795671875 0.2857229609375 0.8880262265625 0.3063542796875 0.8635137531250001 0.3787323421875 0.8771308890625 0.41129288593749996 0.9067698249999999 0.42215685625 0.9701716375 0.3922751328125
2 1 0.2562214515625 0.97247059375 0.2740992578125 0.9588220906249999 0.316838384375 0.97295616875 0.37917494218750003 1 0.39280234531249997 1 0.2562214515625
2 0.9368002343749999 0.763995525 0.8919305984375001 0.7818423125 0.876425740625 0.8333149000000001 0.8786619625000001 0.8657383671875 0.9184794796875 0.903867975 0.9533389781249999 0.7720749640625 0.9368002343749999 0.763995525
2 0.4911324421875 0 0.5295001296875 0.049868393750000004 0.5938301187499999 0.015619940625 0.5321124828125 0 0.4911324421875 0
2 0.1046875 0.0828125 0.078125 0.134375
2 0.69453125 0.0578125 0.1125 0.075
2 0.95859375 0.10390625 0.0828125 0.0484375
2 0.0625 0.9015625 0.078125 0.046875
2 0.57265625 0.46875 0.190625 0.18125