2 0.7755367578125 0.32413531562500003 0.8029758828125001 0.33383649531250004 0.8270665890625001 0.3191112875 0.8424547656250001 0.276614071875 0.8240454578125 0.21672018906249998 0.7939292765625 0.20534619843750002 0.7671615140625 0.2183985953125 0.7517733375 0.26089581093750003 0.7755367578125 0.32413531562500003
2 0.6497291125 0.39441573281250003 0.6771682375 0.4041169125 0.7153127890625 0.390728834375 0.7320380937500001 0.3341777734375 0.713295903125 0.2926876 0.6788298562499999 0.28231785625 0.642358115625 0.293028878125 0.6246285640625 0.345230071875 0.6497291125 0.39441573281250003
2 0.6909031890625 0.572760253125 0.7290505390625001 0.589152675 0.758159675 0.5663963 0.763175309375 0.52858463125 0.748782984375 0.4860902125 0.7113042 0.46267086874999996 0.6835321921874999 0.47137339999999994 0.6701525078125 0.5225703484374999 0.6909031890625 0.572760253125
2 0.5714427093750001 0.5316141562500001 0.6085858125 0.5436567109375 0.643381946875 0.50584224375 0.646056203125 0.4777345546875 0.6283182593750001 0.4405942484375 0.5864896078124999 0.41817915 0.5580490359375 0.4339086046875 0.5516962734375 0.48577411875000004 0.5714427093750001 0.5316141562500001
2 0.49816354687500003 0.5416594124999999 0.5363080984375 0.5282713328125 0.5493548984375 0.4954780953125 0.5373039484375 0.4432797 0.49748379062500003 0.429564334375 0.46670184218750005 0.45499776562500005 0.46402758437499997 0.48310545468750005 0.49816354687500003 0.5416594124999999
2 0.3492442578125 0.3629904015625 0.396091340625 0.3773743328125 0.42118629218750003 0.366998990625 0.4322246015625 0.32550602031250003 0.41481954062500004 0.26996200312499996 0.3836991140625 0.254238146875 0.35157723750000003 0.2639449234375 0.33183919687499996 0.3074463859375 0.3492442578125 0.3629904015625
2 0.2970346703125 0.2559193515625 0.3264822859375 0.2743202640625 0.370982396875 0.2388471734375 0.35257309062500003 0.178953290625 0.317102796875 0.164233678125 0.29368065625 0.1719319640625 0.2806338546875 0.2047252 0.2970346703125 0.2559193515625
2 0.550001078125 0.2502071734375 0.5794458984374999 0.23882758750000002 0.599183940625 0.195326125 0.5911499734375 0.16052719375 0.55802105625 0.136103603125 0.5118481328125 0.174253753125 0.5205534609375 0.2318062609375 0.550001078125 0.2502071734375
2 0.6681104390625 0.156504615625 0.69454531875 0.161855928125 0.721978846875 0.111996109375 0.6838287000000001 0.0658231890625 0.6570609390625 0.078875584375 0.646022628125 0.1203685546875 0.6681104390625 0.156504615625
2 0.758120503125 0.1494693 0.806976078125 0.1725529609375 0.8387622703125001 0.1514693953125 0.8598374421875 0.093914090625 0.83473689375 0.0447284296875 0.7929082421875 0.02231333125 0.7564365015625001 0.0330243546875 0.7330199546875 0.1002836390625 0.758120503125 0.1494693
2 0.5483748875 0 0.5546642421875 0.022335715625 0.5831076140625 0.0363867640625 0.6038527 0.0270156671875 0.606423059375 0 0.5483748875 0
2 0.45291035468749996 0 0.372299940625 0.016329828125 0.390373565625 0.06484692187499999 0.44926600156249996 0.0718682484375 0.464654178125 0.029371032812499996 0.45330310625000003 0 0.45291035468749996 0
2 0.20433915468750002 0.1719403578125 0.2327825265625 0.1859914046875 0.258881725 0.1799659296875 0.2873194984375 0.134455975 0.274264303125 0.0779077125 0.2334398984375 0.05984248125 0.2016537046875 0.080926046875 0.1963051890625 0.1371414265625 0.20433915468750002 0.1719403578125
2 0 0.47265835312500004 0.0076161046875 0.48080605 0.0618229921875 0.477454834375 0.0735270703125 0.3991544421875 0.05344775 0.371718115625 0.0136275890625 0.3580027484375 0 0.368438403125 0 0.47265835312500004
2 0 0.5569678046875 0.014321335937499999 0.6190003265625 0.0481188203125 0.63639699375 0.08827186249999999 0.6317086484375001 0.1167096375 0.5861986953125 0.1036544421875 0.52965043125 0.063831484375 0.48615456718749994 0.01129740625 0.4868287265625 0 0.49373415468750004 0 0.5569678046875
2 0.044448709375 0.7494963171875 0.08594167968750001 0.7605346281250001 0.11638794687500001 0.72372440625 0.10768261718750001 0.6661718984375 0.050795875000000004 0.638069803125 0.02135105625 0.649449390625 0.044448709375 0.7494963171875
2 0.17394325156249998 0.7447995781250001 0.1987025234375 0.7230474484375 0.17360197500000002 0.6738617890625 0.142820028125 0.6992952203125 0.1498497484375 0.7297442859375 0.17394325156249998 0.7447995781250001
2 0.084945828125 0.8455262609374999 0.11740618124999999 0.8769767734375 0.20373214687500002 0.8341382796874999 0.21778319375000002 0.8056949093749999 0.1930183265625 0.7678860390625 0.172273240625 0.777257134375 0.11906779999999999 0.755177715625 0.0912957921875 0.7638802484375 0.07490336875 0.8020275968749999 0.084945828125 0.8455262609374999
2 0.26246231875000003 1 0.271002625 0.976676825 0.2502519421875 0.926486921875 0.2064147984375 0.8953720890625 0.15890195000000001 0.91779558125 0.1488678859375 0.9636384203125001 0.164768728125 1 0.26246231875000003 1
2 0.39882435781250003 0.9746571421875 0.43697170625000004 0.9910495640624999 0.469759346875 0.944535365625 0.45436277656249996 0.8976910796875 0.4222381046875 0.87761735625 0.3954703421875 0.8906697546875 0.3810864125 0.9375168374999999 0.39882435781250003 0.9746571421875
2 0.6243320546875 0.750780284375 0.6624738078125 0.70761170625 0.6534355953125 0.6684629078125 0.63302339375 0.6594302937500001 0.6042471390624999 0.6637829562500001 0.59019609375 0.6922263281250001 0.6243320546875 0.750780284375
2 0.65077253125 0.8156925984375001 0.693269746875 0.8310807734375001 0.7324185437499999 0.8220425609375 0.7468024734375 0.7751954796875 0.7270560374999999 0.7293554421875 0.6969398546875001 0.71798145 0.6691678484375 0.72668398125 0.648425559375 0.7658355765625 0.65077253125 0.8156925984375001
2 0.8016947140624999 0.9435003406250001 0.7725799796875 0.9066957171875 0.7404581046875001 0.9164024921875 0.7294197953125 0.9578954640624999 0.8016947140624999 0.9435003406250001
2 0.27164600625 0.701625403125 0.29908513124999997 0.711326584375 0.3328770171875 0.6691622515625 0.316476203125 0.6179681 0.2887013953125 0.59689013125 0.254238146875 0.6163008859375 0.2465454578125 0.6524397453125 0.27164600625 0.701625403125
2 0.2575697765625 0.4620442734375 0.2880216390625 0.48479505312500004 0.3131165921875 0.47441971250000003 0.3295090140625 0.43627236406250003 0.3214750484375 0.4014734328125 0.2926959953125 0.376045596875 0.263919740625 0.3803982609375 0.24953581093750002 0.42724534375 0.2575697765625 0.4620442734375
2 0.8188473875 0 0.7985952375 0.007255242187499999 0.8236929875 0.0266604 0.8551462984375 0.0239805453125 0.8638296171875 0 0.8188473875 0
2 0.7190472531250001 0.9625810109374999 0.69294525625 0.938825984375 0.6608233828125 0.9485327625 0.6511222015625 0.9759718875000001 0.7190472531250001 0.9625810109374999
2 0.91015625 0.82421875 0.1796875 0.2109375
2 0.0515625 0.2609375 0.103125 0.234375
2 0.87734375 0.34921875 0.1796875 0.196875