2 0.6249138609375 0.932536765625 0.6217285546875 0.9692121453125001 0.6441480890625 0.98637485 0.6924509 0.9557916343749999 0.688717115625 0.90493001875 0.6619372953125 0.9004305078125 0.6249138609375 0.932536765625
2 0.8631034 0.8304126859375 0.8535558968749999 0.79643533125 0.8212408046874999 0.7805868328125001 0.7744610328125 0.799890671875 0.7542522453125 0.8448689578125 0.7523811484375 0.8914398953125 0.792999146875 0.9243118796875001 0.8427553906249999 0.8895075968749999 0.8631034 0.8304126859375
2 0.797576678125 0.7464702546875001 0.7854007625 0.69270178125 0.7573067359375 0.6783067109375 0.7162014578125 0.694842915625 0.695992671875 0.7398212015625 0.7054009515625 0.7879151796875 0.7348787953125 0.8051474984375 0.771693396875 0.7942161765625 0.797576678125 0.7464702546875001
2 0.671771653125 0.762171121875 0.6237472859375 0.7645210890625 0.5909449140625 0.7980807750000001 0.5832601015625001 0.861535975 0.6196570328125001 0.892954528125 0.6835299015625 0.8582894703124999 0.6939823515625 0.8005087640624999 0.671771653125 0.762171121875
2 0.58672385 0.796627346875 0.5915018062499999 0.7416142781249999 0.5621631828125 0.7102653359375 0.5097089171875 0.7323368125 0.4895001296875 0.7773150984375 0.5031294749999999 0.82686250625 0.5312931125 0.8341992656249999 0.568107715625 0.82326794375 0.58672385 0.796627346875
2 0.48507023125000004 0.7970366062500001 0.4527551390625 0.78118810625 0.40715035000000005 0.8245041296875 0.40527925312499996 0.8710750671874999 0.4290129921875 0.898133334375 0.46859522968749995 0.89287650625 0.4973853703125 0.8366884546875 0.48507023125000004 0.7970366062500001
2 0.896053403125 0.6387328828125 0.8879593296875001 0.6005344640625 0.851423171875 0.583232534375 0.8231203109375 0.5900124015625 0.7915625375 0.640525959375 0.8009708156249999 0.6886199375000001 0.83335551875 0.6974101265625 0.8772980453124999 0.6794901046875 0.896053403125 0.6387328828125
2 1 0.4802976265625 0.9921801578125 0.48297114375000005 0.9377851828124999 0.5586718687500001 0.947332684375 0.592649225 0.983938453125 0.6028928390625 1 0.5652108609375001 1 0.4802976265625
2 1 0.3827942890625 0.9581416015625001 0.355573465625 0.9155828937500001 0.3763307359375 0.8753045421874999 0.45217068437499996 0.8805613687499999 0.491752921875 0.91405144375 0.5316136046875 0.9764708828125 0.501169609375 1 0.4609203703125 1 0.3827942890625
2 0.42543524687499995 0.5451481109375 0.3973412203125 0.530753040625 0.3604570078125 0.5487426734375 0.3344345046875 0.61060521875 0.3749132796875 0.6575938265625 0.41885580625 0.6396738046875 0.44328565781249996 0.5961489484375 0.42543524687499995 0.5451481109375
2 0.3483338859375 0.775922871875 0.3374721765625 0.73204995625 0.3066105140625 0.71198039375 0.2697263015625 0.729970025 0.24951751406249997 0.7749483125000001 0.2616934296875 0.8287167859375 0.2884036390625 0.8402746078125001 0.3323461640625 0.8223545874999999 0.3483338859375 0.775922871875
2 0.36272895625 0.7478288453124999 0.39691514375 0.71710640625 0.4001004484375 0.6804310265625 0.34674964375 0.65025706875 0.309586984375 0.6964799515625 0.36272895625 0.7478288453124999
2 0.31014387499999996 0.6400134515625 0.29665375312500003 0.5763494203125 0.2601175953125 0.5590474921874999 0.22046574843750003 0.5713626296875 0.197489325 0.610666421875 0.21084022343750003 0.6884470781250001 0.2432249265625 0.6972372671875 0.2857140234375 0.6835383109375 0.31014387499999996 0.6400134515625
2 0.23663707500000003 0.9357664531250001 0.261066928125 0.8922415953125 0.2346351640625 0.8524505250000001 0.1977509515625 0.8704401562499999 0.1733211 0.9139650156249999 0.23663707500000003 0.9357664531250001
2 0.17595792187499998 0.789752640625 0.13049235625 0.8189520390625 0.1117369984375 0.8597092625 0.12405213749999999 0.8993611109374999 0.15221577343749998 0.90669786875 0.1891695984375 0.8816499234374999 0.20515732031249997 0.8352182062500001 0.17595792187499998 0.789752640625
2 0 0.8480808109375 0.0424680828125 0.8689087078125001 0.0769327171875 0.8099530187499999 0.0462798875 0.7687085171875 0 0.7881819640625001 0 0.8480808109375
2 0 0.778921228125 0.0236515234375 0.7727207484374999 0.06787249375 0.726567478125 0.05721961875 0.661519628125 0.0236599328125 0.6287172562500001 0 0.6361632390625 0 0.778921228125
2 0.165870346875 0.5242348 0.150787571875 0.4789084578125 0.115704846875 0.4573854640625 0.0844951265625 0.4726074609375 0.0584726234375 0.5344700078125 0.0735553984375 0.5797963515625 0.10870773593750001 0.5942610328125 0.149882625 0.5706665171874999 0.165870346875 0.5242348
2 0.144425375 0.40825572499999996 0.1467753421875 0.45628009062499997 0.1705090796875 0.48333835625 0.20600947500000003 0.46251147656249997 0.22476483281249998 0.42175425468750005 0.1900301625 0.3649397 0.144425375 0.40825572499999996
2 0 0.521465015625 0.0344604390625 0.5356449921875 0.057158415625 0.5245744484375 0.08027406249999999 0.47115403125000005 0.05674915781249999 0.4229208296875 0.03564383125 0.4156536828125 0.0015272546874999999 0.43931781093750005 0 0.44375328124999996 0 0.521465015625
2 0.11564364375 0.32044028281250003 0.0800736359375 0.3483254765625 0.056957990624999996 0.4017458921875 0.07916868906249999 0.440083534375 0.1031112625 0.44596686406249997 0.12871609687500002 0.426454190625 0.15473860156250002 0.36459164374999997 0.11564364375 0.32044028281250003
2 0.0931545 0.310335890625 0.0613266875 0.24507920468750002 0.016061546875 0.3971071609375 0.0543295796875 0.3819547734375 0.0931545 0.310335890625
2 0.4103777015625 0.06781129062499999 0.369272421875 0.08434749531249999 0.34324991875 0.1462100421875 0.35701848593749996 0.181640825 0.3879497609375 0.19465207812500002 0.42054329687500003 0.182267328125 0.44351971875 0.1429635359375 0.4103777015625 0.06781129062499999
2 0.2790374046875 0.0721631703125 0.287131478125 0.11036159062499999 0.3110740515625 0.11624491875000001 0.339446521875 0.1024067390625 0.3525273859375 0.064417153125 0.3260956234375 0.0246260828125 0.2790374046875 0.0721631703125
2 0.4447014875 0 0.42324973125 0.050996642187499996 0.44255356875 0.097776415625 0.46649614218749996 0.10365974375 0.529054803125 0.059099124999999995 0.5447957515625 0 0.4447014875 0
2 0.18264061250000002 0.11215466562500001 0.15433775156250001 0.1189345328125 0.1043030640625 0.1819720640625 0.12332845781249999 0.256985084375 0.1793076765625 0.3069501625 0.2384806078125 0.1762363671875 0.21917676875 0.1294565953125 0.18264061250000002 0.11215466562500001