2 0.781661575 0.9013545593750001 0.7960055984375 0.8760313 0.780834653125 0.82848055625 0.7199588375 0.7900631734375 0.696058475 0.7926589890625 0.6694662828125 0.8472472390625001 0.6846372296875 0.8947979828125 0.73411083125 0.9165255078125 0.781661575 0.9013545593750001
2 0.0798787578125 0.67029320625 0.10914374687499999 0.682541375 0.1759031828125 0.6369325203125 0.1876513921875 0.5877088984375 0.1420425359375 0.5209494625 0.0988565015625 0.5110471296875 0.07428318125 0.526641053125 0.059266200000000005 0.564962421875 0.08466644375 0.6222425015625 0.0798787578125 0.67029320625
2 0.277426315625 0.3048653171875 0.297057984375 0.2514499859375 0.2779453078125 0.2059950953125 0.21614655625 0.17059650625 0.17371045937500001 0.19063212031250001 0.1670769 0.244720409375 0.1940730359375 0.28598358749999997 0.25168007812500004 0.3134987171875 0.277426315625 0.3048653171875
2 0.5576931140625 0.25191102656250003 0.5775747625000001 0.20847501093749998 0.5584620859375 0.16302012187499998 0.5291970953125 0.150771953125 0.4925486046875 0.1626741265625 0.47753162343750005 0.2009954953125 0.492452590625 0.2385669234375 0.5379844625 0.2623903015625 0.5576931140625 0.25191102656250003
2 0.6450651078125 0.31163295625 0.6589091703125 0.266351065625 0.642142328125 0.23481722187499998 0.6068397531249999 0.220723178125 0.5722871171875 0.2365670828125 0.563307721875 0.2767343265625 0.5800745640625 0.30826816875 0.607493678125 0.326553921875 0.6450651078125 0.31163295625
2 1 0.7279050265625 0.9750753734375 0.6898081203124999 0.93767694375 0.6717723453125 0.895240846875 0.691807959375 0.888107325 0.7259376171875 0.9111617328125 0.7692966515624999 0.962731190625 0.7949659062500001 0.9942650328125 0.7781990640625 1 0.7435770171875 1 0.7279050265625
2 0.6427201250000001 0.8159633749999999 0.5872089375 0.7923899765625 0.5547521578125 0.8121756109374999 0.5504644328125 0.8801849468749999 0.6264342109375 0.9232170171874999 0.6540263234375 0.90854603125 0.6660245140625001 0.8693017265625 0.6427201250000001 0.8159633749999999
2 0.8190790375000001 0.8005614828125 0.8310772265624999 0.7613171750000001 0.8119645500000001 0.7158622875 0.7582992375 0.6862513031249999 0.721650746875 0.6981534765624999 0.704787890625 0.7425124296875001 0.71970885625 0.7800838578125 0.7794117546875 0.8115407187500001 0.8190790375000001 0.8005614828125
2 0.6246640015625 1 0.630279928125 0.997013959375 0.61603191875 0.946444421875 0.5438308734375 0.9342732375 0.532755621875 0.97049875 0.5484417140625 1 0.6246640015625 1
2 0.7435828671875 0 0.7464152421875 0.012522493749999999 0.7919471125 0.036345873437499995 0.8116557656250001 0.025866596874999998 0.7986309625 0 0.7435828671875 0
2 0.8134826078125 0.1386578625 0.7556255843749999 0.1011634171875 0.7250146796875 0.1149114671875 0.7115935953125 0.137215934375 0.726764540625 0.184766678125 0.7743922671875 0.21253178749999999 0.8001385046875 0.2038983859375 0.8134826078125 0.1386578625
2 0.25169996562499997 0.71292133125 0.25975642187500003 0.67577288125 0.24298958124999998 0.6442390375 0.2074370265625 0.620165678125 0.1807678515625 0.6318178734375001 0.161559159375 0.6622557796875 0.1764801265625 0.6998272078125 0.2159744125 0.7218047125 0.25169996562499997 0.71292133125
2 0.86953125 0.4265625 0.2609375 0.275
2 0.471875 0.4484375 0.21875 0.25