2 0.1652100890625 0.8221503828125 0.141252646875 0.7980262875 0.1126337421875 0.8033156046875 0.08587612812499999 0.8695430234374999 0.1438251203125 0.8929559359375 0.1671547046875 0.8590477140624999 0.1652100890625 0.8221503828125
2 0.2108858078125 0.67930585 0.1965235515625 0.6373914671875001 0.1658767046875 0.629824225 0.127223696875 0.6599488234375 0.118778615625 0.7046856625 0.13525214218749998 0.7354158359375 0.16132085625 0.7483557234375 0.189145246875 0.7331156265625001 0.2108858078125 0.67930585
2 0.3152439875 0.7070246296875 0.275168609375 0.6691661328125 0.248660978125 0.6632712421875 0.2116803203125 0.6892566265625 0.180700165625 0.7778524640625 0.1947068296875 0.8027710734375001 0.2547670921875 0.8149997765625001 0.3042487171875 0.7699906734375 0.3152439875 0.7070246296875
2 0.3892886296875 0.6310130875 0.365853434375 0.575803225 0.3434850140625 0.571580684375 0.2890696640625 0.6049666593749999 0.27727988125 0.6579819234375 0.3061710484375 0.6937291484375 0.32396133437499997 0.7033243359375 0.372565121875 0.6724052234375 0.3892886296875 0.6310130875
2 0.1387412140625 0.5658970156249999 0.088548403125 0.5769145703125 0.094987825 0.632480025 0.1364632890625 0.6251627640625 0.14984209531249998 0.59204905625 0.1387412140625 0.5658970156249999
2 0.21487484218750003 0.3655424109375 0.162048515625 0.41882994062499995 0.1817834171875 0.46532245625 0.2174473171875 0.4604720578125 0.23751552656250002 0.41080149375 0.21487484218750003 0.3655424109375
2 0.33666771562500003 0.3858606 0.315971646875 0.3774988453125 0.273890609375 0.43994264375 0.283674734375 0.48722967187500005 0.32101098437500003 0.478240059375 0.348563109375 0.42196341875 0.33666771562500003 0.3858606
2 0.3191051265625 0.1909842515625 0.25227213437499996 0.219353175 0.24549940312500002 0.2599507984375 0.2611784203125 0.28073019375 0.285219190625 0.2808135203125 0.3168272015625 0.2502500015625 0.3191051265625 0.1909842515625
2 0.8590806625 0.105810634375 0.786602759375 0.088564878125 0.76653455 0.13823544062499998 0.7779910265625001 0.18138325625 0.8057320890625 0.1901839296875 0.8393680453125001 0.1724769703125 0.8590806625 0.105810634375
2 0.9395036828125001 0.2225641703125 0.9167796734375001 0.20134585624999998 0.8790045031249999 0.21738046249999998 0.8631588328124999 0.2446826078125 0.8878274609375 0.302798253125 0.9251637109375 0.293808640625 0.94100938125 0.266506496875 0.9395036828125001 0.2225641703125
2 1 0.16442209531250002 0.9501433625000001 0.1426023515625 0.96036640625 0.182844384375 0.9822959062500001 0.19411192187499998 1 0.1850578859375 1 0.16442209531250002
2 0.8360679109375001 0.4070731046875 0.8175664406250001 0.363486371875 0.78524724375 0.36005834375 0.7540781515625 0.3835768671875 0.734009940625 0.43324742968749996 0.744671903125 0.46644446562499997 0.78069139375 0.4785898421875 0.8176720515625 0.45260445625 0.8360679109375001 0.4070731046875
2 0.7298707265625 0.43157507968750003 0.7121637671875 0.3979391234375 0.6810780015625 0.397416878125 0.6378468609375 0.432914121875 0.655031571875 0.4976358421875 0.6890231203125 0.496924659375 0.7189587828125 0.470500353125 0.7298707265625 0.43157507968750003
2 0.535183315625 0.5142149828125 0.49713588125 0.48921304687499995 0.4534658203125 0.5317552875 0.4756675859375 0.58405936875 0.50340865 0.592860040625 0.530438528125 0.5676691671875 0.535183315625 0.5142149828125
2 0.444309553125 0.5425005781250001 0.4593607125 0.5052476546875 0.4407759140625 0.485701690625 0.384521559375 0.5713084187499999 0.3951001953125 0.628546225 0.425747040625 0.6361134671875 0.4557660296875 0.5856483906250001 0.444309553125 0.5425005781250001
2 0.2472831765625 0.8216058515625001 0.20290193125 0.8301565453125 0.201062925 0.8823772999999999 0.222992425 0.8936448359375 0.2450052515625 0.8808716015625 0.2472831765625 0.8216058515625001
2 0.1603819734375 0.8996453390625 0.217536453125 0.913107471875 0.1840671515625 0.8827328921875001 0.1603819734375 0.8996453390625
2 0.263862315625 0.9414541109375 0.33176208281249997 0.9640725109374999 0.29415356875 0.932025578125 0.263862315625 0.9414541109375
2 0.43689249218750004 0.888583215625 0.3949781078125 0.902945471875 0.3756210828125 0.986607584375 0.39217793749999996 0.9932969875 0.43461456875 0.9478489640625 0.43689249218750004 0.888583215625
2 0.6584654125 0.94199283125 0.643225315625 0.9141684390625 0.584754078125 0.92184129375 0.5737588078125 0.9848073375 0.6139175109375 0.9986250640625001 0.6458811171875001 0.98505731875 0.6584654125 0.94199283125
2 0.67042185 0.8408960249999999 0.6552650796874999 0.7890308640625 0.6166953984375 0.79511469375 0.5850873875 0.8256782140625001 0.5766423046875 0.8704150515625001 0.5906489703125 0.8953336609375 0.6183900343750001 0.904134334375 0.6553706921875 0.8781489484374999 0.67042185 0.8408960249999999
2 0.6393137984374999 0.727214925 0.62582938125 0.67121055 0.5893709703125001 0.666110171875 0.5681526546875 0.6888341828125 0.5853373671875 0.753555903125 0.5537293546875001 0.7841194234375 0.551973678125 0.8122994078125 0.5842928749999999 0.8157274359375 0.6259349921874999 0.760328634375 0.6393137984374999 0.727214925
2 0.7214702140625 0.7026296249999999 0.71461415625 0.7672680187500001 0.779335878125 0.75008330625 0.7684016484375 0.6758497265625001 0.7214702140625 0.7026296249999999
2 0.9259640328125001 0.780435603125 0.8966339453125001 0.7517333734375 0.8646703406249999 0.76530111875 0.8438076171875 0.8050209046875001 0.8568531171875 0.868070275 0.8874999625 0.8756375171874999 0.9259640328125001 0.780435603125
2 0 0.404908596875 0.0195595734375 0.3901499953125 0.0217541703125 0.354925015625 0 0.403126221875 0 0.404908596875
2 0.921875 0.52734375 0.15625 0.2609375
2 0.56484375 0.1125 0.2109375 0.225