0 0.80078125 0.28671875 0.134375 0.178125
0 0.68203125 0.29609375 0.065625 0.0734375
0 0.7078125 0.428125 0.06875 0.0859375
0 0.80546875 0.453125 0.1125 0.1578125
0 0.90625 0.53828125 0.109375 0.15
0 0.43515625 0.34375 0.13125 0.140625
0 0.37421875 0.4953125 0.0625 0.0765625
0 0.23515625 0.4578125 0.09375 0.109375
0 0.14765625 0.5984375 0.078125 0.0984375
0 0.725 0.82109375 0.0578125 0.0640625
0 0.69609375 0.9453125 0.059375 0.0953125
0 0.9109375 0.8625 0.0953125 0.1296875
0 0.0390625 0.95625 0.078125 0.05625
0 0.88515625 0.9578125 0.0921875 0.084375
0 0.8296875 0.88671875 0.140625 0.159375
0 0.8 0.9734375 0.1 0.053125
0 0.70546875 0.49609375 0.0625 0.08125