2 0.5160141453125 0.882976971875 0.5312013046875 0.8298863265625 0.5006510078125 0.78905099375 0.44821712031249994 0.8129048624999999 0.4220295078125 0.8493345703124999 0.416208759375 0.9129878296875 0.43880776875 0.9363451984375001 0.48982653281250005 0.9194066781249999 0.5160141453125 0.882976971875
2 0.595472875 1 0.5980797078125 0.9819066781249999 0.5719936953125 0.9333389765625 0.5118274390625001 0.9527285593749999 0.48016515000000004 1 0.595472875 1
2 0.36812184062500003 0.8310982453125 0.338826403125 0.8193394312500001 0.3046875 0.8382911734375 0.2801339296875 0.88081920625 0.29484030625 0.9357041562499999 0.345859071875 0.9187656343749999 0.3732428859375 0.8624069046875 0.36812184062500003 0.8310982453125
2 0.17530909687500001 0.794523996875 0.1786358421875 0.85572619375 0.21811471093749998 0.8810967859375 0.280892290625 0.8348628296875 0.289383021875 0.7933707359375 0.2655291515625 0.7409368515625 0.17530909687500001 0.794523996875
2 0.2626402484375 0.70576200625 0.2570813625 0.64842599375 0.22451784218749998 0.6244705234375 0.18264656875000002 0.63895798125 0.1430660984375 0.6985847953125 0.1453569 0.743724153125 0.1649067453125 0.76789854375 0.24701524843749997 0.7328253 0.2626402484375 0.70576200625
2 0.1789835859375 0.4667310234375 0.16766261093749998 0.5220538140625 0.19962803125 0.555973796875 0.2628434515625 0.5357671921875 0.2857043203125 0.4381352890625 0.22814938749999997 0.43068049999999997 0.1789835859375 0.4667310234375
2 0.49376288281249997 0.4706244328125 0.4634315046875 0.4428027765625 0.402667146875 0.4721568734375 0.397284240625 0.5618374859374999 0.4237494328125 0.587427 0.47313415625 0.56439015 0.5021520125000001 0.5141297484375 0.49376288281249997 0.4706244328125
2 0.452036153125 0.26611153593750003 0.4294371453125 0.242754165625 0.3670387453125 0.266009934375 0.36345014062500003 0.325797009375 0.38828129218749996 0.34528819374999997 0.4287374421875 0.3377160859375 0.45655909687499996 0.30738470625000003 0.452036153125 0.26611153593750003
2 0.5557663828125 0.2873383625 0.5636590125 0.25581078281249997 0.5369748999999999 0.21720759374999998 0.48677315625000006 0.2371952796875 0.46668387187500004 0.27199094218750003 0.4673406296875 0.311031971875 0.48912261875 0.331340178125 0.5318109125 0.319901884375 0.5557663828125 0.2873383625
2 0.6500286 0.382999984375 0.6513850625 0.3270790953125 0.6279690328124999 0.3006725609375 0.5783653906249999 0.3106957328125 0.5320884921875 0.38192110156250003 0.5382454796875 0.42929260312500006 0.5622596093750001 0.44573462187499996 0.6193767015625 0.42716205937499996 0.6500286 0.382999984375
2 0.7764594406249999 0.342586775 0.7810839859375001 0.298862540625 0.7566320156249999 0.2563931671875 0.684269103125 0.279050834375 0.6647779203125 0.30388198593750004 0.6540550453125 0.3492402625 0.685422365625 0.3931247578125 0.72141423125 0.39328501875 0.7764594406249999 0.342586775
2 0.7710021546875 0.20025335625000001 0.7681132500000001 0.1650785125 0.7377818734375 0.13725685625 0.6965087015625 0.1417798015625 0.6642227609375 0.17984355000000002 0.66308521875 0.2487781171875 0.6893314921875 0.26135395156249996 0.7464485828125 0.2427813890625 0.7710021546875 0.20025335625000001
2 1 0.2174192109375 0.96523001875 0.2299122546875 0.9384443031249999 0.2763064734375 0.9484674765625 0.32591011718749996 0.976347790625 0.3445842796875 1 0.338246690625 1 0.2174192109375
2 0.9463683703125 0.610795875 0.9434794671875 0.5756210312500001 0.9109159468750001 0.5516655593750001 0.8651784890625001 0.563920875 0.8406249171875 0.6064489078124999 0.849014046875 0.6499542218750001 0.8768943625000001 0.6686283875 0.91958265625 0.6571900937499999 0.9463683703125 0.610795875
2 0.942048628125 0.3995278890625 0.914606153125 0.40688107812499996 0.8733916390625 0.460409565625 0.879548628125 0.5077810640625 0.9019287171875 0.5181247578125 0.9596439078125 0.4895876828125 0.968732740625 0.43813107812499996 0.942048628125 0.3995278890625
2 0.9765625 0.60859375 0.046875 0.1109375
2 0.0616143546875 0.7726990671875 0.023011165625 0.79938318125 0.11193341718750001 0.8507224671875001 0.103106446875 0.7811897984375 0.0616143546875 0.7726990671875
2 0.1609389578125 0.8506638078125001 0.131264340625 0.86188318125 0.204721853125 0.9042938953125 0.195734621875 0.87075309375 0.1609389578125 0.8506638078125001
2 0.04609375 0.3234375 0.0921875 0.1234375
2 0.7421875 0.48828125 0.246875 0.2421875