1 0.13046875 0.7640625 0.1203125 0.16875
1 0.0484375 0.64765625 0.08125 0.128125
1 0.246875 0.659375 0.1328125 0.159375
1 0.35390625 0.58125 0.1234375 0.16875
1 0.40625 0.50546875 0.096875 0.121875
1 0.459375 0.59140625 0.1078125 0.1328125
1 0.546875 0.553125 0.1265625 0.1375
1 0.58984375 0.640625 0.125 0.14375
1 0.53984375 0.7375 0.1328125 0.153125
1 0.48359375 0.83828125 0.125 0.1734375
1 0.60546875 0.30234375 0.1328125 0.1484375
1 0.68359375 0.06328125 0.1078125 0.1265625
1 0.76953125 0.0515625 0.1203125 0.103125