2 0.3054621 0.2844466625 0.24278248281249998 0.2628643390625 0.21151353281250002 0.29549963125 0.2109228609375 0.355391396875 0.2403765171875 0.4055965375 0.2881324171875 0.42204021249999996 0.3273278671875 0.39547285312499997 0.3289462703125 0.3325963453125 0.3054621 0.2844466625
2 0.20895395468750003 0.5550306140625 0.1742632046875 0.5297311546875 0.14847151875 0.6143317078125 0.1838946609375 0.6665923078125 0.2149667203125 0.6539209390625 0.2282287609375 0.6251012312500001 0.20895395468750003 0.5550306140625
2 0 0.22530296718749998 0.0084525140625 0.2355959734375 0.0616423984375 0.207170046875 0.0691318421875 0.1563309578125 0 0.1881674875 0 0.22530296718749998
2 0.141694975 0.1879936875 0.124223571875 0.23873433125000001 0.145849171875 0.272889578125 0.17569660781250002 0.283166875 0.2062331640625 0.22357044531249998 0.180595090625 0.1913722125 0.141694975 0.1879936875
2 0.08620946562500001 0.1455181578125 0.09692382031249999 0.17257774374999998 0.14272270625 0.18500894375000002 0.1689514515625 0.1573154109375 0.1493813109375 0.1171906765625 0.08620946562500001 0.1455181578125
2 0.1553507984375 0.1192461359375 0.18089042500000002 0.16142633125 0.21670735156249998 0.1737590859375 0.24499155468749997 0.14009606562500002 0.2226335625 0.0789796796875 0.1553507984375 0.1192461359375
2 0.47685456875 0 0.463622134375 0.0384297796875 0.4830938296875 0.0885364765625 0.5486597468750001 0.121128490625 0.5717068578125 0.11237115 0.589079815625 0.0716124671875 0.5754791625 0.0335431921875 0.5522127515624999 0 0.47685456875 0
2 0.6819022078125 0.0735262046875 0.64784540625 0.08516984375 0.6521964921875 0.1501018109375 0.6739205375 0.174275096875 0.717762409375 0.1826938265625 0.7461450593750001 0.13904884374999998 0.722660890625 0.09089916406250001 0.6819022078125 0.0735262046875
2 0.831237840625 0.1149307265625 0.8259023015625001 0.14981836875 0.8454724421875 0.189943103125 0.8911728828125 0.2123562640625 0.9112352484375 0.20257119375000002 0.8554111265625 0.0932066828125 0.831237840625 0.1149307265625
2 0.8553559578125001 0.20002350781249997 0.8224253312500001 0.19870044375 0.805150815625 0.229477165625 0.8246225125000001 0.279583859375 0.8743354249999999 0.300040009375 0.9025211843750001 0.27635894843750003 0.889018978125 0.2283077140625 0.8553559578125001 0.20002350781249997
2 0.8175268499999999 0.29049510624999997 0.798295321875 0.3172593546875 0.8039694734375 0.349260696875 0.8655229171875 0.3838097234375 0.8877391890625 0.35807320468750004 0.8642550203124999 0.3099235234375 0.8175268499999999 0.29049510624999997
2 0.66823449375 0.34592544687500004 0.6214078796875 0.3364789890625 0.575750715625 0.4109006921875 0.61929725 0.4492653015625 0.6650961359374999 0.46169650312500005 0.7002791125 0.43708616093749997 0.7017006234375 0.3941735734375 0.66823449375 0.34592544687500004
2 0.5475768484375 0.23093006093750001 0.50671971875 0.2235390625 0.4785339609375 0.2472201203125 0.473198421875 0.2821077609375 0.54062290625 0.328694209375 0.561713003125 0.3159243953125 0.569104003125 0.27506726718749996 0.5475768484375 0.23093006093750001
2 0.4775495078125 0.34703972968749996 0.41550383750000003 0.36240050625000003 0.4098729625 0.4272340296875 0.433455575 0.46540174843750004 0.505187871875 0.4800853 0.535527534375 0.44045279375 0.51028324375 0.3683267171875 0.4775495078125 0.34703972968749996
2 0.3803208609375 0.3870108484375 0.3534581671875 0.3777612828125 0.331340340625 0.3935158390625 0.3260048015625 0.42840348125 0.34948897031250004 0.47655316093750005 0.3812934203125 0.49084293125 0.41040846562500005 0.4741590890625 0.41173153124999995 0.4412284625 0.3803208609375 0.3870108484375
2 0.33489197187499997 0.7419551875 0.30196134531249996 0.7406321218749999 0.2845883859375 0.7813908031250001 0.309931121875 0.84353491875 0.36757053906250003 0.8700590015625 0.39791020312500003 0.8304264921875 0.37843850625000003 0.7803197984375 0.33489197187499997 0.7419551875
2 0.4407795140625 0.7350131390625 0.40589187187500003 0.7296776 0.38171858593749997 0.75140164375 0.3803955203125 0.784332271875 0.411806190625 0.8385498859375 0.447623115625 0.850882640625 0.474781146875 0.8301863265625 0.4782581171875 0.7813042515624999 0.4407795140625 0.7350131390625
2 0.45657734687499996 0.8539658296875 0.40852611093749996 0.8674680390624999 0.401332003125 0.8883612453125 0.43665670156249997 0.9506038046875 0.49830859062500005 0.9751708718750001 0.5285498093750001 0.945520325 0.4913665421875 0.8692833312499999 0.45657734687499996 0.8539658296875
2 0.660382653125 0.7371789343749999 0.6214825390625001 0.7338004109375 0.5881581312499999 0.7724051875 0.5936353921874999 0.824370453125 0.6231874937499999 0.86459363125 0.6670293640625 0.8730123593749999 0.701381503125 0.8314228375000001 0.6978612562500001 0.7834700484375 0.660382653125 0.7371789343749999
2 0.9182519578124999 0.7057801578125 0.863498840625 0.6902657671875 0.8373685406250001 0.7079773390625 0.8299775421875 0.7488344671875 0.865302240625 0.8110770265625 0.895149678125 0.821354325 0.93454201875 0.7748230453125 0.93792054375 0.73592293125 0.9182519578124999 0.7057801578125
2 1 0.78566369375 0.9725128484375001 0.771204353125 0.9304311000000001 0.7867620203125 0.9148182640625 0.8514970984374999 1 0.8120819203125 1 0.78566369375
2 0.8921875 0.4796875 0.215625 0.246875
2 0.50234375 0.53984375 0.19375 0.1984375