0 0.5765625 0.65390625 0.05390625 0.06796875
0 0.48828125 0.659375 0.0765625 0.08984375
0 0.31640625 0.4890625 0.10703125 0.14296875
0 0.04921875 0.53515625 0.05859375 0.071875
0 0.184375 0.77265625 0.06015625 0.08515625
0 0.1328125 0.90390625 0.07578125 0.096875
0 0.38125 0.94453125 0.07734375 0.07578125
0 0.46796875 0.9109375 0.06953125 0.096875
0 0.5875 0.91640625 0.0640625 0.07890625
0 0.78671875 0.94375 0.0921875 0.09765625
0 0.8859375 0.86796875 0.0875 0.1109375
0 0.8328125 0.7671875 0.07421875 0.09765625
0 0.80625 0.68671875 0.06640625 0.08984375
0 0.96171875 0.61640625 0.07578125 0.08046875
0 0.96171875 0.5015625 0.06640625 0.08515625
0 0.83828125 0.3359375 0.10390625 0.11015625
0 0.4078125 0.128125 0.05546875 0.05859375
0 0.5890625 0.0171875 0.06953125 0.03359375