1 0.84296875 0.71796875 0.09140625 0.11796875
1 0.9046875 0.64921875 0.0890625 0.12734375
1 0.81484375 0.40625 0.1015625 0.16328125
1 0.796875 0.2765625 0.03984375 0.06953125
1 0.953125 0.31328125 0.09296875 0.16640625
1 0.909375 0.95390625 0.11875 0.0921875
1 0.5765625 0.765625 0.10703125 0.13359375
1 0.5921875 0.56875 0.12109375 0.12734375
1 0.3140625 0.671875 0.11796875 0.15
1 0.2515625 0.45390625 0.109375 0.13984375
1 0.05234375 0.38125 0.1046875 0.14375
1 0.0484375 0.63203125 0.09609375 0.125
1 0.0390625 0.84296875 0.078125 0.1359375