2 0.275 0.896875 0.1515625 0.134375
2 0.78828125 0.61953125 0.171875 0.1859375
2 0.67890625 0.57734375 0.184375 0.2
2 0.7734375 0.50546875 0.1546875 0.1671875
2 0.3734375 0.446875 0.15625 0.16875
2 0.584375 0.35078125 0.15625 0.16875
2 0.6671875 0.2453125 0.2 0.2171875
2 0.5671875 0.17109375 0.1578125 0.1703125
2 0.021875 0.525 0.04375 0.2125
2 0.35546875 0.1609375 0.1921875 0.20625
2 0.1859375 0.12265625 0.175 0.203125
2 0.35546875 0.06015625 0.1921875 0.1203125
2 0.5171875 0.009375 0.10625 0.01875
2 0.56171875 0.8484375 0.2171875 0.234375
2 0.82109375 0.903125 0.1421875 0.190625
2 0.9203125 0.26953125 0.159375 0.2390625
2 0.1796875 0.79140625 0.2703125 0.26875
2 0.2265625 0.04375 0.146875 0.0875