2 0.16440250625 0.8321963765625 0.12756995468750001 0.815534728125 0.0980101890625 0.827053303125 0.082942415625 0.887873875 0.16499192812500002 0.90983935 0.17592108125 0.861756140625 0.16440250625 0.8321963765625
2 0.21567346562499998 0.8911015703125 0.189087115625 0.9223623796875 0.24571548437500002 0.9431090640625 0.25266676875 0.9289385765624999 0.21567346562499998 0.8911015703125
2 0.41744874374999996 0.8768638609374999 0.38772822812499996 0.8672070796875 0.351163596875 0.885837690625 0.33885490156250003 0.9381666875000001 0.3589186375 0.9775439859375 0.41252000625 0.9714899859375 0.43183356875 0.912048953125 0.41744874374999996 0.8768638609374999
2 0.43187351406249996 0.7313418625 0.397907209375 0.7203055421875 0.3655883640625 0.7403156937500001 0.3447880953125 0.789885609375 0.3578469609375 0.8363749421875 0.390380140625 0.8445985984375 0.4310833953125 0.8132306234375 0.43187351406249996 0.7313418625
2 0.5532467390625 0.72618515 0.541620996875 0.68250848125 0.500649825 0.6785841968749999 0.4599465703125 0.709952171875 0.44615116875 0.7524100515625001 0.46908115156249997 0.7974126765625 0.4973685453125 0.8042567953124999 0.5296873890625 0.7842466421875 0.5532467390625 0.72618515
2 0.3392027109375 0.6120447671875 0.3081026546875 0.6066337734375 0.28002959843749997 0.6280234640625 0.26347511562500003 0.678972921875 0.2792930640625 0.716970678125 0.308959996875 0.71956900625 0.3454174625 0.6868214921875 0.3392027109375 0.6120447671875
2 0.2460632953125 0.6169871437500001 0.2317856390625 0.5959189546875 0.1853498890625 0.6160362734375 0.18726526875 0.6823750078125 0.21130687187500002 0.6878395828125 0.2337546 0.669316140625 0.2460632953125 0.6169871437500001
2 0.1851355546875 0.587802465625 0.1722374390625 0.5624884890625 0.11306432656250001 0.5784671859375 0.1077605 0.6236841484375 0.1234712796875 0.647565 0.14751288437500001 0.6530295781250001 0.16996061406250002 0.6345061328125 0.1851355546875 0.587802465625
2 0.154772034375 0.493444259375 0.1376281296875 0.4667507421875 0.08270080468749999 0.48410898125 0.0674186953125 0.5166957453125 0.0762317734375 0.5618055375 0.10738541406249999 0.5742749828125 0.1494682078125 0.5386612203125 0.154772034375 0.493444259375
2 0.25353677812500003 0.485635634375 0.199881825 0.48463117968749997 0.18332734374999998 0.5355806359375 0.19627904375 0.567953065625 0.23019176406250003 0.571930934375 0.2610239015625 0.5420496671875 0.25353677812500003 0.485635634375
2 0.3679587203125 0.49464941093750003 0.3453502390625 0.491997496875 0.310272315625 0.520499225 0.3009370359375 0.592570453125 0.3292244296875 0.5994145703125 0.3629228125 0.57515863125 0.3679587203125 0.49464941093750003
2 0.665110296875 0.58415876875 0.64796639375 0.5574652515625 0.594418609375 0.5705777015625 0.5736183390625 0.62014761875 0.587949578125 0.648274259375 0.620482759375 0.6564979156249999 0.64993535625 0.6308624359375 0.665110296875 0.58415876875
2 0.8109801046875 0.27246161562500004 0.7700089343750001 0.26853733125 0.7223008109375 0.3070173421875 0.7154031109375001 0.3282462828125 0.7339801375 0.35775246250000003 0.7622675296875 0.36459658125 0.7988321625 0.34596596874999996 0.8109801046875 0.27246161562500004
2 0.7585975265625 0.253094471875 0.7469717828125 0.20941780156249998 0.7214970546874999 0.20114056093750002 0.6948035375 0.2182844640625 0.6837672171875 0.25225076875 0.695339375 0.2888689859375 0.7180014406249999 0.29857935 0.74469495625 0.281435446875 0.7585975265625 0.253094471875
2 0.650537446875 0.152267234375 0.6319068359375 0.11570260000000002 0.5867434593749999 0.11745722656249999 0.5559649062500001 0.154396946875 0.546522459375 0.21235127187499997 0.569345275 0.2432369921875 0.6088833234375 0.24434861406250002 0.63695638125 0.22295892187500002 0.650537446875 0.152267234375
2 0.71782705 0.08963845000000001 0.7005759796875 0.0488280296875 0.6526535234375 0.05907423125 0.6388581203125 0.10153211250000001 0.6518098203125 0.13390454062499998 0.674471884375 0.14361490625 0.706790728125 0.12360475468750001 0.71782705 0.08963845000000001
2 0.33087605625 0 0.3517384109375 0.031711401562500005 0.39536149531250003 0.0130272078125 0.398588875 0 0.33087605625 0
2 0.2121814359375 0 0.176495896875 0.0076298515625 0.1725716109375 0.048601025 0.1911486390625 0.07810720625 0.22500777656249998 0.0750266234375 0.23880317812500002 0.0325687421875 0.225488003125 0 0.2121814359375 0
2 0.2906099734375 0.16205845937500002 0.2691131140625 0.11986849687500001 0.22102990625 0.10893934375 0.1873315203125 0.13319528281249998 0.17523716250000002 0.21375808749999997 0.206551553125 0.24740288906250002 0.2362184859375 0.25000121875 0.2783012796875 0.21438745468749998 0.2906099734375 0.16205845937500002
2 0.9210490921875 0.265978946875 0.8955743640625 0.25770170625 0.8547639421875 0.27495277812499996 0.840968540625 0.3174106578125 0.8582731953125 0.36527953125 0.8780690109375 0.36936456875 0.9187722656249999 0.33799659375 0.9210490921875 0.265978946875
2 1 0.26222107656250004 0.9537966062500001 0.3024364125 0.9613373125000001 0.36590889843749996 0.9967367421875 0.379757884375 1 0.37750716406249996 1 0.26222107656250004
2 1 0.3909913421875 0.957305859375 0.392763165625 0.94202375 0.42534992968749996 0.9522163703125001 0.4662139359375 0.9945670828125 0.4658924328125 1 0.45684861562499995 1 0.3909913421875
2 0.5963203499999999 0.4491508921875 0.574716321875 0.3928440265625 0.5128377125 0.424372753125 0.4944214359375 0.416041928125 0.514913840625 0.5118868421875 0.543201234375 0.518730959375 0.5825249484375 0.4916087734375 0.5963203499999999 0.4491508921875
2 0.8656404796875 0.9638148359375001 0.9002897375 0.8788454921875 0.8582069421874999 0.9144592546875 0.8656404796875 0.9638148359375001
2 1 0.5446104 0.985338971875 0.5520805671875 0.98290139375 0.6029228546875001 1 0.5636503859374999 1 0.5446104