2 0.3347801703125 0.16797098906250002 0.3353297984375 0.1319829625 0.30686915625 0.1099504453125 0.2608685140625 0.148567065625 0.255898046875 0.18393378124999998 0.276174159375 0.21608643593750002 0.322210640625 0.193253409375 0.3347801703125 0.16797098906250002
2 0.34431483749999997 0.1963599515625 0.2983141984375 0.234976571875 0.29714325937499997 0.2753854375 0.3230828296875 0.29931772031250004 0.3691193109375 0.27648469375 0.375953703125 0.2278554578125 0.34431483749999997 0.1963599515625
2 0.45552881718749993 0.23903901093750002 0.4554571375 0.207471825 0.4181548140625 0.1841966890625 0.382859778125 0.2107934078125 0.3766466921875 0.2550018046875 0.393123275 0.282112309375 0.424690459375 0.2820406296875 0.45552881718749993 0.23903901093750002
2 0.554507853125 0.17631090625 0.5569214062500001 0.12706036406250001 0.51519824375 0.10316391875 0.46601938125000003 0.1323175515625 0.46042760468750005 0.1721051078125 0.4775254953125 0.194794775 0.53561771875 0.19845094531250002 0.554507853125 0.17631090625
2 0.5125696515625 0.057712907812500006 0.49609306875000003 0.0306024015625 0.46324742656250006 0.0237321671875 0.4342371546875 0.037687675 0.41856108125 0.0850742921875 0.4609413921875 0.12033349062500001 0.5075991828124999 0.09307962343750001 0.5125696515625 0.057712907812500006
2 0.5163571546875 0.335496971875 0.5547945734375 0.30257965000000003 0.5679137328125 0.241309203125 0.5425954703125 0.2129560796875 0.4914451625 0.20802145312500003 0.4656131125 0.2314399484375 0.4531152625 0.2882895546875 0.48161174687499997 0.3261056640625 0.5163571546875 0.335496971875
2 0.4287767109375 0.41335151875 0.47101366093749997 0.38547634531249997 0.477226746875 0.34126794843749997 0.45695063437499994 0.3091152953125 0.42410499062499996 0.3022450609375 0.393852103125 0.3250422484375 0.38321817812500003 0.3686293359375 0.39907345156249996 0.40016068125000004 0.4287767109375 0.41335151875
2 0.7276135859374999 0.22768828437500002 0.7376262015624999 0.1885220359375 0.6945887421875 0.1419000875 0.6460311875 0.1666328796875 0.6372611874999999 0.19695744843750002 0.6569159921875001 0.233530940625 0.69546093125 0.247964396875 0.7276135859374999 0.22768828437500002
2 0.8373340656250001 0.168723871875 0.86506588125 0.14782645 0.871278965625 0.1036180546875 0.842161175 0.0702227828125 0.8175359015625 0.0690160078125 0.7910825453125 0.0968553421875 0.78549076875 0.136642896875 0.8019673484375 0.163753403125 0.8373340656250001 0.168723871875
2 0.6831781218749999 0.399515559375 0.7260363796875 0.3672195453125 0.732249465625 0.3230111484375 0.71639419375 0.2914798046875 0.6747068703125 0.283366953125 0.6394118343749999 0.3099636703125 0.6306418359375 0.3402882390625 0.6484327140625 0.39012425156249997 0.6831781218749999 0.399515559375
2 0.7567551906250001 0.549609065625 0.7996134484375 0.51731305 0.805133546875 0.44595830937500003 0.7886569640625 0.418847803125 0.75139048125 0.4113562609375 0.7060111499999999 0.445552040625 0.7023549796874999 0.5036442640625001 0.726430621875 0.5408390671875 0.7567551906250001 0.549609065625
2 0.8583628203125 0.532331975 0.895557621875 0.5082563312499999 0.9080554734374999 0.451406725 0.889021978125 0.4104123921875 0.85679764375 0.39912131875 0.8227452234375001 0.4168763578125 0.807690459375 0.4598421359375 0.8179181171875 0.5153774453125 0.8583628203125 0.532331975
2 1 0.51391843125 0.9896378703125001 0.5124621296874999 0.9512362921875 0.561163046875 0.9544861953125 0.60219321875 0.9842252968749999 0.63116765 1 0.532472484375 1 0.51391843125
2 0.9562305734375001 0.814321840625 0.93401885625 0.7638645187499999 0.909393584375 0.7626577421875 0.8835615359375 0.7860762359375 0.87168499375 0.838505003125 0.8793198953125 0.8643728921875 0.91848614375 0.8743855078125 0.9562305734375001 0.814321840625
2 0.8288984140625001 0.9023682031250001 0.8622936859375001 0.8732504109375 0.8709920046875 0.81135865625 0.8424955203125 0.773542546875 0.8090285703125 0.771093153125 0.77877568125 0.7938903390625 0.76627783125 0.850739946875 0.781511796875 0.88669213125 0.8288984140625001 0.9023682031250001
2 0.6825806265625001 0.692461909375 0.711555059375 0.662722809375 0.7221889828125 0.619135721875 0.7019128703125 0.5869830671875 0.66844591875 0.5845336750000001 0.6381930296875 0.6073308609375 0.626937796875 0.6553387875000001 0.6472139109375 0.6874914421875 0.6825806265625001 0.692461909375
2 0.39172526875 0.500561534375 0.3261773453125 0.5499554390625 0.323763790625 0.599205984375 0.3472181265625 0.640821625 0.418537028125 0.630558128125 0.4353840375 0.5427626453125 0.39172526875 0.500561534375
2 0.28576848125 0.548784503125 0.2517160609375 0.566539540625 0.2410821359375 0.610126628125 0.2613582484375 0.64227928125 0.29230412499999997 0.646628440625 0.319964259375 0.5941638359375 0.28576848125 0.548784503125
2 0.25716447656249997 0.4636176140625 0.23195373749999998 0.48261526874999994 0.22698326875000002 0.5179819859375 0.25610106093749996 0.55137725625 0.30082324374999997 0.5058187234375 0.28558927968750003 0.4698665390625 0.25716447656249997 0.4636176140625
2 0.2040306953125 0.6973366421875 0.2311412 0.6808600625000001 0.2461959640625 0.6378942828125 0.21956340624999998 0.5868156531250001 0.2037798140625 0.58685149375 0.174148234375 0.605227840625 0.1590934703125 0.6481936187499999 0.17812696562500002 0.689187953125 0.2040306953125 0.6973366421875