2 0.71015625 0.875 0.12890625 0.16875
2 0.78046875 0.9546875 0.0921875 0.090625
2 0.89296875 0.82734375 0.1015625 0.121875
2 0.80390625 0.69921875 0.1046875 0.13359375
2 0.91171875 0.590625 0.0859375 0.10859375
2 0.85625 0.453125 0.0984375 0.140625
2 0.55390625 0.4234375 0.09453125 0.1203125
2 0.46328125 0.4453125 0.109375 0.14375
2 0.41171875 0.340625 0.08984375 0.1234375
2 0.46875 0.1046875 0.1078125 0.140625
2 0.53203125 0.0359375 0.08828125 0.071875
2 0.23125 0.21484375 0.1359375 0.2015625
2 0.1453125 0.325 0.1015625 0.13359375
2 0.08671875 0.43828125 0.103125 0.15234375
2 0.025 0.49453125 0.04921875 0.14921875
2 0.028125 0.36015625 0.05625 0.11640625
2 0.578125 0.74609375 0.08828125 0.115625
2 0.52265625 0.95546875 0.12109375 0.08828125
2 0.478125 0.7671875 0.0984375 0.1296875
2 0.390625 0.81953125 0.11015625 0.13046875
2 0.34921875 0.71484375 0.1125 0.13125
2 0.2796875 0.56015625 0.10859375 0.16015625
2 0.22265625 0.66640625 0.0921875 0.15
2 0.140625 0.6703125 0.09296875 0.13046875
2 0.1 0.8859375 0.12734375 0.171875
2 0.05546875 0.96796875 0.10625 0.06328125
2 0.94375 0.18046875 0.1125 0.2390625
2 0.178125 0.46796875 0.125 0.18046875
2 0.415625 0.63203125 0.13203125 0.13515625
2 0.3859375 0.0796875 0.11328125 0.15859375
2 0.68671875 0.66875 0.15078125 0.1265625