2 0.14140625 0.08515625 0.11171875 0.14140625
2 0.06953125 0.23125 0.134375 0.18984375
2 0.4125 0.78046875 0.15 0.17265625
2 0.2828125 0.809375 0.10703125 0.12421875
2 0.33984375 0.89921875 0.15234375 0.19140625
2 0.4546875 0.91484375 0.1046875 0.153125
2 0.88671875 0.0546875 0.13671875 0.1078125
2 0.64140625 0.35078125 0.140625 0.1609375
2 0.6671875 0.2265625 0.13203125 0.12734375
2 0.77109375 0.3734375 0.16640625 0.24375
2 0.890625 0.3359375 0.125 0.18828125
2 0.8703125 0.503125 0.153125 0.19453125
2 0.675 0.5671875 0.13515625 0.18984375
2 0.684375 0.72578125 0.1421875 0.15546875
2 0.98125 0.65703125 0.0375 0.13671875
2 0.31796875 0.22265625 0.15703125 0.171875