2 0.671875 0.6473214281249999 0.6026785718750001 0.6852678578125 0.59375 0.7299107140625 0.6629464281249999 0.8125 0.6919642859375 0.8102678578125 0.7366071421875 0.7522321421875 0.7366071421875 0.7075892859375 0.703125 0.6517857140625 0.671875 0.6473214281249999
2 0.609375 0.7723214281249999 0.5691964281249999 0.7678571421875 0.5357142859375 0.8191964281249999 0.5401785718750001 0.8772321421875 0.5558035718750001 0.9107142859374999 0.6026785718750001 0.9308035718750001 0.6473214281249999 0.9040178578125 0.6651785718750001 0.8683035718750001 0.6607142859375 0.8236607140625001 0.609375 0.7723214281249999
2 0.7209821421875 0.8526785718750001 0.6830357140625 0.8995535718750001 0.6830357140625 0.9665178578125 0.7075892859375 1 0.78125 0.9977678578125 0.8080357140625001 0.9486607140625001 0.8035714281249999 0.890625 0.7566964281249999 0.8482142859374999 0.7209821421875 0.8526785718750001
2 0.8772321421875 0.8482142859374999 0.8549107140625001 0.8482142859374999 0.8303571421875 0.8861607140625001 0.8392857140625001 0.9397321421875 0.8660714281249999 0.953125 0.8727678578125 0.9241071421875 0.9196428578125 0.9129464281249999 0.9107142859374999 0.8683035718750001 0.8772321421875 0.8482142859374999
2 0.890625 0.7366071421875 0.8660714281249999 0.7700892859375 0.8660714281249999 0.8236607140625001 0.9040178578125 0.8571428578125 0.9330357140625001 0.8549107140625001 0.9553571421875 0.8325892859374999 0.9553571421875 0.7700892859375 0.9352678578125 0.7410714281249999 0.890625 0.7366071421875
2 0.7857142859375 0.6986607140625 0.7991071421875 0.7477678578125 0.8258928578125 0.7566964281249999 0.875 0.7120535718750001 0.8504464281249999 0.6428571421875 0.8147321421875 0.6428571421875 0.7857142859375 0.6986607140625
2 0.71875 0.6316964281249999 0.71875 0.6629464281249999 0.7589285718750001 0.6986607140625 0.7857142859375 0.6763392859375 0.7901785718750001 0.6272321421875 0.7522321421875 0.59375 0.71875 0.6316964281249999
2 0.6138392859375 0.5625 0.5848214281249999 0.5915178578125 0.59375 0.640625 0.625 0.6584821421875 0.6830357140625 0.6316964281249999 0.6785714281249999 0.5915178578125 0.640625 0.5625 0.6138392859375 0.5625
2 0.6584821421875 0.4375 0.6205357140625 0.47098214218749995 0.6160714281249999 0.5379464281249999 0.6272321421875 0.5580357140625 0.6919642859375 0.578125 0.71875 0.5558035718750001 0.7276785718750001 0.48883928593750003 0.6986607140625 0.446428571875 0.6584821421875 0.4375
2 0.5178571421875 0.5825892859375 0.5379464281249999 0.6071428578125 0.5714285718750001 0.6049107140625 0.59375 0.5290178578125 0.5424107140625 0.5044642859375 0.5178571421875 0.5379464281249999 0.5178571421875 0.5825892859375
2 0.6049107140625 0.33482142812500004 0.5669642859375 0.36830357187499996 0.5401785718750001 0.43526785781250005 0.5736607140625 0.459821428125 0.6160714281249999 0.45758928593750003 0.6473214281249999 0.421875 0.6473214281249999 0.36383928593750003 0.6316964281249999 0.33928571406249997 0.6049107140625 0.33482142812500004
2 0.5044642859375 0.27455357187499996 0.5 0.31919642812500004 0.5200892859375 0.3616071421875 0.5580357140625 0.36383928593750003 0.5848214281249999 0.30580357187499996 0.5758928578125 0.27455357187499996 0.5334821421875 0.25 0.5044642859375 0.27455357187499996
2 0.5982142859375 0.2477678578125 0.6138392859375 0.27678571406249997 0.6428571421875 0.2834821421875 0.6741071421875 0.26116071406249997 0.6741071421875 0.21205357187499999 0.6316964281249999 0.18303571406250002 0.5982142859375 0.2477678578125
2 0.7120535718750001 0.1741071421875 0.6830357140625 0.203125 0.6830357140625 0.27008928593750003 0.7366071421875 0.29241071406249997 0.7678571421875 0.2477678578125 0.7723214281249999 0.2075892859375 0.7477678578125 0.178571428125 0.7120535718750001 0.1741071421875
2 0.6383928578125 0.0424107140625 0.6875 0.060267857812500006 0.7098214281249999 0.0424107140625 0.71875 0.0022321421875000002 0.6361607140625 0 0.6383928578125 0.0424107140625
2 0.53125 0.0200892859375 0.5267857140625 0.055803571875 0.5513392859375 0.09375 0.5758928578125 0.0959821421875 0.5982142859375 0.0424107140625 0.578125 0.008928571875000001 0.5558035718750001 0.0044642859375000005 0.53125 0.0200892859375
2 0.40848214218749995 0.11160714218750001 0.3928571421875 0.149553571875 0.412946428125 0.18303571406250002 0.43303571406249997 0.180803571875 0.459821428125 0.1540178578125 0.459821428125 0.12276785781249999 0.43973214218749995 0.102678571875 0.40848214218749995 0.11160714218750001
2 0.375 0.2209821421875 0.37946428593750003 0.2834821421875 0.40848214218749995 0.30803571406249997 0.43303571406249997 0.30580357187499996 0.491071428125 0.27455357187499996 0.49553571406249997 0.22544642812500001 0.453125 0.19196428593749998 0.375 0.2209821421875
2 0.44196428593750003 0.48883928593750003 0.48660714218749995 0.493303571875 0.49553571406249997 0.43526785781250005 0.45758928593750003 0.415178571875 0.4375 0.43973214218749995 0.44196428593750003 0.48883928593750003
2 0.43973214218749995 0.8125 0.41071428593750003 0.8459821421875 0.40625 0.8861607140625001 0.43526785781250005 0.9285714281249999 0.46875 0.9308035718750001 0.5 0.890625 0.5 0.8549107140625001 0.484375 0.8214285718750001 0.43973214218749995 0.8125
2 0.31696428593750003 0.7834821421875 0.3125 0.8325892859374999 0.33258928593750003 0.8660714281249999 0.37053571406249997 0.8683035718750001 0.3928571421875 0.8058035718750001 0.3727678578125 0.7678571421875 0.3459821421875 0.7633928578125 0.31696428593750003 0.7834821421875
2 0.21875 0.828125 0.21875 0.8683035718750001 0.24330357187499999 0.8973214281249999 0.27678571406249997 0.9040178578125 0.30357142812500004 0.8727678578125 0.30357142812500004 0.8191964281249999 0.26116071406249997 0.78125 0.21875 0.828125
2 0 0.8370535718750001 0.0357142859375 0.8415178578125 0.0625 0.8236607140625001 0.0625 0.7745535718750001 0.0111607140625 0.7410714281249999 0 0.8370535718750001
2 0 0.640625 0.0178571421875 0.640625 0.0357142859375 0.6272321421875 0.040178571875 0.5870535718750001 0.0022321421875000002 0.5580357140625 0 0.640625
2 0.03125 0.2834821421875 0.022321428125 0.3102678578125 0.046875 0.3616071421875 0.09375 0.36830357187499996 0.125 0.296875 0.116071428125 0.27008928593750003 0.078125 0.25 0.03125 0.2834821421875
2 0.0334821421875 0.165178571875 0.008928571875000001 0.2075892859375 0.0178571421875 0.2477678578125 0.0446428578125 0.26116071406249997 0.0892857140625 0.2299107140625 0.0892857140625 0.194196428125 0.0647321421875 0.16071428593749998 0.0334821421875 0.165178571875
2 0.147321428125 0.1540178578125 0.147321428125 0.1852678578125 0.18303571406250002 0.2209821421875 0.20982142812500001 0.171875 0.1852678578125 0.133928571875 0.16741071406250002 0.133928571875 0.147321428125 0.1540178578125
2 0.13616071406250002 0.0446428578125 0.21875 0.060267857812500006 0.2321428578125 0.037946428125 0.2209821421875 0 0.125 0.006696428124999999 0.13616071406250002 0.0446428578125
2 0.296875 0.11160714218750001 0.2633928578125 0.13616071406250002 0.25892857187499996 0.19866071406250002 0.31696428593750003 0.2299107140625 0.34821428593750003 0.194196428125 0.34821428593750003 0.149553571875 0.32366071406249997 0.116071428125 0.296875 0.11160714218750001
2 0.3571428578125 0.444196428125 0.3616071421875 0.484375 0.3772321421875 0.5044642859375 0.40625 0.5022321421875 0.428571428125 0.475446428125 0.428571428125 0.430803571875 0.38169642812500004 0.41071428593750003 0.3571428578125 0.444196428125
2 0.18359375 0.50859375 0.134375 0.21640625