2 0.5116190859375 0.1797679734375 0.567109125 0.1671404015625 0.5926569640625 0.1302592078125 0.5956476015625001 0.08342648124999999 0.556156071875 0.048775321875 0.515838234375 0.057052334375 0.4820571875 0.0995783046875 0.48645154843749994 0.1607131203125 0.5116190859375 0.1797679734375
2 0.49146713125 0.418706265625 0.5348194078125 0.409559140625 0.571188890625 0.3531551859375 0.5633140812499999 0.27988260625 0.5429212078125001 0.2660265234375 0.4848208328125 0.269550775 0.4532041140625 0.308172190625 0.4489411625 0.384925215625 0.49146713125 0.418706265625
2 0.6011310937500001 0.3774088078125 0.6345099375000001 0.3678375765625 0.6626462109375 0.317078396875 0.6595679671875 0.271985896875 0.6313659890625 0.2538011546875 0.596692928125 0.2703113765625 0.57721396875 0.3054523484375 0.5798681078125 0.3605182828125 0.6011310937500001 0.3774088078125
2 0.44845135 0.3259547296875 0.4371398984375 0.286507003125 0.40503336718750005 0.266157934375 0.352621571875 0.3238780078125 0.3630848140625 0.3832726 0.37870302499999997 0.3919299140625 0.42247940625 0.37280935625 0.44845135 0.3259547296875
2 0.4097861296875 0.2483753953125 0.41364687968749997 0.2045771109375 0.3893275515625 0.16557539062499999 0.3464212796875 0.18773039062500002 0.322613665625 0.23068046406249998 0.3174367984375 0.2584364359375 0.3408860125 0.2944037140625 0.4097861296875 0.2483753953125
2 0.44845135 0.3259547296875 0.44104445 0.28867133125 0.40503336718750005 0.266157934375 0.352621571875 0.3238780078125 0.3630848140625 0.3832726 0.37870302499999997 0.3919299140625 0.42031507812499996 0.376713909375 0.44845135 0.3259547296875
2 0.383163090625 0.5220086515625 0.442133578125 0.521518840625 0.480243284375 0.4711837671875 0.4789052640625 0.4321601453125 0.4220553015625 0.382782790625 0.3748203734375 0.4127468921875 0.36141029687500004 0.4461476390625 0.359713875 0.486041371875 0.383163090625 0.5220086515625
2 0.330942059375 0 0.32803942343750003 0.00910060625 0.3371865484375 0.052452884374999995 0.3744918484375 0.068027290625 0.4100350203125 0.0545515078125 0.43083338437499996 0 0.330942059375 0
2 0.193112346875 0.386036246875 0.22865552031249997 0.372560465625 0.2520390296875 0.33958382187499997 0.24505623281250002 0.29232699218749997 0.23030813593750002 0.28670411875 0.18782597031249998 0.2988856828125 0.170511340625 0.3301221015625 0.1718493609375 0.3691457234375 0.193112346875 0.386036246875
2 0.213636628125 0.5377801718749999 0.21531114843750002 0.47490513125 0.185368946875 0.4506515109375 0.14288677968750002 0.462833075 0.1155987171875 0.4936453890625 0.10957363906249999 0.541348225 0.1390917359375 0.5755752796875 0.213636628125 0.5377801718749999
2 0.22423128281250002 0.7350626046875 0.26367900781250003 0.7237511515625 0.2978841609375 0.6712517499999999 0.298286365625 0.638297009375 0.266603940625 0.6079745062499999 0.22021722187499998 0.6179917421875001 0.18601206718750002 0.6704911453125 0.191254640625 0.7116790953125001 0.22423128281250002 0.7350626046875
2 0.10336537500000001 0.851818871875 0.1658382125 0.8864481296875001 0.21780400156250002 0.8157201828125 0.2073407578125 0.756325590625 0.1791387796875 0.7381408484375 0.11802586718750001 0.7655165187499999 0.093370040625 0.828413459375 0.10336537500000001 0.851818871875
2 0 0.7493890015625 0.0373463859375 0.7361079312500001 0.0550851203125 0.694898078125 0.042033443749999996 0.6493814718750001 0.0155716890625 0.6372656109375 0 0.6446803609375 0 0.7493890015625
2 0.39951202812500003 0.8424308281249999 0.4528596421875 0.8566891140624999 0.499224459375 0.823690571875 0.5091540890624999 0.7781520625 0.4770256578125 0.7348216875 0.4288987140625 0.7387700421875001 0.40377498125000005 0.7656778046875 0.3903649046875 0.7990785484375 0.39951202812500003 0.8424308281249999
2 0.5335610234375 0.9090790109375 0.5309068828125 0.8540130749999999 0.5087737875 0.8340881093749999 0.43900355781249994 0.8770819890625001 0.4455622484375 0.9343122515625 0.4685654578125 0.9572716578125 0.514082065625 0.9442199796875 0.5335610234375 0.9090790109375
2 0.6016129296875 0.8829975578125 0.647977746875 0.8499990140625 0.644899503125 0.8049065125 0.63015140625 0.7992836375000001 0.5863969234375 0.8413855015625 0.6016129296875 0.8829975578125
2 0.7024881656249999 0.7194304671875 0.760566640625 0.6929249109375 0.7882788093750001 0.6521391640624999 0.7865166828125 0.6230889765625001 0.752669928125 0.596671025 0.7205853015625 0.5993032625 0.680735371875 0.6435694562500001 0.6751343984375 0.681298859375 0.7024881656249999 0.7194304671875
2 0.8270535375 0.84462503125 0.8586921593750001 0.828984921875 0.8785952218749999 0.7838705171875 0.87335265 0.7426825671875 0.839081790625 0.72623805 0.8048328343750001 0.732774840625 0.7827654421875 0.7817937953125 0.792336671875 0.8151726406250001 0.8270535375 0.84462503125
2 0.7875182046875 0.7640112578125 0.7887686171875 0.7111096515625001 0.7584023125 0.6968294625 0.7154960406249999 0.7189844609375 0.6877838734374999 0.7597702078124999 0.70822055 0.8195889046874999 0.7554773796875 0.812606109375 0.7875182046875 0.7640112578125
2 0.8593213531250001 0.5792249859374999 0.877908296875 0.51806826875 0.86097396875 0.49336863906249995 0.7998610546875 0.520744309375 0.780382096875 0.555885278125 0.7921176562500001 0.585359571875 0.825518403125 0.5987696484375 0.8593213531250001 0.5792249859374999
2 0.9811230765625 0.53444708125 0.9905847984375 0.452919390625 0.964101140625 0.417822225 0.92768785625 0.428263565625 0.8830851640624999 0.490312296875 0.8865875125 0.525431365625 0.91175505 0.54448621875 0.9811230765625 0.53444708125
2 0.7874326984375 1 0.8539832 0.8927300718750001 0.8405293203124999 0.8801682062499999 0.792402378125 0.8841165609375 0.76252588125 0.928806859375 0.755184684375 0.9604673828125 0.7773154234375 1 0.7874326984375 1
2 0.6319951828125 0.0040412187500000005 0.659816859375 0.0781620078125 0.7313492125 0.0642183171875 0.6319951828125 0.0040412187500000005
2 0.24296875 0.0265625 0.1078125 0.053125
2 0.815625 0.134375 0.1171875 0.096875
2 0.57890625 0.49140625 0.215625 0.2109375