0 0.7015625 0.74609375 0.05 0.06015625
0 0.84453125 0.515625 0.08125 0.146875
0 0.96640625 0.51328125 0.06640625 0.10625
0 0.77890625 0.9453125 0.10859375 0.10859375
0 0.26875 0.86640625 0.1 0.096875
0 0.05390625 0.80390625 0.1078125 0.15625
0 0.22890625 0.73125 0.06640625 0.07734375
0 0.23671875 0.6453125 0.071875 0.0625
0 0.20625 0.5890625 0.05546875 0.065625
0 0.4109375 0.69609375 0.075 0.08671875
0 0.4953125 0.65 0.0859375 0.0859375
0 0.51015625 0.74296875 0.08125 0.090625
0 0.34296875 0.32578125 0.06328125 0.075
0 0.225 0.396875 0.05234375 0.084375
0 0.4203125 0.14765625 0.05703125 0.07578125
0 0.65703125 0.28828125 0.08671875 0.096875
0 0.72421875 0.240625 0.13515625 0.15859375
0 0.77578125 0.171875 0.0921875 0.0703125
0 0.77265625 0.03515625 0.07109375 0.06953125
0 0.396875 0.0328125 0.11875 0.06484375
0 0.6515625 0.03203125 0.07421875 0.0609375
0 0.6921875 0.9640625 0.08046875 0.07109375
0 0.44140625 0.746875 0.0421875 0.06171875