2 0.11328125 0.2484375 0.1109375 0.1125
2 0.19375 0.28046875 0.1140625 0.1359375
2 0.3 0.334375 0.1890625 0.2171875
2 0.4 0.21953125 0.1546875 0.178125
2 0.43359375 0.353125 0.1578125 0.1703125
2 0.2703125 0.565625 0.140625 0.178125
2 0.171875 0.54609375 0.1515625 0.1859375
2 0.025 0.46015625 0.05 0.1484375
2 0.29921875 0.07578125 0.1296875 0.1015625
2 0.77421875 0.0296875 0.1609375 0.059375
2 0.70859375 0.07421875 0.1703125 0.1484375
2 0.68125 0.16171875 0.1328125 0.1390625
2 0.7734375 0.184375 0.1515625 0.165625
2 0.8515625 0.24453125 0.13125 0.1515625
2 0.925 0.3421875 0.128125 0.1515625
2 0.7734375 0.75 0.1296875 0.14375
2 0.4640625 0.95078125 0.134375 0.0984375
2 0.5953125 0.37421875 0.1515625 0.175
2 0.31953125 0.96328125 0.1171875 0.0734375
2 0.49765625 0.50234375 0.2078125 0.2625
2 0.10859375 0.72109375 0.19375 0.2859375