2 0.5334821421875 0.47321428593750003 0.493303571875 0.48214285781250005 0.46875 0.5200892859375 0.477678571875 0.5915178578125 0.5223214281249999 0.6183035718750001 0.5669642859375 0.5915178578125 0.5758928578125 0.5602678578125 0.5714285718750001 0.5245535718750001 0.5334821421875 0.47321428593750003
2 0.5959821421875 0.415178571875 0.5625 0.43526785781250005 0.5535714281249999 0.48883928593750003 0.578125 0.53125 0.6116071421875 0.5334821421875 0.6383928578125 0.515625 0.6517857140625 0.462053571875 0.6272321421875 0.42410714218749995 0.5959821421875 0.415178571875
2 0.7433035718750001 0.5267857140625 0.7098214281249999 0.578125 0.71875 0.6584821421875 0.7991071421875 0.6897321421875 0.8303571421875 0.6584821421875 0.8392857140625001 0.5915178578125 0.8058035718750001 0.5401785718750001 0.7433035718750001 0.5267857140625
2 0.7209821421875 0.6785714281249999 0.7008928578125 0.6986607140625 0.6919642859375 0.7566964281249999 0.7254464281249999 0.7991071421875 0.7544642859375 0.796875 0.78125 0.7611607140625 0.7857142859375 0.7209821421875 0.7745535718750001 0.6964285718750001 0.7209821421875 0.6785714281249999
2 0.546875 0.7544642859375 0.5133928578125 0.7924107140625 0.5089285718750001 0.8459821421875 0.5379464281249999 0.8973214281249999 0.5758928578125 0.8995535718750001 0.6160714281249999 0.8549107140625001 0.6160714281249999 0.796875 0.5870535718750001 0.7589285718750001 0.546875 0.7544642859375
2 0.37053571406249997 0.6450892859375 0.36607142812500004 0.6986607140625 0.39508928593750003 0.7410714281249999 0.41964285781250005 0.7388392859375 0.446428571875 0.703125 0.45089285781250005 0.6584821421875 0.39508928593750003 0.6205357140625 0.37053571406249997 0.6450892859375
2 0.2991071421875 0.6138392859375 0.2991071421875 0.6540178578125 0.32366071406249997 0.6919642859375 0.33928571406249997 0.6897321421875 0.36607142812500004 0.6540178578125 0.36607142812500004 0.6004464281249999 0.32366071406249997 0.5848214281249999 0.2991071421875 0.6138392859375
2 0.25669642812500004 0.46875 0.2232142859375 0.5066964281249999 0.21875 0.5602678578125 0.2477678578125 0.6071428578125 0.28125 0.6138392859375 0.32142857187499996 0.5647321421875 0.32142857187499996 0.5245535718750001 0.29241071406249997 0.47321428593750003 0.25669642812500004 0.46875
2 0.3415178578125 0.36607142812500004 0.31696428593750003 0.390625 0.3125 0.444196428125 0.3415178578125 0.491071428125 0.36607142812500004 0.493303571875 0.40178571406249997 0.45758928593750003 0.40178571406249997 0.40401785781250005 0.38169642812500004 0.37053571406249997 0.3415178578125 0.36607142812500004
2 0.2388392859375 0.6517857140625 0.19196428593749998 0.6852678578125 0.1875 0.7566964281249999 0.2075892859375 0.7857142859375 0.25 0.796875 0.29017857187499996 0.7611607140625 0.2946428578125 0.7075892859375 0.27678571406249997 0.671875 0.2388392859375 0.6517857140625
2 0.178571428125 0.8191964281249999 0.1696428578125 0.8549107140625001 0.194196428125 0.8973214281249999 0.24107142812500001 0.9040178578125 0.25892857187499996 0.8325892859374999 0.2388392859375 0.8035714281249999 0.2075892859375 0.7946428578125 0.178571428125 0.8191964281249999
2 0.0133928578125 0.44866071406249997 0.0290178578125 0.47321428593750003 0.053571428125 0.475446428125 0.0758928578125 0.421875 0.055803571875 0.3883928578125 0.037946428125 0.3883928578125 0.0133928578125 0.44866071406249997
2 0.3125 0.0513392859375 0.33258928593750003 0.071428571875 0.3616071421875 0.069196428125 0.3928571421875 0.0424107140625 0.39732142812500004 0.006696428124999999 0.30133928593750003 0 0.3125 0.0513392859375
2 0.5580357140625 0.0022321421875000002 0.45535714218749995 0.0022321421875000002 0.5178571421875 0.024553571875 0.5580357140625 0.0022321421875000002
2 0.78125 0.087053571875 0.7767857140625 0.140625 0.796875 0.178571428125 0.84375 0.180803571875 0.875 0.118303571875 0.8616071421875 0.0825892859375 0.8147321421875 0.0580357140625 0.78125 0.087053571875
2 0.8995535718750001 0.125 0.8705357140625001 0.16741071406250002 0.8705357140625001 0.19866071406250002 0.8950892859374999 0.2321428578125 0.9330357140625001 0.234375 0.9642857140625001 0.2075892859375 0.9642857140625001 0.149553571875 0.9397321421875 0.125 0.8995535718750001 0.125
2 0.890625 0 0.8660714281249999 0.0424107140625 0.8705357140625001 0.0959821421875 0.9151785718750001 0.12276785781249999 0.9441964281249999 0.116071428125 0.9642857140625001 0.087053571875 0.953125 0 0.890625 0
2 0.9799107140625001 0.46875 1 0.47098214218749995 0.9977678578125 0.34375 0.9598214281249999 0.3772321421875 0.9508928578125 0.42633928593750003 0.9799107140625001 0.46875
2 1 0.703125 0.9933035718750001 0.5892857140625 0.96875 0.6183035718750001 0.9642857140625001 0.6674107140625 1 0.703125
2 0.9977678578125 0.7232142859375 0.9776785718750001 0.7745535718750001 1 0.828125 0.9977678578125 0.7232142859375
2 0.9330357140625001 0.9040178578125 0.9955357140625001 0.9486607140625001 1 0.8370535718750001 0.9665178578125 0.8258928578125 0.9375 0.8549107140625001 0.9330357140625001 0.9040178578125
2 0.8973214281249999 0.8102678578125 0.8415178578125 0.78125 0.8035714281249999 0.828125 0.7991071421875 0.8816964281249999 0.8415178578125 0.9419642859374999 0.8660714281249999 0.9441964281249999 0.8727678578125 0.9241071421875 0.90625 0.9174107140625001 0.9196428578125 0.8683035718750001 0.8973214281249999 0.8102678578125
2 0.7366071421875 0.9754464281249999 0.7522321421875 1 0.8214285718750001 0.9977678578125 0.8303571421875 0.9352678578125 0.7745535718750001 0.8928571421875 0.7410714281249999 0.9263392859374999 0.7366071421875 0.9754464281249999
2 1 0.0022321421875000002 0.9665178578125 0 0.9776785718750001 0.060267857812500006 1 0.078125 1 0.0022321421875000002
2 0.8526785718750001 0.0290178578125 0.8727678578125 0 0.7901785718750001 0.0022321421875000002 0.8102678578125 0.0267857140625 0.8526785718750001 0.0290178578125