2 0.34844355781249997 0.154378365625 0.41862942187499996 0.10899823906249999 0.42548892031249996 0.0585618703125 0.3831535015625 0.0211922578125 0.32411329843750003 0.0688785265625 0.34844355781249997 0.154378365625
2 0.42894607812499996 0.2103738625 0.4451479796875 0.1493536375 0.41576147656250007 0.1271801609375 0.3654429484375 0.1543194453125 0.35323260156249997 0.183085221875 0.36449610312499997 0.2193901453125 0.40496934375000004 0.22687037031249999 0.42894607812499996 0.2103738625
2 0.245264678125 0.15180502812500002 0.2911476890625 0.1979552359375 0.32969983125 0.1585466828125 0.3036841578125 0.09415563125000001 0.2627080328125 0.11071106093750001 0.245264678125 0.15180502812500002
2 0.1519310859375 0.1146121796875 0.21812539531250003 0.1014865 0.23556874843750003 0.0603925328125 0.22548777812499998 0.0270144765625 0.16931551875 0.056518820312499995 0.1519310859375 0.1146121796875
2 0.187733125 0.1273843328125 0.14090326875 0.146304821875 0.14344509375 0.20315672812500002 0.1639920765625 0.21187840468750002 0.2031649453125 0.18243298125000001 0.217119628125 0.1495578078125 0.187733125 0.1273843328125
2 0.23976447343750001 0.2561664359375 0.24600324687500003 0.19576693750000002 0.22545626406250002 0.1870452609375 0.19207820625 0.1971262328125 0.1646717234375 0.238840925 0.1724465546875 0.283364640625 0.1953586 0.29794005 0.23976447343750001 0.2561664359375
2 0.20730174843750002 0.36120749375 0.25767919687499996 0.3510676015625 0.27450182343749996 0.30001050625 0.26155290937500003 0.28481437187499997 0.2147230515625 0.3037348625 0.20730174843750002 0.36120749375
2 0.291528621875 0.4769817625 0.28200945625 0.4365674421875 0.2561705453125 0.42317456406250004 0.199495403125 0.47671456250000005 0.196124575 0.5189321390625 0.224949271875 0.548141878125 0.275829603125 0.51396633125 0.291528621875 0.4769817625
2 0.3205890046875 0.5741890671875 0.3568939265625 0.562925565625 0.3783288359375 0.48957715156250003 0.37416051875 0.470833425 0.33424908124999997 0.4563169375 0.30498042187499996 0.4681422421875 0.284048396875 0.517455003125 0.297676959375 0.559613659375 0.3205890046875 0.5741890671875
2 0.606687415625 0.07727819062499999 0.5895701828125001 0.043338329687499996 0.5660963328124999 0.035799182812500004 0.5274852703125 0.05820834375 0.50829758125 0.10341170625 0.5435967359375 0.1402195140625 0.5892440609375 0.11837215781249999 0.606687415625 0.07727819062499999
2 0.6224138406249999 0.217323796875 0.6727912890625001 0.2071839046875 0.7089194484375 0.1449222296875 0.6994002828125 0.10450790937500001 0.6629775171875 0.081772628125 0.623125003125 0.0842555328125 0.588741178125 0.1424078109375 0.597136734375 0.19689465625 0.6224138406249999 0.217323796875
2 0.7076464828125 0.2850267578125 0.7168710421875 0.2404441203125 0.6892288765625 0.214161246875 0.6330566156249999 0.2436655921875 0.6191019328125 0.27654076562499996 0.630365434375 0.31284568749999997 0.6550218140624999 0.3233117 0.7076464828125 0.2850267578125
2 0.55323374375 0.2146326171875 0.5070246140625 0.243516234375 0.50371270625 0.30273320312499996 0.5359671546875 0.30672475625 0.571030625 0.2755349984375 0.5819995203125 0.22684296406249999 0.55323374375 0.2146326171875
2 0.9380398953125001 0.2906763203125 0.9070268984375 0.306611021875 0.8854741484374999 0.3459606546875 0.8997234375 0.3980824375 0.9418820921875 0.384453875 0.9651791781249999 0.34099484687500003 0.9380398953125001 0.2906763203125
2 0.8286496484375 0.52553265625 0.8191304828125 0.4851183359375 0.803875425 0.4810678609375 0.7628993015625001 0.4976232890625 0.7413465515625 0.5369729203125 0.7707919750000001 0.5761457890624999 0.8029875015625001 0.5631379515625 0.8286496484375 0.52553265625
2 0.96227971875 0.5192075546875 0.9568699484375 0.4805375703125 0.9392498312500001 0.4706333625 0.9023831031249999 0.48893312812499995 0.8866840843749999 0.5259176984375 0.9085314421874999 0.5715650234375 0.9407269671874999 0.5585571859375 0.96227971875 0.5192075546875
2 0.8651313343749999 0.565267328125 0.8165571437500001 0.588297215625 0.7938807828125001 0.641719371875 0.8004141625000001 0.66631683125 0.863622684375 0.6373742906250001 0.8804453125 0.586317196875 0.8651313343749999 0.565267328125
2 0.8862675296875 0.7439829203125 0.8926241453125 0.7175822046875 0.8725800453125 0.6848248734375 0.829238859375 0.6955265703125 0.8100511703125 0.7407299328125 0.8254240671874999 0.7787791921875 0.8564959859375 0.7798438812499999 0.8862675296875 0.7439829203125
2 0.7522524171875 0.8083424593749999 0.7632213140624999 0.7596504234375 0.7420536046875 0.7409656171875 0.68526061875 0.760506834375 0.6695616 0.7974914046875 0.678460040625 0.8279425953124999 0.7189332828125 0.8354228203125 0.7522524171875 0.8083424593749999
2 0.6083056921875001 0.7132919375 0.563840896875 0.7380661578125001 0.544712128125 0.8002689140625 0.58518536875 0.8077491390624999 0.6109064375 0.7871432328125 0.635947859375 0.739574809375 0.6083056921875001 0.7132919375
2 0.72369830625 1 0.7259380296875 0.9960154109375001 0.7052142828125 0.936295559375 0.6811197078125 0.9187932828125 0.637137496875 1 0.72369830625 1
2 0.48131129218749996 1 0.5003370703125001 0.9578628453125001 0.46145694531250003 0.8986677609375 0.39742198125 0.9244661453124999 0.37243948125 0.9890339609375 0.39827385 1 0.48131129218749996 1
2 0.546881096875 1 0.54181266875 0.9784816203125001 0.5189006234375 0.9639062125000001 0.4937413609375 0.9774758546875001 0.480053878125 0.9183178062499999 0.4600686984375 0.9025598671875 0.39742198125 0.9244661453124999 0.37243948125 0.9890339609375 0.39923612343750003 1 0.546881096875 1
2 0.32221139062500004 0.87314185 0.2753815328125 0.892062340625 0.25619384375 0.9372657046875 0.343673703125 0.9768236124999999 0.3634231984375 0.9245839859375 0.34805030000000003 0.8865347281249999 0.32221139062500004 0.87314185
2 0.1844130015625 0.8607232234375 0.230681053125 0.8488389968750001 0.257466809375 0.797161175 0.25031270625 0.7626005874999999 0.22447379375 0.749207709375 0.1928400734375 0.755179284375 0.1689222609375 0.7886751828125 0.163807096875 0.8350021562500001 0.1844130015625 0.8607232234375
2 0.10532869687499999 0.875652159375 0.141515778125 0.830389875 0.1091434890625 0.7923995390624999 0.074021096875 0.8065899062499999 0.0600664140625 0.8394650796875001 0.06423473125 0.8582088062500001 0.10532869687499999 0.875652159375
2 0.7640625 0.97421875 0.15 0.0515625