2 0.6763392859375 0.6071428578125 0.6383928578125 0.640625 0.6339285718750001 0.6941964281249999 0.6607142859375 0.7477678578125 0.7008928578125 0.7611607140625 0.7366071421875 0.7254464281249999 0.7410714281249999 0.671875 0.7276785718750001 0.6316964281249999 0.6763392859375 0.6071428578125
2 0.7700892859375 0.48660714218749995 0.7455357140625 0.5379464281249999 0.7544642859375 0.5915178578125 0.7901785718750001 0.6138392859375 0.8348214281249999 0.546875 0.8303571421875 0.5066964281249999 0.8013392859374999 0.48214285781250005 0.7700892859375 0.48660714218749995
2 0.8549107140625001 0.5401785718750001 0.8169642859374999 0.6138392859375 0.8504464281249999 0.6651785718750001 0.8794642859374999 0.6629464281249999 0.9107142859374999 0.6316964281249999 0.9151785718750001 0.5825892859375 0.8861607140625001 0.5446428578125 0.8549107140625001 0.5401785718750001
2 0.8549107140625001 0.7053571421875 0.8348214281249999 0.7299107140625 0.8392857140625001 0.8013392859374999 0.8727678578125 0.8303571421875 0.8973214281249999 0.828125 0.9330357140625001 0.7924107140625 0.9330357140625001 0.7433035718750001 0.8995535718750001 0.7008928578125 0.8549107140625001 0.7053571421875
2 0.9129464281249999 0.8214285718750001 0.8883928578125 0.8549107140625001 0.8883928578125 0.8950892859374999 0.9129464281249999 0.9241071421875 0.9553571421875 0.921875 0.9732142859374999 0.9040178578125 0.96875 0.8504464281249999 0.9441964281249999 0.8214285718750001 0.9129464281249999 0.8214285718750001
2 0.9352678578125 0.32142857187499996 0.9017857140625001 0.36383928593750003 0.8973214281249999 0.40401785781250005 0.9174107140625001 0.428571428125 0.9642857140625001 0.42633928593750003 0.9866071421875 0.40401785781250005 0.9866071421875 0.3459821421875 0.9620535718750001 0.32142857187499996 0.9352678578125 0.32142857187499996
2 0.7700892859375 0.18303571406250002 0.7455357140625 0.2075892859375 0.7410714281249999 0.25669642812500004 0.7857142859375 0.30133928593750003 0.8258928578125 0.27455357187499996 0.8303571421875 0.22544642812500001 0.8058035718750001 0.1875 0.7700892859375 0.18303571406250002
2 0.5870535718750001 0.24107142812500001 0.5446428578125 0.28794642812500004 0.5491071421875 0.35491071406249997 0.5825892859375 0.40178571406249997 0.6428571421875 0.40848214218749995 0.6875 0.3415178578125 0.6830357140625 0.29241071406249997 0.6495535718750001 0.2366071421875 0.5870535718750001 0.24107142812500001
2 0.475446428125 0.2455357140625 0.428571428125 0.29241071406249997 0.428571428125 0.33258928593750003 0.45758928593750003 0.37053571406249997 0.5044642859375 0.3772321421875 0.53125 0.35491071406249997 0.5357142859375 0.296875 0.515625 0.2633928578125 0.475446428125 0.2455357140625
2 0.33928571406249997 0.203125 0.33482142812500004 0.2477678578125 0.36383928593750003 0.2991071421875 0.40625 0.30133928593750003 0.45089285781250005 0.22544642812500001 0.41741071406249997 0.1741071421875 0.38616071406249997 0.1696428578125 0.33928571406249997 0.203125
2 0.578125 0.084821428125 0.5491071421875 0.109375 0.5357142859375 0.16741071406250002 0.5691964281249999 0.21875 0.6026785718750001 0.2165178578125 0.6339285718750001 0.1897321421875 0.6428571421875 0.140625 0.6049107140625 0.084821428125 0.578125 0.084821428125
2 0.6540178578125 0.0133928578125 0.6294642859375 0.0915178578125 0.6584821421875 0.1383928578125 0.6875 0.14508928593749998 0.7232142859375 0.11383928593749999 0.7232142859375 0.069196428125 0.6897321421875 0.0178571421875 0.6540178578125 0.0133928578125
2 0.8705357140625001 0.060267857812500006 0.890625 0 0.78125 0.0022321421875000002 0.8147321421875 0.0580357140625 0.8705357140625001 0.060267857812500006
2 0.35267857187499996 0.493303571875 0.3772321421875 0.5357142859375 0.41071428593750003 0.5379464281249999 0.4375 0.462053571875 0.390625 0.41964285781250005 0.3571428578125 0.444196428125 0.35267857187499996 0.493303571875
2 0.29241071406249997 0.4375 0.25446428593750003 0.48883928593750003 0.27678571406249997 0.5558035718750001 0.3125 0.5736607140625 0.34821428593750003 0.546875 0.35267857187499996 0.5066964281249999 0.33928571406249997 0.462053571875 0.29241071406249997 0.4375
2 0.14508928593749998 0.25 0.11160714218750001 0.29241071406249997 0.11160714218750001 0.3415178578125 0.1272321421875 0.375 0.16071428593749998 0.38169642812500004 0.2053571421875 0.359375 0.20982142812500001 0.29241071406249997 0.1897321421875 0.25892857187499996 0.14508928593749998 0.25
2 0.28794642812500004 0.7901785718750001 0.2633928578125 0.8236607140625001 0.2633928578125 0.8861607140625001 0.28794642812500004 0.9241071421875 0.33482142812500004 0.9352678578125 0.375 0.8995535718750001 0.375 0.8459821421875 0.3459821421875 0.7946428578125 0.28794642812500004 0.7901785718750001
2 0.0334821421875 0.7767857140625 0.0044642859375000005 0.8058035718750001 0 0.8549107140625001 0.024553571875 0.8928571421875 0.053571428125 0.890625 0.084821428125 0.8549107140625001 0.084821428125 0.8102678578125 0.060267857812500006 0.7767857140625 0.0334821421875 0.7767857140625
2 0.0133928578125 0.9754464281249999 0.015625 1 0.1428571421875 0.9977678578125 0.1428571421875 0.9665178578125 0.10491071406250001 0.90625 0.046875 0.9107142859374999 0.0133928578125 0.9754464281249999
2 0.8303571421875 0.9977678578125 0.7924107140625 0.9642857140625001 0.7611607140625 0.96875 0.7366071421875 0.9977678578125 0.8303571421875 0.9977678578125
2 0.20390625 0.53125 0.14765625 0.27109375
2 0.5765625 0.7703125 0.17890625 0.18359375
2 0.3 0.04375 0.0921875 0.08359375