2 0.7209821421875 0.8214285718750001 0.6830357140625 0.9084821421875 0.703125 0.9553571421875 0.7455357140625 0.9665178578125 0.78125 0.9308035718750001 0.7857142859375 0.8772321421875 0.7522321421875 0.8258928578125 0.7209821421875 0.8214285718750001
2 0.5848214281249999 0.9933035718750001 0.6919642859375 0.9977678578125 0.6785714281249999 0.9174107140625001 0.609375 0.8973214281249999 0.5892857140625 0.9308035718750001 0.5848214281249999 0.9933035718750001
2 0.5 0.9977678578125 0.5758928578125 0.9977678578125 0.5625 0.9174107140625001 0.515625 0.9107142859374999 0.49553571406249997 0.9397321421875 0.5 0.9977678578125
2 0.6272321421875 0.7455357140625 0.5892857140625 0.7745535718750001 0.5803571421875 0.8325892859374999 0.6138392859375 0.8839285718750001 0.6607142859375 0.8861607140625001 0.6875 0.8683035718750001 0.7053571421875 0.8191964281249999 0.6763392859375 0.7589285718750001 0.6272321421875 0.7455357140625
2 0.7745535718750001 0.5803571421875 0.7455357140625 0.6004464281249999 0.7410714281249999 0.6540178578125 0.7700892859375 0.6964285718750001 0.7901785718750001 0.6986607140625 0.8214285718750001 0.6763392859375 0.8348214281249999 0.6316964281249999 0.8102678578125 0.5848214281249999 0.7745535718750001 0.5803571421875
2 0.6339285718750001 0.6361607140625 0.6584821421875 0.6651785718750001 0.6875 0.6629464281249999 0.7098214281249999 0.6540178578125 0.71875 0.6004464281249999 0.6540178578125 0.5714285718750001 0.6339285718750001 0.6361607140625
2 0.6517857140625 0.430803571875 0.6473214281249999 0.47098214218749995 0.6674107140625 0.5044642859375 0.7053571421875 0.5111607140625 0.7321428578125 0.47991071406249997 0.7321428578125 0.444196428125 0.6852678578125 0.41071428593750003 0.6517857140625 0.430803571875
2 0.7879464281249999 0.43303571406249997 0.7678571421875 0.462053571875 0.7678571421875 0.5066964281249999 0.8035714281249999 0.5379464281249999 0.8482142859374999 0.5022321421875 0.8482142859374999 0.462053571875 0.8236607140625001 0.428571428125 0.7879464281249999 0.43303571406249997
2 0.7232142859375 0.35491071406249997 0.7767857140625 0.39955357187499996 0.8080357140625001 0.36830357187499996 0.8035714281249999 0.29241071406249997 0.7566964281249999 0.27232142812500004 0.7232142859375 0.35491071406249997
2 0.6428571421875 0.27008928593750003 0.6205357140625 0.3415178578125 0.625 0.38169642812500004 0.6495535718750001 0.40625 0.6785714281249999 0.40401785781250005 0.7142857140625 0.36830357187499996 0.71875 0.2834821421875 0.6941964281249999 0.25892857187499996 0.6428571421875 0.27008928593750003
2 0.578125 0.2321428578125 0.5491071421875 0.296875 0.5691964281249999 0.33928571406249997 0.6026785718750001 0.3415178578125 0.6205357140625 0.328125 0.6294642859375 0.26116071406249997 0.6049107140625 0.2321428578125 0.578125 0.2321428578125
2 0.6473214281249999 0.1540178578125 0.6383928578125 0.19866071406250002 0.6629464281249999 0.24107142812500001 0.7008928578125 0.24330357187499999 0.7276785718750001 0.194196428125 0.7142857140625 0.1540178578125 0.6763392859375 0.12946428593749998 0.6473214281249999 0.1540178578125
2 0.7589285718750001 0.1584821421875 0.7455357140625 0.2075892859375 0.7700892859375 0.25446428593750003 0.8169642859374999 0.27008928593750003 0.8571428578125 0.22544642812500001 0.8571428578125 0.1852678578125 0.8013392859374999 0.125 0.7589285718750001 0.1584821421875
2 0.890625 0.0446428578125 0.8616071421875 0.060267857812500006 0.8392857140625001 0.118303571875 0.8616071421875 0.16741071406250002 0.90625 0.1852678578125 0.9464285718750001 0.1272321421875 0.9464285718750001 0.0915178578125 0.9308035718750001 0.0625 0.890625 0.0446428578125
2 0.734375 0 0.6964285718750001 0.0513392859375 0.7276785718750001 0.131696428125 0.7633928578125 0.14508928593749998 0.8125 0.0915178578125 0.8258928578125 0.0424107140625 0.8102678578125 0 0.734375 0
2 0.5178571421875 0.44866071406249997 0.5089285718750001 0.49776785781250005 0.5580357140625 0.5334821421875 0.5803571421875 0.5111607140625 0.5848214281249999 0.462053571875 0.546875 0.42410714218749995 0.5178571421875 0.44866071406249997
2 0.430803571875 0.41964285781250005 0.40178571406249997 0.43526785781250005 0.3883928578125 0.475446428125 0.41741071406249997 0.5267857140625 0.446428571875 0.5290178578125 0.46875 0.5111607140625 0.47321428593750003 0.46651785781250005 0.46428571406249997 0.43973214218749995 0.430803571875 0.41964285781250005
2 0.25 0.5825892859375 0.27455357187499996 0.6116071421875 0.3125 0.6138392859375 0.33928571406249997 0.5870535718750001 0.33482142812500004 0.5245535718750001 0.2834821421875 0.5 0.25 0.5825892859375
2 0.15178571406250002 0.5245535718750001 0.1428571421875 0.578125 0.1696428578125 0.6004464281249999 0.25446428593750003 0.546875 0.2522321421875 0.48214285781250005 0.22544642812500001 0.477678571875 0.15178571406250002 0.5245535718750001
2 0.13616071406250002 0.7946428578125 0.11160714218750001 0.8325892859374999 0.11160714218750001 0.8816964281249999 0.14508928593749998 0.9241071421875 0.1696428578125 0.921875 0.2008928578125 0.890625 0.2008928578125 0.8370535718750001 0.1584821421875 0.7946428578125 0.13616071406250002 0.7946428578125
2 0.1897321421875 0.6785714281249999 0.15625 0.6986607140625 0.147321428125 0.7566964281249999 0.180803571875 0.7901785718750001 0.20982142812500001 0.7924107140625 0.22767857187499999 0.7790178578125 0.2366071421875 0.7254464281249999 0.22767857187499999 0.6941964281249999 0.1897321421875 0.6785714281249999
2 0 0.412946428125 0.03125 0.42633928593750003 0.0803571421875 0.36830357187499996 0.0758928578125 0.328125 0.046875 0.29017857187499996 0 0.30580357187499996 0 0.412946428125
2 0.12053571406250001 0.2834821421875 0.11160714218750001 0.3147321421875 0.125 0.35491071406249997 0.15625 0.36830357187499996 0.196428571875 0.328125 0.196428571875 0.29241071406249997 0.16741071406250002 0.25446428593750003 0.12053571406250001 0.2834821421875
2 0.18303571406250002 0.19866071406250002 0.1741071421875 0.24330357187499999 0.203125 0.2946428578125 0.2321428578125 0.29241071406249997 0.2633928578125 0.25669642812500004 0.2633928578125 0.2075892859375 0.21205357187499999 0.1696428578125 0.18303571406250002 0.19866071406250002
2 0 0.1852678578125 0.0446428578125 0.203125 0.0669642859375 0.180803571875 0.071428571875 0.1272321421875 0.0290178578125 0.084821428125 0 0.0959821421875 0 0.1852678578125
2 0.11383928593749999 0.1383928578125 0.0803571421875 0.162946428125 0.071428571875 0.2165178578125 0.10491071406250001 0.2633928578125 0.12946428593749998 0.26116071406249997 0.16071428593749998 0.2388392859375 0.165178571875 0.1852678578125 0.13616071406250002 0.1428571421875 0.11383928593749999 0.1383928578125
2 0.40625 0.89140625 0.1375 0.2171875
2 0.03515625 0.93203125 0.0703125 0.1359375
2 0.93046875 0.41015625 0.1390625 0.2140625
2 0.9296875 0.95 0.13984375 0.1