2 0.5647321421875 0.8214285718750001 0.53125 0.8504464281249999 0.5178571421875 0.9084821421875 0.5558035718750001 0.9598214281249999 0.5982142859375 0.9709821421875 0.6339285718750001 0.9352678578125 0.6339285718750001 0.8683035718750001 0.6138392859375 0.8392857140625001 0.5647321421875 0.8214285718750001
2 0.53125 0.765625 0.5401785718750001 0.8013392859374999 0.5558035718750001 0.8214285718750001 0.5892857140625 0.8191964281249999 0.6071428578125 0.7566964281249999 0.5870535718750001 0.7321428578125 0.5513392859375 0.7276785718750001 0.53125 0.765625
2 0.359375 0.7232142859375 0.2991071421875 0.7700892859375 0.29017857187499996 0.8147321421875 0.32366071406249997 0.8616071421875 0.40178571406249997 0.8772321421875 0.43303571406249997 0.8415178578125 0.43303571406249997 0.7700892859375 0.40401785781250005 0.7321428578125 0.359375 0.7232142859375
2 0.3147321421875 0.5848214281249999 0.265625 0.59375 0.2232142859375 0.6584821421875 0.2366071421875 0.7433035718750001 0.2946428578125 0.765625 0.33928571406249997 0.734375 0.36607142812500004 0.6852678578125 0.35267857187499996 0.609375 0.3147321421875 0.5848214281249999
2 0.078125 0.71875 0.0446428578125 0.7566964281249999 0.040178571875 0.8147321421875 0.0736607140625 0.8616071421875 0.12053571406250001 0.8638392859374999 0.15625 0.8191964281249999 0.15625 0.765625 0.131696428125 0.7232142859375 0.078125 0.71875
2 0.046875 0.8705357140625001 0.0178571421875 0.9397321421875 0.055803571875 0.9955357140625001 0.084821428125 0.9977678578125 0.12053571406250001 0.9620535718750001 0.125 0.8995535718750001 0.10491071406250001 0.875 0.046875 0.8705357140625001
2 0.30133928593750003 0.43303571406249997 0.27678571406249997 0.462053571875 0.27232142812500004 0.5022321421875 0.29017857187499996 0.5424107140625 0.3303571421875 0.5602678578125 0.35267857187499996 0.5379464281249999 0.36607142812500004 0.475446428125 0.3415178578125 0.44196428593750003 0.30133928593750003 0.43303571406249997
2 0.515625 0.48660714218749995 0.48214285781250005 0.5647321421875 0.5111607140625 0.6205357140625 0.5401785718750001 0.6183035718750001 0.5758928578125 0.5915178578125 0.5848214281249999 0.5334821421875 0.5691964281249999 0.5089285718750001 0.515625 0.48660714218749995
2 0.8950892859374999 0.40178571406249997 0.8616071421875 0.430803571875 0.8571428578125 0.49776785781250005 0.890625 0.5491071421875 0.9196428578125 0.5558035718750001 0.9642857140625001 0.493303571875 0.96875 0.453125 0.9397321421875 0.41071428593750003 0.8950892859374999 0.40178571406249997
2 0.8883928578125 0.1584821421875 0.8928571421875 0.2075892859375 0.9375 0.2209821421875 0.9598214281249999 0.162946428125 0.9397321421875 0.12946428593749998 0.9129464281249999 0.125 0.8883928578125 0.1584821421875
2 0.8125 0.1897321421875 0.8125 0.2388392859375 0.8325892859374999 0.27232142812500004 0.8526785718750001 0.27455357187499996 0.8883928578125 0.22544642812500001 0.8839285718750001 0.1852678578125 0.859375 0.15625 0.8125 0.1897321421875
2 0.7142857140625 0.194196428125 0.7053571421875 0.28794642812500004 0.734375 0.3258928578125 0.78125 0.32366071406249997 0.8125 0.28794642812500004 0.8080357140625001 0.203125 0.7522321421875 0.165178571875 0.7142857140625 0.194196428125
2 0.6450892859375 0.102678571875 0.6116071421875 0.13616071406250002 0.6071428578125 0.171875 0.6540178578125 0.22767857187499999 0.6741071421875 0.2299107140625 0.7053571421875 0.19866071406250002 0.7053571421875 0.13616071406250002 0.6808035718750001 0.102678571875 0.6450892859375 0.102678571875
2 0.578125 0.18303571406250002 0.5357142859375 0.234375 0.53125 0.30133928593750003 0.5424107140625 0.33482142812500004 0.6205357140625 0.35491071406249997 0.6651785718750001 0.30580357187499996 0.6651785718750001 0.2522321421875 0.6138392859375 0.1875 0.578125 0.18303571406250002
2 0.0513392859375 0.16071428593749998 0.0178571421875 0.1897321421875 0.008928571875000001 0.25669642812500004 0.0290178578125 0.2991071421875 0.0803571421875 0.30580357187499996 0.10714285781249999 0.2790178578125 0.11160714218750001 0.21205357187499999 0.087053571875 0.1741071421875 0.0513392859375 0.16071428593749998
2 0.546875 0.34821428593750003 0.5133928578125 0.38169642812500004 0.5133928578125 0.430803571875 0.5513392859375 0.48660714218749995 0.6026785718750001 0.48883928593750003 0.625 0.444196428125 0.625 0.39508928593750003 0.5959821421875 0.3571428578125 0.546875 0.34821428593750003
2 0.96640625 0.06484375 0.06640625 0.12890625