2 0.671875 0.147321428125 0.625 0.180803571875 0.6071428578125 0.2388392859375 0.6272321421875 0.28125 0.6875 0.29241071406249997 0.71875 0.2522321421875 0.71875 0.1897321421875 0.6986607140625 0.15625 0.671875 0.147321428125
2 0.578125 0.491071428125 0.5446428578125 0.5334821421875 0.5491071421875 0.5825892859375 0.578125 0.6294642859375 0.6026785718750001 0.6316964281249999 0.6383928578125 0.6004464281249999 0.6428571421875 0.5424107140625 0.6138392859375 0.49553571406249997 0.578125 0.491071428125
2 0.5044642859375 0.640625 0.5133928578125 0.7120535718750001 0.5513392859375 0.7455357140625 0.5892857140625 0.7433035718750001 0.6160714281249999 0.703125 0.6116071421875 0.6495535718750001 0.5290178578125 0.6026785718750001 0.5044642859375 0.640625
2 0.45758928593750003 0.6205357140625 0.41964285781250005 0.6450892859375 0.415178571875 0.7120535718750001 0.43973214218749995 0.7410714281249999 0.48214285781250005 0.7433035718750001 0.5044642859375 0.7120535718750001 0.5044642859375 0.6584821421875 0.493303571875 0.6294642859375 0.45758928593750003 0.6205357140625
2 0.49776785781250005 0.46875 0.45535714218749995 0.493303571875 0.4375 0.5334821421875 0.44196428593750003 0.5870535718750001 0.47321428593750003 0.6049107140625 0.5200892859375 0.59375 0.5401785718750001 0.5558035718750001 0.5357142859375 0.5022321421875 0.49776785781250005 0.46875
2 0.34375 0.5513392859375 0.34821428593750003 0.6227678578125 0.36830357187499996 0.6383928578125 0.415178571875 0.6361607140625 0.4375 0.609375 0.428571428125 0.5290178578125 0.359375 0.5267857140625 0.34375 0.5513392859375
2 0.35044642812500004 0.38392857187499996 0.32142857187499996 0.40848214218749995 0.30803571406249997 0.462053571875 0.33258928593750003 0.5133928578125 0.37946428593750003 0.5200892859375 0.43303571406249997 0.49776785781250005 0.4375 0.45758928593750003 0.40401785781250005 0.39732142812500004 0.35044642812500004 0.38392857187499996
2 0.2299107140625 0.40625 0.2008928578125 0.43973214218749995 0.2008928578125 0.5022321421875 0.22544642812500001 0.53125 0.25892857187499996 0.5334821421875 0.29017857187499996 0.49776785781250005 0.29017857187499996 0.44866071406249997 0.265625 0.41071428593750003 0.2299107140625 0.40625
2 0.21205357187499999 0.5357142859375 0.1875 0.5602678578125 0.178571428125 0.6183035718750001 0.194196428125 0.6473214281249999 0.24107142812500001 0.6540178578125 0.2678571421875 0.6227678578125 0.2678571421875 0.5647321421875 0.2477678578125 0.5401785718750001 0.21205357187499999 0.5357142859375
2 0.40848214218749995 0.133928571875 0.3772321421875 0.133928571875 0.35267857187499996 0.1584821421875 0.33482142812500004 0.2165178578125 0.34821428593750003 0.26116071406249997 0.3883928578125 0.27455357187499996 0.421875 0.2633928578125 0.44196428593750003 0.2299107140625 0.4375 0.162946428125 0.40848214218749995 0.133928571875
2 0.44196428593750003 0.265625 0.462053571875 0.2946428578125 0.48660714218749995 0.29241071406249997 0.5044642859375 0.2477678578125 0.48883928593750003 0.21875 0.46651785781250005 0.2142857140625 0.44196428593750003 0.265625
2 0.2299107140625 0.1428571421875 0.2008928578125 0.203125 0.20982142812500001 0.2299107140625 0.25446428593750003 0.25669642812500004 0.28571428593750003 0.2299107140625 0.28571428593750003 0.194196428125 0.25669642812500004 0.147321428125 0.2299107140625 0.1428571421875
2 0.2075892859375 0 0.1875 0.0290178578125 0.1875 0.078125 0.2299107140625 0.12053571406250001 0.25 0.118303571875 0.27678571406249997 0.0915178578125 0.27678571406249997 0.024553571875 0.25669642812500004 0 0.2075892859375 0
2 0.0736607140625 0 0.053571428125 0.0290178578125 0.0580357140625 0.10491071406250001 0.087053571875 0.12946428593749998 0.12053571406250001 0.1272321421875 0.165178571875 0.0959821421875 0.165178571875 0.0290178578125 0.140625 0 0.0736607140625 0
2 0.008928571875000001 0.12276785781249999 0.0357142859375 0.078125 0.024553571875 0 0 0.0022321421875000002 0.008928571875000001 0.12276785781249999
2 0 0.265625 0.0357142859375 0.2790178578125 0.071428571875 0.234375 0.0625 0.1584821421875 0.006696428124999999 0.1383928578125 0 0.265625
2 0.0915178578125 0.1383928578125 0.0803571421875 0.2075892859375 0.1272321421875 0.2633928578125 0.15625 0.27008928593750003 0.19196428593749998 0.2299107140625 0.19196428593749998 0.16741071406250002 0.1584821421875 0.125 0.0915178578125 0.1383928578125
2 0.0357142859375 0.28794642812500004 0.0357142859375 0.31919642812500004 0.069196428125 0.3616071421875 0.10714285781249999 0.36830357187499996 0.1428571421875 0.33258928593750003 0.1428571421875 0.2834821421875 0.0736607140625 0.25 0.0357142859375 0.28794642812500004
2 0 0.462053571875 0.0491071421875 0.47098214218749995 0.0892857140625 0.444196428125 0.0982142859375 0.412946428125 0.0892857140625 0.38616071406249997 0.024553571875 0.33928571406249997 0 0.36383928593750003 0 0.462053571875
2 0 0.6584821421875 0.0178571421875 0.6584821421875 0.0357142859375 0.6495535718750001 0.0446428578125 0.609375 0.0022321421875000002 0.5669642859375 0 0.6584821421875
2 0.5089285718750001 0.8683035718750001 0.5044642859375 0.9129464281249999 0.5245535718750001 0.9508928578125 0.5580357140625 0.953125 0.5803571421875 0.9129464281249999 0.5758928578125 0.8683035718750001 0.5290178578125 0.8482142859374999 0.5089285718750001 0.8683035718750001
2 0.9486607140625001 0.0267857140625 0.9107142859374999 0.060267857812500006 0.90625 0.0959821421875 0.921875 0.125 0.9642857140625001 0.131696428125 0.9866071421875 0.11383928593749999 0.9955357140625001 0.069196428125 0.9754464281249999 0.03125 0.9486607140625001 0.0267857140625
2 0.15178571406250002 0.9977678578125 0.1272321421875 0.9598214281249999 0.10491071406250001 0.9598214281249999 0.0803571421875 0.9977678578125 0.15178571406250002 0.9977678578125
2 0.4171875 0.9359375 0.25625 0.128125