1 0.57109375 0.89453125 0.140625 0.1734375
1 0.33359375 0.88359375 0.1171875 0.1375
1 0.41796875 0.63984375 0.159375 0.1921875
1 0.1359375 0.571875 0.1421875 0.1546875
1 0.26796875 0.265625 0.1484375 0.1546875
1 0.490625 0.34140625 0.1109375 0.1296875
1 0.6859375 0.515625 0.1296875 0.1453125
1 0.8296875 0.46484375 0.1421875 0.1625
1 0.8671875 0.65234375 0.1140625 0.14375
1 0.95625 0.603125 0.0875 0.153125
1 0.953125 0.234375 0.09375 0.159375
1 0.6421875 0.0828125 0.1375 0.140625
1 0.3625 0.0640625 0.096875 0.1171875
1 0.10703125 0.1453125 0.08125 0.1328125