2 0.84375 0.2828125 0.13125 0.1671875
2 0.85234375 0.58984375 0.1078125 0.15625
2 0.59765625 0.48046875 0.165625 0.1671875
2 0.56796875 0.34140625 0.078125 0.109375
2 0.60859375 0.1484375 0.103125 0.125
2 0.40546875 0.209375 0.1015625 0.121875
2 0.434375 0.32421875 0.109375 0.128125
2 0.4734375 0.453125 0.109375 0.171875
2 0.24765625 0.46875 0.08125 0.1046875
2 0.16484375 0.36796875 0.1234375 0.1671875
2 0.2609375 0.16796875 0.11875 0.1390625
2 0.18046875 0.09296875 0.1046875 0.146875
2 0.07265625 0.02109375 0.0734375 0.0421875
2 0.0234375 0.41171875 0.046875 0.2234375
2 0.0953125 0.63046875 0.115625 0.1640625
2 0.371875 0.9234375 0.115625 0.1484375
2 0.43359375 0.68515625 0.1796875 0.1984375
2 0.121875 0.84921875 0.121875 0.2609375