2 0 0.44242601718749996 0.0234627859375 0.434404353125 0.037217053124999996 0.355674840625 0.0176469125 0.31555010625 0 0.3083557796875 0 0.44242601718749996
2 0.1930576765625 0.4460598828125 0.21845558281250002 0.401387171875 0.20113779062499998 0.335329028125 0.1655177578125 0.3030323515625 0.103668978125 0.29842920624999997 0.0772433421875 0.3460866609375 0.1005306203125 0.4142002640625 0.13213818125000001 0.44845395468750004 0.1930576765625 0.4460598828125
2 0.1403048484375 0.53139283125 0.151708321875 0.4885786890625 0.1380092234375 0.46049137656249994 0.1012630140625 0.4411614015625 0.0742034296875 0.45187575625000004 0.0638276875 0.49170515468750003 0.077526784375 0.51979246875 0.10830350625 0.5370669828125 0.1403048484375 0.53139283125
2 0.2634669046875 0.4936740609375 0.23195778906250003 0.449438409375 0.181949540625 0.45892814218750005 0.163745740625 0.48270764843749997 0.16521052812499998 0.536629925 0.217711296875 0.578077725 0.257934475 0.5485256234375 0.2634669046875 0.4936740609375
2 0.24262886875 0.37966312812499997 0.245952225 0.447579840625 0.3024654640625 0.487070625 0.3217954375 0.45032441562500003 0.3142627171875 0.404328640625 0.286569184375 0.3780998953125 0.24262886875 0.37966312812499997
2 0.32271282968750004 0.660973325 0.3343131921875 0.5981952609375 0.3186570796875 0.5660954734375 0.271928909375 0.5466670546875 0.2548512859375 0.5574798546874999 0.22451162187499998 0.5971123625 0.23801383125000003 0.6451635984374999 0.2727045796875 0.6704630593750001 0.32271282968750004 0.660973325
2 0.36008109374999997 0.9208980890625 0.3735400265625 0.8721144609374999 0.352012871875 0.8279772515625 0.3152666625 0.8086472796875 0.2901640921875 0.82337410625 0.2797883484375 0.8632035046875 0.301217059375 0.9173226734375 0.336006253125 0.9326401734375 0.36008109374999997 0.9208980890625
2 0.5070345484375001 0.6977314265625 0.4927447765625 0.729535878125 0.506443875 0.7576231921875001 0.5552275046874999 0.7710821218749999 0.5588029203125 0.7122180874999999 0.526069184375 0.6909311 0.5070345484375001 0.6977314265625
2 0.6394461703125 0.6331499625 0.607838609375 0.5988962703125 0.5658553078125 0.6044719765625 0.5513686453125 0.65624035 0.5788652890625 0.7024330171875001 0.6097404546875 0.7097255703124999 0.6339137406249999 0.688001525 0.6394461703125 0.6331499625
2 0.625014678125 0.5781015093749999 0.632405678125 0.5372443828125 0.61293398125 0.4871376859375 0.5742307578125 0.463795240625 0.5431587 0.47646660937499996 0.5267150265625 0.5242225078125 0.544328153125 0.56033476875 0.6009398375 0.5898435937500001 0.625014678125 0.5781015093749999
2 0.45640424218750003 0.4666263703125 0.4658507 0.41979975312500006 0.45019458749999997 0.38769996562500003 0.4114913640625 0.3643575203125 0.3863887953125 0.3790843484375 0.3740560375 0.4149012734375 0.3975402046875 0.4630509546875 0.428316928125 0.48032546875 0.45640424218750003 0.4666263703125
2 0.58079091875 0.40595893437499997 0.6082442828125 0.3553167359375 0.60061311875 0.3193029203125 0.5631345140625 0.2730118078125 0.5091137921875 0.28445855625 0.4906146578125 0.33818394375 0.5140988265625 0.386333625 0.5487895765624999 0.41163308593750003 0.58079091875 0.40595893437499997
2 0.6676005453125 0.30898234687500004 0.6810594765625 0.26019871875 0.6614893359375 0.2200739828125 0.6207306546875 0.202701025 0.591615609375 0.219384865625 0.5812398671875 0.25921426406250003 0.6008100078124999 0.2993389984375 0.6435257046875 0.32072443125 0.6676005453125 0.30898234687500004
2 1 0.3892345359375 0.9542895578125 0.290845609375 0.938239665625 0.29867366562500003 0.9395075625 0.372559865625 1 0.3965136453125 1 0.3892345359375
2 1 0.67382228125 0.991504209375 0.6675691609375 0.94242524375 0.6840561125 0.93792054375 0.73592293125 0.9555336703125 0.7720351921875 1 0.8026236140625 1 0.67382228125
2 0.7189946296875 0.8675350999999999 0.716250053125 0.9433783140625 0.8094662250000001 0.9053642078124999 0.7691013234375 0.8480634046875 0.7189946296875 0.8675350999999999
2 0.677109771875 0.8631288453125 0.6494162390625 0.8369001 0.6035189078125 0.8344508578125 0.6008727765625 0.9003121125 0.6324803359375 0.934565803125 0.6694234375 0.9339318546875001 0.6887534093750001 0.8971856453125 0.677109771875 0.8631288453125
2 0.7609375 0.52734375 0.253125 0.2890625
2 0.853125 0.8421875 0.1453125 0.121875