2 0.134375 0.56875 0.1390625 0.1703125
2 0.321875 0.90859375 0.153125 0.146875
2 0.30703125 0.440625 0.1484375 0.15
2 0.33359375 0.3109375 0.2234375 0.225
2 0.09609375 0.20703125 0.103125 0.140625
2 0.34140625 0.18359375 0.1015625 0.115625
2 0.31953125 0.028125 0.1328125 0.05625
2 0.48359375 0.15625 0.190625 0.228125
2 0.39765625 0.4921875 0.146875 0.171875
2 0.51796875 0.5 0.1296875 0.1546875
2 0.5765625 0.66875 0.1359375 0.1625
2 0.61953125 0.46484375 0.1546875 0.1734375
2 0.70390625 0.58125 0.1671875 0.1921875
2 0.74296875 0.46796875 0.14375 0.1484375
2 0.828125 0.54296875 0.1609375 0.184375
2 0.78203125 0.1328125 0.128125 0.1546875
2 0.87578125 0.19375 0.1359375 0.1515625
2 0.95 0.5109375 0.1 0.140625
2 0.93828125 0.70546875 0.0828125 0.1484375
2 0.96953125 0.5921875 0.0609375 0.13125
2 0.85625 0.11171875 0.1421875 0.103125
2 0.96171875 0.22578125 0.0765625 0.2234375
2 0.74609375 0.9078125 0.2296875 0.184375