2 0.9125 0.85546875 0.08671875 0.11484375
2 0.87734375 0.6078125 0.11796875 0.16484375
2 0.9484375 0.3859375 0.103125 0.2
2 0.86171875 0.3359375 0.10625 0.1328125
2 0.9171875 0.20546875 0.10625 0.1109375
2 0.95078125 0.078125 0.0984375 0.13828125
2 0.48046875 0.0375 0.103125 0.07421875
2 0.528125 0.33125 0.1125 0.1484375
2 0.6125 0.41484375 0.1015625 0.12109375
2 0.46953125 0.49453125 0.10390625 0.13671875
2 0.70546875 0.65859375 0.140625 0.1890625
2 0.68515625 0.9484375 0.1171875 0.103125
2 0.53671875 0.8109375 0.09296875 0.1203125
2 0.42734375 0.8265625 0.109375 0.134375
2 0.46953125 0.95078125 0.09921875 0.09765625
2 0.20234375 0.9359375 0.11875 0.128125
2 0.06953125 0.86171875 0.0796875 0.10234375
2 0.284375 0.6765625 0.10859375 0.1375
2 0.32265625 0.565625 0.09453125 0.13203125
2 0.2734375 0.4421875 0.12109375 0.15703125
2 0.16484375 0.4609375 0.11875 0.14609375
2 0.13125 0.26953125 0.140625 0.17421875
2 0.959375 0.9234375 0.08125 0.153125
2 0.634375 0.2 0.14453125 0.1765625
2 0.134375 0.69765625 0.178125 0.225