2 0.31423394843749997 0.40334794531249996 0.306790559375 0.48889699062499997 0.3647937921875 0.5184049140625 0.39648160312499997 0.49157555625000005 0.40993546875 0.42798215156249997 0.3745107015625 0.40137057656249997 0.31423394843749997 0.40334794531249996
2 0.4059807328125 0.30742864375 0.36610255468749997 0.28112848125 0.32840426875 0.286002196875 0.295579696875 0.328574196875 0.3082234734375 0.381392303125 0.3964663453125 0.395360103125 0.414793921875 0.369464984375 0.4059807328125 0.30742864375
2 0.6034878765625 0.315993534375 0.5899098640625 0.2498151953125 0.5485835140625 0.2348042671875 0.5109941171875 0.2732342703125 0.5188730703125 0.321910378125 0.5457024265625 0.353598190625 0.576564890625 0.3469648890625 0.6034878765625 0.315993534375
2 0.5317498875 0.538056515625 0.5542194625 0.5073965734375 0.55907791875 0.44887940625 0.5274837375 0.413049596875 0.4986922734375 0.417300484375 0.473528871875 0.441436015625 0.46390559375 0.4958111859375 0.4865929515625 0.532263821875 0.5317498875 0.538056515625
2 0.544596184375 0.5617717421874999 0.5276078890625 0.5428213390625001 0.4895981890625 0.5432416421874999 0.4647462 0.571830584375 0.46434115625 0.6300363390625 0.5096069828124999 0.6693853234375 0.5492673765625 0.62857290625 0.544596184375 0.5617717421874999
2 0.6415433562499999 0.60421959375 0.633352990625 0.5510900765625 0.58984675 0.5049052703125 0.5461532484375 0.5840387984375 0.5530979625 0.6193546734375001 0.5843807296875 0.650731071875 0.6196966046875 0.6437863578125 0.6415433562499999 0.60421959375
2 0.5711293875 0.6852215968750001 0.5496876796875 0.6665826078125 0.5253496281250001 0.6705220828125 0.49252505468749996 0.713094084375 0.5185290640625 0.7649779515625 0.5527081765624999 0.77377588125 0.5707243421875 0.743427353125 0.5711293875 0.6852215968750001
2 0.45876624374999997 0.7423058515625 0.44073481875000003 0.6764389265624999 0.3908130609375 0.666504234375 0.34587390625 0.72782411875 0.3540642703125 0.7809536375 0.38151645312500004 0.8215482703125 0.43402314531249997 0.8044510828125 0.45876624374999997 0.7423058515625
2 0.410074878125 0.6539693484375 0.45035809843749997 0.6220637578125 0.45169738125 0.577218234375 0.43553443124999996 0.5380717734375 0.39420808125 0.523060846875 0.3563072734375 0.5570374375 0.3555908171875 0.61078978125 0.3827315859375 0.6469310046875 0.410074878125 0.6539693484375
2 0.3508585859375 0.1591268015625 0.3288093140625 0.2277964421875 0.3889924375 0.2884782390625 0.4188117703125 0.2349284171875 0.4160090546875 0.19484771875 0.37996146406250003 0.15932932187499999 0.3508585859375 0.1591268015625
2 0.44480052031249995 0.1905968296875 0.467270096875 0.15993688749999999 0.46446738125 0.119856190625 0.44240284843750005 0.09231037656249999 0.4043931484375 0.09273068125 0.38368315937499997 0.1165548 0.3867972875 0.161088909375 0.42253346406250003 0.1921538953125 0.44480052031249995 0.1905968296875
2 0.2549698046875 0.25981092656250004 0.281176334375 0.2825919140625 0.325290140625 0.2414680875 0.288822246875 0.1679399921875 0.2515442625 0.2108234046875 0.2549698046875 0.25981092656250004
2 0.2785608828125 0.117192884375 0.31056010624999997 0.09481693906250001 0.31189938906250003 0.0499714171875 0.2850700328125 0.01828360625 0.25627856875 0.022534493750000002 0.2435411609375 0.0323755546875 0.2472781140625 0.08581648593749999 0.253600003125 0.1122255375 0.2785608828125 0.117192884375
2 0 0.51746038125 0.009159001562500001 0.648440215625 0.029977882812500002 0.6581723859374999 0.064250628125 0.60431115 0.0554374375 0.542274809375 0.01896954375 0.4687467140625 0 0.46631331718749996 0 0.51746038125
2 0.7895032671875 0.3522131296875 0.7483794390625 0.3080993234375 0.7281833828125001 0.30727397500000003 0.6953588109375 0.3498459765625 0.6981615265625 0.389926675 0.7485035890625 0.437871065625 0.7887868109375 0.4059654734375 0.7895032671875 0.3522131296875
2 0.8262520562500001 0.23776372656250003 0.8041875234375 0.2102179140625 0.7709426484375 0.214780215625 0.746090659375 0.2433691578125 0.7441285515625 0.2793078578125 0.7897057890625 0.3231102515625 0.8213936000000001 0.29628089375 0.8262520562500001 0.23776372656250003
2 0.7985494984375 0.5775775000000001 0.8429747171875001 0.5409070828125 0.847521759375 0.47793650468750004 0.815304753125 0.43319987343750005 0.781748465625 0.4333087640625 0.7479896546875 0.46252053281250005 0.741574134375 0.4987706453125 0.7637475593749999 0.559872746875 0.7985494984375 0.5775775000000001
2 0.9529401890625 0.3855363765625 0.9347062421875 0.34877232812500003 0.8919317187500001 0.345050634375 0.8670797296874999 0.3736395765625 0.8666746859375 0.43184533125 0.88905063125 0.4638445546875 0.9249893312499999 0.4658066640625 0.9529401890625 0.3855363765625
2 0.9861698062500001 0.2847586203125 0.9799415484375 0.1956904015625 0.9335389624999999 0.17208406406250001 0.9095123218750001 0.18047695 0.8876655703124999 0.220043715625 0.8917139374999999 0.27793805781250003 0.92330811875 0.313767865625 0.9861698062500001 0.2847586203125
2 0 0.2878545921875 0.039135081249999995 0.277141153125 0.0950520546875 0.2128160328125 0.0706987421875 0.1205400546875 0.02554180625 0.1147473609375 0 0.12086164375 0 0.2878545921875
2 0.1526807625 0.4929606171875 0.1253374703125 0.485922271875 0.087234140625 0.5490017421875 0.09573591718749999 0.606584671875 0.14701221874999998 0.6678892953125 0.18232809375 0.6609445828125 0.22012001093750003 0.5934117015625 0.21099540781249998 0.52692195 0.23936656875 0.48466136249999997 0.226831684375 0.4653995453125 0.193586809375 0.469961846875 0.1526807625 0.4929606171875
2 0.2559577515625 1 0.2938180359375 0.9753619125 0.32623756406250004 0.9909956671875 0.351400965625 0.966860134375 0.389410665625 0.96643983125 0.3678600671875 0.9142445531250001 0.3372001265625 0.891774975 0.268219071875 0.865272290625 0.23052078437499998 0.8701460046875 0.19261997656250002 0.904122596875 0.20143316718749998 0.9661589375 0.2231862859375 0.989251340625 0.254054675 1 0.2559577515625 1
2 0.67773035625 0.8657251875 0.7040457765625 0.9220624671875 0.752830775 0.9477398031250001 0.7940482359375001 0.9291944421875 0.8119555093749999 0.865289625 0.7726849 0.7516808312500001 0.739953959375 0.731593665625 0.6975997390625001 0.765881671875 0.7013366921874999 0.8193226015624999 0.67773035625 0.8657251875
2 0.4990952421875 0.9990466234375001 0.5860924625 0.995200778125 0.5834922687499999 0.9260172015625001 0.5281828609375 0.9030336906249999 0.4995002875 0.9408408671874999 0.4990952421875 0.9990466234375001