2 0.7965366281249999 1 0.8510049875 0.9676718234375 0.84535965 0.9047901921875001 0.8129747859374999 0.88297611875 0.7646453484375 0.9095009609375 0.7536262296875 0.9491571828125 0.7606734234375 0.9852898078125 0.7944142515625 1 0.7965366281249999 1
2 0.8106099234374999 0.8001495546875 0.80334804375 0.8534139234375001 0.85521055625 0.8874248078125 0.8948478218749999 0.8135051000000001 0.8765383874999999 0.7790174515625 0.8457985000000001 0.7684656171875 0.8106099234374999 0.8001495546875
2 0.9577673671875001 0.9777374156249999 0.9765346078125001 0.9608393171875 0.980740175 0.8805923 0.9532807625 0.8500955343750001 0.922073590625 0.848460034375 0.8918104671875 0.8714612781250001 0.8887731125 0.92941745625 0.9375887921875 0.97891510625 0.9577673671875001 0.9777374156249999
2 0.933866265625 1 0.9204570484374999 0.9646060343749999 0.894408971875 0.9498296749999999 0.8603886093750001 0.9592227734375 0.8536817078125001 1 0.933866265625 1
2 0.6186940328125 0.8794999156250001 0.565887471875 0.8208522859375 0.539372109375 0.8149922625 0.49503355468750004 0.8506670812499999 0.4866034609375 0.9262222875000001 0.5480927140625 0.9897953671874999 0.58141215 0.9937767718750001 0.6198812015625 0.942147903125 0.6186940328125 0.8794999156250001
2 0.4750981 0.88985601875 0.452564140625 0.8506765609375 0.403757940625 0.8436483234375001 0.3774856984375 0.8757995453125 0.37444834375 0.9337557234375 0.40566499531250005 0.9778606359375001 0.4389844296875 0.9818420390625 0.4722943875 0.9433540296875 0.4750981 0.88985601875
2 0.49291181249999994 0.8058517640625 0.4612183984375 0.7281937734375 0.4248426515625 0.697229721875 0.3835604078125 0.7598871890625001 0.38122398125 0.8044688656250001 0.3997670578125 0.8344983453125 0.44176918593750003 0.8434052015625 0.47555590625 0.8384702703125001 0.49291181249999994 0.8058517640625
2 0.5773454390625 0.6448714890625 0.554110553125 0.6190665328125 0.5099961625 0.607813771875 0.46612489375 0.6345722546875 0.44924575000000005 0.7007438406250001 0.5001831703125 0.795056809375 0.5511016343749999 0.8044309515625001 0.5841779484375 0.7704011093750001 0.5773454390625 0.6448714890625
2 0.662079059375 0.7767189390625 0.6224228359375 0.7656998203125001 0.5729251859375 0.8145155000000001 0.6170490546875 0.8682376734374999 0.63722763125 0.8670599828125001 0.6696030171875 0.84640464375 0.6756966828125 0.8154311125 0.662079059375 0.7767189390625
2 0.6923232265625 0.6687788671875 0.635759425 0.5965230953125 0.6090104203125 0.5951212390625 0.5825045359375001 0.6317306281249999 0.587215303125 0.7124449312500001 0.6137401437500001 0.7607743671875 0.6562095578125 0.7607648874999999 0.6845940609375 0.7309595703125 0.6923232265625 0.6687788671875
2 0.24864716874999998 0.775168746875 0.22165504062500002 0.7357556453125 0.195139678125 0.729895621875 0.15080112343750002 0.765570440625 0.1482310546875 0.814610284375 0.16654048906250002 0.8490979328125 0.20385080625000002 0.8622293140625 0.2413852875 0.828433115625 0.24864716874999998 0.775168746875
2 0.0527593515625 0.9303079546875 0.0506565671875 0.9704314640625 0.11283727031249999 0.9781606281249999 0.124323675 0.9295880703125 0.110005121875 0.9042503984374999 0.083489759375 0.8983903765625 0.0527593515625 0.9303079546875
2 0.14512735000000002 0.5752805703125 0.1272946796875 0.574346 0.08718065 0.614712628125 0.0848442234375 0.6592943046874999 0.13577216406249998 0.711137859375 0.16791390781249999 0.6949406875 0.1932421015625 0.6381527234375 0.14512735000000002 0.5752805703125
2 0.1523987078125 0.564485615625 0.1831480734375 0.6175068625 0.22092567812500002 0.6217219078125 0.23969291718750002 0.604823809375 0.2518802515625 0.5428767484375 0.1983727609375 0.4976036234375 0.1523987078125 0.564485615625
2 0.1446221515625 0.41431925156249994 0.10544269218749999 0.43685321093749996 0.093255359375 0.498800271875 0.1160229609375 0.5335215625 0.1495760390625 0.5330448 0.1777269 0.50769765 0.185222421875 0.44997511562500003 0.1446221515625 0.41431925156249994
2 0.5974102734375 0.1340608390625 0.5392299296874999 0.17795106562500002 0.52680895625 0.24435629374999998 0.5538010828125 0.2837693953125 0.600027734375 0.2973680609375 0.6471794796875 0.2506646453125 0.650450478125 0.1882503 0.5974102734375 0.1340608390625
2 0.7525020890625 0.1176015890625 0.7339590125 0.0875721078125 0.6898446218750001 0.076319346875 0.6546560453125 0.1080032828125 0.65231961875 0.152584959375 0.6619463609375 0.18214715312500002 0.7079393703125 0.20020398749999999 0.745473853125 0.166407790625 0.7525020890625 0.1176015890625
2 0.998263375 0.5462297328125 0.9933094875 0.42750418437500004 0.9628127203125001 0.454963596875 0.9557844828125001 0.503769796875 0.973860275 0.5427156125 0.998263375 0.5462297328125
2 0.4293290703125 0 0.4547299546875 0.041645448437499996 0.510106584375 0.051253231249999996 0.537313396875 0.0012693390625 0.49760366093749997 0 0.4293290703125 0
2 0.75546875 0.36640625 0.128125 0.228125
2 0.5527613265625 1 0.5093710625 0.960943578125 0.4643221015625 0.9675234875 0.4427416703125 0.9954501859375 0.5295573078125 1 0.5527613265625 1