2 0.678125 0.34609375 0.096875 0.1125
2 0.72734375 0.56328125 0.096875 0.153125
2 0.8234375 0.6203125 0.109375 0.146875
2 0.93671875 0.81171875 0.1265625 0.190625
2 0.884375 0.925 0.1515625 0.15
2 0.76796875 0.9453125 0.1109375 0.109375
2 0.71484375 0.83515625 0.15 0.15625
2 0.578125 0.890625 0.10625 0.1703125
2 0.49140625 0.8671875 0.08125 0.115625
2 0.5328125 0.74375 0.090625 0.1171875
2 0.50625 0.60703125 0.0828125 0.096875
2 0.546875 0.4609375 0.103125 0.1265625
2 0.4796875 0.40703125 0.0875 0.121875
2 0.52734375 0.2984375 0.11875 0.1625
2 0.5625 0.12578125 0.084375 0.115625
2 0.4921875 0.075 0.071875 0.10625
2 0.41484375 0.11953125 0.115625 0.175
2 0.30234375 0.05546875 0.090625 0.109375
2 0.31953125 0.20546875 0.084375 0.10625
2 0.4234375 0.29140625 0.0953125 0.13125
2 0.3734375 0.45 0.175 0.2265625
2 0.18515625 0.36328125 0.09375 0.134375
2 0.1640625 0.0390625 0.1171875 0.078125
2 0.13046875 0.63671875 0.115625 0.178125
2 0.16796875 0.77890625 0.1125 0.1421875
2 0.42890625 0.7609375 0.134375 0.1625
2 0.39375 0.91171875 0.1390625 0.165625
2 0.05546875 0.2625 0.1109375 0.2125