2 0.6361607140625 0.6428571421875 0.6116071421875 0.6674107140625 0.6071428578125 0.7254464281249999 0.6316964281249999 0.7589285718750001 0.6651785718750001 0.7611607140625 0.6875 0.7388392859375 0.6919642859375 0.6852678578125 0.6629464281249999 0.6473214281249999 0.6361607140625 0.6428571421875
2 0.546875 0.7544642859375 0.53125 0.8504464281249999 0.5602678578125 0.875 0.59375 0.8727678578125 0.6116071421875 0.8504464281249999 0.6116071421875 0.7924107140625 0.5825892859375 0.7589285718750001 0.546875 0.7544642859375
2 0.453125 0.7589285718750001 0.415178571875 0.828125 0.41964285781250005 0.8816964281249999 0.459821428125 0.8995535718750001 0.5223214281249999 0.828125 0.5223214281249999 0.7924107140625 0.493303571875 0.75 0.453125 0.7589285718750001
2 0.328125 1 0.446428571875 0.9977678578125 0.44196428593750003 0.953125 0.38169642812500004 0.9107142859374999 0.3303571421875 0.9486607140625001 0.328125 1
2 0.421875 0.5982142859375 0.37946428593750003 0.640625 0.375 0.703125 0.39955357187499996 0.7544642859375 0.446428571875 0.7566964281249999 0.49553571406249997 0.7165178578125 0.5044642859375 0.6629464281249999 0.47098214218749995 0.6116071421875 0.421875 0.5982142859375
2 0.16741071406250002 0.5 0.12946428593749998 0.5424107140625 0.12053571406250001 0.6049107140625 0.14508928593749998 0.6517857140625 0.2008928578125 0.6629464281249999 0.2366071421875 0.6227678578125 0.2366071421875 0.5647321421875 0.19866071406250002 0.5044642859375 0.16741071406250002 0.5
2 0.2522321421875 0.428571428125 0.2321428578125 0.45758928593750003 0.2366071421875 0.515625 0.27008928593750003 0.5446428578125 0.2946428578125 0.5424107140625 0.31696428593750003 0.515625 0.31696428593750003 0.47098214218749995 0.28794642812500004 0.428571428125 0.2522321421875 0.428571428125
2 0.33258928593750003 0.31696428593750003 0.29017857187499996 0.35491071406249997 0.2991071421875 0.41741071406249997 0.31919642812500004 0.4375 0.34375 0.43526785781250005 0.37053571406249997 0.412946428125 0.38392857187499996 0.36830357187499996 0.36830357187499996 0.31696428593750003 0.33258928593750003 0.31696428593750003
2 0.19866071406250002 0.21875 0.1696428578125 0.27008928593750003 0.178571428125 0.32366071406249997 0.21875 0.35491071406249997 0.25892857187499996 0.30580357187499996 0.25892857187499996 0.2522321421875 0.22544642812500001 0.2142857140625 0.19866071406250002 0.21875
2 0.10491071406250001 0.25446428593750003 0.071428571875 0.296875 0.071428571875 0.35044642812500004 0.100446428125 0.3928571421875 0.1428571421875 0.39508928593750003 0.1696428578125 0.36830357187499996 0.1741071421875 0.30580357187499996 0.140625 0.25892857187499996 0.10491071406250001 0.25446428593750003
2 0.1897321421875 0.0982142859375 0.16071428593749998 0.1584821421875 0.1852678578125 0.2008928578125 0.20982142812500001 0.203125 0.2321428578125 0.17633928593749998 0.2321428578125 0.13616071406250002 0.2075892859375 0.0982142859375 0.1897321421875 0.0982142859375
2 0 0.0647321421875 0.0446428578125 0.078125 0.0669642859375 0.046875 0.0625 0.006696428124999999 0.0022321421875000002 0 0 0.0647321421875
2 0.7321428578125 0.10491071406250001 0.7477678578125 0.133928571875 0.7901785718750001 0.13616071406250002 0.8035714281249999 0.069196428125 0.7879464281249999 0.040178571875 0.7566964281249999 0.0357142859375 0.7321428578125 0.10491071406250001
2 0.8973214281249999 0.0959821421875 0.9375 0.109375 0.9508928578125 0.0513392859375 0.9174107140625001 0.03125 0.8973214281249999 0.055803571875 0.8973214281249999 0.0959821421875
2 0.8080357140625001 0.430803571875 0.8080357140625001 0.45758928593750003 0.828125 0.491071428125 0.8482142859374999 0.48883928593750003 0.8705357140625001 0.45758928593750003 0.8705357140625001 0.421875 0.8370535718750001 0.40178571406249997 0.8080357140625001 0.430803571875
2 0.5758928578125 0.609375 0.5915178578125 0.6383928578125 0.6205357140625 0.640625 0.6383928578125 0.6272321421875 0.6383928578125 0.5825892859375 0.6049107140625 0.5535714281249999 0.5758928578125 0.609375
2 0.5200892859375 0.5089285718750001 0.5044642859375 0.5602678578125 0.5446428578125 0.5825892859375 0.5736607140625 0.5758928578125 0.5892857140625 0.5424107140625 0.5558035718750001 0.5089285718750001 0.5200892859375 0.5089285718750001
2 0.75 0.9977678578125 0.7165178578125 0.9419642859374999 0.6808035718750001 0.9464285718750001 0.6473214281249999 0.9977678578125 0.75 0.9977678578125
2 0.7633928578125 0.9486607140625001 0.7566964281249999 1 0.84375 0.9977678578125 0.8482142859374999 0.9709821421875 0.828125 0.9419642859374999 0.7834821421875 0.9330357140625001 0.7633928578125 0.9486607140625001
2 1 0.9308035718750001 0.9977678578125 0.8035714281249999 0.9732142859374999 0.8459821421875 0.9732142859374999 0.890625 1 0.9308035718750001
2 0.2232142859375 0.9977678578125 0.1897321421875 0.9642857140625001 0.149553571875 0.9732142859374999 0.12946428593749998 0.9977678578125 0.2232142859375 0.9977678578125
2 0.575 0.4953125 0.05859375 0.06796875
2 0.50390625 0.98359375 0.0953125 0.0328125