2 0.8318995484375 0.548081165625 0.8731727203125 0.5526041125 0.8909282609375 0.4985361828125 0.845409725 0.4732671921875 0.8191634499999999 0.485843028125 0.8101762203125 0.5193838296875 0.8318995484375 0.548081165625
2 0.7666551890625 0.6940031906249999 0.804062175 0.7007582796875 0.83052736875 0.6751687671875 0.8328181703125 0.630029409375 0.7999341281250001 0.5820011484375 0.7578439359375 0.58052736875 0.7338298062499999 0.5969693890625 0.7260387765625 0.6504392171875 0.7666551890625 0.6940031906249999
2 0.8617187078124999 0.778300896875 0.8952595109375 0.7872881265625 0.9255908890625 0.7594664718749999 0.9272835890625 0.7043626015625 0.8667381531249999 0.6619948296875 0.8333576109375 0.6889994640625 0.827200625 0.7363709640625 0.8617187078124999 0.778300896875
2 0.903531321875 0.8417938953125 0.8779418109374999 0.8153287015625 0.8275211468749999 0.8083546937499999 0.8010559531249999 0.83394420625 0.8176582343750001 0.8939502015624999 0.903531321875 0.8417938953125
2 0.6251230718749999 0.8685052328125 0.6686283875 0.8768943625000001 0.6928614375000001 0.8474386640624999 0.6902501140624999 0.8205942921875 0.6723929703125 0.7896648125 0.62137420625 0.7727262921875 0.597360075 0.7891683125 0.5944711734375 0.82434315625 0.6251230718749999 0.8685052328125
2 0.47106227343749996 0.4677355296875 0.510701403125 0.4783568015625 0.5416308812499999 0.46049965937500004 0.545555725 0.409261975 0.50657335625 0.35959967187499997 0.480546003125 0.3591618328125 0.4427011765625 0.378434096875 0.43981227343749996 0.4136089421875 0.47106227343749996 0.4677355296875
2 0.5587139453125001 0.6284812515625 0.624978528125 0.6495048765625 0.6608101343749999 0.61335275 0.66086879375 0.5643472078125 0.6279847515625 0.5163189484374999 0.5670014734375 0.49997852812500004 0.5336209328125 0.5269831640625 0.53192823125 0.582087034375 0.5587139453125001 0.6284812515625
2 0.5921688640625 0.369462584375 0.61373193125 0.3621680546875 0.6243532046875 0.32252892499999997 0.6103622468750001 0.28936730312500003 0.575406321875 0.273464725 0.5475260078125 0.2921388875 0.5446371046875 0.3273137328125 0.5921688640625 0.369462584375
2 0.6723228046874999 0.33865042500000003 0.7010201406250001 0.316927096875 0.7022750015625 0.2878505796875 0.6754892875 0.2414563625 0.64499765 0.23328615312499998 0.62098351875 0.2497281734375 0.620924859375 0.298733715625 0.6723228046874999 0.33865042500000003
2 0.7094092703125 0.27342178125 0.7384857859375 0.27467664375 0.7555845703124999 0.2596497453125 0.7578753703125 0.2145103875 0.7422503703125 0.18744709375 0.7034282609375 0.17377665625 0.6771819890625 0.1863524921875 0.6793554734375 0.23922422031249999 0.7094092703125 0.27342178125
2 0.6839957359375 0.0999399640625 0.6891167828125 0.0686313046875 0.6734917828125 0.0415680109375 0.6407680015625 0.029531615625 0.6193651953125 0.0728180109375 0.6646648125 0.11110067812499999 0.6839957359375 0.0999399640625
2 0.5028542390624999 0 0.501702665625 0.011877675 0.545149321875 0.069272346875 0.5947529640625 0.07929551875 0.6208389765625 0.030727818750000004 0.6135748000000001 0 0.5028542390624999 0
2 0.4618875578125 0.148273028125 0.5236878546875 0.16156428437499998 0.5465057843750001 0.1251932375 0.5374169515625 0.07373663281250001 0.5045329093750001 0.025708373437499998 0.46407675781249996 0.018136264062499997 0.422963846875 0.049605184375 0.427369475 0.1063430953125 0.4618875578125 0.148273028125
2 0.27180345781250004 0.1136805671875 0.3024553578125 0.1578426421875 0.345960671875 0.166231771875 0.37629205 0.13841011718750001 0.3830471375 0.10100312812500001 0.3284397671875 0.0242775328125 0.28672875625 0.045781940625 0.28712831875 0.0719308515625 0.27180345781250004 0.1136805671875
2 0.2598257234375 0.09739880625 0.278179365625 0.05329539062500001 0.204721853125 0.0957061046875 0.243901359375 0.11132619531250001 0.2598257234375 0.09739880625
2 0.2381453359375 0.20270441875 0.2741958625 0.1535386171875 0.2518744328125 0.11487676718749999 0.2091861390625 0.10343847343749998 0.1871852328125 0.1367603578125 0.1956759625 0.17825244843750002 0.2381453359375 0.20270441875
2 0.0807693 0.36315684375 0.12264057343749998 0.3776443 0.150958728125 0.332942784375 0.144700140625 0.2953168765625 0.1085480140625 0.259485271875 0.0825206625 0.25904743125 0.062372715625 0.27325730937500003 0.05621572968750001 0.3206288109375 0.0807693 0.36315684375
2 0 0.4170796421875 0.023155707812500002 0.41961717500000006 0.0424866328125 0.4084564609375 0.0470095765625 0.3671832875 0.0141255359375 0.319155028125 0 0.31537010312499997 0 0.4170796421875
2 0.22765288906249997 0.6443523953125 0.265657978125 0.6610719953124999 0.291743990625 0.61250429375 0.2893515859375 0.5726462437500001 0.2283683078125 0.5563058234375 0.2082203640625 0.570515703125 0.20533146093750002 0.605690546875 0.22765288906249997 0.6443523953125
2 0.07340039375 0.5736078078125 0.1085752390625 0.5764967109375 0.1324291078125 0.524062825 0.112339821875 0.4892671609375 0.079616040625 0.47723076718749996 0.047869540625 0.4981370734375 0.04781088125 0.5471426140625 0.07340039375 0.5736078078125
2 0.190230184375 0.8206057984375 0.22823527187499998 0.8373253984375 0.2607987921875 0.8133699265625 0.2592234109375 0.7704627140625 0.23243769687500002 0.7240684953125001 0.1858832171875 0.7148623453125 0.1563688609375 0.7396348359375 0.15347995625 0.7748096796875 0.190230184375 0.8206057984375
2 0.1685497984375 0.925911409375 0.1876618015625 0.9277643718749999 0.2202253234375 0.9038089015624999 0.222516125 0.8586695453125 0.13801521875 0.7837382500000001 0.09935336875 0.8060596796875 0.1685497984375 0.925911409375
2 0.271783528125 0.9797174765625 0.3136548015625 0.9942049328125 0.3387048734375 0.9617000718750001 0.32128556875 0.9047432421874999 0.27636513281249997 0.8894387625 0.2539850453125 0.89978245625 0.24499781406249999 0.9333232593749999 0.271783528125 0.9797174765625
2 0.7519330921875 0.9318966312500001 0.7338570296875 0.9139808281249999 0.7039634921875 0.91577513125 0.6799493609375 0.9322171515625 0.6754264171875 0.9734903234375001 0.7519330921875 0.9318966312500001
2 0 0.630441978125 0.010884676562499999 0.6483631234375 0.0264080765625 0.590429009375 0.0002204625 0.5539993046875 0 0.5539727437499999 0 0.630441978125