1 0.48125 0.1 0.1640625 0.18125
1 0.2515625 0.16328125 0.134375 0.1453125
1 0.38828125 0.38203125 0.184375 0.203125
1 0.12890625 0.51171875 0.159375 0.1671875
1 0.3265625 0.78046875 0.1640625 0.16875
1 0.5265625 0.65703125 0.1265625 0.1375
1 0.67734375 0.44296875 0.146875 0.1546875
1 0.82890625 0.46015625 0.1609375 0.1734375
1 0.8234375 0.26875 0.1328125 0.15
1 0.92578125 0.29609375 0.1203125 0.153125
1 0.971875 0.6515625 0.05625 0.171875
1 0.7328125 0.875 0.1515625 0.153125
1 0.4640625 0.946875 0.1125 0.10625
1 0.196875 0.93359375 0.103125 0.1328125