2 0.38678264375000004 0.85906529375 0.33933732031249997 0.8724959484375001 0.3252137984375 0.9042178953125 0.3380126546875 0.9375600531250001 0.400488490625 0.975742490625 0.43736661874999994 0.9472406124999999 0.42490401875000006 0.8898598921875 0.38678264375000004 0.85906529375
2 0.5804158109374999 0.796691228125 0.5272232140625001 0.7764638234375 0.4913131421875 0.7950303062499999 0.47462171093750005 0.8325198796875 0.49541985000000005 0.8867008875 0.5421926640625 0.9213473546875001 0.572651009375 0.90726454375 0.5973824359375 0.8284335281249999 0.5804158109374999 0.796691228125
2 0.290770875 0.640089253125 0.2459138171875 0.6166621359375 0.216739428125 0.627861134375 0.2083835359375 0.66215099375 0.22758181875 0.71216423125 0.26795520625 0.7301396203125 0.30001340625 0.7202245796875 0.3109372140625 0.6801670921875 0.290770875 0.640089253125
2 0.501961759375 0.6857409453125001 0.43721355468749995 0.6914678640624999 0.4182904625 0.7106865015625 0.4249854359375 0.765499309375 0.4675904796875 0.8017456359375 0.5211396859375 0.766844328125 0.5269480234375 0.7072319499999999 0.501961759375 0.6857409453125001
2 0.43190430781250005 0.47832051406250004 0.40016200625 0.4952871390625 0.396605684375 0.54208030625 0.41997173749999994 0.5904936890625 0.46194498125 0.6126368484375 0.49305548125 0.58156705625 0.489560221875 0.5350897890625 0.43190430781250005 0.47832051406250004
2 0.557253303125 0.4373763890625 0.495093365625 0.406245534375 0.4690983359375 0.45687021874999995 0.497263959375 0.5177869078125 0.5434049734374999 0.5383302109375 0.5587920953125 0.5348145953125 0.574851728125 0.48322185624999997 0.557253303125 0.4373763890625
2 0.7209785078125 0.527548884375 0.67612145 0.5041217687499999 0.6511148312499999 0.5137209109375 0.6334553421875 0.5611458796875 0.6574531968749999 0.6236624265625 0.6978265828125 0.6416378171875 0.7315049953125 0.6048003984375 0.7337773624999999 0.5608910421875 0.7209785078125 0.527548884375
2 0.8619287515625 0.6455914578125 0.823471121875 0.6388354203125 0.8035799750000001 0.6679894546875 0.8080432906249999 0.7045313265625001 0.8448807078125 0.7382097390625 0.8769389109375 0.7282946984375 0.8862628609375 0.6840694421875 0.8619287515625 0.6455914578125
2 0.90609294375 0.74818584375 0.8660354578125 0.7372620390625 0.83686106875 0.7484610375 0.8253054609375001 0.7744153578125 0.83873611875 0.8218606812499999 0.87814145 0.8497714671875001 0.9169353328125001 0.832488940625 0.9236913703124999 0.7940313125 0.90609294375 0.74818584375
2 0.8028464015625 0.8093370171875 0.7521810078125 0.8455222796875 0.764643609375 0.902903 0.786746059375 0.92311005 0.8659336859375 0.8927127671875 0.852503028125 0.8452674421875 0.8028464015625 0.8093370171875
2 0.6325385796874999 0.9823047546874999 0.7101263484375 0.947739703125 0.65276598125 0.9291121578125001 0.6325385796874999 0.9823047546874999
2 0.9209703921875001 0.544026190625 0.887628234375 0.5568250453125 0.8735047140625 0.5885469921875 0.8885352265625001 0.6401600859375 0.9148054468750001 0.658767278125 0.9545673875 0.6315493562500001 0.9654911937499999 0.59149186875 0.9209703921875001 0.544026190625
2 1 0.4935530265625 0.9905588765625 0.48862229062500007 0.9713198843749999 0.5007893453125 0.9619959343750001 0.5450146 0.974794790625 0.578356759375 1 0.589578840625 1 0.4935530265625
2 0.9438064171875 0.42288567656250003 0.897981303125 0.4093939546875 0.870406771875 0.4247607234375 0.8569150515624999 0.47058583593750003 0.8825127625 0.5372701531249999 0.9222543484375001 0.5411423765625 0.95271269375 0.527059565625 0.9655726124999999 0.4671312859375 0.9438064171875 0.42288567656250003
2 0.9627905703125 0.31039660156250004 0.944203734375 0.3055766765625 0.9124614328125 0.3225433015625 0.9041055390625001 0.3568331609375 0.9463743296875 0.4171180484375 0.9915879953125 0.38541645625 0.9627905703125 0.31039660156250004
2 0.9032189015625001 0.24240797500000003 0.8641294703125 0.2215487703125 0.8365549390625 0.2369155390625 0.8323668156249999 0.2696055421875 0.845797471875 0.317050865625 0.8813712875 0.3225229453125 0.9092617187500001 0.31420776093749997 0.9208173265624999 0.288253440625 0.9032189015625001 0.24240797500000003
2 0.7682504125 0.289435625 0.7307608390625 0.2727441921875 0.711521846875 0.284911246875 0.6944941578125 0.3464393828125 0.7450984890625 0.4035245578125 0.7813244593750001 0.39200965781249997 0.80315171875 0.34298483125 0.7682504125 0.289435625
2 0.8170814640625 0.1176704265625 0.773824265625 0.09841108125 0.73534628125 0.122745190625 0.7250542765625 0.1769058421875 0.7500201843750001 0.22948699218750002 0.7878256593749999 0.253230009375 0.8157160906250001 0.24491482343749998 0.8420473749999999 0.1702515765625 0.8170814640625 0.1176704265625
2 0.710064471875 0.06311245625 0.6767426671875 0.0448211671875 0.6491681359375 0.0601879328125 0.639212384375 0.0903100234375 0.654242896875 0.1419231171875 0.682112975 0.16469807812499998 0.7141711765625 0.1547830375 0.7308626109375 0.11729346249999999 0.710064471875 0.06311245625
2 0.7067390312499999 0 0.702401440625 0.0182350453125 0.7247994375 0.076583821875 0.7610050562499999 0.09615906874999999 0.7997989390625 0.0788765421875 0.8116908015625001 0.0288836609375 0.803514515625 0 0.7067390312499999 0
2 0.42566771562500005 0.21292826874999998 0.3798018953125 0.261616840625 0.400600034375 0.315797846875 0.4457729921875 0.346276546875 0.4694956546875 0.33956121875 0.4804194609375 0.2995037328125 0.42566771562500005 0.21292826874999998
2 0.29484664375 0.289446209375 0.2506213859375 0.280122259375 0.2172588734375 0.3240112609375 0.2185224765625 0.35221759218750004 0.2803258046875 0.43847715625 0.3021327078125 0.42054247499999997 0.32398032187500003 0.3404275015625 0.29484664375 0.289446209375
2 0.1864439203125 0.39322277968749997 0.148954346875 0.376531346875 0.11559183437500001 0.420420346875 0.11942335 0.44285905468750003 0.17259559062500002 0.49417660156250004 0.20048602187500003 0.4858614171875 0.2114098296875 0.44580392968749993 0.1864439203125 0.39322277968749997
2 0 0.320779646875 0.0166148328125 0.324520934375 0.044505265625 0.31620575 0.06953223750000001 0.2755164625 0.0638053203125 0.2107682578125 0.0167166046875 0.16907020625 0 0.17231716875 0 0.320779646875
2 0 0.591265459375 0.01161171875 0.6229190828125 0.039858759375000004 0.5594751890625 0.0164927078125 0.511061809375 0 0.502708184375 0 0.591265459375
2 0.059046457812499994 0.13608465625 0.10421941562499999 0.16656335625000002 0.1269943765625 0.1386932796875 0.1228469609375 0.10920299062500001 0.059046457812499994 0.13608465625
2 0.139518040625 0.1028035625 0.181807184375 0.1319983046875 0.1997622203125 0.12271506562500001 0.20908617031249999 0.0784898078125 0.139518040625 0.1028035625
2 0.328125 0.97578125 0.15 0.0484375
2 0.3171875 0.0484375 0.0671875 0.046875
2 0.48828125 0.20234375 0.2 0.2328125
2 0.18125 0.9328125 0.134375 0.134375