2 0.514016359375 0.124723940625 0.523587590625 0.0913450953125 0.49977997500000004 0.048395020312499995 0.4512289265625 0.03447323125 0.43081415156249997 0.0713106234375 0.45721020156250003 0.12813868281250002 0.514016359375 0.124723940625
2 0.5003988546875 0 0.5006719890625 0.0223792734375 0.5288082609375 0.0731384515625 0.588202853125 0.0836016953125 0.604734978125 0.0259473265625 0.5876267093750001 0 0.5003988546875 0
2 0.7086665562500001 0.167403221875 0.7541831625000001 0.1804548984375 0.781112825 0.1323498578125 0.77767618125 0.09852500625 0.7421549093750001 0.0620679171875 0.713974834375 0.057271353125 0.6879371859375001 0.0793606453125 0.6870232703125 0.1283576984375 0.7086665562500001 0.167403221875
2 0.8382335812499999 0.2538150828125 0.8772572015625 0.255153103125 0.8933652203125 0.1875253015625 0.8695576062500001 0.1445752265625 0.8149376765625 0.1289132140625 0.790194246875 0.1579415 0.7983836515625 0.20954889062499998 0.8382335812499999 0.2538150828125
2 0.67402336875 0.5745299562499999 0.7134710953125001 0.5858414078124999 0.7447294140625 0.545545471875 0.735223890625 0.5099803984375 0.7036071703125 0.47135897968749996 0.6715225421875 0.46872674375 0.6433205640625 0.48691148437500004 0.645887096875 0.5237707765625 0.67402336875 0.5745299562499999
2 0.7918767359375 0.667434803125 0.8291601343749999 0.6748417046874999 0.856492 0.659691403125 0.8734482296875001 0.61201046875 0.83491441875 0.5517019609375 0.7885277 0.5416847234375 0.76249005 0.5637740171875001 0.7580956890625 0.6249088328125 0.7918767359375 0.667434803125
2 0.5786176937499999 0.5865801109375 0.6180654203125 0.5978915640625 0.6488777328124999 0.570603503125 0.6506398578125 0.5415533140625 0.62683224375 0.49860324062499994 0.578281196875 0.48468144999999996 0.551797540625 0.5197786171875001 0.5573985125 0.557508021875 0.5786176937499999 0.5865801109375
2 0.35746194062500003 0.601979303125 0.39474533749999996 0.6093862046875 0.42772197968750003 0.58600269375 0.432964553125 0.54481474375 0.3987593984375 0.492315340625 0.3645104421875 0.48577855156250005 0.3302395828125 0.5022230703125 0.3232567875 0.5494799 0.35746194062500003 0.601979303125
2 0.4503448875 0.5071072421875 0.483321528125 0.48372373125 0.4820711140625 0.43082212656249996 0.454783053125 0.4000098125 0.41446521562500005 0.3917328 0.38972178281250003 0.42076108437500004 0.395746859375 0.4684639234375 0.4503448875 0.5071072421875
2 0.282558646875 0.4852668390625 0.323746596875 0.49050941249999996 0.354558909375 0.46322135 0.35632103593750003 0.43417116250000004 0.3242802109375 0.3855763109375 0.287866925 0.3751349703125 0.2618292765625 0.3972242640625 0.26307969062500003 0.4501258703125 0.282558646875 0.4852668390625
2 0.4770993359375 0.64285265625 0.524356165625 0.6498354515625 0.555592584375 0.632520821875 0.5625753812500001 0.5852639921875 0.527946121875 0.5227911546875 0.47332619375 0.5071291437500001 0.45076899062500003 0.517080675 0.4415780625 0.6063955671875 0.4770993359375 0.64285265625
2 0.148955659375 0.5389071484375 0.190567715625 0.554123153125 0.22354435625 0.5307396421874999 0.2292110359375 0.499525128125 0.1993345390625 0.454834828125 0.140385953125 0.43136371249999994 0.11218397499999999 0.4495484515625 0.10651729843749999 0.48076296875 0.148955659375 0.5389071484375
2 0 0.323181221875 0.00910060625 0.32803942343750003 0.0581414625 0.282990725 0.042142953125 0.23571199375 0.00488145625 0.20532378593749998 0 0.20802962187500001 0 0.323181221875
2 0 0.46335539062500003 0.008969196875 0.465927265625 0.0380412859375 0.44470808437500003 0.0406954234375 0.38964215 0.0025857171875000003 0.339307075 0 0.3391713203125 0 0.46335539062500003
2 0.384150684375 0.8066686375 0.44006482968749994 0.82926964375 0.467842703125 0.8011114687499999 0.46355784843750003 0.74733975 0.42502403749999995 0.6870312421875 0.390350975 0.6705210187499999 0.3582444453125 0.690870090625 0.3542741875 0.7619783390625 0.384150684375 0.8066686375
2 0.481567375 0.9593921828124999 0.5192967796875 0.9537912093750001 0.52670368125 0.9165078125000001 0.5046362906249999 0.8674888562499999 0.45998979531249995 0.8514027390625 0.4313418109375 0.8825953546875 0.447764425 0.9398475203125001 0.481567375 0.9593921828124999
2 0.9335377203125 0.803289725 0.966916565625 0.81286095625 0.99424843125 0.7977106546875 0.9977507796875 0.7625915859375 0.9839165984375 0.7192174062500001 0.9553124171875 0.7044474078125 0.9210415578125 0.720891925 0.91363465625 0.7581753234375 0.9335377203125 0.803289725
2 0.1784817296875 0.95129835625 0.20710781250000002 0.9430870484374999 0.2201594890625 0.8975704421874999 0.198516203125 0.85852491875 0.139991721875 0.8450272343749999 0.1265378421875 0.8575891015625 0.1784817296875 0.95129835625
2 0.8964514375 0.5890510640625 0.946296703125 0.60991184375 0.9857882328124999 0.575260684375 0.9533671046875 0.47072978593750003 0.932572028125 0.4516311296875 0.8844450859374999 0.447682775 0.848434003125 0.4701961734375 0.8557532984374999 0.524838003125 0.8964514375 0.5890510640625
2 0.68671875 0.25625 0.2484375 0.2609375