2 0.35625 0.8171875 0.13125 0.15
2 0.3265625 0.7171875 0.1375 0.1484375
2 0.31875 0.61328125 0.103125 0.109375
2 0.4234375 0.6734375 0.115625 0.1125
2 0.50546875 0.73984375 0.1734375 0.1984375
2 0.39296875 0.57109375 0.14375 0.1484375
2 0.453125 0.49375 0.1390625 0.1546875
2 0.32890625 0.471875 0.14375 0.1703125
2 0.3875 0.34453125 0.2046875 0.2390625
2 0.24765625 0.36015625 0.1515625 0.1671875
2 0.12578125 0.23671875 0.18125 0.2
2 0.07734375 0.7078125 0.1109375 0.14375
2 0.79921875 0.2453125 0.2453125 0.3109375
2 0.74140625 0.68046875 0.240625 0.2703125
2 0.4734375 0.9171875 0.2 0.165625