2 0.40390625 0.834375 0.115625 0.1546875
2 0.33984375 0.43828125 0.10625 0.1265625
2 0.42734375 0.3953125 0.115625 0.14375
2 0.1859375 0.209375 0.146875 0.1890625
2 0.28828125 0.1359375 0.1484375 0.190625
2 0.084375 0.03515625 0.096875 0.0703125
2 0.8546875 0.1375 0.134375 0.153125
2 0.6265625 0.65625 0.103125 0.1390625
2 0.734375 0.61484375 0.1125 0.1546875
2 0.84140625 0.6578125 0.090625 0.1078125
2 0.81875 0.75625 0.0953125 0.1171875
2 0.74921875 0.84609375 0.10625 0.1375
2 0.86640625 0.86171875 0.11875 0.15
2 0.7140625 0.9796875 0.115625 0.040625
2 0.84453125 0.9765625 0.1171875 0.046875
2 0.8453125 0.4640625 0.0765625 0.10625
2 0.92578125 0.45625 0.1109375 0.1453125
2 0.93515625 0.07109375 0.096875 0.0765625
2 0.07734375 0.73671875 0.14375 0.203125
2 0.59296875 0.89375 0.1921875 0.2125
2 0.446875 0.09375 0.209375 0.1875