2 0.109173696875 0.294589153125 0.1453985953125 0.274299046875 0.1695728171875 0.18731103437500002 0.14096475 0.14556700625000002 0.11189115937500001 0.1442461234375 0.073178725 0.166479703125 0.0517248015625 0.23131266875 0.0792447484375 0.2819187171875 0.109173696875 0.294589153125
2 0.18675563125 0.3221062640625 0.23215384687500001 0.318684840625 0.25726195625 0.27903851875 0.2476988109375 0.2103971359375 0.20502089375 0.1916635109375 0.16467628125 0.22719012031250002 0.1415901796875 0.3053161140625 0.15690521562499998 0.345427965625 0.18675563125 0.3221062640625
2 0.3235728703125 0.3434031203125 0.3669490765625 0.301502025 0.37682068125 0.25773599062499997 0.363993178125 0.21568066406250003 0.33017728125 0.198035159375 0.29200890625000003 0.21583773125 0.27218716249999997 0.2673776671875 0.2917004453125 0.32824515 0.3235728703125 0.3434031203125
2 0.375552840625 0 0.3391906953125 0.0147315859375 0.3309512671875 0.04520459375 0.3360048703125 0.07730978125 0.374563075 0.11127990937500001 0.4096998546875 0.099851821875 0.43224189687500003 0.026156837500000002 0.41180593437499996 0 0.375552840625 0
2 0.09082422812499999 0.13266380625000002 0.100695834375 0.0888977703125 0.0809497890625 0.0482418609375 0.052964315625 0.0380589578125 0.048536140625 0.16570288125 0.09082422812499999 0.13266380625000002
2 0.48052598281250003 0.4571285859375 0.560828215625 0.4624906484375 0.6130664421875001 0.42167767187500005 0.6150856140625 0.33196936093749996 0.564633796875 0.30328559843749997 0.5143390453125 0.3465861078125 0.508354390625 0.395327215625 0.47741585625000005 0.427510934375 0.48052598281250003 0.4571285859375
2 0.5837629234375 0.5687563453125 0.61664493125 0.5390601609375001 0.6209974078125 0.503612084375 0.6017954203125 0.45852516562499995 0.5815838484375 0.4582924015625 0.548934603125 0.46777701406250005 0.534087928125 0.51543 0.5577209234375 0.561060978125 0.5837629234375 0.5687563453125
2 0.86267525625 0.23867972499999998 0.9044192843750001 0.210071659375 0.920354078125 0.153556653125 0.8944663109375 0.089657578125 0.848212740625 0.081729446875 0.8067800078125 0.12611807656250001 0.804682303125 0.1798342515625 0.8238842890625 0.22492117031249997 0.86267525625 0.23867972499999998
2 0.77236136875 0.9742273203125 0.8085862671875 0.9539372125 0.82949613125 0.8935352578125 0.806951253125 0.839042259375 0.76069768125 0.8311141296875 0.7208971296875 0.8622097312499999 0.714912475 0.9109508359375 0.7380014109374999 0.9610128234375 0.77236136875 0.9742273203125
2 0.9198735734374999 1 0.9216162796875 0.9858068015624999 0.9037351749999999 0.9116462890625 0.8688311578125001 0.9028628031249999 0.8295746640624999 0.9295273937499999 0.8102969796874999 0.9766363218749999 0.8210724703125001 1 0.9198735734374999 1
2 0.9578383421875 0.8373287125 0.9125186609375 0.876742271875 0.93957308125 0.967771465625 0.9578383421875 0.8373287125
2 0.71680025625 1 0.725019678125 0.9751612078124999 0.6767441 0.9287534078125 0.642462675 0.9515310484375 0.632047009375 0.9997280937499999 0.6321571687499999 1 0.71680025625 1
2 0.0939485359375 0.80322136875 0.082209153125 0.752304025 0.0567112140625 0.7401776484375 0.028492978125000002 0.7502063203125 0.008127175 0.8061772671874999 0.0234422109375 0.8462891156250001 0.062233179687499994 0.8600476718750001 0.0939485359375 0.80322136875
2 0.26640625 0.58359375 0.21875 0.2453125
2 0.9203125 0.47578125 0.159375 0.2453125