2 0.2247258140625 0.055828932812499996 0.20051886406250002 0.030145493750000002 0.1584337578125 0.0348920890625 0.12652723593749998 0.066904325 0.1139126203125 0.169195475 0.12766683437499998 0.19037510625 0.1555864921875 0.1985916234375 0.21675208437500001 0.1362864328125 0.2247258140625 0.055828932812499996
2 0.052230084375 0.20172465312500001 0.081077921875 0.2055744390625 0.1067613578125 0.181367490625 0.11418677656250001 0.146433646875 0.09554889062500001 0.0945498265625 0.073578159375 0.1012898546875 0.052230084375 0.20172465312500001
2 0.2504011015625 0.68655719375 0.2177348453125 0.636255571875 0.185311378125 0.6384917921875 0.142815040625 0.6773811328125 0.129820559375 0.7385153578125 0.1573289859375 0.7808746171875 0.2045719203125 0.7840703812500001 0.24270152656250002 0.7442528640625 0.2504011015625 0.68655719375
2 0.4174962125 0.48018126875 0.3917070625 0.44046946093750006 0.36550668124999997 0.4349003984375 0.331743803125 0.4756460921875 0.325626428125 0.5473701328125 0.347185925 0.574772846875 0.3892710296875 0.5700262515625 0.4169479 0.5257049265625 0.4174962125 0.48018126875
2 0.5238369640625 0.301967790625 0.5024145453125 0.263184159375 0.46019236250000006 0.279311671875 0.44403348437499995 0.312389159375 0.44255699687499994 0.3622795484375 0.4641164921875 0.3896822640625 0.4868783203125 0.38995641875 0.5232886515625 0.347491446875 0.5238369640625 0.301967790625
2 0.5547096 0.21040352968749998 0.52001854375 0.2555159546875 0.5403757078125 0.3100472296875 0.5780940828125 0.30437245625 0.601404221875 0.259122953125 0.5547096 0.21040352968749998
2 0.494041371875 0 0.4965597171875 0.0223286015625 0.5277808515625 0.047220940625 0.566290325 0.0485603515625 0.5947582953125 0.011253209375 0.5468509859374999 0 0.494041371875 0
2 0.794151403125 0.10383975000000001 0.7761675390625 0.0703510265625 0.7456004265625 0.06385378750000001 0.7083989953125001 0.0993045734375 0.6981890468749999 0.14733860781250002 0.716035834375 0.1922082453125 0.7492504015625 0.1969862078125 0.7864518312500001 0.161535421875 0.794151403125 0.10383975000000001
2 0.8702108078125 0.186184971875 0.8130320796875001 0.20826141250000002 0.8028221296875 0.25629544531250004 0.8147199890625 0.28620853749999997 0.8664667312500001 0.278951565625 0.8872664953125 0.22404042500000002 0.8702108078125 0.186184971875
2 0.99687735625 0.1378024390625 0.9788934890625001 0.10431371874999999 0.9377365624999999 0.1046935828125 0.911124946875 0.1332672640625 0.8946919140625 0.18910658125 0.9100283250000001 0.2243145796875 0.94668144375 0.23438745156250002 0.990105959375 0.19113138125 0.99687735625 0.1378024390625
2 1 0.2802767078125 0.9910027687499999 0.262064321875 0.9551407484375 0.25900563593750003 0.9179393171875001 0.294456421875 0.908657546875 0.338123725 0.929288865625 0.3698931703125 0.9659419859374999 0.3799660421875 1 0.3578485078125 1 0.2802767078125
2 0.7133999875 0.48374529062500005 0.6813877546875 0.45183876874999995 0.629229778125 0.49323848437500006 0.6302636671874999 0.5527905109375 0.6493127875 0.5705315859375 0.6887504375 0.5675042671875 0.7100671453125 0.542369140625 0.7133999875 0.48374529062500005
2 0.623934871875 0.4966770359375 0.595635346875 0.4473035921875 0.5437515265624999 0.4659414796875 0.5222977390625 0.502457521875 0.52267760625 0.5436144484375001 0.5442371015624999 0.5710171640625 0.5818183984374999 0.5767233046875 0.6146531000000001 0.540344340625 0.623934871875 0.4966770359375
2 0.5896236828125 0.5829463890625 0.5431718484375 0.586764809375 0.527150046875 0.6084613812499999 0.5194504734375001 0.666157053125 0.5522538078125 0.7050777609375001 0.598051621875 0.6828642421875 0.611974278125 0.6173632890625 0.5896236828125 0.5829463890625
2 0.4845479984375 0.583431965625 0.44854890000000003 0.5917541921875 0.42895146874999995 0.6195367734375 0.43871881874999996 0.6809451531249999 0.47100520625 0.6900898484375 0.5038399078125 0.6537108843749999 0.4845479984375 0.583431965625
2 0.7124090765625 0.6387113640625001 0.6866199281250001 0.59899955625 0.6560528156250001 0.592502315625 0.6207077390625 0.6192196437499999 0.6111518109375 0.685648775 0.62463186875 0.729590234375 0.684320971875 0.71717543125 0.7065658578125 0.687673575 0.7124090765625 0.6387113640625001
2 0.8773109421875 0.6144300703125001 0.8558885249999999 0.575646440625 0.8058610578125001 0.5855508671874999 0.806620790625 0.667864721875 0.8389071796875 0.6770094171875 0.868957346875 0.65373064375 0.8773109421875 0.6144300703125001
2 0.842420075 0.8215227515624999 0.8138463953124999 0.7949111359375001 0.7638189296875 0.8048155625 0.7423651437500001 0.841331603125 0.7695994125000001 0.90645269375 0.8081088859375001 0.907792103125 0.8427999421875001 0.862679678125 0.842420075 0.8215227515624999
2 0.662718675 1 0.68024000625 0.9833031968749999 0.6832986921875001 0.9474411765624999 0.661876275 0.908657546875 0.6303809859375 0.9065270359375001 0.609064278125 0.9316621640625 0.6041492359375 0.97625764375 0.617094684375 1 0.662718675 1