2 0.11015625 0.28125 0.109375 0.14453125
2 0.03359375 0.303125 0.0671875 0.146875
2 0.4375 0.28515625 0.11953125 0.11796875
2 0.5515625 0.059375 0.1125 0.11796875
2 0.5390625 0.2640625 0.0984375 0.1296875
2 0.4890625 0.515625 0.12109375 0.16875
2 0.48828125 0.65625 0.11171875 0.1421875
2 0.26875 0.8453125 0.09375 0.1234375
2 0.15390625 0.9640625 0.0921875 0.071875
2 0.3546875 0.97265625 0.11640625 0.05390625
2 0.56328125 0.95078125 0.12109375 0.0984375
2 0.609375 0.709375 0.09765625 0.1234375
2 0.69765625 0.80234375 0.09609375 0.1671875
2 0.63671875 0.27734375 0.10078125 0.1234375
2 0.665625 0.63359375 0.08515625 0.11796875
2 0.759375 0.64921875 0.0765625 0.1203125
2 0.70390625 0.06171875 0.10859375 0.1140625
2 0.87421875 0.43046875 0.09375 0.1453125
2 0.81171875 0.0546875 0.125 0.1078125
2 0.90859375 0.0671875 0.09609375 0.134375
2 0.96796875 0.4 0.0640625 0.125
2 0.978125 0.53515625 0.04375 0.11484375
2 0.90625 0.8265625 0.1109375 0.1421875
2 0.08046875 0.39765625 0.1 0.1203125
2 0.0359375 0.53515625 0.06640625 0.11484375
2 0.01875 0.140625 0.0375 0.128125
2 0.19296875 0.025 0.11796875 0.05
2 0.02890625 0.0375 0.0578125 0.07421875
2 0.9640625 0.02109375 0.071875 0.0421875
2 0.346875 0.09921875 0.15234375 0.19765625
2 0.3640625 0.4859375 0.1390625 0.18359375