2 0.2241775015625 0.8986474109374999 0.1648682640625 0.8450756796875 0.1308625984375 0.856867828125 0.1094401796875 0.8956514578125001 0.124291015625 0.9655191421874999 0.15884499218749998 0.9992506531249999 0.20515975000000003 0.991688159375 0.2334592734375 0.9423147125 0.2241775015625 0.8986474109374999
2 0.338852090625 0.7510440203125001 0.291335 0.73147795625 0.2418558453125 0.7670971875 0.238037425 0.813549021875 0.26162172031250003 0.8815603546874999 0.311786265625 0.9028456953124999 0.35768978906250004 0.86114045625 0.3658749390625 0.8137604453125 0.338852090625 0.7510440203125001
2 0.2325740734375 0.723429884375 0.1972289953125 0.696712559375 0.1685182375 0.7119432609375 0.154901103125 0.7445038046875 0.1613983421875 0.7750709171875 0.1940959671875 0.800068965625 0.222015625 0.79185245 0.2390713125 0.753996996875 0.2325740734375 0.723429884375
2 0.27937440625 0.6107917046875 0.22948401875000002 0.6122681921875001 0.2136306625 0.6772522046875 0.2456742625 0.720645353125 0.27465917812499996 0.72817648125 0.31990867968750003 0.704866340625 0.3175040140625 0.650609221875 0.27937440625 0.6107917046875
2 0.39015623125 0.648858578125 0.3523007796875 0.6318028906250001 0.33208069375 0.697715078125 0.37127555624999997 0.7532802390625 0.4068634203125 0.727459725 0.41253819375 0.68974135 0.39015623125 0.648858578125
2 0.3089819734375 0.5246280624999999 0.261190728125 0.48230017031249994 0.215941225 0.5056103109375 0.204180446875 0.546904315625 0.22312385468749998 0.5930819953124999 0.2714320453125 0.605633875 0.2915464203125 0.6036404421875 0.3164073921875 0.55956190625 0.3089819734375 0.5246280624999999
2 0.17125164375 0.2846263375 0.13061165937500002 0.254470459375 0.1044112765625 0.260039521875 0.0864274125 0.2935282453125 0.1028604453125 0.3493675625 0.13555806875 0.3743656109375 0.1644059046875 0.3705158234375 0.1814615921875 0.33266037187499997 0.17125164375 0.2846263375
2 0.3766250484375 0.252382925 0.34646916875 0.293022909375 0.3529664078125 0.32359002187499997 0.383807678125 0.339854609375 0.40299387500000006 0.3334944484375 0.4156828328125 0.296567171875 0.3766250484375 0.252382925
2 0.48978017031250004 0.2694072453125 0.45735670468749995 0.26717102656249997 0.43751648593750003 0.2919262859375 0.44428788125 0.345255228125 0.48757531875 0.3771303828125 0.5240913593750001 0.3556765984375 0.5279097796875 0.3092247625 0.48978017031250004 0.2694072453125
2 0.581407165625 0.38913395156249997 0.5504288203125001 0.3614884484375 0.5242284374999999 0.3670575125 0.49778526875000007 0.42516441718750003 0.5061388625000001 0.46446499062499996 0.548498121875 0.49197341562499997 0.5807845125 0.482828721875 0.5969120234374999 0.44060653906249997 0.581407165625 0.38913395156249997
2 0.5224661859374999 0.584223065625 0.48619293125 0.5531390078125 0.45562581875 0.5596362484374999 0.442008684375 0.59219679375 0.4531468109375 0.6445975578125 0.48491625625 0.6652288765625001 0.5137640921875 0.661379090625 0.529891603125 0.6191569078125 0.5224661859374999 0.584223065625
2 0.674373571875 0.5473701328125 0.6215615734375 0.524365515625 0.5928508156250001 0.539596215625 0.5810900343750001 0.5808902218750001 0.5922281609375 0.6332909875 0.6398823296875 0.6642379640625 0.6894985609375001 0.6399996484375 0.69053245 0.580447621875 0.674373571875 0.5473701328125
2 0.790313225 0.5774946437499999 0.7496732421875001 0.547338765625 0.7234728609375 0.5529078281250001 0.70297861875 0.5960581875 0.712260390625 0.6397254921875 0.7449580124999999 0.6647235421875 0.7781725796875001 0.6599455765625 0.799594996875 0.6211619484375 0.790313225 0.5774946437499999
2 0.924796665625 0.329836321875 0.9692864359375 0.38884003749999996 0.9867533578125001 0.3851273296875 0.9599732968750001 0.2698730625 0.924796665625 0.329836321875
2 0.693114321875 0 0.69148384375 0.005178812499999999 0.6998374375 0.044479384375 0.7353195921875 0.082577625 0.784144725 0.0653534921875 0.79841588125 0.01439785 0.7925094703125 0 0.693114321875 0
2 0.45913847968750005 0 0.3974364203125 0.0174762953125 0.446292921875 0.0755518328125 0.4977655078125 0.0600469765625 0.49478916406250006 0 0.45913847968750005 0
2 0.40420781562499997 0.07080523749999999 0.3663523640625 0.0537495484375 0.33685050625 0.075994434375 0.3330320875 0.12244626875 0.37566550468750004 0.1727165234375 0.41032519062499995 0.1425292765625 0.4159999640625 0.10481090156249999 0.40420781562499997 0.07080523749999999
2 0.6890625 0.31796875 0.2109375 0.2703125
2 0.5671875 0.03046875 0.1375 0.0609375