2 0.1625 0.42578125 0.10859375 0.14140625
2 0.24140625 0.35625 0.1125 0.14453125
2 0.36484375 0.728125 0.125 0.1515625
2 0.14140625 0.85234375 0.12734375 0.165625
2 0.20546875 0.93203125 0.12265625 0.13515625
2 0.26484375 0.85390625 0.0984375 0.15546875
2 0.32109375 0.59609375 0.121875 0.171875
2 0.33125 0.2171875 0.10859375 0.13359375
2 0.45859375 0.22890625 0.1328125 0.16484375
2 0.4828125 0.0640625 0.12421875 0.128125
2 0.57734375 0.2734375 0.12265625 0.18046875
2 0.49609375 0.4171875 0.12265625 0.16484375
2 0.56640625 0.471875 0.1375 0.16640625
2 0.6578125 0.39921875 0.1046875 0.11953125
2 0.76953125 0.315625 0.1140625 0.15078125
2 0.8765625 0.31328125 0.125 0.16796875
2 0.88046875 0.415625 0.11640625 0.1328125
2 0.96953125 0.1046875 0.0609375 0.16875
2 0.77734375 0.0234375 0.10546875 0.046875
2 0.37890625 0.4609375 0.1328125 0.15859375