2 0.1 0.7953125 0.1453125 0.1828125
2 0.44296875 0.8859375 0.1234375 0.1453125
2 0.4171875 0.76796875 0.140625 0.165625
2 0.521875 0.93359375 0.159375 0.1328125
2 0.746875 0.975 0.15625 0.05
2 0.81484375 0.90390625 0.1828125 0.1921875
2 0.61015625 0.6578125 0.115625 0.13125
2 0.4484375 0.61484375 0.178125 0.2109375
2 0.27109375 0.56953125 0.1296875 0.1625
2 0.31171875 0.4 0.109375 0.1296875
2 0.14140625 0.31015625 0.1796875 0.19375
2 0.3640625 0.28125 0.178125 0.20625
2 0.49140625 0.1953125 0.1234375 0.15625
2 0.51484375 0.38046875 0.1625 0.184375
2 0.59609375 0.4421875 0.121875 0.1421875
2 0.81015625 0.4671875 0.1703125 0.1984375
2 0.89921875 0.40859375 0.1234375 0.1390625
2 0.91171875 0.14921875 0.1421875 0.1265625
2 0.57421875 0.109375 0.1125 0.140625
2 0.04140625 0.809375 0.0828125 0.159375
2 0.08046875 0.21484375 0.0734375 0.1421875
2 0.84375 0.73125 0.159375 0.2078125
2 0.15 0.1484375 0.165625 0.1953125
2 0.27421875 0.884375 0.178125 0.1703125
2 0.7703125 0.17109375 0.209375 0.2296875