2 1 0.47059845468750006 0.9857825453125001 0.4503916375 0.9198093625 0.4389131875 0.8802596234375001 0.489127096875 0.8886697124999999 0.5449665625 0.9349816921875 0.596525203125 0.9819660390625 0.6051529859375 1 0.5902717015625 1 0.47059845468750006
2 0.9235597343749999 0.4069399671875 0.9646911875 0.433581103125 0.9885574343749999 0.42142064375 0.9952342515625 0.3804407484375 0.9790203046875 0.3486190859375 0.9449445640624999 0.3309088484375 0.9180760921875001 0.34209382499999996 0.9113234953125 0.3730915640625 0.9235597343749999 0.4069399671875
2 0.8066906328125001 0.26607235 0.8636571390625001 0.274624353125 0.88744760625 0.252481734375 0.8881199734375 0.2095508734375 0.8276965671875001 0.1401304375 0.779064371875 0.177435740625 0.7783920046875 0.22036660000000002 0.8066906328125001 0.26607235
2 0.7399596625 0.1547723140625 0.7829663015625 0.1654268375 0.80675676875 0.14328422031250002 0.8134335859374999 0.1023043234375 0.7831082140625 0.052620867187499996 0.7510592171875 0.038888337499999995 0.7123334 0.066135703125 0.7177412640624999 0.12099968750000001 0.7399596625 0.1547723140625
2 0.6209182046875 0 0.567402653125 0.0422791015625 0.634805990625 0.110648278125 0.670605359375 0.0924075875 0.6772821765625 0.0514276921875 0.6530370375000001 0.013677357812499999 0.62111679375 0 0.6209182046875 0
2 0.6694879625 0.2082157859375 0.695380953125 0.2000330328125 0.691848275 0.1291824390625 0.658748015625 0.10846997656249999 0.6398349578125 0.1156014671875 0.614093528125 0.1437485375 0.6264055453124999 0.1875791015625 0.6694879625 0.2082157859375
2 0.51780461875 0.21535691875000001 0.5536039890625 0.1971162296875 0.5622317703124999 0.1501318828125 0.537835071875 0.0924172328125 0.5057860734374999 0.0786847015625 0.4789176015625 0.08986967968750001 0.450477059375 0.15696990156249999 0.51780461875 0.21535691875000001
2 0.38178553125 0 0.358525465625 0.0109217578125 0.3516970890625 0.0319373359375 0.37226763906250004 0.111643046875 0.42135450781249995 0.134230696875 0.457153878125 0.11599000625 0.48176826874999995 0.0708808453125 0.46540276562500005 0.019094865625 0.44295060781249995 0 0.38178553125 0
2 0.452513446875 0.2937178984375 0.5003217171875 0.2793791375 0.5090252796875 0.24237694843750002 0.4948380765625 0.2145329953125 0.4525795828125 0.17092976875000002 0.42060636249999994 0.167179396875 0.379029878125 0.2134155984375 0.4014756140625 0.2771347 0.452513446875 0.2937178984375
2 0.37656775 0.41508551562499996 0.45365012968749996 0.443450278125 0.49732913593749994 0.41117394375 0.49589898125 0.3542832171875 0.4636226453125 0.3106042109375 0.40162717187499997 0.29709901875 0.3570484625 0.3423597375 0.3503716453125 0.3833396328125 0.37656775 0.41508551562499996
2 0.2922877421875 0.4905958265625 0.2928843296875 0.4376828078125 0.25460354375 0.3920528375 0.228634775 0.39025343125 0.1773034703125 0.4665118875 0.25851511718750003 0.5128142234374999 0.2922877421875 0.4905958265625
2 0.0750955328125 0.678921753125 0.1301110734375 0.69347820625 0.1638079203125 0.6612776499999999 0.1664312515625 0.6123423390625 0.13610588125 0.5626588828125 0.0960256875 0.5429976796875 0.051295421875000004 0.5682940828125 0.0446943828125 0.6192561375000001 0.0750955328125 0.678921753125
2 0.14517869218749999 0.4427971984375 0.18210510156249998 0.44151860000000004 0.21655009375 0.37636934375000003 0.1941801390625 0.3226324 0.143066528125 0.29606704375000004 0.0942827734375 0.31340803125 0.074621571875 0.35348822343749997 0.11102717343749999 0.41510480312500003 0.14517869218749999 0.4427971984375
2 0.5243119609375 0.9410522796875 0.559363184375 0.955760290625 0.6010912265624999 0.92948840625 0.6076922640625 0.8785263515624999 0.561380284375 0.826967709375 0.529407065625 0.8232173390625 0.5045653359375 0.8383800234375001 0.4979642984375 0.8893420781250001 0.5243119609375 0.9410522796875
2 0.61687384375 1 0.638472309375 0.9881027609374999 0.6162539109375 0.9543301359375 0.5842806921875 0.9505797640625 0.5545615515625 0.9807535765625 0.565551234375 1 0.61687384375 1
2 0.3171875 0.71875 0.23125 0.2390625
2 0.053125 0.325 0.10625 0.246875
2 0.809375 0.6578125 0.1984375 0.234375