2 0.18248669687500002 0.4651981015625 0.2254011890625 0.44518674531249997 0.23914306875000002 0.4074312375 0.2372460296875 0.37348521562500003 0.2071249015625 0.3387680546875 0.1712664328125 0.3589721953125 0.153329496875 0.3952008265625 0.15217278437499998 0.43753696093750005 0.18248669687500002 0.4651981015625
2 0.3554787484375 0.3880136453125 0.30169875 0.39219329531249997 0.29101062031249997 0.42155869062500007 0.33313856249999996 0.48202454687499996 0.37757992812499996 0.45781813437499996 0.3882680578125 0.4284527390625 0.3554787484375 0.3880136453125
2 0.353003353125 0.375235690625 0.4004984703125 0.3426391671875 0.4157672265625 0.3006886046875 0.39728274531249996 0.25357905625 0.37077831875 0.24155683749999998 0.3379736015625 0.253370865625 0.3082072296875 0.309047903125 0.315247846875 0.3614938109375 0.353003353125 0.375235690625
2 0.29987874375 0.0969816609375 0.289784378125 0.052925867187499996 0.2590848921875 0.039376771875 0.2262801765625 0.0511908 0.2068163625 0.0916144875 0.2363591359375 0.1474997171875 0.28346868281250004 0.1290152375 0.29987874375 0.0969816609375
2 0.21310124375 0.12003136249999999 0.24458727812499997 0.053103246874999996 0.292259771875 0.065703821875 0.2590848921875 0.039376771875 0.21445074062499997 0.0706392046875 0.21310124375 0.12003136249999999
2 0.37198125000000004 0.0424613375 0.32773266875 0.0596117265625 0.27564151875 0.1570465421875 0.3462017421875 0.1589743953125 0.38072612031249997 0.1359092875 0.4021023796875 0.07717849843749999 0.37198125000000004 0.0424613375
2 0.4457263828125 0.23795554375 0.4897821765625 0.227861178125 0.521075425 0.1679890828125 0.5098397515624999 0.1140163 0.47494521250000005 0.098940328125 0.4364185640625 0.1134225359375 0.41542787499999995 0.15804128125 0.41312985781249995 0.1904604265625 0.4457263828125 0.23795554375
2 0.5420673375 0 0.5027991375 0.0615703921875 0.5323419109375 0.117455621875 0.5565637296875 0.10964386562499999 0.5836619187500001 0.0482448953125 0.5677156343750001 0 0.5420673375 0
2 0.5983061000000001 0.1842217671875 0.61928138125 0.1918561453125 0.6538211656249999 0.116537915625 0.61950498125 0.0802938765625 0.58515798125 0.1485560828125 0.5983061000000001 0.1842217671875
2 0.6175309078125 0.30761346875 0.607436540625 0.263557671875 0.5809321125 0.251535453125 0.558044384375 0.262208175 0.542775628125 0.3041587390625 0.5475336343749999 0.33677066875 0.5696502203125 0.3543220359375 0.6175309078125 0.30761346875
2 0.720271271875 0.47565472656249996 0.7662395125 0.44725325937499993 0.7826495734375001 0.4152196828125 0.7698870265625 0.36544195625000003 0.741855721875 0.35761479218750003 0.7117191859374999 0.375150753125 0.689201621875 0.423964553125 0.699295990625 0.4680203484375 0.720271271875 0.47565472656249996
2 0.7817164609375 0.3459935515625 0.81890901875 0.328650375 0.8383728312500001 0.2882266890625 0.825610284375 0.2384489609375 0.79796455 0.21650975312499998 0.7621060828124999 0.23671389375000002 0.7422567 0.29124962499999996 0.760741178125 0.338359171875 0.7817164609375 0.3459935515625
2 0.7588749531250001 0.19990690625000002 0.8090382500000001 0.1730323140625 0.8273607578125001 0.1226916375 0.815739515625 0.0828309 0.7667329296875 0.06736935625 0.73506951875 0.0891003734375 0.716747009375 0.13944105 0.725700071875 0.17357985625 0.7588749531250001 0.19990690625000002
2 0.8632192249999999 0.102487496875 0.8900938187499999 0.1526507953125 0.9330083078125 0.1326394390625 0.8632192249999999 0.102487496875
2 0.5269826421875 0.8304994484374999 0.5071486640625 0.8327820593749999 0.48729928125 0.8873177906249999 0.5187545 0.9248959187500001 0.5551913234375 0.8835237125000001 0.5477651375 0.8451898484375 0.5269826421875 0.8304994484374999
2 0 0.843125034375 0.045823625 0.8667822046874999 0.058231415625000005 0.82616573125 0.0326909140625 0.7788634 0 0.7915341312499999 0 0.843125034375
2 0.892399740625 0.7402130953125 0.9265231406250001 0.7835131546875 0.9706097484375 0.6689125437500001 0.941244353125 0.6582244140625 0.9050003156249999 0.6925405984374999 0.892399740625 0.7402130953125
2 1 0.151370434375 0.9639005781250001 0.1391325125 0.9594973296875 0.19691478125 1 0.2232121140625 1 0.151370434375
2 0.059434346875 0.62707023125 0.028141100000000002 0.686942325 0.0527330828125 0.717271646875 0.0857305828125 0.6984015953125 0.0979455890625 0.66484114375 0.0832705953125 0.63337051875 0.059434346875 0.62707023125
2 0.940002703125 0.3418447140625 0.9829171921875 0.3218333578125 0.9997128249999999 0.2756877390625 0.9865647078125 0.24002205625 0.955865221875 0.22647296093749997 0.9272555625000001 0.2398138640625 0.9062648734375 0.2844326078125 0.912164184375 0.326961528125 0.940002703125 0.3418447140625
2 0.7140625 0.571875 0.2046875 0.271875
2 0.27890625 0.559375 0.1765625 0.2171875
2 0.0671875 0.60546875 0.134375 0.2203125
2 0.184375 0.0703125 0.15 0.140625