2 0.5978325375 0 0.581805571875 0.003410375 0.573226553125 0.020588925 0.5823053390624999 0.0779101234375 0.60528995 0.0946094203125 0.6317458874999999 0.09041921093750001 0.6602764171875 0.056520851562499995 0.6590987953125 0.0205479 0.6308170359374999 0 0.5978325375 0
2 0.53543915 0.110192634375 0.557485765625 0.10670079375 0.5758009125 0.0653805234375 0.563709540625 0.017576339062499998 0.543278775 0.0027325203125 0.50337575625 0.036172139062500004 0.5117561734375 0.08908401406250001 0.53543915 0.110192634375
2 0.6315678 0.203445759375 0.666842384375 0.1978588140625 0.7034931906249999 0.15815439375 0.6893067125 0.097122240625 0.66887595 0.082278421875 0.6324442546875 0.094828534375 0.600202771875 0.1338345875 0.6315678 0.203445759375
2 0.71951463125 0.17369658125 0.769653546875 0.190614990625 0.8107136765625 0.15021220468750002 0.8118502734374999 0.100312915625 0.7649430578125 0.046723184375 0.73523490625 0.04464859375 0.6953318875 0.0780882125 0.7002204640625 0.10895347343749999 0.71951463125 0.17369658125
2 0.5276405515625 0.3035249890625 0.5594438078125 0.3188275484375 0.5974913515625 0.2879417765625 0.6051323734375 0.25057208750000004 0.563791590625 0.1893208203125 0.534781809375 0.1916555515625 0.5134540750000001 0.24249283593749998 0.5276405515625 0.3035249890625
2 0.7061701140625 0.41762659218750003 0.736795746875 0.3969562015625 0.7451351390625 0.3639958359375 0.7395481937499999 0.328721253125 0.7140097375 0.310166478125 0.6856983234375 0.31691053281250003 0.6666848078125 0.3538214796875 0.7061701140625 0.41762659218750003
2 0.77226893125 0.3212788296875 0.8214698515625001 0.318006103125 0.8260777750000001 0.247217309375 0.7852162484375 0.21752967031249998 0.7483258140625 0.24145227500000002 0.7536936453124999 0.3038811640625 0.77226893125 0.3212788296875
2 0.7653673015625 0.44893008125 0.82177101875 0.46259627812500004 0.8533141328125 0.419180903125 0.8493430390625001 0.3655706609375 0.82356495625 0.331234071875 0.7762195125 0.331952953125 0.7451351390625 0.3639958359375 0.746093646875 0.42712309375 0.7653673015625 0.44893008125
2 0.732687590625 0.54224474375 0.7651892140625 0.561956628125 0.8136917671875 0.554274578125 0.8266801078125001 0.5363976593750001 0.8285150734375 0.4909076921875 0.7913645 0.4561123625 0.7586437609375001 0.46355478593750005 0.73150996875 0.5062717921875 0.732687590625 0.54224474375
2 0.7448199890625 0.67592116875 0.7729122890625 0.6963314203125 0.8081868734375 0.690744475 0.8492470031250001 0.6503416875 0.8329654218749999 0.576081565625 0.7993066890625 0.56333285 0.7570689374999999 0.5677626874999999 0.7380554218750001 0.604673634375 0.7448199890625 0.67592116875
2 0.83773745 0.8487817328125 0.92031645 0.7566036656249999 0.8968320734375 0.6654046203124999 0.8689793984374999 0.660776184375 0.8288367515624999 0.6784339890625 0.8068106500000001 0.72486195 0.83773745 0.8487817328125
2 0.84178406875 0.574684828125 0.8749840593749999 0.5988060359375 0.900741628125 0.590206503125 0.91975514375 0.5532955578125 0.907663771875 0.505491371875 0.8886297437499999 0.49946619999999997 0.8552106374999999 0.5024992984375001 0.8361971234375 0.5394102468749999 0.84178406875 0.574684828125
2 1 0.6166194468749999 0.9852376453125 0.6242829515625 0.99571316875 0.690422796875 1 0.6919240875 1 0.6166194468749999
2 0.6597897078125 0.9809243593750001 0.7215202281249999 0.9711472062500001 0.7300992468749999 0.9539686546875 0.718007875 0.9061644718749999 0.6880600968749999 0.8883080640625 0.65974868125 0.8950521203124999 0.643747753125 0.9224460515624999 0.6597897078125 0.9809243593750001
2 0.63492910625 0.9238427874999999 0.5957039421875 0.918755609375 0.564160825 0.9621709859375001 0.5646400796875 0.9937346140625 0.7259295515625 0.9704488375 0.718007875 0.9061644718749999 0.6836507734375 0.8890064328125 0.6467603390625001 0.9129290390625 0.6474792203125 0.9602744812499999 0.63492910625 0.9238427874999999
2 0.611225615625 0.8597980484375001 0.6188666390625001 0.8224283609375 0.5905347125 0.7862362953125 0.5550410140625 0.8189775453125 0.58361256875 0.8709514265625 0.611225615625 0.8597980484375001
2 0.407657365625 0.8016414187500001 0.434832184375 0.844796653125 0.4833347375 0.837114603125 0.5134811171875 0.784880584375 0.5057990671875 0.73637803125 0.47074359687499995 0.714810671875 0.424096521875 0.719938875 0.4087939625 0.75174213125 0.407657365625 0.8016414187500001
2 0.515014915625 0.5948004421875 0.5475165390625001 0.6145123265625 0.5769850640625 0.600805103125 0.5915892546875 0.564592525 0.586002309375 0.529317940625 0.550248471875 0.5033412578124999 0.517527734375 0.5107836812500001 0.49991095625000004 0.5565132734375 0.515014915625 0.5948004421875
2 0.251927796875 0.31781403125 0.2879007484375 0.316636409375 0.3187454984375 0.2688117109375 0.31315855312499996 0.233537128125 0.28738047031249997 0.1992005390625 0.25697395 0.1927166234375 0.2177692984375 0.230565565625 0.2217403921875 0.2841758109375 0.251927796875 0.31781403125
2 0.147658359375 0.1874308453125 0.18596604218749999 0.21526300781250002 0.2321338625 0.1785711734375 0.21724901718749998 0.113129696875 0.1791809609375 0.1010793515625 0.1545805 0.10271571406249999 0.1362653546875 0.144035984375 0.147658359375 0.1874308453125
2 0.0843735265625 0.3443520203125 0.1020108171875 0.3415585484375 0.12403691875 0.2951305875 0.1156565015625 0.24221871250000002 0.08431198749999999 0.21554365937500003 0.051132507812500005 0.2343585734375 0.0455865875 0.28495623124999997 0.0843735265625 0.3443520203125
2 0 0.28735503281249997 0.0033488359375 0.289386065625 0.0341935828125 0.24156136875 0 0.193738675 0 0.28735503281249997
2 0.018514334375 0.45648159687499995 0.0524126953125 0.4850121265625 0.09115860625 0.4585356765625 0.0987996296875 0.42116598749999995 0.082298934375 0.37406017187499996 0.0479418328125 0.3569021328125 0.024039740625 0.3629478203125 0.0057245937500000005 0.404268090625 0.018514334375 0.45648159687499995
2 0.0991007953125 0.5657561624999999 0.13299915625 0.5942866921875 0.17128632500000002 0.5791827328125 0.192614059375 0.5283454484375001 0.1340742125 0.4155790421875 0.10901501250000001 0.42858789843749995 0.08050499531250001 0.5054223765625 0.0991007953125 0.5657561624999999
2 0.1645077734375 0.9644507062500001 0.1819054390625 0.94587541875 0.17863271249999998 0.8966744984374999 0.1275558015625 0.85956495 0.1010998640625 0.863755159375 0.11947654999999999 0.9512432499999999 0.1645077734375 0.9644507062500001
2 0.07636518437499999 1 0.10764531718749999 0.962157 0.1006616359375 0.9180637703125001 0.068618753125 0.8869793953125 0.055390784375 0.8890745000000001 0.0751961734375 1 0.07636518437499999 1
2 0.36015625 0.37890625 0.1765625 0.2234375
2 0.30234375 0.83125 0.1859375 0.203125