2 0.24581456093749998 0.713697421875 0.2272046203125 0.6666372953125 0.18029605312500002 0.66528291875 0.14209104374999998 0.7009307312499999 0.12572554062500002 0.752716709375 0.1394580703125 0.7847657078125 0.1782596640625 0.8020309156250001 0.2253955703125 0.7734388156249999 0.24581456093749998 0.713697421875
2 0.5355244984375 0.685948534375 0.526972496875 0.628982028125 0.48719541875 0.6087145953124999 0.450117453125 0.6274003140625 0.427747496875 0.6811372578125 0.4393775046875 0.7271461218749999 0.4781791 0.74441133125 0.5192347734375 0.727752353125 0.5355244984375 0.685948534375
2 0.6844233109375 0.7968889625 0.6737687875 0.7538823234375001 0.6208557671875 0.7544789109375001 0.5987131484375 0.778269378125 0.588427875 0.8181222343749999 0.6021604046875 0.8501712328125001 0.6340578453125 0.8564030203125 0.6682093640625 0.828710625 0.6844233109375 0.7968889625
2 0.9251318046874999 0.6489752765625 0.9144015 0.615950796875 0.8805530953125 0.6037145578125 0.8313904484375 0.6362843640625 0.821105171875 0.6761372203125 0.8448198609375 0.7082619984375 0.867710625 0.71742023125 0.9047885921875001 0.6987345125 0.9251318046874999 0.6489752765625
2 0.8670479015625 0.5417190828125 0.8331994984375 0.52948284375 0.7900413000000001 0.5601016875 0.77577831875 0.5979278 0.7915375921875001 0.6259990890625 0.8223837703125 0.6392108109375 0.8615642593749999 0.606565225 0.8670479015625 0.5417190828125
2 0.817743340625 0.46148291874999997 0.7819439703125 0.4432422296875 0.740888296875 0.4599012046875 0.7085361828125001 0.5135623687499999 0.7221929328125001 0.5555935265625 0.7690257218750001 0.5669300625 0.82224185625 0.5264048390625 0.817743340625 0.46148291874999997
2 0.95464289375 0.4435549890625 0.939859103125 0.41848592343749996 0.902032990625 0.40422294062499997 0.8649550234375001 0.4229086609375 0.8406341046874999 0.470641153125 0.8620947125 0.5366901140625 0.9080277984375 0.5350422640625 0.9463085843749999 0.48941229374999995 0.95464289375 0.4435549890625
2 0.726559178125 0.3749391875 0.692786553125 0.352720790625 0.6394946390625 0.4032281703125 0.6329597359375 0.475054246875 0.6507457515625 0.4991478296875 0.69465209375 0.5014776875 0.7309819156249999 0.4498432671875 0.726559178125 0.3749391875
2 0.5815526515625 0.4087779484375 0.5689471625 0.35976685937499997 0.514083178125 0.35435899531250004 0.4618425265625 0.39788644375 0.4514814734375 0.44772145781250006 0.4632630375 0.47376600625 0.50011366875 0.48502676093749997 0.55723173125 0.4565104421875 0.5815526515625 0.4087779484375
2 0.5236960859375 0.2715752796875 0.48602153125 0.2373479796875 0.420720715625 0.2917572890625 0.4103596625 0.3415923046875 0.4320476078125 0.3776947890625 0.47595394999999996 0.3800246484375 0.5283461609375 0.31653288281249997 0.5236960859375 0.2715752796875
2 0.5584538390625 0.1640256140625 0.52145165 0.172729175 0.49120205781250004 0.2124304734375 0.51679193125 0.2605418609375 0.550716115625 0.2627959390625 0.581117265625 0.2031303234375 0.5584538390625 0.1640256140625
2 0.652716003125 0.23961170312500002 0.63995895625 0.21056493125000003 0.5889969015625 0.2171659703125 0.5667027265625 0.2609207546875 0.576305990625 0.31090732656250003 0.5931923015625 0.322016525 0.6322970125 0.2993530984375 0.652716003125 0.23961170312500002
2 0.5518528 0.11306355937499998 0.53917153125 0.074034628125 0.5192829921875 0.0639009109375 0.47815153906249996 0.090542046875 0.45585736250000003 0.13429683125 0.4695141140625 0.1763279875 0.48640042499999997 0.1874371859375 0.5335363296875 0.15884508749999998 0.5518528 0.11306355937499998
2 0.6828125 0.971875 0.225 0.05625