2 0.7477678578125 0.5669642859375 0.71875 0.6004464281249999 0.7232142859375 0.6450892859375 0.7566964281249999 0.6964285718750001 0.7991071421875 0.703125 0.8258928578125 0.6763392859375 0.8258928578125 0.6004464281249999 0.7924107140625 0.5625 0.7477678578125 0.5669642859375
2 0.7633928578125 0.7522321421875 0.7589285718750001 0.8147321421875 0.7834821421875 0.84375 0.8080357140625001 0.8459821421875 0.8392857140625001 0.8147321421875 0.84375 0.7790178578125 0.8013392859374999 0.7232142859375 0.7633928578125 0.7522321421875
2 0.6986607140625 0.8214285718750001 0.6651785718750001 0.8683035718750001 0.6696428578125 0.9174107140625001 0.7075892859375 0.96875 0.7455357140625 0.9709821421875 0.7723214281249999 0.9486607140625001 0.7857142859375 0.8727678578125 0.7566964281249999 0.8303571421875 0.6986607140625 0.8214285718750001
2 0.8325892859374999 0.8571428578125 0.7857142859375 0.890625 0.78125 0.9620535718750001 0.8482142859374999 0.9888392859374999 0.8705357140625001 0.9754464281249999 0.8839285718750001 0.9084821421875 0.8705357140625001 0.8727678578125 0.8325892859374999 0.8571428578125
2 0.6875 0.9977678578125 0.6495535718750001 0.9508928578125 0.6183035718750001 0.9508928578125 0.59375 0.9977678578125 0.6875 0.9977678578125
2 0.9107142859374999 0.8236607140625001 0.90625 0.8816964281249999 0.9263392859374999 0.9151785718750001 0.9732142859374999 0.9174107140625001 0.9955357140625001 0.8459821421875 0.9709821421875 0.8035714281249999 0.9441964281249999 0.7991071421875 0.9107142859374999 0.8236607140625001
2 0.9464285718750001 0.7522321421875 1 0.7790178578125 0.9977678578125 0.5625 0.9441964281249999 0.5892857140625 0.9107142859374999 0.640625 0.9464285718750001 0.7522321421875
2 1 0.444196428125 0.9754464281249999 0.41964285781250005 0.9352678578125 0.42410714218749995 0.9017857140625001 0.48883928593750003 0.9151785718750001 0.5513392859375 0.9508928578125 0.578125 1 0.5558035718750001 1 0.444196428125
2 0.8370535718750001 0.2946428578125 0.8035714281249999 0.359375 0.8080357140625001 0.412946428125 0.8504464281249999 0.45089285781250005 0.875 0.44866071406249997 0.9017857140625001 0.41741071406249997 0.9107142859374999 0.359375 0.8816964281249999 0.30803571406249997 0.8370535718750001 0.2946428578125
2 0.8325892859374999 0.12053571406250001 0.8080357140625001 0.1540178578125 0.8080357140625001 0.19866071406250002 0.8370535718750001 0.2366071421875 0.8571428578125 0.234375 0.8839285718750001 0.1897321421875 0.8794642859374999 0.149553571875 0.859375 0.12053571406250001 0.8325892859374999 0.12053571406250001
2 0.7566964281249999 0.071428571875 0.7901785718750001 0.069196428125 0.8348214281249999 0.0290178578125 0.8370535718750001 0 0.7142857140625 0.006696428124999999 0.7566964281249999 0.071428571875
2 0.6049107140625 0.040178571875 0.5714285718750001 0.069196428125 0.5714285718750001 0.118303571875 0.6004464281249999 0.165178571875 0.6428571421875 0.16741071406250002 0.6741071421875 0.14508928593749998 0.6830357140625 0.109375 0.640625 0.0446428578125 0.6049107140625 0.040178571875
2 0.6227678578125 0.21875 0.59375 0.2477678578125 0.5892857140625 0.30580357187499996 0.6004464281249999 0.3258928578125 0.6517857140625 0.33705357187499996 0.6741071421875 0.3102678578125 0.6741071421875 0.27008928593750003 0.65625 0.2299107140625 0.6227678578125 0.21875
2 0.578125 0.43303571406249997 0.5625 0.462053571875 0.5714285718750001 0.5245535718750001 0.6160714281249999 0.5513392859375 0.6607142859375 0.49776785781250005 0.6517857140625 0.43973214218749995 0.6183035718750001 0.41964285781250005 0.578125 0.43303571406249997
2 0.5111607140625 0.20982142812500001 0.48214285781250005 0.2388392859375 0.477678571875 0.29241071406249997 0.515625 0.34821428593750003 0.5401785718750001 0.3459821421875 0.5714285718750001 0.3147321421875 0.5714285718750001 0.2522321421875 0.546875 0.2142857140625 0.5111607140625 0.20982142812500001
2 0.41741071406249997 0.3125 0.3928571421875 0.3459821421875 0.3883928578125 0.412946428125 0.43303571406249997 0.43973214218749995 0.459821428125 0.430803571875 0.47321428593750003 0.35491071406249997 0.44866071406249997 0.31696428593750003 0.41741071406249997 0.3125
2 0.3459821421875 0.2991071421875 0.32366071406249997 0.30357142812500004 0.29017857187499996 0.35044642812500004 0.2991071421875 0.43526785781250005 0.3303571421875 0.462053571875 0.36607142812500004 0.430803571875 0.38392857187499996 0.38169642812500004 0.375 0.328125 0.3459821421875 0.2991071421875
2 0.37946428593750003 0.9977678578125 0.45089285781250005 0.9977678578125 0.44196428593750003 0.9397321421875 0.39955357187499996 0.9285714281249999 0.37946428593750003 0.9575892859374999 0.37946428593750003 0.9977678578125
2 0.453125 0.625 0.42410714218749995 0.6629464281249999 0.41964285781250005 0.7075892859375 0.430803571875 0.7276785718750001 0.48660714218749995 0.7433035718750001 0.5133928578125 0.7209821421875 0.5089285718750001 0.6941964281249999 0.48214285781250005 0.6316964281249999 0.453125 0.625
2 0.25892857187499996 0.6316964281249999 0.25446428593750003 0.671875 0.29241071406249997 0.7321428578125 0.31696428593750003 0.7299107140625 0.35267857187499996 0.6584821421875 0.3303571421875 0.6049107140625 0.29241071406249997 0.59375 0.25892857187499996 0.6316964281249999
2 0.2299107140625 0.415178571875 0.196428571875 0.47098214218749995 0.2053571421875 0.515625 0.25 0.5334821421875 0.28571428593750003 0.48883928593750003 0.28571428593750003 0.43526785781250005 0.265625 0.40625 0.2299107140625 0.415178571875
2 0.0982142859375 0.32366071406249997 0.0982142859375 0.38169642812500004 0.131696428125 0.41964285781250005 0.15178571406250002 0.41741071406249997 0.1741071421875 0.39508928593750003 0.165178571875 0.3147321421875 0.131696428125 0.29017857187499996 0.0982142859375 0.32366071406249997
2 0.10714285781249999 0.8370535718750001 0.102678571875 0.8816964281249999 0.140625 0.9196428578125 0.165178571875 0.921875 0.19196428593749998 0.8995535718750001 0.2008928578125 0.8504464281249999 0.14508928593749998 0.8035714281249999 0.10714285781249999 0.8370535718750001
2 0.0491071421875 0.7700892859375 0.053571428125 0.8236607140625001 0.0892857140625 0.8370535718750001 0.1383928578125 0.8013392859374999 0.140625 0.71875 0.0825892859375 0.71875 0.0491071421875 0.7700892859375
2 0.0625 0.9441964281249999 0.0625 0.9977678578125 0.15625 0.9977678578125 0.1383928578125 0.9308035718750001 0.109375 0.90625 0.0825892859375 0.9107142859374999 0.0625 0.9441964281249999
2 0.234375 0.25892857187499996 0.194196428125 0.2678571421875 0.1741071421875 0.30580357187499996 0.178571428125 0.38616071406249997 0.19866071406250002 0.41071428593750003 0.21875 0.40848214218749995 0.25892857187499996 0.38616071406249997 0.27678571406249997 0.33705357187499996 0.2678571421875 0.29241071406249997 0.234375 0.25892857187499996
2 0.76953125 0.98515625 0.09765625 0.0296875
2 0.26953125 0.98125 0.08828125 0.0375
2 0.95703125 0.178125 0.0859375 0.196875
2 0.5046875 0.140625 0.15703125 0.1703125
2 0.04765625 0.13984375 0.090625 0.1578125