1 0.93203125 0.8046875 0.109375 0.1484375
1 0.840625 0.415625 0.0859375 0.11953125
1 0.7765625 0.24765625 0.1140625 0.1234375
1 0.9703125 0.06171875 0.05546875 0.1234375
1 0.6421875 0.303125 0.09609375 0.1375
1 0.7125 0.58515625 0.07109375 0.084375
1 0.73671875 0.6890625 0.1171875 0.11796875
1 0.59296875 0.6546875 0.140625 0.14375
1 0.33203125 0.55859375 0.13125 0.12578125
1 0.18828125 0.7 0.09375 0.1359375
1 0.08046875 0.4609375 0.08828125 0.13671875
1 0.05234375 0.6640625 0.1046875 0.203125
1 0.04140625 0.79609375 0.0828125 0.14140625
1 0.0515625 0.9453125 0.103125 0.10859375
1 0.5171875 0.03515625 0.13203125 0.06953125