2 0.8705904343749999 0.5770933296874999 0.8294303484375 0.5476513093750001 0.778236196875 0.5640521265625 0.7541482890625 0.6085578328125 0.7765745796875 0.6858511828125 0.8113763078125 0.707597715625 0.8532021609375 0.7002323140625 0.8779586343749999 0.648699684375 0.8705904343749999 0.5770933296874999
2 0.8227307125 0.469018034375 0.7882618671875 0.4288677890625 0.7461003328125 0.424856403125 0.7109713156249999 0.48107458125 0.7240265109374999 0.53762284375 0.745778640625 0.5623821125 0.78760449375 0.5550167125 0.8260819296875 0.523224921875 0.8227307125 0.469018034375
2 0.9231245124999999 0.5764191703125 0.8819700218750001 0.6065381484375 0.8833127468749999 0.6520453046875 0.8956965796875 0.685839990625 0.9325040015624999 0.68650575625 0.9616103421875 0.6339688812500001 0.9535763749999999 0.5991699500000001 0.9231245124999999 0.5764191703125
2 1 0.643068025 0.9923950874999999 0.6383159484375 0.9662958890625 0.6443414234375 0.938862359375 0.6942012421875 0.9479005718750001 0.733350040625 0.9750068140625 0.7614549312500001 1 0.7596952390625 1 0.643068025
2 0.9606200859375 0.7785215140624999 0.9355251328125 0.78889685625 0.925823953125 0.81633598125 0.93385791875 0.8511349109375 0.9649783453125 0.86685876875 0.9569443796874999 0.8320598374999999 0.9940846859375 0.8143218921875001 0.9606200859375 0.7785215140624999
2 0.7441310125 0.8330836703125 0.7170303671875 0.864539778125 0.7267399421875 0.9264421531249999 0.7625459171875 0.952538553125 0.790317925 0.9438360234375001 0.8170828890624999 0.9010031250000001 0.8060361859375 0.8531545953125 0.7441310125 0.8330836703125
2 0.66280389375 0.6594274953125 0.6213165203125001 0.707950184375 0.63102609375 0.7698525593750001 0.682897203125 0.835766321875 0.7130133843750001 0.8471403125 0.7320772671875 0.7511047734375 0.7230390546875001 0.711955975 0.66280389375 0.6594274953125
2 0.5119012953125 0.7400832515625 0.49885449531250003 0.7728764890625001 0.5353346296875 0.8515069671875001 0.5691321125 0.8689036343750001 0.596904121875 0.8602011046875001 0.6106194875 0.82038094375 0.5985685375 0.768182546875 0.5119012953125 0.7400832515625
2 0.5798067609374999 0.5182288765624999 0.5547146078125 0.558384715625 0.55605733125 0.6038918718749999 0.5895219328125 0.63969225 0.6193024312500001 0.6396894515625 0.6437260218749999 0.606560534375 0.6360249390625 0.5533578921875 0.5798067609374999 0.5182288765624999
2 0.5838209453125 0.5058478421875 0.618622675 0.527594375 0.6420448171875 0.519896090625 0.6527474453125001 0.4670263296875 0.5945207765625 0.4231975828125 0.5727742421875 0.45799931093749996 0.5838209453125 0.5058478421875
2 0.4687383140625 0.7615024984375001 0.44029214375 0.7176709515625 0.3987991734375 0.7066326421875 0.368020025 0.7618465734375001 0.37906672812500003 0.8096951046875001 0.414872703125 0.8357915031250001 0.4436489578125 0.831438840625 0.475768034375 0.7919515640625 0.4687383140625 0.7615024984375001
2 0.279677175 0.706643834375 0.25458501875 0.7467996765625 0.2626189859375 0.78159860625 0.3014376984375 0.8207446046875001 0.33456381875 0.8153876953125 0.34559933125 0.744114225 0.31012623906250003 0.6996141140625001 0.279677175 0.706643834375
2 0.2147648609375 0.733084309375 0.1796302484375 0.7297414875 0.1411556109375 0.7913137765625 0.19168679375 0.841500884375 0.220463046875 0.83714821875 0.2405367703125 0.805023546875 0.235848425 0.7648705031249999 0.2147648609375 0.733084309375
2 0.2927435625 0.882314096875 0.28672648125 0.9455563984375001 0.332905 0.9669672515625001 0.35063734687500003 0.9445465578125001 0.3459490015625 0.9043935140625001 0.31449289375 0.87729286875 0.2927435625 0.882314096875
2 0.1554287734375 1 0.1569018515625 0.99843735 0.16760448125 0.9455675906250001 0.10100816406249999 0.8555631218749999 0.069219171875 0.8468661875000001 0.102680440625 1 0.1554287734375 1
2 0.25806034375000003 1 0.25561164999999997 0.9893935421875 0.217797184375 0.954597409375 0.1863438734375 0.9572772625000001 0.1628372609375 1 0.25806034375000003 1
2 0.10232290937499999 0.6032652765625001 0.07956653281250001 0.574156140625 0.041754865625 0.5691405078125 0.020008332812499998 0.6039422359375 0.028713660937500003 0.6614947453125 0.0591655234375 0.6842455234375 0.09229164375 0.6788886140625 0.109019746875 0.6521180546875 0.10232290937499999 0.6032652765625001
2 0.1585187015625 0.40015029375 0.1227155265625 0.40383439374999996 0.10231171718750001 0.484143278125 0.134772071875 0.5155937890625 0.18529765781250002 0.506219896875 0.20436713593750003 0.4697453578125 0.1929875484375 0.4403005390625 0.1585187015625 0.40015029375
2 0 0.4401458671875 0.0467621046875 0.4419873390625 0.07653980625 0.412204040625 0.08055119375 0.37004250625 0.05712065625 0.288399290625 0.016964815624999997 0.2633071375 0 0.27476621562500003 0 0.4401458671875
2 0.199994884375 0.232505603125 0.1548178140625 0.18566411562500001 0.08956981875 0.200727803125 0.05879066875 0.255941734375 0.08289256874999999 0.360338528125 0.11970278906250001 0.39078479375 0.1809365984375 0.3881021421875 0.2197469171875 0.3379066421875 0.199994884375 0.232505603125
2 0.29368905 0.2612734625 0.2565431484375 0.2194504078125 0.2257584015625 0.21510333906249998 0.2063532421875 0.240201090625 0.22342542031249998 0.3141488171875 0.2515359078125 0.3466035765625 0.2803121625 0.3422509109375 0.30172301562500004 0.29607239375 0.29368905 0.2612734625
2 0.24884206406249998 0.16624776562500002 0.2598887671875 0.2140962953125 0.3278166171875 0.23048591875 0.3455489671875 0.208065225 0.326468296875 0.1254177640625 0.28062546093749996 0.1153837015625 0.24884206406249998 0.16624776562500002
2 0.437894809375 0.1317649296875 0.3960633609375 0.07956933125 0.3569145625 0.08860754374999999 0.3361722734375 0.1277591390625 0.35224020624999997 0.1973570015625 0.378342203125 0.2211120265625 0.4071184578125 0.21675936093749998 0.4358919140625 0.18262619687499998 0.437894809375 0.1317649296875
2 0.4051155609375 0.267620628125 0.36295122968750004 0.2338287421875 0.33685203124999996 0.239854215625 0.310422746875 0.2940639015625 0.316115340625 0.3385668125 0.3699921421875 0.38339980625000003 0.3934142828125 0.375701521875 0.41449225468749995 0.347926715625 0.4051155609375 0.267620628125
2 0.659161771875 0 0.65538253125 0.021991640625 0.7049094671875 0.06782888125 0.7390398328125001 0.06682183750000001 0.7644676687499999 0.038042785937500004 0.7556847999999999 0 0.659161771875 0
2 0.22809138281250002 0.1160578609375 0.25351921875 0.0872788078125 0.246153815625 0.045452954687500005 0.1792330109375 0.06319369687500001 0.2043335578125 0.1123793578125 0.22809138281250002 0.1160578609375
2 0.221875 0.08984375 0.1 0.0921875
2 0.60390625 0.1171875 0.23125 0.215625
2 0.5171875 0.5125 0.1828125 0.209375