0 0.5953125 0.7109375 0.0859375 0.10625
0 0.8265625 0.7890625 0.140625 0.175
0 0.47265625 0.54765625 0.0890625 0.0890625
0 0.2921875 0.746875 0.0796875 0.090625
0 0.22265625 0.7015625 0.0671875 0.0859375
0 0.1671875 0.68671875 0.075 0.08125
0 0.10859375 0.7546875 0.1015625 0.1265625
0 0.1828125 0.80859375 0.0875 0.0890625
0 0.2296875 0.89765625 0.1375 0.15
0 0.7109375 0.47265625 0.065625 0.090625
0 0.80234375 0.45625 0.134375 0.165625
0 0.6328125 0.29921875 0.1578125 0.203125
0 0.5578125 0.3828125 0.103125 0.140625
0 0.29375 0.48984375 0.1 0.11875
0 0.16640625 0.46328125 0.0734375 0.0859375
0 0.98515625 0.61171875 0.0296875 0.1109375
0 0.43203125 0.965625 0.0984375 0.06875
0 0.47421875 0.85625 0.0671875 0.084375
0 0.659375 0.95 0.0765625 0.0703125
0 0.7796875 0.2625 0.134375 0.1703125
0 0.840625 0.190625 0.0859375 0.0890625
0 0.4390625 0.075 0.0703125 0.08125
0 0.4953125 0.62421875 0.1203125 0.134375