2 0.49609375 0.9484375 0.1078125 0.103125
2 0.67265625 0.775 0.1234375 0.1609375
2 0.74921875 0.68828125 0.10390625 0.1390625
2 0.85078125 0.534375 0.1125 0.13359375
2 0.95546875 0.35859375 0.0890625 0.12265625
2 0.871875 0.27421875 0.1265625 0.159375
2 0.70625 0.50234375 0.11171875 0.15078125
2 0.65 0.61953125 0.08828125 0.1359375
2 0.6109375 0.478125 0.1046875 0.13828125
2 0.75234375 0.11875 0.11953125 0.1515625
2 0.70234375 0.0421875 0.1140625 0.084375
2 0.35078125 0.71796875 0.12421875 0.140625
2 0.3234375 0.56953125 0.13125 0.1765625
2 0.240625 0.659375 0.11796875 0.18515625
2 0.3171875 0.9453125 0.1078125 0.10859375
2 0.09921875 0.51171875 0.11953125 0.14140625
2 0.0203125 0.4546875 0.040625 0.0953125
2 0.08515625 0.2859375 0.15234375 0.18671875
2 0.046875 0.0625 0.09375 0.125
2 0.9640625 0.046875 0.07109375 0.09375
2 0.21875 0.190625 0.17734375 0.1609375
2 0.85234375 0.70078125 0.140625 0.215625
2 0.1265625 0.7171875 0.10234375 0.1265625