2 0.58515625 0.9859375 0.1390625 0.028125
2 0.62265625 0.8984375 0.1921875 0.203125
2 0.5203125 0.93046875 0.14375 0.1390625
2 0.48046875 0.98515625 0.1171875 0.0296875
2 0.596875 0.66171875 0.2015625 0.2328125
2 0.49140625 0.65859375 0.1671875 0.190625
2 0.4421875 0.5671875 0.215625 0.2328125
2 0.34375 0.4671875 0.2078125 0.2296875
2 0.47890625 0.428125 0.175 0.190625
2 0.3484375 0.32578125 0.1921875 0.20625
2 0.046875 0.56328125 0.09375 0.2078125
2 0.321875 0.0390625 0.2125 0.078125
2 0.25546875 0.08671875 0.1671875 0.1734375
2 0.1578125 0.3828125 0.18125 0.20625
2 0.06875 0.4046875 0.1375 0.18125
2 0.1703125 0.20390625 0.1953125 0.2140625
2 0.1890625 0.0828125 0.140625 0.165625
2 0.02890625 0.46328125 0.0578125 0.1703125
2 0.3140625 0.84296875 0.21875 0.21875
2 0.6671875 0.2671875 0.225 0.2828125
2 0.93984375 0.45078125 0.1203125 0.2328125