2 0.7366071421875 0.6629464281249999 0.7633928578125 0.7433035718750001 0.7946428578125 0.7522321421875 0.8258928578125 0.7120535718750001 0.8258928578125 0.671875 0.8013392859374999 0.6339285718750001 0.7366071421875 0.6629464281249999
2 0.8348214281249999 0.5959821421875 0.8348214281249999 0.6361607140625 0.8705357140625001 0.6674107140625 0.9017857140625001 0.6361607140625 0.9017857140625001 0.5959821421875 0.8638392859374999 0.5625 0.8348214281249999 0.5959821421875
2 0.5803571421875 0.578125 0.5669642859375 0.640625 0.5825892859375 0.6785714281249999 0.625 0.6852678578125 0.65625 0.6540178578125 0.6607142859375 0.5915178578125 0.6138392859375 0.5491071421875 0.5803571421875 0.578125
2 0.5379464281249999 0.7142857140625 0.5089285718750001 0.7477678578125 0.5089285718750001 0.7879464281249999 0.5290178578125 0.8258928578125 0.5535714281249999 0.828125 0.5803571421875 0.7924107140625 0.5848214281249999 0.7522321421875 0.5602678578125 0.7142857140625 0.5379464281249999 0.7142857140625
2 0.0959821421875 0.5178571421875 0.0625 0.546875 0.053571428125 0.6004464281249999 0.0669642859375 0.6540178578125 0.12053571406250001 0.671875 0.15625 0.6450892859375 0.1696428578125 0.5870535718750001 0.13616071406250002 0.53125 0.0959821421875 0.5178571421875
2 0.1741071421875 0.421875 0.1852678578125 0.45089285781250005 0.21875 0.453125 0.24107142812500001 0.390625 0.2075892859375 0.3616071421875 0.1741071421875 0.38616071406249997 0.1741071421875 0.421875
2 0.2075892859375 0.196428571875 0.1741071421875 0.2299107140625 0.1583153265625 0.2501475484375 0.16071428593749998 0.296875 0.1852678578125 0.34821428593750003 0.22767857187499999 0.359375 0.2678571421875 0.31919642812500004 0.27232142812500004 0.2522321421875 0.234375 0.196428571875 0.2075892859375 0.196428571875
2 0.0580357140625 0.2165178578125 0.0669642859375 0.27455357187499996 0.10491071406250001 0.30803571406249997 0.133928571875 0.30580357187499996 0.178571428125 0.2075892859375 0.149553571875 0.15625 0.078125 0.1696428578125 0.0580357140625 0.2165178578125
2 0.0022321421875000002 0.10714285781249999 0 0.2522321421875 0.0178571421875 0.2522321421875 0.0491071421875 0.2209821421875 0.0580357140625 0.1584821421875 0.0290178578125 0.116071428125 0.0022321421875000002 0.10714285781249999
2 0.6674107140625 0.0669642859375 0.6339285718750001 0.100446428125 0.6294642859375 0.14508928593749998 0.6540178578125 0.1875 0.6919642859375 0.1897321421875 0.71875 0.1584821421875 0.7232142859375 0.11383928593749999 0.6941964281249999 0.071428571875 0.6674107140625 0.0669642859375
2 0.75 0.087053571875 0.7901785718750001 0.100446428125 0.8169642859374999 0.069196428125 0.8303571421875 0.006696428124999999 0.7254464281249999 0 0.75 0.087053571875
2 1 0.055803571875 0.9620535718750001 0.0357142859375 0.9196428578125 0.069196428125 0.9151785718750001 0.11383928593749999 0.9441964281249999 0.165178571875 0.96875 0.162946428125 1 0.13616071406250002 1 0.055803571875
2 0.859375 0.3616071421875 0.8348214281249999 0.39955357187499996 0.8348214281249999 0.453125 0.875 0.48883928593750003 0.9196428578125 0.430803571875 0.9151785718750001 0.38616071406249997 0.890625 0.3616071421875 0.859375 0.3616071421875
2 0.49776785781250005 0.39732142812500004 0.446428571875 0.430803571875 0.4375 0.493303571875 0.46651785781250005 0.5446428578125 0.5089285718750001 0.546875 0.5446428578125 0.49776785781250005 0.5491071421875 0.43526785781250005 0.5290178578125 0.40625 0.49776785781250005 0.39732142812500004
2 0.34375 0.5691964281249999 0.34375 0.6004464281249999 0.37053571406249997 0.6227678578125 0.40178571406249997 0.5959821421875 0.40178571406249997 0.5602678578125 0.38169642812500004 0.5357142859375 0.34375 0.5691964281249999
2 0.196428571875 0.859375 0.1875 0.9308035718750001 0.2633928578125 0.984375 0.29017857187499996 0.9397321421875 0.28571428593750003 0.8683035718750001 0.234375 0.8392857140625001 0.196428571875 0.859375
2 0.133928571875 0.9977678578125 0.2366071421875 0.9977678578125 0.2455357140625 0.9888392859374999 0.2165178578125 0.9508928578125 0.1584821421875 0.9642857140625001 0.133928571875 0.9977678578125
2 0.5178571421875 0.953125 0.5133928578125 0.9977678578125 0.625 0.9977678578125 0.6473214281249999 0.9441964281249999 0.6428571421875 0.9040178578125 0.5647321421875 0.8928571421875 0.5178571421875 0.953125
2 0.390625 0.34296875 0.15859375 0.18125