2 1 0.6138392859375 0.953125 0.5892857140625 0.9107142859374999 0.6272321421875 0.90625 0.6852678578125 0.9241071421875 0.7254464281249999 0.9776785718750001 0.7566964281249999 1 0.7433035718750001 1 0.6138392859375
2 0.8370535718750001 0.33482142812500004 0.7991071421875 0.3727678578125 0.7991071421875 0.41741071406249997 0.828125 0.46428571406249997 0.8526785718750001 0.462053571875 0.8883928578125 0.44866071406249997 0.8973214281249999 0.412946428125 0.8794642859374999 0.35491071406249997 0.8370535718750001 0.33482142812500004
2 1 0.14508928593749998 0.9575892859374999 0.12946428593749998 0.9241071421875 0.162946428125 0.9196428578125 0.2209821421875 0.9575892859374999 0.27678571406249997 0.9866071421875 0.2790178578125 1 0.27455357187499996 1 0.14508928593749998
2 0.8950892859374999 0 0.875 0.024553571875 0.875 0.087053571875 0.8995535718750001 0.125 0.9375 0.1272321421875 0.9642857140625001 0.10491071406250001 0.9642857140625001 0.037946428125 0.9308035718750001 0.0044642859375000005 0.8950892859374999 0
2 0.6674107140625 0.37053571406249997 0.6205357140625 0.41741071406249997 0.625 0.484375 0.6674107140625 0.5223214281249999 0.7008928578125 0.5200892859375 0.7366071421875 0.493303571875 0.7366071421875 0.453125 0.7142857140625 0.390625 0.6674107140625 0.37053571406249997
2 0.5513392859375 0.5892857140625 0.5223214281249999 0.6227678578125 0.5133928578125 0.6941964281249999 0.5223214281249999 0.7254464281249999 0.5714285718750001 0.7522321421875 0.625 0.703125 0.625 0.640625 0.5825892859375 0.5848214281249999 0.5513392859375 0.5892857140625
2 0.45758928593750003 0.5758928578125 0.415178571875 0.6004464281249999 0.40625 0.6674107140625 0.430803571875 0.7232142859375 0.48214285781250005 0.7299107140625 0.5044642859375 0.7165178578125 0.5133928578125 0.6808035718750001 0.5089285718750001 0.6004464281249999 0.45758928593750003 0.5758928578125
2 0.39508928593750003 0.46428571406249997 0.37053571406249997 0.5111607140625 0.38392857187499996 0.5691964281249999 0.42410714218749995 0.5825892859375 0.46875 0.5424107140625 0.46875 0.493303571875 0.444196428125 0.459821428125 0.39508928593750003 0.46428571406249997
2 0.35044642812500004 0.0580357140625 0.375 0.060267857812500006 0.40625 0.037946428125 0.41741071406249997 0 0.3125 0.0022321421875000002 0.35044642812500004 0.0580357140625
2 0.328125 0.6607142859375 0.28571428593750003 0.6941964281249999 0.2678571421875 0.7700892859375 0.28125 0.8147321421875 0.3303571421875 0.8325892859374999 0.37946428593750003 0.796875 0.3883928578125 0.7254464281249999 0.375 0.6941964281249999 0.328125 0.6607142859375
2 0.5066964281249999 0.8169642859374999 0.48214285781250005 0.8415178578125 0.477678571875 0.8861607140625001 0.49776785781250005 0.9151785718750001 0.5267857140625 0.9174107140625001 0.5491071421875 0.8950892859374999 0.5491071421875 0.8415178578125 0.5334821421875 0.8169642859374999 0.5066964281249999 0.8169642859374999
2 0.6160714281249999 0.9977678578125 0.5915178578125 0.9285714281249999 0.5401785718750001 0.9352678578125 0.5290178578125 1 0.6160714281249999 0.9977678578125
2 0.8125 0.9977678578125 0.7745535718750001 0.9375 0.734375 0.9464285718750001 0.7098214281249999 0.9933035718750001 0.8125 0.9977678578125
2 0.5491071421875 0.8058035718750001 0.5535714281249999 0.8683035718750001 0.5691964281249999 0.8928571421875 0.5892857140625 0.890625 0.6294642859375 0.8549107140625001 0.6294642859375 0.8102678578125 0.6004464281249999 0.7678571421875 0.5491071421875 0.8058035718750001
2 0.3125 0.29241071406249997 0.30357142812500004 0.36383928593750003 0.3415178578125 0.42410714218749995 0.37946428593750003 0.42633928593750003 0.41071428593750003 0.390625 0.415178571875 0.32366071406249997 0.359375 0.25892857187499996 0.3125 0.29241071406249997
2 0.109375 0.0758928578125 0.0915178578125 0.0892857140625 0.024553571875 0.0803571421875 0.008928571875000001 0.131696428125 0.0267857140625 0.171875 0.12053571406250001 0.194196428125 0.15625 0.180803571875 0.16071428593749998 0.118303571875 0.12276785781249999 0.102678571875 0.109375 0.0758928578125
2 0.10491071406250001 0.30357142812500004 0.03125 0.3415178578125 0.03125 0.36830357187499996 0.0736607140625 0.41964285781250005 0.12053571406250001 0.421875 0.1741071421875 0.390625 0.1741071421875 0.35044642812500004 0.14508928593749998 0.30803571406249997 0.10491071406250001 0.30357142812500004
2 0.0357142859375 0.6897321421875 0.0446428578125 0.7299107140625 0.0736607140625 0.7589285718750001 0.1696428578125 0.765625 0.196428571875 0.7075892859375 0.178571428125 0.6495535718750001 0.0825892859375 0.6294642859375 0.0357142859375 0.6897321421875
2 0.46484375 0.36796875 0.11328125 0.1828125
2 0.79453125 0.26015625 0.1265625 0.18671875
2 0.81015625 0.80078125 0.134375 0.20078125