0 0.684375 0.94296875 0.071875 0.06796875
0 0.7765625 0.79609375 0.0921875 0.1265625
0 0.80546875 0.68515625 0.06171875 0.08359375
0 0.76328125 0.4875 0.06171875 0.07578125
0 0.971875 0.48046875 0.05625 0.0765625
0 0.72734375 0.3546875 0.08828125 0.10859375
0 0.93671875 0.22578125 0.10859375 0.13359375
0 0.97734375 0.10703125 0.0453125 0.1484375
0 0.54609375 0.303125 0.0640625 0.06875
0 0.4484375 0.38671875 0.05234375 0.05390625
0 0.3578125 0.69453125 0.09296875 0.12890625
0 0.240625 0.43984375 0.075 0.08671875
0 0.09921875 0.6265625 0.115625 0.1359375
0 0.128125 0.7359375 0.05546875 0.06953125
0 0.0515625 0.23203125 0.103125 0.184375
0 0.13046875 0.08046875 0.12421875 0.1609375