0 0.1171875 0.209375 0.0828125 0.0984375
0 0.0515625 0.15390625 0.078125 0.0953125
0 0.26015625 0.203125 0.0890625 0.090625
0 0.45 0.1671875 0.078125 0.0875
0 0.6109375 0.0171875 0.084375 0.034375
0 0.30078125 0.096875 0.165625 0.15
0 0.3390625 0.4765625 0.0828125 0.1
0 0.2265625 0.74609375 0.1078125 0.1328125
0 0.39375 0.45625 0.078125 0.084375
0 0.53984375 0.584375 0.1421875 0.1625
0 0.6375 0.58984375 0.0859375 0.1015625
0 0.5609375 0.7234375 0.140625 0.15625
0 0.4875 0.778125 0.0828125 0.09375
0 0.51953125 0.95 0.0734375 0.0859375