2 0.05546875 0.40390625 0.1109375 0.1734375
2 0.3671875 0.421875 0.171875 0.2015625
2 0.1078125 0.66953125 0.125 0.14375
2 0.26796875 0.1171875 0.1609375 0.165625
2 0.540625 0.296875 0.140625 0.1640625
2 0.559375 0.540625 0.121875 0.1671875
2 0.46015625 0.171875 0.1625 0.1578125
2 0.4171875 0.07421875 0.153125 0.1484375
2 0.6921875 0.33203125 0.1203125 0.1484375
2 0.70546875 0.74609375 0.1609375 0.20625
2 0.0953125 0.28203125 0.146875 0.1625
2 0.85703125 0.3 0.1671875 0.1859375
2 0.8671875 0.153125 0.1328125 0.1609375
2 0.8625 0.84453125 0.153125 0.1609375
2 0.9625 0.81015625 0.075 0.1546875
2 0.98515625 0.71171875 0.0296875 0.1765625
2 0.26015625 0.34453125 0.1 0.1203125
2 0.7765625 0.525 0.115625 0.1296875
2 0.946875 0.29609375 0.059375 0.1234375
2 0.4390625 0.57109375 0.1296875 0.159375
2 0.92421875 0.421875 0.1515625 0.2375