1 0.72421875 0.95390625 0.1265625 0.0921875
1 0.7578125 0.84140625 0.13125 0.1609375
1 0.58203125 0.8375 0.0765625 0.0921875
1 0.521875 0.90546875 0.0890625 0.1125
1 0.41171875 0.9078125 0.1015625 0.1359375
1 0.4453125 0.73515625 0.1296875 0.1390625
1 0.515625 0.521875 0.1171875 0.140625
1 0.95 0.565625 0.1 0.15
1 0.63046875 0.3671875 0.1140625 0.1359375
1 0.67578125 0.1875 0.134375 0.1625
1 0.834375 0.09609375 0.11875 0.1046875
1 0.46796875 0.0484375 0.1234375 0.096875
1 0.49453125 0.203125 0.1171875 0.175
1 0.26640625 0.19375 0.1484375 0.165625
1 0.09375 0.20546875 0.11875 0.15
1 0.22421875 0.4609375 0.11875 0.14375
1 0.21484375 0.58203125 0.1015625 0.1109375