0 0.57265625 0.86484375 0.1 0.125
0 0.46328125 0.85859375 0.06953125 0.09609375
0 0.7578125 0.559375 0.09609375 0.11640625
0 0.653125 0.57109375 0.10078125 0.13125
0 0.6421875 0.4703125 0.07265625 0.07734375
0 0.97265625 0.44765625 0.0546875 0.0671875
0 0.76328125 0.23515625 0.0703125 0.08046875
0 0.746875 0.06796875 0.0609375 0.0734375
0 0.5578125 0.0296875 0.071875 0.059375
0 0.45234375 0.1375 0.09140625 0.12265625
0 0.48671875 0.24765625 0.13203125 0.18046875
0 0.446875 0.3203125 0.075 0.0859375
0 0.334375 0.4046875 0.13125 0.1515625
0 0.56875 0.2078125 0.11015625 0.15859375
0 0.8953125 0.96875 0.0671875 0.0625