2 1 0.7566964281249999 0.9575892859374999 0.75 0.9285714281249999 0.7745535718750001 0.9285714281249999 0.8102678578125 0.9866071421875 0.8727678578125 1 0.8683035718750001 1 0.7566964281249999
2 0.9352678578125 0.43303571406249997 0.8973214281249999 0.47991071406249997 0.8928571421875 0.5379464281249999 0.921875 0.5892857140625 0.9508928578125 0.5915178578125 0.9955357140625001 0.5558035718750001 1 0.484375 0.9754464281249999 0.44196428593750003 0.9352678578125 0.43303571406249997
2 0.8035714281249999 0.640625 0.8035714281249999 0.671875 0.8325892859374999 0.7053571421875 0.8660714281249999 0.7075892859375 0.8883928578125 0.6897321421875 0.8883928578125 0.6540178578125 0.8415178578125 0.6160714281249999 0.8035714281249999 0.640625
2 0.7366071421875 0.6674107140625 0.75 0.6049107140625 0.7075892859375 0.5714285718750001 0.6919642859375 0.640625 0.7366071421875 0.6674107140625
2 0.7433035718750001 0.46875 0.71875 0.493303571875 0.71875 0.5334821421875 0.7544642859375 0.5602678578125 0.7767857140625 0.546875 0.78125 0.5022321421875 0.765625 0.47321428593750003 0.7433035718750001 0.46875
2 0.7566964281249999 0.19196428593749998 0.71875 0.22544642812500001 0.7142857140625 0.2834821421875 0.7433035718750001 0.32142857187499996 0.78125 0.32366071406249997 0.8080357140625001 0.30580357187499996 0.8169642859374999 0.265625 0.7991071421875 0.21205357187499999 0.7566964281249999 0.19196428593749998
2 0.8013392859374999 0.10714285781249999 0.78125 0.131696428125 0.78125 0.17633928593749998 0.8102678578125 0.2142857140625 0.8348214281249999 0.21205357187499999 0.8526785718750001 0.1897321421875 0.8526785718750001 0.13616071406250002 0.828125 0.10714285781249999 0.8013392859374999 0.10714285781249999
2 0.7991071421875 0.0290178578125 0.8035714281249999 0.0736607140625 0.8616071421875 0.087053571875 0.875 0.069196428125 0.8660714281249999 0.0111607140625 0.8147321421875 0.0044642859375000005 0.7991071421875 0.0290178578125
2 0.6026785718750001 0.25669642812500004 0.6026785718750001 0.28794642812500004 0.6272321421875 0.31696428593750003 0.6517857140625 0.3147321421875 0.6741071421875 0.29241071406249997 0.6785714281249999 0.2522321421875 0.6361607140625 0.2142857140625 0.6026785718750001 0.25669642812500004
2 0.48214285781250005 0.21205357187499999 0.5178571421875 0.2388392859375 0.5401785718750001 0.2165178578125 0.5401785718750001 0.17633928593749998 0.5022321421875 0.15178571406250002 0.48214285781250005 0.21205357187499999
2 0.9665178578125 0.09375 0.9955357140625001 0.0915178578125 1 0.0022321421875000002 0.9397321421875 0 0.9419642859374999 0.069196428125 0.9665178578125 0.09375
2 0.180803571875 0 0.165178571875 0.0647321421875 0.2053571421875 0.0915178578125 0.2321428578125 0.069196428125 0.2321428578125 0.024553571875 0.2165178578125 0 0.180803571875 0
2 0.060267857812500006 0.0625 0.03125 0.0959821421875 0.0267857140625 0.1584821421875 0.0513392859375 0.18303571406250002 0.084821428125 0.180803571875 0.116071428125 0.13616071406250002 0.116071428125 0.10491071406250001 0.0915178578125 0.0669642859375 0.060267857812500006 0.0625
2 0.008928571875000001 0.10491071406250001 0.0446428578125 0.060267857812500006 0.0334821421875 0 0 0.0022321421875000002 0.008928571875000001 0.10491071406250001
2 0.41964285781250005 0.6004464281249999 0.415178571875 0.6584821421875 0.430803571875 0.6830357140625 0.47321428593750003 0.6897321421875 0.5 0.6584821421875 0.5 0.6138392859375 0.45758928593750003 0.5714285718750001 0.41964285781250005 0.6004464281249999
2 0.5647321421875 0.5714285718750001 0.5357142859375 0.6004464281249999 0.53125 0.6495535718750001 0.5602678578125 0.6964285718750001 0.59375 0.6986607140625 0.625 0.6674107140625 0.625 0.6227678578125 0.6004464281249999 0.5803571421875 0.5647321421875 0.5714285718750001
2 0.6316964281249999 0.7008928578125 0.5758928578125 0.7522321421875 0.5714285718750001 0.8325892859374999 0.6004464281249999 0.8839285718750001 0.65625 0.9040178578125 0.71875 0.8325892859374999 0.71875 0.7834821421875 0.671875 0.7142857140625 0.6316964281249999 0.7008928578125
2 0.6696428578125 0.9040178578125 0.6696428578125 0.9441964281249999 0.7142857140625 0.9665178578125 0.7633928578125 0.921875 0.7633928578125 0.8549107140625001 0.734375 0.8348214281249999 0.6696428578125 0.9040178578125
2 0.7254464281249999 1 0.7946428578125 0.9977678578125 0.7991071421875 0.9575892859374999 0.765625 0.9330357140625001 0.7276785718750001 0.9665178578125 0.7254464281249999 1
2 0.5401785718750001 0.9129464281249999 0.5401785718750001 0.9709821421875 0.5602678578125 0.9955357140625001 0.5892857140625 0.9977678578125 0.6294642859375 0.9441964281249999 0.609375 0.9017857140625001 0.5647321421875 0.8839285718750001 0.5401785718750001 0.9129464281249999
2 0.39508928593750003 0.8080357140625001 0.3571428578125 0.8459821421875 0.3571428578125 0.890625 0.38616071406249997 0.9285714281249999 0.42410714218749995 0.9308035718750001 0.45089285781250005 0.9084821421875 0.45535714218749995 0.8549107140625001 0.42633928593750003 0.8080357140625001 0.39508928593750003 0.8080357140625001
2 0.28794642812500004 0.875 0.25 0.9129464281249999 0.2455357140625 0.9799107140625001 0.26116071406249997 1 0.3303571421875 0.9977678578125 0.34821428593750003 0.9575892859374999 0.33928571406249997 0.9084821421875 0.31919642812500004 0.8794642859374999 0.28794642812500004 0.875
2 0.265625 0.6116071421875 0.2366071421875 0.6450892859375 0.2321428578125 0.6986607140625 0.26116071406249997 0.7366071421875 0.28571428593750003 0.734375 0.3125 0.7165178578125 0.31696428593750003 0.6674107140625 0.2991071421875 0.6272321421875 0.265625 0.6116071421875
2 0.194196428125 0.7276785718750001 0.16071428593749998 0.7700892859375 0.15625 0.8459821421875 0.171875 0.8660714281249999 0.2232142859375 0.8683035718750001 0.2678571421875 0.8236607140625001 0.2633928578125 0.7700892859375 0.22544642812500001 0.7321428578125 0.194196428125 0.7276785718750001
2 0.0669642859375 0.9977678578125 0.037946428125 0.9375 0.0044642859375000005 0.9575892859374999 0.0022321421875000002 1 0.0669642859375 0.9977678578125
2 0.34375 0.0424107140625 0.3772321421875 0 0.27678571406249997 0.0022321421875000002 0.296875 0.0357142859375 0.34375 0.0424107140625
2 0.453125 0 0.39732142812500004 0.0022321421875000002 0.4375 0.0200892859375 0.453125 0
2 0.9955357140625001 0.9977678578125 0.984375 0.9732142859374999 0.8995535718750001 0.9732142859374999 0.8883928578125 0.9977678578125 0.9955357140625001 0.9977678578125
2 0.0669642859375 0.9977678578125 0.0424107140625 0.9419642859374999 0.008928571875000001 0.953125 0.0022321421875000002 1 0.0669642859375 0.9977678578125
2 0.0984375 0.98203125 0.05390625 0.0359375