2 0.6986607140625 0.8392857140625001 0.6607142859375 0.8638392859374999 0.6517857140625 0.9040178578125 0.6897321421875 0.96875 0.7366071421875 0.9799107140625001 0.7767857140625 0.9575892859374999 0.78125 0.9263392859374999 0.75 0.8504464281249999 0.6986607140625 0.8392857140625001
2 0.5133928578125 0.9397321421875 0.5334821421875 0.9732142859374999 0.5669642859375 0.9754464281249999 0.59375 0.9174107140625001 0.5647321421875 0.875 0.5424107140625 0.875 0.5133928578125 0.9397321421875
2 0.6450892859375 0.6651785718750001 0.6160714281249999 0.6852678578125 0.6071428578125 0.7388392859375 0.6361607140625 0.7767857140625 0.6651785718750001 0.7745535718750001 0.6964285718750001 0.7433035718750001 0.6964285718750001 0.6986607140625 0.6808035718750001 0.6696428578125 0.6450892859375 0.6651785718750001
2 0.5111607140625 0.6785714281249999 0.48214285781250005 0.7120535718750001 0.48214285781250005 0.7477678578125 0.515625 0.7991071421875 0.5446428578125 0.8013392859374999 0.5758928578125 0.7700892859375 0.5758928578125 0.7254464281249999 0.5558035718750001 0.6875 0.5111607140625 0.6785714281249999
2 0.359375 0.7321428578125 0.3303571421875 0.7611607140625 0.3258928578125 0.8191964281249999 0.35491071406249997 0.8705357140625001 0.39732142812500004 0.8772321421875 0.4375 0.8370535718750001 0.44196428593750003 0.7700892859375 0.42633928593750003 0.75 0.359375 0.7321428578125
2 0.36607142812500004 0.6897321421875 0.38169642812500004 0.7366071421875 0.42410714218749995 0.7433035718750001 0.45535714218749995 0.703125 0.43526785781250005 0.6294642859375 0.39508928593750003 0.6473214281249999 0.36607142812500004 0.6897321421875
2 0.178571428125 0.671875 0.2321428578125 0.6986607140625 0.25892857187499996 0.640625 0.2165178578125 0.6071428578125 0.1875 0.6316964281249999 0.178571428125 0.671875
2 0.1584821421875 0.6785714281249999 0.133928571875 0.7120535718750001 0.133928571875 0.7611607140625 0.162946428125 0.7901785718750001 0.19196428593749998 0.7879464281249999 0.2142857140625 0.7700892859375 0.21875 0.7299107140625 0.1897321421875 0.6830357140625 0.1584821421875 0.6785714281249999
2 0.0513392859375 0.7857142859375 0.0178571421875 0.8147321421875 0.0178571421875 0.8459821421875 0.0357142859375 0.890625 0.0669642859375 0.9040178578125 0.0982142859375 0.8861607140625001 0.10714285781249999 0.8415178578125 0.0982142859375 0.8102678578125 0.0513392859375 0.7857142859375
2 0.060267857812500006 0.6071428578125 0.0178571421875 0.6540178578125 0.0178571421875 0.6941964281249999 0.0513392859375 0.7276785718750001 0.084821428125 0.7254464281249999 0.10714285781249999 0.703125 0.116071428125 0.6540178578125 0.0959821421875 0.6160714281249999 0.060267857812500006 0.6071428578125
2 0.060267857812500006 0.2946428578125 0.008928571875000001 0.35491071406249997 0.008928571875000001 0.40848214218749995 0.037946428125 0.459821428125 0.084821428125 0.475446428125 0.1383928578125 0.430803571875 0.147321428125 0.38169642812500004 0.116071428125 0.3102678578125 0.060267857812500006 0.2946428578125
2 0.2008928578125 0.28794642812500004 0.1741071421875 0.3459821421875 0.18303571406250002 0.38169642812500004 0.22767857187499999 0.40401785781250005 0.27232142812500004 0.33705357187499996 0.27232142812500004 0.30580357187499996 0.234375 0.27232142812500004 0.2008928578125 0.28794642812500004
2 0.6183035718750001 0.3616071421875 0.5758928578125 0.39955357187499996 0.5714285718750001 0.462053571875 0.5959821421875 0.5044642859375 0.6339285718750001 0.5066964281249999 0.6696428578125 0.475446428125 0.6741071421875 0.421875 0.65625 0.3772321421875 0.6183035718750001 0.3616071421875
2 0.7723214281249999 0.484375 0.7678571421875 0.5245535718750001 0.7879464281249999 0.5491071421875 0.8258928578125 0.5558035718750001 0.8526785718750001 0.49776785781250005 0.8482142859374999 0.475446428125 0.8058035718750001 0.45089285781250005 0.7723214281249999 0.484375
2 0.734375 0.34375 0.7098214281249999 0.36830357187499996 0.7053571421875 0.41741071406249997 0.7388392859375 0.46875 0.7767857140625 0.47098214218749995 0.8035714281249999 0.43526785781250005 0.7991071421875 0.38616071406249997 0.7790178578125 0.34821428593750003 0.734375 0.34375
2 0.6183035718750001 0.3616071421875 0.5758928578125 0.39955357187499996 0.5714285718750001 0.462053571875 0.5959821421875 0.5044642859375 0.6339285718750001 0.5066964281249999 0.6696428578125 0.475446428125 0.6741071421875 0.421875 0.65625 0.3772321421875 0.6183035718750001 0.3616071421875
2 0.5535714281249999 0.118303571875 0.5491071421875 0.162946428125 0.578125 0.2053571421875 0.6071428578125 0.203125 0.6339285718750001 0.171875 0.6339285718750001 0.131696428125 0.5915178578125 0.0892857140625 0.5535714281249999 0.118303571875
2 0.5870535718750001 0 0.5758928578125 0.060267857812500006 0.5915178578125 0.084821428125 0.6339285718750001 0.0959821421875 0.6607142859375 0.037946428125 0.6361607140625 0 0.5870535718750001 0
2 0.8080357140625001 0.069196428125 0.828125 0.0892857140625 0.8526785718750001 0.087053571875 0.8839285718750001 0.0424107140625 0.8794642859374999 0.006696428124999999 0.8191964281249999 0 0.8080357140625001 0.069196428125
2 0.8839285718750001 0.109375 0.875 0.149553571875 0.890625 0.18303571406250002 0.9196428578125 0.1897321421875 0.9508928578125 0.162946428125 0.9508928578125 0.12276785781249999 0.9084821421875 0.0892857140625 0.8839285718750001 0.109375
2 0.9375 0.0290178578125 0.9575892859374999 0 0.8794642859374999 0.0022321421875000002 0.9040178578125 0.0267857140625 0.9375 0.0290178578125
2 0.5044642859375 0.9977678578125 0.484375 0.96875 0.44866071406249997 0.9732142859374999 0.428571428125 0.9977678578125 0.5044642859375 0.9977678578125
2 0.133928571875 0.9977678578125 0.100446428125 0.9598214281249999 0.069196428125 0.9598214281249999 0.040178571875 0.9977678578125 0.133928571875 0.9977678578125
2 0.7723214281249999 0.0290178578125 0.7924107140625 0 0.7321428578125 0.0022321421875000002 0.7522321421875 0.03125 0.7723214281249999 0.0290178578125
2 0.36484375 0.45 0.16484375 0.2421875
2 0.9078125 0.29921875 0.14296875 0.2