2 0.13671875 0.784375 0.10625 0.1078125
2 0.2140625 0.7453125 0.10625 0.13125
2 0.31484375 0.6828125 0.1765625 0.209375
2 0.425 0.78828125 0.1453125 0.171875
2 0.44609375 0.65234375 0.1484375 0.1640625
2 0.26484375 0.4546875 0.1296875 0.1734375
2 0.16875 0.4828125 0.140625 0.18125
2 0.02578125 0.5828125 0.0515625 0.146875
2 0.33671875 0.93984375 0.128125 0.0921875
2 0.81953125 0.95859375 0.1515625 0.0828125
2 0.74765625 0.9171875 0.1609375 0.165625
2 0.709375 0.82109375 0.1265625 0.1328125
2 0.8 0.790625 0.1421875 0.159375
2 0.87265625 0.72421875 0.1234375 0.1453125
2 0.9375 0.6203125 0.1203125 0.1453125
2 0.75078125 0.2265625 0.121875 0.1390625
2 0.42265625 0.05 0.1265625 0.1
2 0.60625 0.61640625 0.140625 0.16875
2 0.2765625 0.04375 0.109375 0.0875
2 0.9875 0.13671875 0.025 0.0765625
2 0.49765625 0.49765625 0.1921875 0.25625
2 0.090625 0.3140625 0.175 0.28125