2 0.6274406890625001 0.8042709609375001 0.61387294375 0.77230735625 0.5848984484375 0.7606009 0.545450928125 0.7807747218750001 0.52793290625 0.8122160796875001 0.5389504625 0.862408890625 0.573297603125 0.878693478125 0.6040277765625001 0.8622199515625001 0.6274406890625001 0.8042709609375001
2 0.6231125375000001 0.7375212953125 0.6617655453125 0.7073966953124999 0.68103924375 0.6477753546875 0.665004634375 0.6100001859375 0.6260793625 0.5990882421875 0.5649746078125 0.6490310703125 0.554857175 0.6979071218749999 0.5684249203125 0.7298707265625 0.5920267703125 0.73699905 0.6231125375000001 0.7375212953125
2 0.6714217734375 0.5524067859375 0.678300115625 0.6009272453125 0.6977627515625 0.60638321875 0.721009009375 0.5965157671875 0.7343878171875 0.5634020578125 0.7059355671875001 0.5206098359375 0.6714217734375 0.5524067859375
2 0.4831737859375 0.6906121453125 0.445398615625 0.706646753125 0.4303474578125 0.743899675 0.4405705015625 0.7841417078124999 0.4625000015625 0.79540924375 0.5157652484375 0.73507671875 0.5080090671875 0.7006462499999999 0.4831737859375 0.6906121453125
2 0.31027150312499996 0.945759978125 0.310627096875 0.9627557515625 0.39217793749999996 0.9932969875 0.40308988125 0.9543717125000001 0.3853829234375 0.9207357578125 0.3547360765625 0.913168515625 0.31027150312499996 0.945759978125
2 0.3403292515625 0.644936425 0.32763934375 0.598882828125 0.3044764140625 0.584709509375 0.2608896796875 0.60321098125 0.2400269578125 0.642930765625 0.2435605984375 0.699729653125 0.2762353875 0.7201534546875 0.3152439875 0.7070246296875 0.3403292515625 0.644936425
2 0.50256956875 0.35659155625 0.46232753750000005 0.3668146 0.428963846875 0.42555810312500003 0.4383090515625 0.4798901265625 0.4627054140625 0.49696922656250003 0.503386365625 0.4797011875 0.5342831921875 0.4151461203125 0.50256956875 0.35659155625
2 0.3964779953125 0.4702116125 0.3837880890625 0.4241580171875 0.35401908125000003 0.4025007828125 0.320383125 0.4202077421875 0.3011927546875 0.4557883125 0.3146771734375 0.5117926875000001 0.3448851 0.5264049265625 0.3830991875 0.503325321875 0.3964779953125 0.4702116125
2 0.12971284375 0.7789192421875 0.0911431625 0.7850030718750001 0.0661412265625 0.8230505078125001 0.0664134921875 0.8640870515625 0.1107114109375 0.879577128125 0.1397692328125 0.8672428140624999 0.1581650921875 0.8217114640625001 0.12971284375 0.7789192421875
2 0.1627457421875 0 0.119189440625 0.1078056296875 0.1547700125 0.126996 0.20134585624999998 0.0832203265625 0.2156236328125 0 0.1627457421875 0
2 0.2724013875 0.0324829859375 0.25170532031250004 0.024121232812499997 0.20803525937499998 0.0666634734375 0.2020570390625 0.11721187500000001 0.225219971875 0.13138519375 0.261761709375 0.1124448046875 0.2818299203125 0.062774240625 0.2724013875 0.0324829859375
2 0.404358646875 0 0.40307826249999995 0.0010193437499999999 0.403789446875 0.035010892187499996 0.432680615625 0.0707581171875 0.4758284296875 0.0593016421875 0.49255193750000004 0.0179095078125 0.4869773796875 0 0.404358646875 0
2 0.52357 0 0.5348219140625 0.0205430234375 0.5700468921875 0.0227376203125 0.5912652078125 0.000013609375 0.5912315234375 0 0.52357 0
2 0.0812699015625 0.28508062968750003 0.06770215625 0.253117025 0.022987603125 0.35783079687499997 0.0636685546875 0.3405627578125 0.0812699015625 0.28508062968750003
2 0.7426052015625 0.7039463828125 0.6907400406249999 0.7191031515625 0.663187915625 0.7753797921875 0.6709440953125 0.8098102609375 0.7250261390625 0.872587365625 0.780130390625 0.760034084375 0.7657681328125 0.718119703125 0.7426052015625 0.7039463828125
2 0.6109375 0.32578125 0.2375 0.246875
2 0.81015625 0.884375 0.2015625 0.23125
2 0.1171875 0.525 0.234375 0.29375