2 0.540501840625 1 0.5236011281249999 0.942354203125 0.46670730000000005 0.9410532343750001 0.45196211249999996 0.9731187140625 0.456702009375 1 0.540501840625 1
2 0.4768172953125 0.7670106984375 0.435698696875 0.7651947078125 0.40129683906249997 0.8143256515624999 0.412925065625 0.8802725984374999 0.43852326406250003 0.9097576046875 0.48817459531249996 0.9214019296875 0.5246419015625 0.8968391421874999 0.5238774203125 0.8153771593749999 0.4768172953125 0.7670106984375
2 0.33637993437499997 0.857504334375 0.2784560640625 0.8246529078125 0.2440595734375 0.8352510921875 0.22569313906250002 0.8724882484375 0.23422050625000002 0.9208493437499999 0.264475359375 0.93818036875 0.3234400046875 0.9255167343749999 0.3454276875 0.8831078984375 0.33637993437499997 0.857504334375
2 0.20423121093750002 0.85360679375 0.154325053125 0.8148084734375001 0.1111356359375 0.8269570875 0.0992364828125 0.8494544234375001 0.115261171875 0.9146261578124999 0.15378856406250002 0.9531642828125 0.1907708953125 0.9443767234375 0.21275857656250002 0.9019678875 0.20423121093750002 0.85360679375
2 0.2632226890625 0.648279359375 0.230381996875 0.629137709375 0.194950096875 0.646718196875 0.1838207921875 0.7121447562500001 0.2370880046875 0.7571501640625 0.257259696875 0.7558599265625 0.279247378125 0.7134510921875 0.2632226890625 0.648279359375
2 0.2844351578125 0.6014740609375 0.2624474734375 0.6438828953125 0.2841642296875 0.6899183468750001 0.31364386875 0.7028529078125 0.3449395 0.674668871875 0.3379625640625 0.635100703125 0.2844351578125 0.6014740609375
2 0.43728669218749994 0.5042583171875 0.4096176765625 0.48873791562499996 0.3692689265625 0.529851146875 0.37702107812499996 0.5738157796875 0.39848300625 0.592697234375 0.43908658437500003 0.5787379968749999 0.450210521875 0.5518441953125001 0.43728669218749994 0.5042583171875
2 0.47735378281249996 0.6286548890625 0.43339451718750005 0.5978742796875001 0.39098031718750004 0.61441935625 0.375459915625 0.642088371875 0.38786335625 0.7124317828125 0.4292367828125 0.7414017671875001 0.47346160781249996 0.7222708515625 0.49105282656250004 0.68063723125 0.47735378281249996 0.6286548890625
2 0.406522184375 0.4326193015625 0.3705806296875 0.3958918 0.3361841390625 0.406489984375 0.3141964578125 0.44889881875000004 0.32117339375 0.4884669875 0.3522034625 0.5101944765625 0.392807040625 0.4962352390625 0.4083274421875 0.4685662234375 0.406522184375 0.4326193015625
2 0.2870639296875 0.2950226078125 0.2431046640625 0.2642419984375 0.20870817343749998 0.2748401828125 0.1781823921875 0.3459534421875 0.24359821875 0.43414826562500003 0.2805805484375 0.4253607078125 0.30981072656249997 0.37260851562499997 0.2870639296875 0.2950226078125
2 0.2399769703125 0.43931994531249996 0.1647328078125 0.359657853125 0.1091238515625 0.41706133437500004 0.100840578125 0.47291975468749997 0.134451121875 0.534990625 0.18022100937500002 0.5631853953125 0.21358209218750002 0.5595695140625 0.2492795515625 0.492077503125 0.2399769703125 0.43931994531249996
2 0.084013840625 0.59601535625 0.050132371875000005 0.62238876875 0.075470375 0.663252540625 0.10003853124999999 0.6611870890625 0.111937684375 0.6386897515625 0.084013840625 0.59601535625
2 0.5790250234375 0.356870853125 0.541787865625 0.33850441875000004 0.516184303125 0.347552171875 0.49859308281250003 0.3891857921875 0.5115169125000001 0.43677167031249997 0.54254698125 0.4584991609375 0.5759080640625001 0.45488327812499996 0.5942744984375 0.417646121875 0.5790250234375 0.356870853125
2 0.7029012078125 0.33956129218750003 0.6560959093750001 0.31834882656249996 0.622474634375 0.3333434734375 0.60203738125 0.384545234375 0.6157364265624999 0.43652757812500004 0.6607311 0.460325884375 0.6889205031250001 0.45308875468750004 0.7173754671875 0.3959401 0.7029012078125 0.33956129218750003
2 0.7853825 0.4474127890625 0.745819696875 0.4158569640625 0.71142320625 0.4264551484375 0.674175315625 0.48515423281250003 0.6744301453125 0.5123082265625001 0.716578784375 0.545674675 0.774768215625 0.528614578125 0.7990815437500001 0.49939513125 0.7853825 0.4474127890625
2 0.6927536453124999 0.7833331484375 0.6508544656249999 0.8156534546875 0.679293328125 0.874103078125 0.7067075171874999 0.8624694843749999 0.7206774890625 0.82600754375 0.6927536453124999 0.7833331484375
2 0.8970510375 0.8107741687500001 0.8654952124999999 0.8503369703124999 0.8704013312500001 0.9038697453125 0.924964146875 0.9305140843749999 0.9598810249999999 0.8971583687500001 0.949803228125 0.840004346875 0.8970510375 0.8107741687500001
2 0.9459808203125 0.432694434375 0.888832165625 0.404239471875 0.8549506953125 0.430612884375 0.8451169937499999 0.477678375 0.8595912531250001 0.53405718125 0.8906213218750001 0.5557846718749999 0.9400178265625 0.5402750015625 0.9640763265625001 0.4839015625 0.9459808203125 0.432694434375
2 0.6594945296875 0.054826595312500004 0.627944071875 0.05585663749999999 0.5963882484374999 0.09541944062499999 0.59819350625 0.1313663609375 0.619655434375 0.150247815625 0.653016515625 0.146631934375 0.6729333796875 0.11818770468749999 0.6594945296875 0.054826595312500004
2 0.39571210625000003 0.062806740625 0.3688183046875 0.051682803124999996 0.3284695546875 0.092796034375 0.33854734999999997 0.1499500546875 0.3695774203125 0.17167754531249999 0.3977668234375 0.1644404140625 0.42415096874999997 0.121256365625 0.39571210625000003 0.062806740625
2 0.311404090625 0.0731393640625 0.2741669328125 0.054772929687500006 0.243386325 0.0987321953125 0.25786058437500003 0.1551110015625 0.2852694046875 0.18201016875 0.31345880937500004 0.1747730375 0.32949959687499997 0.1243464921875 0.311404090625 0.0731393640625
2 0.19346406562500001 0.17553215312499998 0.15984815624999998 0.151994040625 0.12906754843749998 0.19595330625000001 0.15957722968750002 0.2404383265625 0.184145384375 0.23837287499999998 0.1996657859375 0.2107038578125 0.19346406562500001 0.17553215312499998
2 0.8075981765625 0.6248217453125 0.7739822671875001 0.6012836328125 0.7388105625 0.607485353125 0.71320163125 0.6550658671875 0.7142316734375 0.6866163234375 0.7504334203125 0.7119650609375 0.7962086765625 0.7016270718750001 0.8137998968750001 0.6599934515625 0.8075981765625 0.6248217453125
2 0.814304184375 0.7528341984375 0.7762864453125 0.7686040609375 0.7651625078125 0.7954978625 0.7853288328125 0.832740384375 0.8148084734375001 0.8456749468750001 0.8497253515625 0.8123192328125001 0.8375767375000001 0.769129815625 0.814304184375 0.7528341984375
2 0.746796075 0.83273501875 0.7403234265624999 0.8860075984375 0.7721287109375 0.91213155 0.8041995562500001 0.8883439765625001 0.8023942984374999 0.8523970562500001 0.746796075 0.83273501875
2 0.92265625 0.3265625 0.14375 0.2359375