2 0.9213210984375 0.842630209375 0.9419505062500001 0.8505490968749999 0.9920217109375 0.8258125765625 0.9752040765625001 0.7551119625 0.91694743125 0.73951195625 0.897715846875 0.7896119453125 0.9213210984375 0.842630209375
2 0.8900635125 0.871207290625 0.8583016046875 0.821820603125 0.8218056359375 0.8111924265624999 0.7950731296875 0.827981275 0.8229944765624999 0.8961815796874999 0.8900635125 0.871207290625
2 0.8011186562500001 0.7153373265625 0.8247239078125 0.7683555890625 0.8786644578124999 0.76877355625 0.87000348125 0.694441365625 0.8398483796875 0.67610328125 0.813562625 0.6829196859375 0.8011186562500001 0.7153373265625
2 0.796593578125 0.727125559375 0.756912784375 0.69836828125 0.7206545828124999 0.704737934375 0.700053959375 0.740787153125 0.710055190625 0.7852020078125 0.748157965625 0.8268787906249999 0.7943886109375 0.8209558875 0.8161205015625 0.7819596109375 0.796593578125 0.727125559375
2 0.9302273281250001 0.5992132140625 0.918410309375 0.5507200296875 0.8780449953125 0.514937365625 0.8252357140625 0.511572340625 0.7896908171875 0.5689354875 0.8019545875 0.607456225 0.8319007062500001 0.6527645843750001 0.8702124640625 0.6674710890625 0.9076019343749999 0.6581543796875 0.9302273281250001 0.5992132140625
2 0.87956544375 0.4140816515625 0.8671214781250001 0.446499290625 0.887541903125 0.4813884546875 0.9176970046875 0.49972653906250003 0.9432982421875 0.48588474687499994 0.9437162078125001 0.4319441984375 0.899957084375 0.4050027078125 0.87956544375 0.4140816515625
2 0.728458328125 0.508236103125 0.758404446875 0.5535444625 0.7883217796875 0.5548847140625 0.82136636875 0.48641785625 0.7648967265625 0.4309280703125 0.7381642187499999 0.44771691718750006 0.728458328125 0.508236103125
2 0.6688614296875001 0.5225534296875 0.6541549234375 0.5608651874999999 0.6782069265625 0.6039110062499999 0.71244035625 0.6204333 0.743935709375 0.6088540499999999 0.7538793671875 0.5653326953125 0.7298273671875 0.5222868765625 0.6688614296875001 0.5225534296875
2 0.6490967375000001 0.450721546875 0.6672546234375 0.4915048265625 0.7189326359375 0.4978169078125 0.7256914671875 0.4361664515625 0.7007459625 0.4130655234375 0.669697359375 0.4146723296875 0.6490967375000001 0.450721546875
2 0.66990634375 0.38770205468749996 0.665352478125 0.35552218281250003 0.634959609375 0.3201862671875 0.5943853109375 0.311373878125 0.5613119390625 0.33587263125 0.559762703125 0.39276024062500003 0.5969719765625 0.45438191093749997 0.6212329609375 0.470457453125 0.6386775421875 0.4602472421875 0.66990634375 0.38770205468749996
2 0.757309446875 0.2657126109375 0.7176286515625 0.23695533281249997 0.683186240625 0.2474033125 0.668926484375 0.2757426265625 0.676665175 0.3260515984375 0.710451853125 0.3525463390625 0.747841325 0.3432296265625 0.7654948890625 0.30604913906250003 0.757309446875 0.2657126109375
2 0.7560267656249999 0.38356615625 0.801601678125 0.4145859734375 0.837175359375 0.4011909328125 0.8520908484374999 0.3359089015625 0.7933586640625 0.2863132328125 0.7679951953125 0.31715285312499997 0.7560267656249999 0.38356615625
2 0.71953828125 0.038190960937500004 0.6834890625 0.017590340625 0.6449683234375 0.029854109375 0.63207760625 0.07224419374999999 0.6461571640625 0.11484326250000002 0.677681303125 0.1472321171875 0.730937334375 0.140624696875 0.7431435328125 0.091209225 0.71953828125 0.038190960937500004
2 0.573820959375 0.0566441859375 0.537562759375 0.0630138390625 0.5246720421875 0.105403925 0.5428299265625001 0.1461872046875 0.5922453984375 0.15839340156249998 0.6112680015625 0.1352636875 0.5980819453125 0.07271973125 0.573820959375 0.0566441859375
2 0.47856079375 0 0.4860937296875 0.029731482812499998 0.509223446875 0.048754085937500004 0.5695048625 0.0414621453125 0.58828366875 0 0.47856079375 0
2 0.4408141578125 0.1036457078125 0.4029491515625 0.0789667578125 0.362612621875 0.0871521984375 0.347459365625 0.13543639999999998 0.36743304062500004 0.1802980078125 0.4012197203125 0.20679274687500002 0.44268751718750005 0.195660246875 0.4567095046875 0.150323103125 0.4408141578125 0.1036457078125
2 0.359276384375 0.1839295859375 0.3236739171875 0.1533565171875 0.2892315046875 0.1638045 0.2763407890625 0.206194584375 0.28678876875000003 0.240636996875 0.3264695640625 0.269394275 0.3579649171875 0.25781502343749996 0.3719869046875 0.21247788124999997 0.359276384375 0.1839295859375
2 0.19998382812499998 0.23774750937500003 0.20477545937500002 0.2869252125 0.24466523750000002 0.288712215625 0.23511075781250002 0.23432491562500002 0.19998382812499998 0.23774750937500003
2 0.2334964671875 0.538023328125 0.203341365625 0.5196852437499999 0.17297728125 0.5283174359375 0.160086565625 0.570707521875 0.174612875 0.6033341453125 0.21247788124999997 0.6280130953125 0.23581657812499998 0.6200654218749999 0.2493918140625 0.5847007234375 0.2334964671875 0.538023328125
2 0.24045679843749998 0.7841496125 0.2066701203125 0.7576548734374999 0.1663335921875 0.765840315625 0.149364546875 0.8100461890625 0.16525989218749998 0.856723584375 0.1920211859375 0.8839028421874999 0.23598929218750003 0.88387405625 0.2540896078125 0.8367211250000001 0.24045679843749998 0.7841496125
2 0.194788046875 0.9559724921875 0.20746978125 0.94055268125 0.1974685515625 0.8961378265625 0.14918435000000002 0.88098456875 0.1512666921875 0.946028834375 0.194788046875 0.9559724921875
2 0.3565809125 0.9132582812500001 0.3111861984375 0.8113000843749999 0.266086821875 0.8142759281249999 0.265906625 0.8852143078125 0.3273480984375 0.9189434171875 0.3565809125 0.9132582812500001
2 0.06542030625 0.676383653125 0.0388967828125 0.6662022265624999 0.075450321875 0.7647666156249999 0.0876565203125 0.7153511453125 0.06542030625 0.676383653125
2 0.5940750046875001 0.8759338671875 0.5621041140624999 0.85351745625 0.5299242421875 0.8580713203125001 0.5138486984374999 0.8823323046875 0.5238499296875 0.9267471625000001 0.563530725 0.955504440625 0.59910440625 0.9421094015625 0.6140486796875 0.920795475 0.5940750046875001 0.8759338671875
2 0.76875 0.90546875 0.096875 0.071875
2 0.4375 0.015625 0.08125 0.03125
2 0.04453125 0.325 0.0890625 0.26875
2 0.51015625 0.51953125 0.18125 0.203125