2 0.1625 0.33203125 0.125 0.1671875
2 0.04140625 0.29375 0.0828125 0.134375
2 0.121875 0.4859375 0.1046875 0.13125
2 0.0984375 0.67109375 0.0671875 0.115625
2 0.0703125 0.9109375 0.13125 0.178125
2 0.21875 0.69375 0.09609375 0.125
2 0.17578125 0.7921875 0.10390625 0.1140625
2 0.2765625 0.55703125 0.09375 0.1390625
2 0.25390625 0.4015625 0.10078125 0.125
2 0.146875 0.0234375 0.08125 0.046875
2 0.459375 0.3484375 0.14375 0.18515625
2 0.3765625 0.54609375 0.13125 0.17421875
2 0.21640625 0.21328125 0.10703125 0.10546875
2 0.1921875 0.0890625 0.1 0.14921875
2 0.33046875 0.1265625 0.06796875 0.08671875
2 0.42890625 0.06796875 0.08515625 0.10703125
2 0.39609375 0.4296875 0.1015625 0.1203125
2 0.49453125 0.13671875 0.103125 0.12578125
2 0.5515625 0.2859375 0.09609375 0.11640625
2 0.59453125 0.196875 0.09375 0.10546875
2 0.6734375 0.24765625 0.10234375 0.12578125
2 0.50703125 0.7609375 0.08984375 0.1328125
2 0.2296875 0.903125 0.1765625 0.19375
2 0.29609375 0.26796875 0.1 0.11484375
2 0.48828125 0.49921875 0.09765625 0.12265625
2 0.6046875 0.540625 0.084375 0.10859375
2 0.59140625 0.66796875 0.09921875 0.11953125
2 0.71953125 0.57578125 0.090625 0.1125
2 0.93671875 0.58828125 0.1046875 0.14453125
2 0.81328125 0.5515625 0.1078125 0.14609375
2 0.625 0.93046875 0.10703125 0.13828125
2 0.8890625 0.7828125 0.0875 0.11640625
2 0.69296875 0.69609375 0.0828125 0.1140625
2 0.940625 0.94140625 0.090625 0.1109375
2 0.3765625 0.68046875 0.0859375 0.10625
2 0.4421875 0.66015625 0.0875 0.1171875
2 0.75234375 0.0234375 0.08203125 0.046875
2 0.4328125 0.9015625 0.16953125 0.19609375
2 0.71484375 0.1421875 0.1296875 0.18984375