2 0.674146340625 0.8542732109375001 0.69506556875 0.8184079390625 0.691332409375 0.7828893 0.6722931671875 0.7512238328125 0.63292135625 0.739650909375 0.60066923125 0.774462878125 0.6053356812499999 0.8188611781249999 0.6288147515625 0.85006 0.674146340625 0.8542732109375001
2 0.7273042859375 0.8688860281249999 0.6969187406249999 0.9214573156249999 0.7227310375 0.9748552875 0.7622228625 0.966215653125 0.7831420890625 0.9303503828125 0.7740358109375001 0.886418728125 0.7273042859375 0.8688860281249999
2 0.8194874125 0.87041938125 0.8576993140625 0.8282477015625 0.853499509375 0.7882892328125 0.8206741328125 0.7535838703125 0.7773291375 0.7469174234375 0.7499834875 0.7857025765625 0.7555832265625 0.838980534375 0.778595653125 0.8657395265625001 0.8194874125 0.87041938125
2 0.8595927046874999 0.67542690625 0.8370469234375 0.6531077437499999 0.8035148781249999 0.6543876656250001 0.7824756374999999 0.71046549375 0.8064213546874999 0.7461041453124999 0.838433453125 0.751717290625 0.8642591546875 0.7198252046875 0.8595927046874999 0.67542690625
2 0.7878621625 0.63358845 0.751890284375 0.547591721875 0.7046921171875 0.5256191921875 0.6486008828125 0.589870009375 0.664480215625 0.65553416875 0.7075851875 0.7026257296875 0.751516840625 0.6935194515625 0.7878621625 0.63358845
2 0.8118212859374999 0.58393704375 0.8341404484374999 0.5613912625 0.8334471828125001 0.5120864890625 0.8059949281250001 0.4857941421875 0.7769027109375 0.48660741874999996 0.7530636 0.5160462671875 0.756796759375 0.5515649078125 0.7807424765625 0.587203559375 0.8118212859374999 0.58393704375
2 0.564857584375 0.412383421875 0.5911499328125001 0.3849311640625 0.5993363265625 0.3346931 0.5808837437500001 0.28725490625 0.533685575 0.2652823765625 0.5068065703125 0.30850736093750003 0.503060003125 0.358278778125 0.520112653125 0.3923974828125 0.564857584375 0.412383421875
2 0.5028333843749999 0.31341383437500003 0.4843808015625 0.265975640625 0.4568085328125 0.25989585000000004 0.4245564078125 0.29470781874999996 0.43366268750000003 0.3386394734375 0.4615815875 0.36937165 0.49324705468749996 0.35033240781249997 0.5028333843749999 0.31341383437500003
2 0.3747715828125 0.37625131093749997 0.35935889374999996 0.31502698281249997 0.321973675 0.301000821875 0.2827084703125 0.3545054015625 0.2913481046875 0.393997225 0.323240190625 0.4198229265625 0.357825540625 0.4072101078125 0.3747715828125 0.37625131093749997
2 0.2633494078125 0.12760743125000001 0.228524034375 0.180645365625 0.2336571296875 0.22948349375000002 0.27138897968750003 0.268162040625 0.32105379218749996 0.2068311046875 0.3100809328125 0.14514013125 0.2633494078125 0.12760743125000001
2 0.257283025 0.0698896421875 0.2288974796875 0.034717635937500005 0.1998052625 0.0355309125 0.17199296718749998 0.0698762359375 0.1766594171875 0.1142745359375 0.22677746718749997 0.1426734875 0.261482828125 0.1098481125 0.257283025 0.0698896421875
2 0.11950147343749999 0.2751483078125 0.143927240625 0.22993673124999997 0.14019408125 0.1944180921875 0.1122751796875 0.16368591562499998 0.0831829625 0.16449919375 0.05046419375 0.1948713328125 0.0555972875 0.24370946093749998 0.0884226640625 0.278414821875 0.11950147343749999 0.2751483078125
2 0.0619566796875 0.6672398671875001 0.09222221093750001 0.6348811359375001 0.093862171875 0.6077755109375 0.0817159984375 0.577629990625 0.0394243046875 0.559630646875 0.01558519375 0.5890694953125 0.016745103125 0.6428141 0.0348510546875 0.66559990625 0.0619566796875 0.6672398671875001
2 0.09576896875 0.3696646578125 0.091569165625 0.32970618906250004 0.029651571874999998 0.29581410468749997 0.0027725671875 0.3390390875 0.0128121359375 0.3918504015625 0.034891273437499995 0.4097297328125 0.0704099125 0.4059965734375 0.09576896875 0.3696646578125
2 0.273428553125 0.671946534375 0.29972090156250003 0.6444942796875 0.303000821875 0.5902830296875 0.278121815625 0.5457647171875 0.23477682031249997 0.5390982703125 0.20649787968750002 0.5690037640625001 0.213497553125 0.6356012125 0.24632292968749997 0.6703065734375 0.273428553125 0.671946534375
2 0.31078696093749997 0.856552809375 0.3366126625 0.824660725 0.3363860421875 0.7797957796875 0.2986541921875 0.7411172328125 0.2651221453125 0.74239715625 0.2452562203125 0.7669295296875001 0.245949484375 0.816234303125 0.2787748609375 0.8509396656250001 0.31078696093749997 0.856552809375
2 0.2056175703125 0.9663618359375 0.23938964375 0.9246568 0.238229734375 0.8709121968750001 0.19956459375 0.823353990625 0.17491220624999998 0.823700621875 0.14359337187500001 0.86739225 0.1438199921875 0.9122571953125 0.1608726390625 0.9463758984374999 0.2056175703125 0.9663618359375
2 0.6217889078125001 0.206644703125 0.5934033609375 0.171472696875 0.5643111453125 0.172285975 0.549578315625 0.2456564765625 0.5676842671875 0.268442284375 0.599229721875 0.2696156 0.624588778125 0.233283684375 0.6217889078125001 0.206644703125
2 0.7120125890625 0 0.6814000890624999 0.0477575234375 0.678933446875 0.13106098906250002 0.7317447593749999 0.1210214203125 0.7881826249999999 0.081422990625 0.7772097671875 0.0197320171875 0.7448903296875 0 0.7120125890625 0
2 0.5139348890625001 0 0.5045135640625 0.030438037499999997 0.5243660828125 0.09119572031249999 0.56373789375 0.10276864375000001 0.58360381875 0.0782362703125 0.590016834375 0.16060644531249998 0.639668240625 0.18456556875000002 0.672280403125 0.089115928125 0.6641074140625001 0.054063934375 0.6158559421875001 0.0434243015625 0.5955233734375 0.0635168453125 0.586768871875 0 0.5139348890625001 0
2 0.0173055921875 0.050223525000000005 0.048731032812500005 0.071609396875 0.0753700125 0.06880952812499999 0.0972225296875 0.041823915625 0.0173055921875 0.050223525000000005
2 0.23485725624999998 0.027357923437499997 0.2658160515625 0.044303965625000004 0.2925750453125 0.0212915390625 0.23485725624999998 0.027357923437499997