2 0.18328949375 0.5128761500000001 0.1699515515625 0.48779113125 0.1486054625 0.4812649765625 0.1097610859375 0.509069328125 0.099319240625 0.5432230671875 0.1200671484375 0.5822442078125001 0.14289522968749999 0.5915575859375 0.1748599265625 0.570986440625 0.18328949375 0.5128761500000001
2 0.2551591421875 0.5068393062500001 0.23624675312500001 0.484718275 0.1957436203125 0.5026789593750001 0.1856552984375 0.5509455828125 0.2004752328125 0.578817825 0.2287010015625 0.5781107765625 0.2519505 0.5478727265625001 0.2551591421875 0.5068393062500001
2 0.3594149078125 0.44067989062499996 0.35299762343749996 0.52274673125 0.3975932109375 0.4990348375 0.4058460140625 0.433868103125 0.3594149078125 0.44067989062499996
2 0.35879956874999996 0.34125631093750003 0.3412774609375 0.393120315625 0.3603666125 0.4222977890625 0.417976446875 0.40417746250000003 0.40467656874999997 0.3308086984375 0.35879956874999996 0.34125631093750003
2 0.37912915625 0.269313003125 0.3529835609375 0.24031229375000002 0.3265933125 0.25791945156249996 0.3148462359375 0.2963424109375 0.33559414374999996 0.33536355 0.35955069375000004 0.33335126718749997 0.378530975 0.30180798750000004 0.37912915625 0.269313003125
2 0.48528833281250006 0.166389384375 0.46637594218749995 0.144268353125 0.4309169703125 0.1380957234375 0.3920725921875 0.1659000734375 0.37214060625 0.21582545468749997 0.389924528125 0.24927214531250003 0.4196322875 0.2513523203125 0.47093079375 0.213350778125 0.48528833281250006 0.166389384375
2 0.530808709375 0.2923447625 0.509884040625 0.24626718281249999 0.4333237546875 0.290550221875 0.42358895781249994 0.35292972968749997 0.43544490468749997 0.375227525 0.46811665312499995 0.382882146875 0.5220256187500001 0.3363421703125 0.530808709375 0.2923447625
2 0.6318558328125 0.26721876718750004 0.619823121875 0.23786453125 0.597171803125 0.2356075953125 0.56817109375 0.2617531890625 0.5508495671875 0.303140134375 0.5617538093750001 0.34382003125 0.584581890625 0.3531334078125 0.61785181875 0.32829304531250003 0.6318558328125 0.26721876718750004
2 0.5995785875 0.38806209375 0.5777022109375001 0.3603666125 0.5453839890625 0.366824875 0.5290141687500001 0.38982971875 0.53078179375 0.46039413749999997 0.5632767796875 0.4609923171875 0.5921007281249999 0.4277902828125 0.5995785875 0.38806209375
2 0.7015505015625 0.5126033703124999 0.669476934375 0.4724537625 0.6175802484374999 0.5429502890625 0.6360712203125 0.6046227484375 0.6711766671875 0.59668249375 0.70225755 0.5408291375000001 0.7015505015625 0.5126033703124999
2 0.1127391359375 0.7970782140625 0.0371305546875 0.8229791531249999 0.021467784375 0.874209765625 0.08977526875 0.8950934593750001 0.1234666140625 0.8307016671874999 0.1127391359375 0.7970782140625
2 0.2170358765625 0.8453038609375 0.176423875 0.80254379375 0.13235857499999998 0.8474250124999999 0.1367366625 0.909450996875 0.18518004999999998 0.9265957609375001 0.2046906203125 0.9162218062499999 0.2170358765625 0.8453038609375
2 0.25044159062500004 0.7131348765625 0.21812336875 0.7195931390625 0.21004732812500002 0.7918163140625001 0.2369678640625 0.79537848125 0.26021736562500003 0.7651404328125 0.25044159062500004 0.7131348765625
2 0.09509099843749999 0.6563029 0.07374491093749999 0.649776746875 0.0404749828125 0.6746171109375 0.0474635328125 0.7281046578125 0.0801352796875 0.73575928125 0.09668186250000001 0.719810878125 0.09509099843749999 0.6563029
2 0.10017613593750001 0.746554653125 0.0195912890625 0.74292459375 0.0108081984375 0.786922 0.023969378125 0.8049505765625 0.0886058234375 0.7920340546875 0.11055009062500001 0.7660652234375 0.10017613593750001 0.746554653125
2 0.479891853125 0.9093280640625 0.440095771875 0.9555145171874999 0.47068734531249995 0.9928769000000001 0.5015235734375 0.9836314140625 0.5132706515625001 0.9452084546874999 0.479891853125 0.9093280640625
2 0.7265137953125 0.8890284906250001 0.705589125 0.842950909375 0.67884535 0.846445184375 0.6542906203125 0.88095245 0.6645966828125001 0.9541273312499999 0.690035225 0.954902275 0.7134614859374999 0.9317206671875 0.7265137953125 0.8890284906250001
2 0.8536069046874999 1 0.8560044265625001 0.9846369515625 0.83246929375 0.9470978046875 0.78508648125 0.9722916937500001 0.7798710703125 1 0.8536069046874999 1
2 0.6754868609375 0.7123727875 0.6247865375 0.7178793437500001 0.6143446906250001 0.7520330859375 0.6304698546874999 0.7756361093749999 0.6559083984375 0.776411053125 0.6793346609375 0.7532294453125 0.6754868609375 0.7123727875
2 0.9240122140624999 0.6553090109374999 0.90640505625 0.6289187609375 0.8525639828125 0.6217944281250001 0.8196475796874999 0.660747675 0.8167924609374999 0.715893978125 0.854263715625 0.7460231562499999 0.89233315 0.7436573515625 0.9208035718750001 0.6963424296875 0.9240122140624999 0.6553090109374999
2 0.9609122015624999 0.5498837984375 0.9433050453125 0.52349355 0.9163845078125 0.5199313828125 0.8818093484375 0.5490409640625 0.8799059375 0.5858051671875 0.9003003203125 0.6107134234375 0.9354057671874999 0.6027731671875001 0.9517755859375001 0.5797683234375001 0.9609122015624999 0.5498837984375
2 0.8889336828125 0.495199890625 0.8778526781249999 0.44746355312499997 0.8466629234375 0.4425961546875 0.7996336375 0.4819029265625 0.7895453156250001 0.5301695515625 0.8017547875 0.5665802296875 0.8357317671875 0.569965634375 0.8758813734374999 0.5378920671875 0.8889336828125 0.495199890625
2 0.78554766875 0.31420707812500004 0.769245740625 0.2835476109375 0.7120192624999999 0.3104002546875 0.7029915171875001 0.40100553124999994 0.7215503812499999 0.4090136796875 0.7685796671875 0.36970690624999997 0.78554766875 0.31420707812500004
2 0.8659147765625 0.19639563124999998 0.815567978125 0.21601507031249997 0.8025156687500001 0.25870724843750004 0.8232635765625 0.29772838749999997 0.858369025 0.28978813125 0.8884982015625 0.2523168796875 0.8659147765625 0.19639563124999998
2 0.91449395 0.106211771875 0.930020934375 0.1623097828125 0.976275278125 0.1484415546875 0.98558865625 0.125613471875 0.91449395 0.106211771875
2 0.9497363890624999 0.7238611484375 0.989070078125 0.602841059375 0.9476152390625 0.6391838453124999 0.9497363890624999 0.7238611484375
2 0.93203125 0.39296875 0.1359375 0.2921875
2 0.43359375 0.734375 0.1796875 0.2