2 0.1860162546875 0.5661572296874999 0.2378520390625 0.552267871875 0.27133418125 0.4942751 0.2645790953125 0.45686811250000003 0.23119855312499998 0.429863478125 0.1679831328125 0.45007008437499996 0.14342956093749998 0.492598115625 0.1534527328125 0.5422017578125 0.1860162546875 0.5661572296874999
2 0.173733715625 0.8374312093749999 0.22556949999999998 0.823541853125 0.25339115625 0.793210475 0.25556463906250004 0.7403387484375 0.2199519546875 0.7172003 0.1606027203125 0.739639046875 0.142745578125 0.7705685265625 0.14667042187499998 0.8218062093749999 0.173733715625 0.8374312093749999
2 0.1304316015625 0.6758255265625001 0.123676515625 0.6384185390625 0.099662384375 0.62197651875 0.0580100328125 0.649477653125 0.05175144375 0.687103559375 0.0690691453125 0.7151441359375 0.10647613281249999 0.708389046875 0.1304316015625 0.6758255265625001
2 0 0.5427511640625 0.006056928125 0.565355925 0.0292540359375 0.5787487828125 0.08332196562500001 0.5609932421875 0.1135360234375 0.4908038140625 0.094365359375 0.443651234375 0.052056246875000003 0.43211133906250004 0.017917343750000002 0.45106308281249996 0 0.5019979015625 0 0.5427511640625
2 0.088470234375 0.2752904625 0.0384874125 0.30829182187500004 0.0369120296875 0.3511990375 0.056242953124999995 0.3623597515625 0.081453284375 0.3588727484375 0.1098730421875 0.31857685625 0.088470234375 0.2752904625
2 0.1864383765625 0.4091760921875 0.1835494734375 0.37400124687499997 0.1375344359375 0.3242373453125 0.1214715953125 0.325273284375 0.09735586406249999 0.39382867187500004 0.1002447671875 0.4290035171875 0.1267099609375 0.454593028125 0.1864383765625 0.4091760921875
2 0.24714407500000002 0.3308164546875 0.24588921406250003 0.3017399375 0.2163748546875 0.2769674453125 0.1702582171875 0.3122009484375 0.1725490203125 0.35734030625 0.18801375781250002 0.366268878125 0.21932241874999997 0.36114783125 0.24714407500000002 0.3308164546875
2 0.13731551718749999 0.3112236671875 0.20641034375 0.2763693453125 0.215937015625 0.25094009375000004 0.19720419218750002 0.229814865625 0.133390671875 0.2599859828125 0.13731551718749999 0.3112236671875
2 0.14176408437500002 0.12048280781250001 0.0971212265625 0.1978065046875 0.111608684375 0.2396777765625 0.13703793749999998 0.24920445 0.2000344359375 0.21598416875 0.2241501671875 0.1474287828125 0.20051521874999997 0.1080085734375 0.14176408437500002 0.12048280781250001
2 0 0.7869596015625 0.02687735 0.8016153234375001 0.018488221875 0.758110009375 0 0.7459347953125001 0 0.7869596015625
2 0.5112293375 0.962693071875 0.5313186234375 0.9278974078125 0.5099158187499999 0.8846110140624999 0.47332585156249996 0.8944152656250001 0.45546870781250004 0.92534474375 0.45835761093749994 0.9605195890625 0.479322578125 0.9777786296875 0.5112293375 0.962693071875
2 0.5472054859375 0.7798448437500001 0.59294294375 0.767589528125 0.6191305578125 0.7311598218750001 0.6119376296875 0.6677254828125 0.5856913546875 0.655149646875 0.553565675 0.657221528125 0.518449490625 0.7091159734375 0.5207402937500001 0.7542553296875 0.5472054859375 0.7798448437500001
2 0.628438309375 0.6927168953125 0.655501603125 0.7083418953125 0.691434809375 0.6594966125 0.6572372468750001 0.6294428140624999 0.6233172625 0.661408234375 0.628438309375 0.6927168953125
2 0.616386196875 0.47698462187499996 0.5814302734375 0.4928872015625 0.5635731296875 0.52381668125 0.5868288984375 0.5862150796875001 0.6303342125 0.5778259484375 0.6615842125 0.5236993609375 0.616386196875 0.47698462187499996
2 0.5970552734375 0.4658239078125 0.6039119609375 0.41823348749999995 0.5725446421875 0.3743489921875 0.5215258781250001 0.3912875140625 0.503070634375 0.4321815046875 0.5102635624999999 0.49561584375 0.53732685625 0.51124084375 0.5970552734375 0.4658239078125
2 0.398976940625 0.6169413546875 0.4558751140625 0.5853551171875 0.4938215421875 0.519629975 0.486468353125 0.4921875 0.44698948281249995 0.46681690781249996 0.4065333328125 0.4743890171875 0.360854534375 0.535649871875 0.3625472359375 0.5907537421875 0.398976940625 0.6169413546875
2 0.44230627812499995 0.4615356015625 0.4736149375 0.45641455468750003 0.50203469375 0.4161186640625 0.49974389218750004 0.3709793078125 0.47349761875 0.358403471875 0.4407738375 0.370439865625 0.4206845515625 0.4052355296875 0.42134131249999995 0.444276559375 0.44230627812499995 0.4615356015625
2 0.346965178125 0.4838140875 0.3866043078125 0.47319281406249997 0.4127919203125 0.436763109375 0.41779564843749994 0.3700606859375 0.380548921875 0.3408239078125 0.3372625265625 0.362226715625 0.3082446703125 0.41248711718750003 0.3182678421875 0.462090759375 0.346965178125 0.4838140875
2 0.58936584375 0.3273566734375 0.5909412265625 0.284449459375 0.5553285421874999 0.261311009375 0.5348014171875 0.2700793203125 0.5112837859375 0.32867019375 0.5308336296875 0.3528445859375 0.5721068015624999 0.348321640625 0.58936584375 0.3273566734375
2 0.4360906296875 0.365158559375 0.47572976093749997 0.3545372859375 0.5035514171875 0.3242059078125 0.501858715625 0.26910203906249996 0.48007672812499996 0.24879383437499997 0.41462916562499996 0.272866621875 0.39453987968750004 0.3076622859375 0.405161153125 0.3473014171875 0.4360906296875 0.365158559375
2 0.603677325 0.222211321875 0.60525270625 0.1793041078125 0.577372390625 0.16062994375 0.5312557531250001 0.19586344687499999 0.525595265625 0.22352484375 0.5467791515625 0.2537975609375 0.588052325 0.249274615625 0.603677325 0.222211321875
2 0.6505680421875 0.3240299296875 0.7030019281250001 0.30017606093750004 0.7315819453125 0.22388830624999997 0.7264608984375001 0.1925796453125 0.7079469953124999 0.1844680953125 0.6491958624999999 0.1969423296875 0.6191420625 0.23113989375 0.615772378125 0.30394064374999996 0.6505680421875 0.3240299296875
2 0.8328611125000001 0.23596764218750002 0.8322043515624999 0.19692661250000001 0.7927254828125 0.1715560203125 0.7405105171875 0.20842356562500003 0.7346897671875 0.2720768265625 0.7658381671875001 0.3029476453125 0.795512784375 0.291728271875 0.8328611125000001 0.23596764218750002
2 0.8440375453125 0.3996452078125 0.8887390609375 0.3713270515625 0.9116585890625 0.3227006921875 0.898367334375 0.26090039374999996 0.8704870187499999 0.24222623125 0.8316649109375 0.2558966671875 0.7937184828125 0.32162180937499996 0.815340209375 0.3779218796875 0.8440375453125 0.3996452078125
2 0.8143629265625 0.41086458124999997 0.813108065625 0.381788065625 0.7764594406249999 0.342586775 0.7325749453125 0.3739540953125 0.739767871875 0.437388434375 0.759098796875 0.44854914843750004 0.7987379265625 0.4379278765625 0.8143629265625 0.41086458124999997
2 0.6603293515625 0.4946228453125 0.696102296875 0.4817694296875 0.727352296875 0.4276428421875 0.7256595953125 0.37253897187499996 0.6900469109375 0.3494005234375 0.636796003125 0.370205228125 0.618340759375 0.4110992203125 0.6255336875 0.474533559375 0.6603293515625 0.4946228453125
2 0.33485440624999996 0.21907627500000001 0.38282400625 0.20295477499999998 0.40737757812500003 0.160426740625 0.408354859375 0.12748404062500002 0.378840503125 0.10271155000000001 0.33005388125 0.115783884375 0.3032681671875 0.162178103125 0.304523028125 0.19125461875 0.33485440624999996 0.21907627500000001
2 0.39358982187499997 0.023593549999999998 0.3653303265625 0.0278975734375 0.345241040625 0.0626932375 0.3702911125 0.0951980984375 0.4038319140625 0.0862108671875 0.42168905624999997 0.0552813890625 0.39358982187499997 0.023593549999999998
2 0.6030982625 0 0.594076275 0.015626540624999997 0.604697546875 0.055265671875 0.6301268 0.06479234375000001 0.6786945 0.038706331249999996 0.6254374125 0 0.6030982625 0