2 0.58203125 0.059375 0.1234375 0.11875
2 0.37734375 0.19921875 0.15 0.1796875
2 0.2875 0.27109375 0.1265625 0.1546875
2 0.16015625 0.40546875 0.134375 0.1515625
2 0.040625 0.56015625 0.08125 0.1359375
2 0.09453125 0.6578125 0.1515625 0.1796875
2 0.29765625 0.46171875 0.1359375 0.1671875
2 0.37265625 0.35625 0.1109375 0.1484375
2 0.38671875 0.50234375 0.1265625 0.1546875
2 0.18515625 0.83125 0.14375 0.1703125
2 0.22109375 0.915625 0.1265625 0.103125
2 0.68515625 0.3109375 0.146875 0.159375
2 0.6859375 0.4625 0.159375 0.196875
2 0.7828125 0.38828125 0.1484375 0.203125
2 0.75703125 0.09296875 0.125 0.125
2 0.896875 0.5578125 0.1421875 0.159375
2 0.96484375 0.628125 0.05625 0.1015625
2 0.87109375 0.7828125 0.1828125 0.2109375
2 0.86953125 0.96953125 0.1140625 0.0609375
2 0.7234375 0.853125 0.203125 0.1890625
2 0.1875 0.24140625 0.1765625 0.2375
2 0.90546875 0.35078125 0.1234375 0.1421875