2 0.35493247031249997 0.7697964296875 0.353052484375 0.7022656921875 0.3114540546875 0.6709602625 0.25257635624999997 0.7186384828125 0.2530564078125 0.7994887109375 0.27093574062500003 0.821567846875 0.31720061875 0.808474978125 0.35493247031249997 0.7697964296875
2 0.24813652656250001 0.7181718375 0.2528029765625 0.6737735390624999 0.2147110875 0.651814415625 0.17989911875 0.684066540625 0.176165959375 0.719585178125 0.19755183125 0.7510106203125 0.21975098124999998 0.7533438453125 0.24813652656250001 0.7181718375
2 0 0.7991773515625 0.0011594203125 0.8044354031250001 0.036798071875 0.8283811203125 0.077103171875 0.8079285374999999 0.09788898124999999 0.7382911953125 0.0694900296875 0.68817314375 0.0413311015625 0.6784802062499999 0.0016126578125 0.7147055156250001 0 0.7228541921875 0 0.7991773515625
2 0.295761121875 0.4358893046875 0.29972090156250003 0.3555057203125 0.250642746875 0.3099475140625 0.156486434375 0.39431768749999996 0.15836642031249998 0.46184842656249997 0.2054579828125 0.504953396875 0.2517228609375 0.491860525 0.295761121875 0.4358893046875
2 0.10296844999999999 0.34829283437499997 0.1381404578125 0.37667838124999997 0.20204464375 0.3452395328125 0.2342833609375 0.29476144375 0.23053679531250001 0.24499002656250002 0.20471109375 0.2130979390625 0.1672058625 0.2069115421875 0.11019474375 0.23683044375 0.09267545 0.2753889765625 0.10296844999999999 0.34829283437499997
2 0.3049740078125 0.32688015 0.333359553125 0.29170814375 0.3375593578125 0.2517496734375 0.317106775 0.21144457343749998 0.28404137500000004 0.2057248203125 0.24969605 0.23353711562499999 0.24456295625000002 0.2823752453125 0.2659488296875 0.3138006859375 0.3049740078125 0.32688015
2 0.3494655078125 0.181179040625 0.367811484375 0.198818346875 0.4470217515625 0.171232671875 0.4763405875 0.1271810046875 0.47002077187499997 0.059183621875 0.4392885953125 0.031264721875 0.41019637812500004 0.03045144375 0.371411225 0.05779709374999999 0.350158771875 0.1318742671875 0.3494655078125 0.181179040625
2 0.433729075 0.340412853125 0.474967465625 0.311080609375 0.485007034375 0.258269296875 0.4580080171875 0.19483175625 0.41208977031250005 0.1832722390625 0.3723713265625 0.2194975484375 0.3623317578125 0.27230886249999997 0.39423725 0.33177321875 0.433729075 0.340412853125
2 0.6204285484375001 0.3151469953125 0.65278728125 0.28488146406250003 0.6583870203125 0.23160350625 0.6374677921874999 0.1957382328125 0.6088422203125 0.1904851265625 0.569590421875 0.22227060625 0.559550853125 0.2750819203125 0.584909909375 0.3114138359375 0.6204285484375001 0.3151469953125
2 0.5484847937499999 0.487140453125 0.59112311875 0.4444887203125 0.59578956875 0.400090421875 0.578843525 0.3691316234375 0.537365109375 0.358038753125 0.507459615625 0.3863176921875 0.4969534015625 0.44356883593749996 0.5134327984375 0.4789674640625 0.5484847937499999 0.487140453125
2 0.656707484375 0.6960256703125001 0.6944393343749999 0.6573471234375 0.7058788375 0.59121631875 0.6615871453125 0.5214723703125 0.6240819140625 0.515285971875 0.5897365906250001 0.5430982671875 0.567550846875 0.6260551015625 0.5915099703125 0.6757065078125 0.656707484375 0.6960256703125001
2 0.749370659375 0.7753425453125 0.7120920468749999 0.7242912046875001 0.6879063046875 0.7195047406249999 0.6526276921874999 0.756196696875 0.6479612421875001 0.8005949937500001 0.6985593453125001 0.8530462703125 0.7295181421875 0.8361002281250001 0.749370659375 0.7753425453125
2 0.7758896265625 0.7579298578125 0.8203945312500001 0.6975188046875 0.8318340359375 0.6313880015625 0.80250179375 0.5901496109375 0.7477038874999999 0.5776568046875 0.709385378125 0.600562625 0.6986525453125 0.7026787125 0.7408376328124999 0.7497568671875 0.7758896265625 0.7579298578125
2 0.7916241171875 1 0.791462546875 0.9727882578125 0.7691433828124999 0.950242478125 0.7400511671875 0.9494292 0.7012660140625 0.97677485 0.6988249515625 1 0.7916241171875 1
2 0.51953125 0.83203125 0.175 0.196875
2 0.3578125 0.47578125 0.1515625 0.2265625