2 0.7924107140625 0.42410714218749995 0.7678571421875 0.47098214218749995 0.7857142859375 0.5424107140625 0.8258928578125 0.5602678578125 0.8616071421875 0.5334821421875 0.8705357140625001 0.49776785781250005 0.8415178578125 0.415178571875 0.7924107140625 0.42410714218749995
2 0.6852678578125 0.5133928578125 0.65625 0.5424107140625 0.65625 0.5870535718750001 0.6941964281249999 0.6383928578125 0.7142857140625 0.640625 0.7410714281249999 0.609375 0.7455357140625 0.5647321421875 0.7209821421875 0.5223214281249999 0.6852678578125 0.5133928578125
2 0.75 0.6629464281249999 0.7410714281249999 0.7165178578125 0.7700892859375 0.7589285718750001 0.8035714281249999 0.7566964281249999 0.8392857140625001 0.6897321421875 0.8303571421875 0.6540178578125 0.7834821421875 0.6294642859375 0.75 0.6629464281249999
2 0.7276785718750001 0.8638392859374999 0.7433035718750001 0.8883928578125 0.7723214281249999 0.890625 0.7991071421875 0.828125 0.7611607140625 0.7901785718750001 0.7276785718750001 0.8236607140625001 0.7276785718750001 0.8638392859374999
2 0.7991071421875 0.859375 0.7946428578125 0.9084821421875 0.8102678578125 0.9375 0.84375 0.9397321421875 0.8705357140625001 0.8995535718750001 0.8660714281249999 0.859375 0.8236607140625001 0.8303571421875 0.7991071421875 0.859375
2 0.7678571421875 0.9977678578125 0.7254464281249999 0.9508928578125 0.6897321421875 0.9553571421875 0.6696428578125 0.9933035718750001 0.7678571421875 0.9977678578125
2 0.48883928593750003 0.8794642859374999 0.46428571406249997 0.9352678578125 0.484375 0.96875 0.5044642859375 0.9709821421875 0.53125 0.9486607140625001 0.5357142859375 0.9084821421875 0.5200892859375 0.8839285718750001 0.48883928593750003 0.8794642859374999
2 0.2388392859375 0.9241071421875 0.2633928578125 0.921875 0.27678571406249997 0.859375 0.234375 0.8392857140625001 0.21875 0.9040178578125 0.2388392859375 0.9241071421875
2 0.1584821421875 0.6741071421875 0.133928571875 0.734375 0.16741071406250002 0.78125 0.196428571875 0.7879464281249999 0.2232142859375 0.7611607140625 0.2232142859375 0.7165178578125 0.194196428125 0.6785714281249999 0.1584821421875 0.6741071421875
2 0.178571428125 0.578125 0.1696428578125 0.6183035718750001 0.194196428125 0.65625 0.2321428578125 0.6629464281249999 0.25892857187499996 0.6361607140625 0.25892857187499996 0.6049107140625 0.2075892859375 0.5580357140625 0.178571428125 0.578125
2 0.10491071406250001 0.4375 0.053571428125 0.47098214218749995 0.053571428125 0.5200892859375 0.087053571875 0.5803571421875 0.12946428593749998 0.5870535718750001 0.165178571875 0.5513392859375 0.1696428578125 0.484375 0.149553571875 0.45089285781250005 0.10491071406250001 0.4375
2 0.19196428593749998 0.3415178578125 0.18303571406250002 0.38169642812500004 0.22767857187499999 0.41741071406249997 0.25 0.40401785781250005 0.25892857187499996 0.35491071406249997 0.22544642812500001 0.32142857187499996 0.19196428593749998 0.3415178578125
2 0.24107142812500001 0.22544642812500001 0.28125 0.26116071406249997 0.3125 0.24330357187499999 0.32142857187499996 0.180803571875 0.265625 0.15625 0.24107142812500001 0.22544642812500001
2 0.29241071406249997 0.0267857140625 0.2633928578125 0.0513392859375 0.25446428593750003 0.109375 0.2790178578125 0.147321428125 0.3303571421875 0.1540178578125 0.35267857187499996 0.131696428125 0.35267857187499996 0.0513392859375 0.32366071406249997 0.0267857140625 0.29241071406249997 0.0267857140625
2 0.390625 0.008928571875000001 0.36607142812500004 0.037946428125 0.3616071421875 0.11383928593749999 0.38169642812500004 0.15178571406250002 0.41964285781250005 0.1540178578125 0.45535714218749995 0.12276785781249999 0.45535714218749995 0.069196428125 0.42633928593750003 0.0133928578125 0.390625 0.008928571875000001
2 0.5424107140625 0.0044642859375000005 0.5223214281249999 0.0290178578125 0.5223214281249999 0.0736607140625 0.5758928578125 0.100446428125 0.6026785718750001 0.069196428125 0.6026785718750001 0.024553571875 0.5825892859375 0.0044642859375000005 0.5424107140625 0.0044642859375000005
2 0.6495535718750001 0.102678571875 0.5982142859375 0.1540178578125 0.6026785718750001 0.21205357187499999 0.6361607140625 0.25892857187499996 0.6741071421875 0.26116071406249997 0.7142857140625 0.2165178578125 0.71875 0.162946428125 0.6808035718750001 0.10714285781249999 0.6495535718750001 0.102678571875
2 0.625 0.32366071406249997 0.6495535718750001 0.35267857187499996 0.6830357140625 0.35044642812500004 0.7053571421875 0.33258928593750003 0.7098214281249999 0.296875 0.671875 0.27678571406249997 0.625 0.32366071406249997
2 0.8258928578125 0.28794642812500004 0.8348214281249999 0.33258928593750003 0.8705357140625001 0.35044642812500004 0.90625 0.28794642812500004 0.8861607140625001 0.2455357140625 0.8504464281249999 0.25446428593750003 0.8258928578125 0.28794642812500004
2 0.96796875 0.96171875 0.0640625 0.0765625
2 0.03359375 0.02265625 0.0671875 0.04453125