2 0.12578125 0.22265625 0.153125 0.19296875
2 0.1421875 0.034375 0.146875 0.06875
2 0.24765625 0.04296875 0.10390625 0.08515625
2 0.14921875 0.3828125 0.11171875 0.1359375
2 0.05390625 0.7703125 0.1078125 0.14765625
2 0.225 0.87890625 0.16875 0.190625
2 0.3953125 0.63125 0.18515625 0.25078125
2 0.30625 0.734375 0.1359375 0.1703125
2 0.309375 0.9484375 0.10625 0.10234375
2 0.51640625 0.4953125 0.11796875 0.16171875
2 0.68359375 0.6453125 0.12421875 0.15
2 0.7046875 0.77109375 0.121875 0.13671875
2 0.7859375 0.7078125 0.1015625 0.1359375
2 0.82265625 0.3359375 0.11484375 0.171875
2 0.896875 0.4015625 0.14921875 0.14453125
2 0.86015625 0.5296875 0.15390625 0.18984375
2 0.9640625 0.509375 0.071875 0.21484375
2 0.9375 0.63203125 0.125 0.1515625
2 0.95859375 0.28125 0.08203125 0.22890625
2 0.55703125 0.2796875 0.17265625 0.19296875