1 0.71875 0.9171875 0.0890625 0.1453125
1 0.6203125 0.91171875 0.09296875 0.16640625
1 0.90390625 0.83125 0.09765625 0.15625
1 0.8421875 0.578125 0.08125 0.12890625
1 0.8984375 0.49609375 0.1046875 0.1296875
1 0.80625 0.2625 0.103125 0.13984375
1 0.8015625 0.13671875 0.075 0.10234375
1 0.96015625 0.16328125 0.0796875 0.13828125
1 0.58125 0.41796875 0.121875 0.12890625
1 0.571875 0.61328125 0.11171875 0.14140625
1 0.309375 0.528125 0.10078125 0.1484375
1 0.24375 0.30390625 0.11171875 0.12890625
1 0.05078125 0.23046875 0.10078125 0.146875
1 0.04609375 0.49375 0.0921875 0.15234375
1 0.03359375 0.69375 0.0671875 0.159375