2 0.13515625 0.290625 0.146875 0.2
2 0.10078125 0.1421875 0.1234375 0.14375
2 0.0359375 0.2375 0.0640625 0.121875
2 0.18515625 0.06328125 0.1171875 0.1265625
2 0.403125 0.2375 0.10625 0.1515625
2 0.25625 0.509375 0.1375 0.184375
2 0.1328125 0.628125 0.096875 0.15625
2 0.35078125 0.69140625 0.0828125 0.1
2 0.30234375 0.78984375 0.0984375 0.115625
2 0.23125 0.8671875 0.103125 0.1890625
2 0.14296875 0.80546875 0.1046875 0.1328125
2 0.08984375 0.90703125 0.1484375 0.1453125
2 0.440625 0.83046875 0.13125 0.1328125
2 0.540625 0.76171875 0.134375 0.1671875
2 0.59296875 0.63203125 0.1234375 0.1375
2 0.69609375 0.2296875 0.115625 0.1484375
2 0.7171875 0.08671875 0.18125 0.1671875
2 0.7375 0.35 0.09375 0.14375
2 0.8390625 0.31796875 0.1125 0.140625
2 0.88046875 0.4828125 0.1375 0.1796875
2 0.859375 0.76953125 0.1546875 0.215625
2 0.80546875 0.9203125 0.1046875 0.103125
2 0.59140625 0.959375 0.1296875 0.08125
2 0.02109375 0.925 0.0421875 0.134375
2 0.08046875 0.96875 0.1453125 0.0515625
2 0.66640625 0.92734375 0.1609375 0.1453125
2 0.7015625 0.7734375 0.1625 0.1390625
2 0.63203125 0.83046875 0.1421875 0.134375
2 0.878125 0.025 0.10625 0.0390625
2 0.04453125 0.08125 0.0703125 0.1625
2 0.48203125 0.45078125 0.184375 0.23125
2 0.546875 0.0734375 0.140625 0.14375
2 0.978125 0.0921875 0.04375 0.165625