2 0.965625 0.7296875 0.06875 0.14375
2 0.69609375 0.91171875 0.153125 0.140625
2 0.76328125 0.3328125 0.1796875 0.1890625
2 0.665625 0.39765625 0.190625 0.203125
2 0.66171875 0.2796875 0.1609375 0.1703125
2 0.384375 0.5734375 0.1625 0.171875
2 0.42578125 0.3453125 0.1609375 0.171875
2 0.38671875 0.2171875 0.2078125 0.2203125
2 0.26875 0.25625 0.1640625 0.1734375
2 0.21796875 0.92109375 0.1578125 0.1578125
2 0.13984375 0.42421875 0.1984375 0.209375
2 0.05078125 0.53984375 0.1015625 0.2046875
2 0.059375 0.33984375 0.11875 0.2171875
2 0.08359375 0.1875 0.1046875 0.084375
2 0.82109375 0.64921875 0.225 0.2390625
2 0.96875 0.46796875 0.0625 0.1890625
2 0.56875 0.0609375 0.225 0.121875
2 0.5546875 0.8953125 0.278125 0.209375