2 0.1176565828125 0.42688967031249997 0.13395220000000002 0.40361711875 0.1311169 0.336119740625 0.11146559687499999 0.31465244531250003 0.0641399109375 0.316197509375 0.049134528125 0.359641753125 0.0620583578125 0.40722763281249996 0.086106125 0.42791971406249996 0.1176565828125 0.42688967031249997
2 0.272308009375 0.40415360468749995 0.289378840625 0.385277515625 0.2836975078125 0.3273482796875 0.2469807390625 0.2862243140625 0.21284444374999997 0.2854437328125 0.19551341875 0.3156985875 0.2063664296875 0.377249071875 0.2407575515625 0.405183646875 0.272308009375 0.40415360468749995
2 0.3956745390625 0.3325360578125 0.406798478125 0.3056422578125 0.395425078125 0.266849303125 0.36620563281249996 0.2425359765625 0.341637478125 0.2446014265625 0.3155135265625 0.2764067125 0.326886925 0.315199665625 0.3561063703125 0.33951299375 0.3956745390625 0.3325360578125
2 0.293026921875 0.187442040625 0.3209614984375 0.153050915625 0.31993145625 0.1215004578125 0.29355804375 0.0876189890625 0.25502528281250003 0.0876136234375 0.2353686125 0.10467908749999999 0.23872429999999997 0.149418934375 0.2521685171875 0.17424728437499998 0.293026921875 0.187442040625
2 0.10581109531249999 0.064059409375 0.117959709375 0.10724882656250001 0.1440782953125 0.11397630156250001 0.16166414843750002 0.1108754421875 0.1792553671875 0.069241821875 0.1735686671875 0.0498453453125 0.10581109531249999 0.064059409375
2 0.31786600468750004 0.0969323046875 0.37528022031249997 0.0754757421875 0.3670130484375 0.01573588125 0.2860660859375 0.0322755921875 0.29381823749999997 0.076240225 0.31786600468750004 0.0969323046875
2 0.499676790625 0.0354086515625 0.474853809375 0.010320109375 0.4407175125 0.009539528125 0.4189900234375 0.040569596875 0.425966959375 0.080137765625 0.47587311874999993 0.1189360859375 0.5066537265625 0.074976821875 0.499676790625 0.0354086515625
2 0.6085475953125 0.061543337499999996 0.5891564859375 0.028697276562500002 0.5464874562500001 0.018088359374999998 0.5211387203125 0.0542901078125 0.5350925921874999 0.1334264453125 0.59353685 0.14352034062500002 0.6126784984375 0.11067964687500001 0.6085475953125 0.061543337499999996
2 0.7357794671875 0.088973625 0.71018126875 0.0594886203125 0.6657016171875 0.051465542187500005 0.6411280953125 0.09206375312500001 0.651205890625 0.149217775 0.6819757671875 0.18232402812499998 0.7267156140625 0.178968340625 0.7357794671875 0.088973625
2 0.6728791609375 0 0.6845830734375 0.0300036125 0.702683946875 0.042677981250000004 0.732683975 0.0328550125 0.743294125 0 0.6728791609375 0
2 0.823443171875 0.12338085000000001 0.793448509375 0.0946710578125 0.7593122140624999 0.0938904765625 0.7448272203124999 0.1145771890625 0.750508553125 0.172506425 0.7753315359374999 0.19759496875 0.8017103156250001 0.192943678125 0.823443171875 0.12338085000000001
2 0.7680622078125 0.4006021234375 0.7507311828125001 0.430856978125 0.7561576875 0.46163222031249995 0.8029629859374999 0.4828446875 0.8234002374999999 0.4316429265625 0.8014232874999999 0.3969862421875 0.7680622078125 0.4006021234375
2 0.793389478125 0.5185314140624999 0.7804549140625 0.548011053125 0.798550421875 0.5992181828125 0.8458761078125001 0.5976731187500001 0.8559700046875 0.539228859375 0.83037180625 0.5097438546874999 0.793389478125 0.5185314140624999
2 0.8833519937500001 0.7587918265625 0.9200794953125 0.722850271875 0.9195698406249999 0.668542284375 0.870959284375 0.6113828953125 0.837598203125 0.6149987765625 0.8078530031250001 0.651975740625 0.81638036875 0.700336834375 0.8424935890624999 0.7455970703125 0.8833519937500001 0.7587918265625
2 0.7708653078125 0.6992960593750001 0.7545643234375 0.7611013718749999 0.77473065 0.7983438953124999 0.8148138390625 0.8071421890625 0.8262033375 0.7303368609375 0.7954334625 0.6972306078125 0.7708653078125 0.6992960593750001
2 0.74860133125 0.8686819390625 0.7677429796874999 0.8358412453125 0.756114753125 0.7698942984375 0.72612009375 0.74118450625 0.697155475 0.7440251734375 0.6762032015624999 0.7794517062499999 0.6795588890625 0.8241915515624999 0.708257946875 0.8712624109375 0.74860133125 0.8686819390625
2 0.46934143749999996 0.596069021875 0.49132912187500005 0.5536601875 0.48435218593749996 0.5140920171875 0.45513273906249996 0.489778690625 0.4209964421875 0.4889981078125 0.39564770625 0.52519985625 0.404175071875 0.5735609515625 0.442962659375 0.6007203125 0.46934143749999996 0.596069021875
2 0.3524529234375 0.5758812296875 0.3687485390625 0.5526086796875 0.3602211734375 0.5042475828125 0.319102575 0.5024315921875 0.315215765625 0.5575147968749999 0.3524529234375 0.5758812296875
2 0.4398403328125 0.7372654984375 0.46777490781250003 0.702874375 0.4708865015625 0.6433947078125 0.41865469843750003 0.5914069984375 0.372104228125 0.597348525 0.34390945781250004 0.6431184140624999 0.35088639375 0.6826865828125 0.408289875 0.738295540625 0.4398403328125 0.7372654984375
2 0.3733783625 0.733118496875 0.3565730921875 0.702083059375 0.3180403328125 0.7020776921875 0.2983836625 0.7191431578125 0.29734288593749997 0.7646582203125 0.3449234 0.7902671515625 0.373633190625 0.760272490625 0.3733783625 0.733118496875
2 0.400521625 0.8099291875000001 0.3790489640625 0.868113253125 0.40878342968750003 0.9082018078124999 0.42973033593750004 0.911308034375 0.452493234375 0.8732956625 0.44474108437500004 0.82933103125 0.400521625 0.8099291875000001
2 0.363782753125 1 0.4033408234375 0.9930248453124999 0.41731079531250004 0.9565629031249999 0.40361175156250007 0.904580559375 0.3728418765625 0.87147430625 0.33508433125 0.8758654031249999 0.31413205781250003 0.9112919359375 0.3309319625 0.98086013125 0.3582665296875 1 0.363782753125 1
2 0.9583252265625 0.9268982031249999 0.9567801640625 0.879572515625 0.9291111484375 0.8640521140624999 0.9009217453125 0.8712892453125001 0.8978101531249999 0.9307689109374999 0.9583252265625 0.9268982031249999
2 0.52734375 0.2859375 0.1546875 0.24375
2 0.8546875 0.20078125 0.1421875 0.209375