0 0.89609375 0.265625 0.0703125 0.07890625
0 0.71171875 0.2640625 0.06640625 0.0671875
0 0.471875 0.5484375 0.05859375 0.06875
0 0.8 0.63203125 0.10859375 0.14296875
0 0.6453125 0.83046875 0.1015625 0.13671875
0 0.5765625 0.9546875 0.06328125 0.0734375
0 0.496875 0.95390625 0.06484375 0.08125
0 0.3453125 0.9765625 0.0609375 0.04609375
0 0.22109375 0.80625 0.09296875 0.11640625
0 0.165625 0.684375 0.11015625 0.11953125
0 0.0390625 0.62578125 0.078125 0.1359375
0 0.02734375 0.52421875 0.05390625 0.06640625
0 0.28046875 0.36171875 0.08359375 0.10234375
0 0.36640625 0.3453125 0.08515625 0.08828125
0 0.3546875 0.2515625 0.075 0.10859375
0 0.2796875 0.23515625 0.05078125 0.065625
0 0.21953125 0.29453125 0.07734375 0.09296875
0 0.15703125 0.20703125 0.06640625 0.0671875
0 0.20234375 0.1234375 0.05234375 0.0609375
0 0.3015625 0.1734375 0.05859375 0.06484375
0 0.46328125 0.15859375 0.0578125 0.0828125
0 0.50859375 0.259375 0.07265625 0.08984375
0 0.44375 0.20546875 0.1 0.15234375
0 0.34765625 0.0609375 0.103125 0.121875
0 0.54921875 0.01796875 0.0625 0.0359375
0 0.71171875 0.02109375 0.0546875 0.0421875
0 0.06484375 0.0828125 0.08359375 0.08828125
0 0.04296875 0.01484375 0.08515625 0.0296875
0 0.93046875 0.8890625 0.078125 0.0609375