2 0.73125 0.86953125 0.12890625 0.1546875
2 0.80703125 0.80234375 0.08671875 0.1078125
2 0.8359375 0.65234375 0.090625 0.11640625
2 0.91796875 0.46015625 0.11015625 0.1734375
2 0.65625 0.29453125 0.10234375 0.14140625
2 0.5859375 0.184375 0.06796875 0.1140625
2 0.55078125 0.4421875 0.08359375 0.115625
2 0.47265625 0.51796875 0.09609375 0.11796875
2 0.703125 0.73984375 0.11484375 0.1390625
2 0.59921875 0.79375 0.10234375 0.13125
2 0.515625 0.91875 0.103125 0.121875
2 0.46171875 0.775 0.08515625 0.11953125
2 0.3453125 0.6875 0.0953125 0.134375
2 0.32578125 0.95078125 0.08359375 0.09609375
2 0.2671875 0.88203125 0.08203125 0.1015625
2 0.19453125 0.7859375 0.08125 0.11953125
2 0.03828125 0.9109375 0.0765625 0.1546875
2 0.0796875 0.6875 0.07265625 0.109375
2 0.03671875 0.6140625 0.0734375 0.15
2 0.0421875 0.50390625 0.08046875 0.084375
2 0.04296875 0.18671875 0.08515625 0.1265625
2 0.18359375 0.19140625 0.09609375 0.12734375
2 0.33984375 0.15703125 0.0625 0.08203125
2 0.43671875 0.0671875 0.109375 0.12734375
2 0.175 0.0484375 0.084375 0.09609375
2 0.2375 0.4625 0.140625 0.1890625
2 0.940625 0.2140625 0.10625 0.228125