2 1 0.828125 0.9866071421875 0.7879464281249999 0.953125 0.7633928578125 0.9107142859374999 0.828125 0.9017857140625001 0.8772321421875 0.9107142859374999 0.9174107140625001 0.9732142859374999 0.9486607140625001 1 0.921875 1 0.828125
2 0.8303571421875 0.8638392859374999 0.8258928578125 0.9129464281249999 0.8504464281249999 0.9419642859374999 0.875 0.9441964281249999 0.8973214281249999 0.921875 0.9017857140625001 0.8816964281249999 0.8683035718750001 0.8348214281249999 0.8303571421875 0.8638392859374999
2 0.8392857140625001 0.7924107140625 0.859375 0.8214285718750001 0.8928571421875 0.8236607140625001 0.9464285718750001 0.7522321421875 0.9375 0.6852678578125 0.8459821421875 0.6696428578125 0.8392857140625001 0.7924107140625
2 0.8638392859374999 0.5401785718750001 0.8348214281249999 0.5915178578125 0.8392857140625001 0.6450892859375 0.8549107140625001 0.6651785718750001 0.9107142859374999 0.671875 0.9330357140625001 0.6495535718750001 0.9375 0.6004464281249999 0.9040178578125 0.5491071421875 0.8638392859374999 0.5401785718750001
2 0.7433035718750001 0.5401785718750001 0.7098214281249999 0.5691964281249999 0.71875 0.6361607140625 0.7589285718750001 0.6495535718750001 0.8125 0.6183035718750001 0.8169642859374999 0.5736607140625 0.7834821421875 0.5401785718750001 0.7433035718750001 0.5401785718750001
2 0.8147321421875 0.6428571421875 0.7522321421875 0.65625 0.7232142859375 0.7299107140625 0.7410714281249999 0.8013392859374999 0.7991071421875 0.8191964281249999 0.8214285718750001 0.8013392859374999 0.8348214281249999 0.7522321421875 0.8348214281249999 0.6763392859375 0.8147321421875 0.6428571421875
2 0.6495535718750001 0.7767857140625 0.6294642859375 0.8236607140625001 0.6450892859375 0.8482142859374999 0.6785714281249999 0.8504464281249999 0.7008928578125 0.8236607140625001 0.7008928578125 0.7924107140625 0.6897321421875 0.7767857140625 0.6495535718750001 0.7767857140625
2 0.6674107140625 0.6160714281249999 0.625 0.6629464281249999 0.625 0.7388392859375 0.6450892859375 0.7633928578125 0.6875 0.7700892859375 0.71875 0.734375 0.7276785718750001 0.6763392859375 0.7142857140625 0.6361607140625 0.6674107140625 0.6160714281249999
2 0.546875 0.6294642859375 0.5089285718750001 0.6584821421875 0.5 0.7433035718750001 0.5379464281249999 0.7946428578125 0.5714285718750001 0.7924107140625 0.5982142859375 0.7611607140625 0.6071428578125 0.6808035718750001 0.5736607140625 0.6339285718750001 0.546875 0.6294642859375
2 0.40625 0.6629464281249999 0.40625 0.7075892859375 0.428571428125 0.7433035718750001 0.46875 0.7522321421875 0.49553571406249997 0.7165178578125 0.49553571406249997 0.6629464281249999 0.47098214218749995 0.6339285718750001 0.40625 0.6629464281249999
2 0.3415178578125 0.6160714281249999 0.2946428578125 0.6495535718750001 0.29017857187499996 0.7299107140625 0.328125 0.7633928578125 0.36607142812500004 0.765625 0.3928571421875 0.7254464281249999 0.3928571421875 0.6450892859375 0.3727678578125 0.6205357140625 0.3415178578125 0.6160714281249999
2 0.16741071406250002 0.65625 0.12053571406250001 0.7120535718750001 0.125 0.7879464281249999 0.16741071406250002 0.8258928578125 0.2053571421875 0.8325892859374999 0.24107142812500001 0.796875 0.24107142812500001 0.7209821421875 0.19866071406250002 0.65625 0.16741071406250002 0.65625
2 0.060267857812500006 0.7142857140625 0.0357142859375 0.734375 0.022321428125 0.7834821421875 0.037946428125 0.8125 0.0803571421875 0.828125 0.11160714218750001 0.796875 0.116071428125 0.765625 0.0915178578125 0.71875 0.060267857812500006 0.7142857140625
2 0 0.9129464281249999 0.0357142859375 0.9263392859374999 0.071428571875 0.8950892859374999 0.071428571875 0.8459821421875 0.037946428125 0.8125 0.015625 0.8125 0 0.8236607140625001 0 0.9129464281249999
2 0.10714285781249999 0.9977678578125 0.069196428125 0.9241071421875 0.0178571421875 0.9441964281249999 0.015625 1 0.10714285781249999 0.9977678578125
2 0.196428571875 0.9397321421875 0.196428571875 0.9977678578125 0.2946428578125 0.9977678578125 0.28125 0.9174107140625001 0.26116071406249997 0.8973214281249999 0.2299107140625 0.8973214281249999 0.196428571875 0.9397321421875
2 0.13616071406250002 0.8169642859374999 0.09375 0.8415178578125 0.0758928578125 0.9174107140625001 0.11383928593749999 0.9776785718750001 0.15178571406250002 0.984375 0.1875 0.9486607140625001 0.196428571875 0.890625 0.18303571406250002 0.8459821421875 0.13616071406250002 0.8169642859374999
2 0.0959821421875 0.5401785718750001 0.0669642859375 0.5736607140625 0.0669642859375 0.6361607140625 0.087053571875 0.6696428578125 0.12946428593749998 0.6763392859375 0.16071428593749998 0.6450892859375 0.165178571875 0.5825892859375 0.13616071406250002 0.5491071421875 0.0959821421875 0.5401785718750001
2 0.16741071406250002 0.41071428593750003 0.12946428593749998 0.453125 0.12053571406250001 0.5111607140625 0.1875 0.5825892859375 0.2366071421875 0.5513392859375 0.2366071421875 0.47991071406249997 0.2142857140625 0.430803571875 0.16741071406250002 0.41071428593750003
2 0.296875 0.45089285781250005 0.25892857187499996 0.484375 0.2455357140625 0.5647321421875 0.2790178578125 0.6160714281249999 0.3258928578125 0.6183035718750001 0.3571428578125 0.5870535718750001 0.36607142812500004 0.515625 0.3415178578125 0.46428571406249997 0.296875 0.45089285781250005
2 0.444196428125 0.41071428593750003 0.37946428593750003 0.475446428125 0.375 0.5602678578125 0.41741071406249997 0.625 0.47321428593750003 0.6272321421875 0.53125 0.5602678578125 0.53125 0.48883928593750003 0.493303571875 0.428571428125 0.444196428125 0.41071428593750003
2 0.5357142859375 0.475446428125 0.5357142859375 0.5513392859375 0.5758928578125 0.5736607140625 0.6026785718750001 0.5424107140625 0.6116071421875 0.484375 0.5691964281249999 0.446428571875 0.5357142859375 0.475446428125
2 0.40848214218749995 0.2053571421875 0.37946428593750003 0.2209821421875 0.3571428578125 0.2790178578125 0.3772321421875 0.3303571421875 0.43303571406249997 0.33705357187499996 0.46428571406249997 0.30133928593750003 0.46875 0.2477678578125 0.444196428125 0.20982142812500001 0.40848214218749995 0.2053571421875
2 0.6674107140625 0.30357142812500004 0.6383928578125 0.33258928593750003 0.6294642859375 0.39508928593750003 0.6540178578125 0.43303571406249997 0.6964285718750001 0.43973214218749995 0.7232142859375 0.40848214218749995 0.7321428578125 0.359375 0.6941964281249999 0.30357142812500004 0.6674107140625 0.30357142812500004
2 0.475446428125 0.0178571421875 0.44196428593750003 0.055803571875 0.4375 0.131696428125 0.47098214218749995 0.196428571875 0.5089285718750001 0.19866071406250002 0.5491071421875 0.149553571875 0.5535714281249999 0.087053571875 0.5290178578125 0.0357142859375 0.475446428125 0.0178571421875
2 0.9017857140625001 0.060267857812500006 0.9642857140625001 0.0022321421875000002 0.859375 0 0.8660714281249999 0.037946428125 0.9017857140625001 0.060267857812500006
2 1 0.0334821421875 0.9799107140625001 0.0178571421875 0.9397321421875 0.0267857140625 0.8883928578125 0.087053571875 0.8928571421875 0.1540178578125 0.9419642859374999 0.1852678578125 1 0.0825892859375 1 0.0334821421875
2 0.91640625 0.9625 0.084375 0.07421875
2 0.5915178578125 0 0.5714285718750001 0.024553571875 0.5714285718750001 0.078125 0.5959821421875 0.10714285781249999 0.6473214281249999 0.118303571875 0.6696428578125 0.087053571875 0.6696428578125 0.0334821421875 0.6450892859375 0 0.5915178578125 0
2 0.6964285718750001 0.0334821421875 0.7410714281249999 0.0022321421875000002 0.65625 0.0022321421875000002 0.6763392859375 0.0357142859375 0.6964285718750001 0.0334821421875
2 0.975 0.18671875 0.05 0.18125
2 0.096875 0.31640625 0.1484375 0.22109375
2 0.37734375 0.10546875 0.14921875 0.2015625