2 0.8235896484375 0.0833286265625 0.8491609625000001 0.06455190625 0.8604137234375001 0.020437515625 0.7440340828124999 0.023279142187499997 0.7705589234375 0.071608578125 0.8235896484375 0.0833286265625
2 0.8517879031250001 0.2703285421875 0.879247315625 0.300825309375 0.9062299625 0.297768996875 0.93742765625 0.2569350828125 0.9139496484375 0.19311888125 0.8850883812499999 0.1893711203125 0.8541243296875001 0.22574686718749998 0.8517879031250001 0.2703285421875
2 1 0.2884869578125 0.9639430203125 0.26279510625 0.9217167281249999 0.30081583125 0.9196139437499999 0.3409393375 0.9644387406250001 0.3812870109375 1 0.3530775796875 1 0.2884869578125
2 1 0.173909153125 0.9887944484375 0.1724540625 0.9667467328124999 0.209297096875 0.9691021140625 0.2496542453125 0.9967951703125 0.2756928453125 1 0.275405125 1 0.173909153125
2 0.8114686656250001 0.44256157968750004 0.8602843453125001 0.49205922968750004 0.8872669921874999 0.4890029171875 0.9137728781250001 0.452393528125 0.8818458187499999 0.3791937046875 0.843834575 0.37943682500000003 0.8131041640625 0.41135440624999997 0.8114686656250001 0.44256157968750004
2 0.716192690625 0.3839234296875 0.743885746875 0.409962028125 0.79315923125 0.40807392968749995 0.8335069046875001 0.3632491328125 0.8363106171875 0.309751121875 0.7980562499999999 0.271982996875 0.7417450484375 0.2802078828125 0.70585554375 0.325266321875 0.716192690625 0.3839234296875
2 0.6969202515624999 0.2398602109375 0.7330623546874999 0.27528243125 0.7736531484375 0.2684688796875 0.7996917484375 0.240775825 0.7973363640625 0.20041867500000002 0.7593156390625 0.1581923828125 0.7304543734375 0.1544446203125 0.699256678125 0.1952785359375 0.6969202515624999 0.2398602109375
2 0.6178509265625001 0.25583321875 0.6488244562500001 0.2619268859375 0.6793212234375 0.2344674734375 0.6863494609375 0.1856612734375 0.6633482171875 0.1553981484375 0.6213460890625 0.1464912921875 0.5936625125 0.16292210625 0.5953169671875 0.21665376093750002 0.6178509265625001 0.25583321875
2 0.43410305156250006 0.1366783 0.46132881875000004 0.171633234375 0.49300327812500006 0.1643523984375 0.514583709375 0.1364257 0.51668649375 0.0963021921875 0.4875821046875 0.0545431859375 0.45872083750000003 0.050795425000000005 0.4366731203125 0.0876384578125 0.43410305156250006 0.1366783
2 0.382717303125 0.13622049218750001 0.409232665625 0.1420805171875 0.430579453125 0.11861198749999999 0.43854226093750004 0.051973117187499994 0.40427877656250005 0.0233549703125 0.3629870546875 0.0435430234375 0.356426103125 0.083432890625 0.382717303125 0.13622049218750001
2 0.3048351484375 0.21484148906249997 0.3583426375 0.2601146140625 0.41136388437500004 0.2293652484375 0.413233025 0.1936999078125 0.37591322968749996 0.1380991140625 0.3423601515625 0.1385758765625 0.30670429062500004 0.17917614843750002 0.3048351484375 0.21484148906249997
2 0.3823163671875 0.44242272031249996 0.414000303125 0.47761129843749994 0.4498992859375 0.475022271875 0.47617152812499997 0.4428710484375 0.47967616875 0.3759985359375 0.4503381359375 0.338697696875 0.4170187 0.3347162921875 0.3818301234375 0.36640023125 0.3823163671875 0.44242272031249996
2 0.5742417359374999 0.405541775 0.596532575 0.40670998750000004 0.6228048140625 0.37455876718750003 0.6249075984375 0.3344352578125 0.595335925 0.3015925859375 0.5488851078125 0.3349215 0.5507732062499999 0.3841949859375 0.5742417359374999 0.405541775
2 0.5620828390625 0.594897075 0.5857850124999999 0.611785696875 0.60361768125 0.6127202671875 0.6348153765625 0.5718863515625 0.6331609203124999 0.5181546984375001 0.607813771875 0.49000383750000004 0.5695688828125001 0.494705125 0.547521165625 0.531548159375 0.5620828390625 0.594897075
2 0.441478671875 0.5930468906249999 0.468704440625 0.628001825 0.4956870890625 0.6249455125 0.526884784375 0.5841115984374999 0.512790396875 0.511846346875 0.47501279218750003 0.5076313015625 0.44381509843750006 0.5484652156250001 0.441478671875 0.5930468906249999
2 0.7303723859375 0.8384134 0.761579559375 0.8400489 0.7918426828125 0.8170476546875 0.8077872546875 0.7687087390625 0.7770378874999999 0.7156874921874999 0.75286843125 0.70771520625 0.7068848984375 0.732127784375 0.699155734375 0.7943084875 0.7303723859375 0.8384134
2 0.96786139375 0.9983832765624999 0.981674746875 0.8627596296875 0.93898116875 0.9096966890625 0.940635625 0.963428340625 0.96786139375 0.9983832765624999
2 0.641647884375 0.697415971875 0.6780236296875 0.7283800234375 0.7005481125 0.7250900687499999 0.73174580625 0.6842561546875 0.73009135 0.6305245015625001 0.6958278671875 0.60190635625 0.6714247656250001 0.5983922359375 0.635067975 0.6523670109374999 0.641647884375 0.697415971875
2 0.4298344515625 0.985832921875 0.432404521875 0.9367930781249999 0.40259920468750005 0.9084085734375 0.36130748437500004 0.9285966296874999 0.3646069171875 0.993590521875 0.4298344515625 0.985832921875
2 0.22754349999999998 0.836648521875 0.27236829687499997 0.8769961953125 0.308500921875 0.8699490015625001 0.3305486390625 0.83310596875 0.33358599375 0.7751497890625 0.30424796249999997 0.7378489515625 0.2662367171875 0.7380920718749999 0.22964628281250002 0.7965250140625 0.22754349999999998 0.836648521875
2 0.1773164859375 0.7714304640625 0.2007850171875 0.7927772531249999 0.24559085625 0.7481860984375001 0.22540280156249998 0.7068943765625 0.20099970156250002 0.703380259375 0.1744938171875 0.7399896484374999 0.1773164859375 0.7714304640625
2 0 0.930746459375 0.0227298703125 0.9488510328125 0.056983874999999996 0.934999765625 0.0719938765625 0.9044935203125 0.0743303046875 0.85991184375 0.036543221875 0.8132273859374999 0 0.8262541203125 0 0.930746459375
2 0.94296875 0.0640625 0.1140625 0.090625