2 0.3453125 0.1671875 0.096875 0.1125
2 0.41796875 0.14609375 0.1 0.1265625
2 0.35703125 0.27734375 0.125 0.1484375
2 0.26328125 0.24921875 0.134375 0.1734375
2 0.61875 0.15234375 0.15 0.2046875
2 0.60546875 0.4765625 0.1046875 0.1484375
2 0.24453125 0.7015625 0.128125 0.1515625
2 0.1546875 0.5390625 0.109375 0.1453125
2 0.07578125 0.21640625 0.1515625 0.1828125
2 0.04609375 0.09140625 0.0921875 0.1421875
2 0.678125 0.84140625 0.140625 0.153125
2 0.9203125 0.89453125 0.1359375 0.1578125
2 0.91015625 0.5625 0.1203125 0.1546875
2 0.92734375 0.05859375 0.1046875 0.1171875
2 0.79140625 0.04140625 0.1828125 0.0828125
2 0.221875 0.9890625 0.08125 0.021875
2 0.9609375 0.928125 0.078125 0.1
2 0.86328125 0.9578125 0.0875 0.0515625
2 0.7203125 0.60703125 0.19375 0.2265625
2 0.41015625 0.41875 0.1171875 0.2671875
2 0.06015625 0.95859375 0.0765625 0.0828125
2 0.54765625 0.94375 0.1390625 0.1125