2 0.13729386562499998 0.2374290515625 0.1664034453125 0.20285389375000001 0.1592791109375 0.14901281875 0.1276679390625 0.11432879062500001 0.08645775624999999 0.124593875 0.06606337343749999 0.1495021296875 0.07188247656249999 0.1990739859375 0.093826746875 0.2250428171875 0.13729386562499998 0.2374290515625
2 0.150481959375 0.3874498515625 0.1790612515625 0.3740440171875 0.18682474375 0.34599501250000003 0.14459496249999998 0.28421368281250003 0.11756555625000001 0.3484966046875 0.150481959375 0.3874498515625
2 0.24577787031249998 0.4166683 0.2297615765625 0.3795505734375 0.1890816796875 0.36864633125 0.1505498515625 0.4411141625 0.166566146875 0.47823188906249997 0.1972256140625 0.4945338171875 0.23303810937499997 0.4742483046875 0.24577787031249998 0.4166683
2 0.3202310671875 0.2631942046875 0.298640325 0.223112490625 0.259265659375 0.216477465625 0.22997931562499999 0.25810906718750004 0.252521765625 0.31657288281249996 0.27760678437499997 0.3299108234375 0.31045529374999997 0.315199759375 0.3202310671875 0.2631942046875
2 0.25755186406249997 0.623140634375 0.22777621093749997 0.5715564984375 0.1782043546875 0.5773756015625 0.15413893437499998 0.6360840734375001 0.1714604609375 0.67747101875 0.20899960625 0.7010061515625 0.24481210312499999 0.6807206390625 0.25755186406249997 0.623140634375
2 0.5611288562500001 0 0.57399140625 0.0549004140625 0.6115305515625 0.078435546875 0.6469895234374999 0.07226291875 0.6653037312500001 0.0176469015625 0.65804565 0 0.5611288562500001 0
2 0.6977987171875 0.017048720312499998 0.677404334375 0.0419569765625 0.6835769625 0.0774159484375 0.7476831203125001 0.11150179843750001 0.7565071890625 0.041114140625000004 0.731775696875 0.013663315625 0.6977987171875 0.017048720312499998
2 0.7087977671875 0.1980825109375 0.7293689125 0.16611781406249998 0.724855040625 0.12081517500000001 0.6902798812500001 0.0917055953125 0.6477644671875 0.0977014609375 0.6299805453125 0.131148153125 0.6374584046875 0.17087634062499998 0.6776080125 0.20294990937500001 0.7087977671875 0.1980825109375
2 0.7420676953124999 0.222922875 0.7199466640625001 0.204010484375 0.6872749171875 0.21166510781249998 0.6700891765625 0.27760678437499997 0.6964794249999999 0.295213940625 0.7362076140625 0.28773608125 0.753814771875 0.2613458328125 0.7420676953124999 0.222922875
2 0.7943857984375 0.332970828125 0.755894946875 0.29105359375 0.7232231984374999 0.2987082171875 0.7002183546875 0.3150780359375 0.7164793046875 0.398803634375 0.7668261046875 0.4184230734375 0.8002049015624999 0.3825426828125 0.7943857984375 0.332970828125
2 0.6910407625 0.3995785765625 0.704378703125 0.37449355781250004 0.6946439046874999 0.31211405000000003 0.6571047609375 0.2885789171875 0.634276678125 0.2978922953125 0.6164927578125 0.3313389875 0.6239706171875 0.3710671765625 0.664120225 0.40314074375000003 0.6910407625 0.3995785765625
2 0.592250575 0.3971039 0.6085525015625 0.366444434375 0.5949020140625 0.291257271875 0.5517884203125 0.264758153125 0.5191166703125 0.272412775 0.50299150625 0.2960158 0.5110675453125 0.368238975 0.5610608203125 0.4019712984375 0.592250575 0.3971039
2 0.5815230953125 0.4307273546875 0.5371042703125 0.39995901875 0.510006971875 0.41057762656249996 0.49649226874999997 0.4427190859375 0.505275359375 0.48671649375000003 0.5638070671875 0.51783835625 0.5869886734375 0.49441209375 0.5815230953125 0.4307273546875
2 0.5039432125000001 0.31439790156249997 0.47191062187500005 0.24016244531250003 0.426607984375 0.24467631875 0.41143452500000005 0.2866614453125 0.42709729375 0.33789205624999996 0.4659416703125 0.36569640625 0.4915569765625 0.3578650203125 0.5039432125000001 0.31439790156249997
2 0.8837677968750001 0.0909037359375 0.8554331609375 0.1509174390625 0.8733528671874999 0.22479936875 0.900871584375 0.2537321875 0.948607921875 0.2648131921875 0.8965754515625 0.08698804375 0.8837677968750001 0.0909037359375
2 0.7926181718749999 0.40353524687500003 0.7534881640625 0.4435080921875 0.8155820390624999 0.501550490625 0.8356228968750001 0.49075511875 0.8480091328125001 0.4472879984375 0.8332980671874999 0.41443948906249994 0.7926181718749999 0.40353524687500003
2 0.9331488296874999 0.3745755125 0.897268440625 0.34119671406249996 0.8590222437499999 0.34588735000000004 0.85464415625 0.407913334375 0.8765884249999999 0.43388216562500004 0.9187503140625 0.4419991828125 0.938016228125 0.4057652671875 0.9331488296874999 0.3745755125
2 0.670714271875 0.47815114375 0.6453436203125 0.532590396875 0.6613599156250001 0.569708125 0.6975938296875 0.5889740390625 0.7313261546875001 0.5389807656250001 0.7045144875 0.4818221796875 0.670714271875 0.47815114375
2 0.8077096765625 0.5903202484375 0.7775804984375 0.55284899375 0.7450855125 0.5534471765625 0.7286068234374999 0.591163084375 0.7403539 0.6295860421875 0.76229816875 0.6555548734375 0.8001908406249999 0.664977121875 0.8077096765625 0.5903202484375
2 0.9050857625000001 0.649246459375 0.8903746984375 0.6163979484375 0.830007471875 0.6021761953125 0.81613924375 0.6484305390625 0.8278863203125001 0.6868534984375 0.8641202343750001 0.7061194125 0.889735540625 0.698288028125 0.9050857625000001 0.649246459375
2 1 0.469126584375 0.9917484328124999 0.45936168593750004 0.9579482171875 0.4556906484375 0.9286618734375001 0.49732225 0.932224040625 0.5242427875 0.952156028125 0.5741681671875 1 0.596295628125 1 0.469126584375
2 0.8442151625 0.8242434062499999 0.87036075625 0.7952426953125 0.8658468828125001 0.74994005625 0.8214280593750001 0.7191717203125 0.7831818609375001 0.72386235625 0.7726311453125 0.7504293671875 0.786988684375 0.7973907625 0.8215638437499999 0.8265003421875001 0.8442151625 0.8242434062499999
2 0.86178134375 0.9122382218749999 0.9486476906249999 0.88334638125 0.9261052421875 0.8248825640625 0.879850896875 0.811014334375 0.84499010625 0.8496819500000001 0.86178134375 0.9122382218749999
2 0.4478990328125 0.6349696671875 0.42940806093750006 0.696642125 0.4665936828125 0.734290140625 0.48959852656249997 0.7179203203125 0.49771554374999993 0.67575843125 0.4830044796875 0.6429099218750001 0.4478990328125 0.6349696671875
2 0.43879869375 1 0.44333012031249996 0.98648653125 0.42897258125000004 0.9395251375000001 0.3901282046875 0.9117207859375001 0.3659948921875 0.9167649484375 0.3354033171875 0.9541273312499999 0.34338874375 1 0.43879869375 1
2 0.41808240156250004 0.69777059375 0.4327255734375 0.67695479375 0.42891874999999996 0.6034263875 0.4012232703125 0.5815500109375 0.3557438703125 0.5931203265625 0.34388792343749996 0.61541811875 0.35658670625 0.6722231812499999 0.3855874171875 0.6983687734374999 0.41808240156250004 0.69777059375
2 0.37578125 0.04296875 0.10625 0.078125
2 0.03515625 0.29453125 0.0703125 0.1859375
2 0.1640625 0.77734375 0.2078125 0.2234375
2 0.6171875 0.83515625 0.146875 0.175