2 0.5870160531249999 0.5740758968749999 0.603205953125 0.6054367421875 0.625010459375 0.6119742875 0.6645047468749999 0.5899967828125 0.6899049890625 0.532716703125 0.6769838625 0.4904536046875 0.6563522734375 0.47695553593750006 0.6047828156249999 0.502624790625 0.5870160531249999 0.5740758968749999
2 0.529793925 0.38691074531249997 0.5305628984374999 0.47580165 0.585997103125 0.49516430624999996 0.6454500203125 0.4736867625 0.68342539375 0.3927563015625 0.6586790765625 0.3442056375 0.6062636640625 0.32392004375 0.5465607671875 0.355376903125 0.529793925 0.38691074531249997
2 0.6698503421875001 0.456323946875 0.689731990625 0.49975996250000004 0.7233616890625 0.512585075 0.7589142437499999 0.48851171562499995 0.7782769 0.43307751093749997 0.7635099000000001 0.3847768265625 0.7368407265625 0.3731246328125 0.693404709375 0.39300628125000003 0.6698503421875001 0.456323946875
2 0.6283181515625 0.3204782734375 0.68744410625 0.3519161 0.7046339265625 0.34335968281249996 0.7295342078125 0.30603823281250003 0.7168630625 0.25379582031250003 0.676272840625 0.239797790625 0.6449119953125 0.255987690625 0.6283181515625 0.3204782734375
2 0.4853770203125 0.5655385093749999 0.49947106406249997 0.6008410859375 0.5291590328125 0.6115703421875 0.58282434375 0.58195935625 0.5827283296875 0.5060665609375 0.5402922343750001 0.486030946875 0.5131230984374999 0.49433738437499997 0.4853770203125 0.5655385093749999
2 0.29936575625 0.4969712640625 0.2987888125 0.5598659515625 0.3242850703125 0.57847866875 0.36562523125 0.5625387500000001 0.3865837828125 0.5231214468750001 0.376258471875 0.4569579859375 0.3556268828125 0.443459915625 0.32845774843750003 0.45176635468750004 0.29936575625 0.4969712640625
2 0.153982775 0.6800597515625 0.17159557187500002 0.6944807578125001 0.21268575156249997 0.6885201546874999 0.255948771875 0.635681765625 0.260890421875 0.59786035625 0.23614410624999999 0.5493096937499999 0.18599754531249998 0.5580391078125 0.14667625625 0.612973353125 0.153982775 0.6800597515625
2 0.42025154374999996 0.7736042640624999 0.4299038984375 0.8267696156250001 0.44961255 0.837248890625 0.484915125 0.8231548468750001 0.501931946875 0.7816416890625 0.49270257031250003 0.7514537609375 0.4720709828125 0.7379556921875 0.4328266765625 0.7499538796875 0.42025154374999996 0.7736042640624999
2 0.398121034375 1 0.4055226078125 0.962961284375 0.3923515015625 0.9306775015625 0.342704903125 0.919448284375 0.3066523875 0.9634802765625 0.37917870625 1 0.398121034375 1
2 0.290885465625 0.95509685625 0.298595928125 0.9263318249999999 0.2812331125 0.901931503125 0.2506222078125 0.8881834546875 0.2150696515625 0.9122568140625 0.290885465625 0.95509685625
2 0 0.5300913953124999 0.027251429687500002 0.5570582203125001 0.0753791171875 0.5093344796875 0.05717034375 0.4389793078125 0.019598917187500002 0.4240583421875 0 0.4496349546875 0 0.5300913953124999
2 0.1062019375 0.27544550624999997 0.14779207968750002 0.24952627187499998 0.15373365 0.1717876015625 0.11825807656250001 0.1529249046875 0.0644387984375 0.2684080015625 0.1062019375 0.27544550624999997
2 0.189555215625 0.256563778125 0.2112827421875 0.3060373796875 0.243066565625 0.31282490625000003 0.2967318765625 0.283213921875 0.3179404078125 0.23381730156249997 0.30551924218750004 0.17159557187500002 0.2649290203125 0.1575975421875 0.20707199843750002 0.1950919890625 0.189555215625 0.256563778125
2 1 0.408140428125 0.9828048687500001 0.40025570468750005 0.9392918703124999 0.4630734078125 0.9489442234375 0.5162387609375 0.9744404812499999 0.5348514765625 1 0.52545761875 1 0.408140428125
2 0 0.39005145625000004 0.053382581250000005 0.351011340625 0.0611700265625 0.27931025468750004 0 0.3818606109375 0 0.39005145625000004