2 0.1658088203125 0.16809585 0.20513010937499998 0.11316160625 0.20336121562499998 0.0641879640625 0.17694202187500002 0.04255645625 0.114989303125 0.16382715781249998 0.1658088203125 0.16809585
2 0.403620490625 0.082185675 0.42248318749999997 0.0467101015625 0.4016786 0.0002552921875 0.3594155015625 0.013176418749999998 0.3426486609375 0.0447102609375 0.3467633875 0.07976285625 0.3704137703125 0.0923379875 0.403620490625 0.082185675
2 0.3323614140625 0.2162045046875 0.279369059375 0.2588135984375 0.2990007296875 0.31222893125 0.3358991984375 0.3141517875 0.3566077703125 0.2847138 0.356934734375 0.23179842968750003 0.3323614140625 0.2162045046875
2 0.17607618125 0.3960242203125 0.1235837859375 0.41867468125 0.102625234375 0.4580919859375 0.1324862 0.50177798125 0.17198048593749998 0.47980047656249997 0.1950348921875 0.43644144375 0.17607618125 0.3960242203125
2 0.068014646875 0.604012990625 0.109354809375 0.5880730703125 0.1324092171875 0.5447140375 0.12829448906250002 0.5096614421875 0.095837709375 0.48987580781249995 0.0535746109375 0.502796934375 0.032616059375 0.5422142375 0.034634929687499996 0.5812085625 0.068014646875 0.604012990625
2 0.39554414531250004 0.4444598375 0.43898016249999994 0.42457818906250006 0.464130425 0.3772774234375 0.46395742812499996 0.344320684375 0.429654771875 0.31849746562500003 0.387641653125 0.321439275 0.35460793125 0.36454832812500004 0.3563768234375 0.41352196875 0.39554414531250004 0.4444598375
2 0.21420466562499998 0.7474731125 0.24204675781249999 0.7521647828125 0.2775993125 0.7280914234375 0.3195164171875 0.6492568171875 0.3019036203125 0.6348358109375 0.24504651875 0.6324129921874999 0.2115898171875 0.652544621875 0.1943230171875 0.7040370968749999 0.21420466562499998 0.7474731125
2 0.2127817671875 0.7644129515625 0.17815215 0.791505103125 0.1917462328125 0.8467663109375 0.224952953125 0.8366139984375 0.23962393906249999 0.8090218859375 0.23735508749999998 0.780006875 0.2127817671875 0.7644129515625
2 0.2593516234375 0.9383300140624999 0.293308284375 0.8982397531249999 0.296154078125 0.8643600749999999 0.251699109375 0.805330134375 0.22320309374999997 0.9064692093750001 0.2593516234375 0.9383300140624999
2 0.4547987390625 1 0.4916447 0.9531359328125 0.485934078125 0.9020664359375001 0.4495355671875 0.8801849468749999 0.40308075781249997 0.900989534375 0.3718929109375 0.9501361734374999 0.38598695312500003 0.9854387484375 0.4059333921875 1 0.4547987390625 1
2 0.534793734375 1 0.507411621875 0.9615193546875 0.4892988640625 0.9670569796875 0.4740629765625 1 0.534793734375 1
2 0.7269375375 0.8481900640625 0.760144259375 0.83803775 0.77900695625 0.8025621765625001 0.7751422078125 0.757530265625 0.7584523484375 0.7461280515625 0.73245613125 0.7474739671874999 0.7015182640625001 0.7866412890625 0.7053830109375 0.8316732015625 0.7269375375 0.8481900640625
2 0.75641444375 0.5883048734375 0.7527996765625 0.533293646875 0.7321680875000001 0.5197955765625 0.6959425734375 0.5308708281250001 0.6707923109375 0.5781715921874999 0.694615690625 0.6237034625 0.7317641421875 0.61564700625 0.75641444375 0.5883048734375
2 0.8130795171875 0.4389420984375 0.8583614078125 0.42509803437500004 0.8853575453125 0.38383485781250004 0.8759551734375 0.3206901890625 0.8414025374999999 0.304846284375 0.794947728125 0.325650871875 0.7716433406250001 0.3789892203125 0.77391219375 0.40800423124999996 0.8130795171875 0.4389420984375
2 0.69294366875 0.13237115156249998 0.7321879734375 0.1203729640625 0.7510506703125001 0.084897390625 0.7021540109375 0.0437302265625 0.6670244328125 0.09078101093749999 0.69294366875 0.13237115156249998
2 0.42734375 0.71875 0.2265625 0.2703125
2 0.06953125 0.77734375 0.1390625 0.1484375