0 0.23125 0.77578125 0.1328125 0.1546875
0 0.14140625 0.7234375 0.1203125 0.13125
0 0.16640625 0.5140625 0.115625 0.1375
0 0.4515625 0.42734375 0.0921875 0.115625
0 0.346875 0.15 0.159375 0.1921875
0 0.23671875 0.15 0.1515625 0.190625
0 0.4203125 0.04453125 0.128125 0.0890625
0 0.5078125 0.01953125 0.075 0.0390625
0 0.89765625 0.24375 0.134375 0.1671875
0 0.584375 0.54765625 0.0828125 0.1
0 0.5921875 0.7703125 0.0796875 0.090625
0 0.5703125 0.90859375 0.215625 0.1828125
0 0.93671875 0.890625 0.0859375 0.06875
0 0.87421875 0.91796875 0.0890625 0.04375