2 0.090625 0.21171875 0.1046875 0.1671875
2 0.25390625 0.32734375 0.1359375 0.1625
2 0.06953125 0.47890625 0.1125 0.13125
2 0.01796875 0.55234375 0.0359375 0.1453125
2 0.2359375 0.54921875 0.0984375 0.1375
2 0.059375 0.64453125 0.11875 0.1859375
2 0.36484375 0.16640625 0.128125 0.1421875
2 0.52734375 0.11328125 0.1828125 0.2265625
2 0.39375 0.3328125 0.1484375 0.1796875
2 0.56640625 0.4234375 0.1171875 0.1484375
2 0.43828125 0.69296875 0.1171875 0.1390625
2 0.8203125 0.753125 0.115625 0.140625
2 0.76640625 0.540625 0.1296875 0.153125
2 0.94921875 0.428125 0.1015625 0.1375
2 0.9453125 0.20390625 0.109375 0.1578125
2 0.81796875 0.27421875 0.0875 0.10625
2 0.65390625 0.46484375 0.14375 0.1640625
2 0.55859375 0.5515625 0.1296875 0.15
2 0.58046875 0.875 0.1359375 0.1625
2 0.371875 0.775 0.1375 0.153125
2 0.4921875 0.36796875 0.1375 0.159375
2 0.3703125 0.05390625 0.128125 0.1078125
2 0.4375 0.0765625 0.0984375 0.128125
2 0.0625 0.81875 0.125 0.165625
2 0.21640625 0.75703125 0.11875 0.134375
2 0.8828125 0.81953125 0.1265625 0.14375
2 0.875 0.928125 0.1125 0.14375
2 0.77421875 0.9765625 0.0984375 0.046875
2 0.9890625 0.2359375 0.021875 0.171875
2 0.653125 0.58984375 0.11875 0.1375
2 0.47578125 0.86796875 0.1265625 0.1390625
2 0.79609375 0.6546875 0.1296875 0.1375
2 0.45390625 0.01171875 0.1109375 0.0234375
2 0.47109375 0.259375 0.1203125 0.1265625
2 0.3140625 0.8890625 0.1953125 0.1921875