2 0.8671875 0.1921875 0.15 0.1703125
2 0.59921875 0.05859375 0.1390625 0.1171875
2 0.5828125 0.2125 0.13125 0.14375
2 0.484375 0.16640625 0.1390625 0.1671875
2 0.41171875 0.065625 0.1265625 0.13125
2 0.45234375 0.26640625 0.121875 0.1375
2 0.46484375 0.3734375 0.1265625 0.146875
2 0.8140625 0.58359375 0.134375 0.153125
2 0.37421875 0.5390625 0.13125 0.1578125
2 0.29453125 0.5296875 0.1140625 0.128125
2 0.28359375 0.390625 0.13125 0.146875
2 0.25 0.2296875 0.1171875 0.1375
2 0.2 0.34453125 0.1328125 0.1671875
2 0.1140625 0.2734375 0.134375 0.146875
2 0.05390625 0.190625 0.1078125 0.153125
2 0.359375 0.66796875 0.1421875 0.15
2 0.64296875 0.753125 0.2140625 0.2578125
2 0.9484375 0.65625 0.103125 0.2375
2 0.7234375 0.2765625 0.1734375 0.2171875
2 0.04453125 0.60234375 0.0890625 0.1359375