2 0.7705671093750001 0.17185108124999998 0.78947915 0.20097307187500002 0.811312803125 0.20561395781249997 0.843219325 0.17360172499999998 0.849990721875 0.120272784375 0.8337261328125001 0.089431515625 0.8101732046875 0.082143175 0.779194859375 0.10978867968749999 0.7705671093750001 0.17185108124999998
2 0.5986510578125 0.1969234734375 0.62577961875 0.19812580625 0.6586143171875001 0.1617468421875 0.6669679125 0.12244626875 0.6500493015625 0.073209903125 0.6035974687500001 0.0770283203125 0.575920596875 0.12134964687500001 0.5986510578125 0.1969234734375
2 0.49639127343749995 0.1090091875 0.5231085984375 0.14435426406250002 0.564402603125 0.1325934828125 0.590117409375 0.0330868625 0.5719964671875 0.0109790546875 0.5353433484375001 0.000906184375 0.495357384375 0.0494571625 0.49639127343749995 0.1090091875
2 0.3845316640625 0 0.39413148750000004 0.0210949015625 0.4150369625 0.0301025171875 0.446444803125 0 0.3845316640625 0
2 0.3011409484375 0 0.2882647046875 0.01456629375 0.2874422359375 0.08285178125 0.31852629375 0.119125034375 0.345654853125 0.12032736718749999 0.383784459375 0.08050985000000001 0.3889736578125 0.013152540625 0.381627190625 0 0.3011409484375 0
2 0.2659257171875 0.2699671640625 0.29793795 0.3018736875 0.35539083437499996 0.25703541875 0.3612340515625 0.2080732078125 0.33465380312500004 0.1613472171875 0.3014392390625 0.156569253125 0.262381453125 0.20075349999999997 0.2659257171875 0.2699671640625
2 0.16597649375 0.3536947734375 0.1848885375 0.382816765625 0.24536874062499997 0.377416146875 0.2747648875 0.335742275 0.260630809375 0.27340571874999997 0.237214959375 0.25473646250000004 0.195129853125 0.2594830609375 0.1683811609375 0.29943765624999996 0.16597649375 0.3536947734375
2 0.5260731828125 0.3343912578125 0.554372709375 0.3837647015625 0.584939821875 0.3902619421875 0.6302206906250001 0.3382724109375 0.6342075546875 0.2980436609375 0.6119940374999999 0.252245846875 0.5744127406249999 0.24653970625000002 0.5347009328125 0.2723288546875 0.5260731828125 0.3343912578125
2 0.652676996875 0.4366080671875 0.689878428125 0.4011572796875 0.68354963125 0.3450438078125 0.63524144375 0.35759568750000004 0.628744203125 0.38816280000000003 0.652676996875 0.4366080671875
2 0.6448403453125 0.505684653125 0.66811911875 0.535734821875 0.7005425859375001 0.5334986015625 0.736815840625 0.5024145453125 0.7401486828125 0.443790696875 0.713294278125 0.419826534375 0.6941080796875 0.41346637187499996 0.650683565625 0.4567224421875 0.6448403453125 0.505684653125
2 0.5137757015625 0.6284386796875 0.5361262953125 0.6628555781250001 0.5807217765625 0.6677706203125 0.6064052156249999 0.6435636703125 0.6203278734375 0.578062715625 0.59811435625 0.5322649015625001 0.5596048812500001 0.5309254906249999 0.520547096875 0.5751097374999999 0.5137757015625 0.6284386796875
2 0.8007775718750001 0.716826934375 0.8309334500000001 0.7574669171874999 0.8536952796874999 0.7577410734375001 0.890896709375 0.7222902859375 0.89739395 0.6917231734375 0.8735982328125 0.6318969921875001 0.8403836671875 0.627119028125 0.809405321875 0.65476453125 0.8007775718750001 0.716826934375
2 0.9728306999999999 0.6803736265625 0.987681534375 0.610505940625 0.9505114703125 0.57065705625 0.9074981890625 0.579770384375 0.8857702484375001 0.6390482546875 0.9112852406249999 0.7015218890625 0.9374856234375001 0.7070909515625 0.9728306999999999 0.6803736265625
2 1 0.1864591078125 0.9529358953125 0.1512824953125 0.9252590265625 0.195603821875 0.9354376078125 0.22286945937499997 0.9650765437500001 0.2337334296875 1 0.194226153125 1 0.1864591078125
2 0.8855390671875 0.8763281812500001 0.915694946875 0.916968165625 0.9496262703125 0.789541884375 0.9348068015625 0.7841099 0.8870155562500001 0.82643779375 0.8855390671875 0.8763281812500001
2 0.4619034875 0.9368943375000001 0.4780309984375 0.97911651875 0.5138930187499999 0.98217520625 0.53864828125 0.9623349859375001 0.5470018750000001 0.9230344140625 0.527298734375 0.8868982390625 0.5037458046875 0.8796098984375 0.47462381249999996 0.898521940625 0.4619034875 0.9368943375000001
2 0.04898319375 0.6893847015625 0.082577625 0.7353195921875 0.11751146875 0.742745009375 0.1483527359375 0.7264804218750001 0.177748884375 0.68480655 0.18637663437500002 0.622744146875 0.16165274062499999 0.5672846953125 0.11004307499999999 0.563160753125 0.0594672984375 0.6185888375 0.04898319375 0.6893847015625
2 0.072062153125 0.8814151265625 0.079456203125 0.9217809546875 0.17473317187499998 0.9351866687499999 0.201756021875 0.8724702437499999 0.17888848125 0.8082773328125 0.1325737234375 0.8007148359375 0.09286191875000001 0.8265039859375 0.072062153125 0.8814151265625
2 0.6058055171875 1 0.584825959375 0.9812783968750001 0.5408845 0.994758453125 0.53862605625 1 0.6058055171875 1
2 0.14140625 0.115625 0.1796875 0.23125