2 0.872979325 0.7395407406250001 0.8646136875 0.7701425937499999 0.8845873609374999 0.8150042 0.9129266749999999 0.8292639546875 0.9344495828125 0.8172379546874999 0.9371300890625 0.7574032875000001 0.9033434093749999 0.7309085484375 0.872979325 0.7395407406250001
2 0.9118604593749999 0.585400209375 0.887181509375 0.6232652171875 0.8949201999999999 0.6735741890625 0.9275756078124999 0.7030159859375 0.9656495984375001 0.7007246625 0.9828564109375 0.67351661875 0.976933509375 0.6272859734375 0.9118604593749999 0.585400209375
2 1 0.500443221875 0.9702685171875001 0.4860937296875 0.941720221875 0.49880424999999995 0.93109204375 0.53530021875 0.9488031781249999 0.5860559421875 0.9830366093749999 0.6025782375000001 1 0.5934066609374999 1 0.500443221875
2 0.7942809515625 0.31033645 0.752128634375 0.3144435625 0.7660279953125 0.4279810109375 0.804339753125 0.44268751718750005 0.8258626625 0.43066151562500005 0.837622109375 0.3912184890625 0.8185419359375 0.3264119921875 0.7942809515625 0.31033645
2 0.6801165546875 0.405146634375 0.6468341984375 0.4566156640625 0.6727019890625 0.5037398109375 0.7169078625 0.52070885625 0.7443248890625 0.5109453937499999 0.7569778390625 0.45155747812499997 0.7292942578125 0.40035500312499994 0.6801165546875 0.405146634375
2 0.87408929375 0.35787856093750003 0.853697653125 0.3669575046875 0.83583510625 0.4311082671875 0.8716753421875 0.4786791640625 0.9115651203124999 0.4804661671875 0.9341905125000001 0.4215250015625 0.9160326281250001 0.3807417234375 0.87408929375 0.35787856093750003
2 0.8235137671875 0.30465131562500003 0.8389047906249999 0.2733649453125 0.8193778671875 0.21853089374999998 0.7665685875 0.21516586875 0.7627568124999999 0.2779475953125 0.8235137671875 0.30465131562500003
2 0.7773481765625 0.0637634125 0.752878209375 0.07465814531250001 0.74635714375 0.15330643125 0.7844599203125 0.1949832125 0.8343221406250001 0.197216965625 0.8442658 0.1536956109375 0.8251856265624999 0.0888891140625 0.7773481765625 0.0637634125
2 0.8437902640624999 0.11969995 0.8556072828125 0.168193134375 0.9050227546875 0.1803993328125 0.8584967703125 0.0813881921875 0.8437902640624999 0.11969995
2 0.46369345781250004 0 0.45662314843749996 0.0184187859375 0.467071128125 0.0528611984375 0.49904201875 0.07527760781250001 0.5323531609375001 0.0677766875 0.5459283984375001 0.0324119875 0.5314976515625001 0 0.46369345781250004 0
2 0.3125989890625 0.19982493125 0.27291819375 0.171067653125 0.232581665625 0.1792530953125 0.2183506953125 0.2515605125 0.260085046875 0.30139395 0.29068689999999997 0.3097595890625 0.320366465625 0.2941020109375 0.3325726640625 0.2446865390625 0.3125989890625 0.19982493125
2 0.1927494578125 0.265402303125 0.1730423375 0.28150663125 0.1708085828125 0.3313688546875 0.2043862796875 0.38483386875000003 0.24019772968750003 0.388436659375 0.26645470000000004 0.33765215 0.23513954374999999 0.2782930203125 0.1927494578125 0.265402303125
2 0.4157673296875 0.6181344906249999 0.3681388609375 0.5660385140625 0.3230394859375 0.5690143578125 0.30062307499999996 0.6009852484375 0.32378157500000004 0.66397595625 0.3634623703125 0.692733234375 0.400851840625 0.6834165234375 0.42032119375 0.6503143640625 0.4157673296875 0.6181344906249999
2 0.4413973515625 0.6482608062499999 0.42305927031249996 0.6784159078124999 0.42942892187500004 0.714674109375 0.47092550624999996 0.747509715625 0.5064991875 0.7341146765625 0.505548115625 0.6661233546875 0.473577225 0.64370694375 0.4413973515625 0.6482608062499999
2 0.4464555375 0.758404446875 0.428592990625 0.822555209375 0.44675087812500003 0.8633384906250001 0.49458832968750005 0.8884641906249999 0.5278994703125 0.8809632671875001 0.547815575 0.8378886640625 0.5092372625 0.7622162218749999 0.4464555375 0.758404446875
2 0.43040877968749996 0.8266335375 0.4639864765625 0.8800985515624999 0.5238211421875001 0.8827790562500001 0.5416836890625001 0.81862829375 0.5770483890625 0.8322035296875001 0.62619730625 0.7834437921874999 0.6066703828125 0.7286097390624999 0.5706211640625 0.7080091171875 0.5198654406250001 0.7257202515625 0.5158159 0.771504146875 0.466847178125 0.749325503125 0.432195784375 0.786743759375 0.43040877968749996 0.8266335375
2 0.7310087234375 0.9420230453125 0.70650996875 0.9089496703125001 0.6518849 0.9015063187499999 0.6231276218749999 0.9411871140624999 0.624972196875 0.9892335484375 0.7310087234375 0.9420230453125
2 0.3248292078125 1 0.3398496359375 0.9744619875 0.326216828125 0.9218904734375 0.2865360328125 0.8931331968749999 0.25209362031250004 0.9035811765625 0.235571325 0.9378146062500001 0.2528357109375 0.998542775 0.255385721875 1 0.3248292078125 1
2 0.44652059375 0.51159364375 0.423837628125 0.48259859687500006 0.3769224640625 0.4814961125 0.3617692078125 0.5297803140624999 0.3817428828125 0.574641921875 0.4196078890625 0.599320871875 0.4329741421875 0.5909264484375 0.45515278593749997 0.541957728125 0.44652059375 0.51159364375
2 0.28121129218749996 0.7220236203125 0.298000140625 0.7487561281249999 0.3342583421875 0.742386475 0.357806021875 0.707468525 0.3126778609375 0.666476265625 0.29228622187500003 0.6755552078125 0.28121129218749996 0.7220236203125
2 0.4953125 0.97421875 0.196875 0.0515625
2 0.73359375 0.64375 0.23125 0.2421875