2 0.0734375 0.38828125 0.146875 0.2140625
2 0.03203125 0.5265625 0.0640625 0.15
2 0.01875 0.8015625 0.0375 0.1625
2 0.1109375 0.71796875 0.109375 0.1234375
2 0.1546875 0.0453125 0.109375 0.090625
2 0.24375 0.04453125 0.134375 0.0890625
2 0.48359375 0.05859375 0.1546875 0.1171875
2 0.32578125 0.66953125 0.1203125 0.146875
2 0.328125 0.7734375 0.1203125 0.134375
2 0.43203125 0.90078125 0.1796875 0.1984375
2 0.8515625 0.9359375 0.11875 0.128125
2 0.52265625 0.9390625 0.1515625 0.121875
2 0.57109375 0.66015625 0.1421875 0.159375
2 0.5625 0.45625 0.1390625 0.1578125
2 0.6734375 0.24296875 0.1171875 0.128125
2 0.73125 0.3671875 0.1171875 0.1359375
2 0.69296875 0.78203125 0.1421875 0.1640625
2 0.7828125 0.66953125 0.1453125 0.171875
2 0.7859375 0.540625 0.1265625 0.1296875
2 0.9421875 0.60546875 0.115625 0.1609375
2 0.86796875 0.48515625 0.134375 0.1453125
2 0.821875 0.3375 0.1140625 0.1328125
2 0.72109375 0.1578125 0.121875 0.134375
2 0.3203125 0.2421875 0.1578125 0.1921875
2 0.64765625 0.96796875 0.1640625 0.0640625
2 0.9234375 0.22265625 0.153125 0.1828125