0 0.2046875 0.14453125 0.10625 0.1046875
0 0.04140625 0.48671875 0.0828125 0.1109375
0 0.06640625 0.578125 0.1 0.1015625
0 0.1546875 0.5515625 0.1 0.1046875
0 0.315625 0.65859375 0.215625 0.234375
0 0.2265625 0.7578125 0.1578125 0.1734375
0 0.3078125 0.88515625 0.090625 0.0953125
0 0.3546875 0.934375 0.09375 0.09375
0 0.5171875 0.6703125 0.15 0.165625
0 0.6015625 0.30625 0.0984375 0.10625
0 0.7125 0.33828125 0.0953125 0.1
0 0.646875 0.18984375 0.090625 0.0953125
0 0.69765625 0.04296875 0.1515625 0.0859375
0 0.83125 0.58203125 0.15 0.1578125
0 0.8875 0.67265625 0.1046875 0.1109375