2 0.20859375 0.20859375 0.1484375 0.1890625
2 0.05625 0.54453125 0.10703125 0.203125
2 0.190625 0.365625 0.11328125 0.13828125
2 0.32578125 0.32890625 0.115625 0.1625
2 0.44375 0.1140625 0.1328125 0.1703125
2 0.14453125 0.61796875 0.10546875 0.13984375
2 0.02734375 0.67421875 0.05390625 0.15078125
2 0.09296875 0.71015625 0.10078125 0.12109375
2 0.19140625 0.75078125 0.134375 0.1734375
2 0.04609375 0.93203125 0.0875 0.13515625
2 0.16328125 0.9484375 0.14765625 0.10234375
2 0.28984375 0.96875 0.10703125 0.0625
2 0.2921875 0.7125 0.09609375 0.12578125
2 0.3515625 0.8421875 0.10625 0.14609375
2 0.478125 0.77109375 0.10703125 0.153125
2 0.50390625 0.94453125 0.14609375 0.1109375
2 0.56875 0.74609375 0.1140625 0.14375
2 0.51640625 0.47890625 0.1234375 0.165625
2 0.51484375 0.33515625 0.12421875 0.14140625
2 0.60625 0.24921875 0.1359375 0.140625
2 0.4796875 0.23671875 0.1296875 0.14375
2 0.659375 0.3421875 0.13359375 0.1375
2 0.59375 0.05703125 0.09921875 0.11328125
2 0.75546875 0.0640625 0.15859375 0.128125
2 0.66171875 0.16015625 0.17421875 0.18203125
2 0.6640625 0.45234375 0.0890625 0.12109375
2 0.7984375 0.40078125 0.12265625 0.17578125
2 0.92421875 0.7078125 0.1265625 0.15625
2 0.63125 0.96640625 0.103125 0.0671875
2 0.33125 0.04296875 0.121875 0.0859375
2 0.4171875 0.0234375 0.0859375 0.046875
2 0.2578125 0.52109375 0.17421875 0.16484375
2 0.634375 0.61875 0.12265625 0.16875
2 0.93046875 0.30234375 0.1390625 0.23515625