2 0.059375 0.15234375 0.11015625 0.153125
2 0.14375 0.27890625 0.07109375 0.090625
2 0.02890625 0.77265625 0.0578125 0.16953125
2 0.03671875 0.96796875 0.0734375 0.06328125
2 0.20390625 0.1125 0.103125 0.13828125
2 0.2859375 0.26484375 0.1078125 0.12265625
2 0.30390625 0.13828125 0.11640625 0.14140625
2 0.334375 0.028125 0.0953125 0.05625
2 0.43359375 0.05 0.12734375 0.1
2 0.4390625 0.29453125 0.1140625 0.12734375
2 0.41796875 0.49296875 0.096875 0.1171875
2 0.41171875 0.61171875 0.1 0.1265625
2 0.4421875 0.72734375 0.096875 0.1265625
2 0.47578125 0.40234375 0.09453125 0.1140625
2 0.5734375 0.43203125 0.10703125 0.125
2 0.58984375 0.62578125 0.10390625 0.1109375
2 0.584375 0.728125 0.0921875 0.115625
2 0.6328125 0.88359375 0.0921875 0.12578125
2 0.103125 0.96640625 0.07109375 0.0671875
2 0.71640625 0.515625 0.1046875 0.1375
2 0.74375 0.7453125 0.11796875 0.1390625
2 0.7859375 0.63359375 0.078125 0.10546875
2 0.94609375 0.265625 0.10703125 0.14765625
2 0.696875 0.08984375 0.08515625 0.11484375
2 0.8703125 0.640625 0.0953125 0.13671875
2 0.9796875 0.05390625 0.03984375 0.10703125
2 0.18203125 0.98125 0.09140625 0.0375
2 0.66484375 0.34375 0.16484375 0.23125