2 0.6361607140625 0.30357142812500004 0.6205357140625 0.3727678578125 0.6450892859375 0.39732142812500004 0.6785714281249999 0.39508928593750003 0.7053571421875 0.36383928593750003 0.7053571421875 0.32366071406249997 0.6808035718750001 0.2991071421875 0.6361607140625 0.30357142812500004
2 0.6272321421875 0.125 0.5803571421875 0.171875 0.5803571421875 0.2522321421875 0.609375 0.29017857187499996 0.65625 0.296875 0.7008928578125 0.25669642812500004 0.7053571421875 0.1852678578125 0.6674107140625 0.12946428593749998 0.6272321421875 0.125
2 0.7321428578125 0.2165178578125 0.7232142859375 0.27455357187499996 0.7522321421875 0.30803571406249997 0.78125 0.30580357187499996 0.8080357140625001 0.25669642812500004 0.7946428578125 0.21205357187499999 0.765625 0.196428571875 0.7321428578125 0.2165178578125
2 0.6897321421875 0.0044642859375000005 0.6517857140625 0.037946428125 0.6473214281249999 0.0915178578125 0.6852678578125 0.1383928578125 0.7142857140625 0.13616071406250002 0.7455357140625 0.109375 0.75 0.0513392859375 0.7254464281249999 0.008928571875000001 0.6897321421875 0.0044642859375000005
2 0.7946428578125 0.0290178578125 0.7946428578125 0.069196428125 0.8191964281249999 0.0982142859375 0.8571428578125 0.100446428125 0.8883928578125 0.0513392859375 0.8839285718750001 0.0111607140625 0.8147321421875 0 0.7946428578125 0.0290178578125
2 0.90625 0.0513392859375 0.9508928578125 0.0647321421875 0.9821428578125 0.0424107140625 0.9910714281249999 0.0022321421875000002 0.890625 0 0.90625 0.0513392859375
2 0.5558035718750001 0.28125 0.5178571421875 0.32366071406249997 0.5133928578125 0.390625 0.5758928578125 0.41741071406249997 0.6116071421875 0.38616071406249997 0.6160714281249999 0.33258928593750003 0.5870535718750001 0.28125 0.5558035718750001 0.28125
2 0.43303571406249997 0.26116071406249997 0.428571428125 0.32366071406249997 0.453125 0.35267857187499996 0.49553571406249997 0.35044642812500004 0.5223214281249999 0.28794642812500004 0.5 0.2388392859375 0.46651785781250005 0.22767857187499999 0.43303571406249997 0.26116071406249997
2 0.49776785781250005 0.147321428125 0.477678571875 0.17633928593749998 0.48214285781250005 0.2209821421875 0.53125 0.24330357187499999 0.5669642859375 0.203125 0.5625 0.1540178578125 0.5424107140625 0.133928571875 0.49776785781250005 0.147321428125
2 0.453125 0 0.4375 0.0290178578125 0.44196428593750003 0.10491071406250001 0.475446428125 0.133928571875 0.5044642859375 0.131696428125 0.5446428578125 0.0915178578125 0.5446428578125 0.0334821421875 0.5245535718750001 0 0.453125 0
2 0.3616071421875 0.0647321421875 0.3883928578125 0.006696428124999999 0.3102678578125 0 0.3125 0.0513392859375 0.3616071421875 0.0647321421875
2 0.078125 0.071428571875 0.0491071421875 0.10491071406250001 0.0446428578125 0.1540178578125 0.0736607140625 0.19196428593749998 0.10714285781249999 0.1897321421875 0.133928571875 0.1540178578125 0.12946428593749998 0.11383928593749999 0.0959821421875 0.071428571875 0.078125 0.071428571875
2 0.296875 0.30803571406249997 0.25 0.359375 0.25 0.41741071406249997 0.2790178578125 0.459821428125 0.31696428593750003 0.46651785781250005 0.3616071421875 0.421875 0.36607142812500004 0.35491071406249997 0.3415178578125 0.31696428593750003 0.296875 0.30803571406249997
2 0.46875 0.5290178578125 0.491071428125 0.46651785781250005 0.453125 0.44196428593750003 0.42410714218749995 0.5022321421875 0.46875 0.5290178578125
2 0.6808035718750001 0.5982142859375 0.6473214281249999 0.6361607140625 0.6473214281249999 0.6941964281249999 0.6852678578125 0.7276785718750001 0.71875 0.7254464281249999 0.7455357140625 0.6852678578125 0.7455357140625 0.640625 0.7209821421875 0.6071428578125 0.6808035718750001 0.5982142859375
2 0.6160714281249999 0.7433035718750001 0.6160714281249999 0.7879464281249999 0.6361607140625 0.8125 0.6607142859375 0.8102678578125 0.6875 0.7566964281249999 0.6674107140625 0.71875 0.640625 0.7142857140625 0.6160714281249999 0.7433035718750001
2 0.7388392859375 0.7857142859375 0.7053571421875 0.828125 0.7053571421875 0.8549107140625001 0.7299107140625 0.8973214281249999 0.7544642859375 0.8995535718750001 0.7901785718750001 0.8638392859374999 0.7901785718750001 0.8236607140625001 0.765625 0.7901785718750001 0.7388392859375 0.7857142859375
2 0.7366071421875 0.9933035718750001 0.78125 0.9977678578125 0.7946428578125 0.9352678578125 0.7566964281249999 0.9151785718750001 0.7321428578125 0.9441964281249999 0.7366071421875 0.9933035718750001
2 0.6294642859375 0.9129464281249999 0.6339285718750001 0.984375 0.6495535718750001 1 0.7008928578125 0.9977678578125 0.7142857140625 0.9084821421875 0.6808035718750001 0.875 0.6584821421875 0.875 0.6294642859375 0.9129464281249999
2 0.5491071421875 0.859375 0.5401785718750001 0.9263392859374999 0.5602678578125 0.9598214281249999 0.5982142859375 0.9665178578125 0.625 0.9040178578125 0.6160714281249999 0.8772321421875 0.5691964281249999 0.84375 0.5491071421875 0.859375
2 0.47321428593750003 0.8638392859374999 0.46875 0.8995535718750001 0.5089285718750001 0.9174107140625001 0.5401785718750001 0.8727678578125 0.5245535718750001 0.84375 0.49776785781250005 0.8392857140625001 0.47321428593750003 0.8638392859374999
2 0.102678571875 0.8370535718750001 0.11160714218750001 0.8861607140625001 0.1428571421875 0.9040178578125 0.165178571875 0.890625 0.18303571406250002 0.8325892859374999 0.1540178578125 0.7946428578125 0.102678571875 0.8370535718750001
2 0.1383928578125 0.9977678578125 0.109375 0.9642857140625001 0.078125 0.96875 0.053571428125 0.9977678578125 0.1383928578125 0.9977678578125
2 0.78125 0.0334821421875 0.8013392859374999 0 0.7321428578125 0.0022321421875000002 0.7522321421875 0.03125 0.78125 0.0334821421875
2 0.853125 0.44296875 0.1515625 0.22734375