2 0.81015625 0.86015625 0.184375 0.2046875
2 0.94609375 0.65859375 0.1078125 0.1421875
2 0.8671875 0.6359375 0.140625 0.1515625
2 0.76484375 0.64453125 0.1640625 0.1734375
2 0.77265625 0.5265625 0.1515625 0.1609375
2 0.78046875 0.3609375 0.165625 0.190625
2 0.68203125 0.4265625 0.1546875 0.1765625
2 0.60703125 0.4015625 0.15625 0.1765625
2 0.95234375 0.340625 0.0953125 0.175
2 0.95625 0.2328125 0.0875 0.125
2 0.74765625 0.11015625 0.1265625 0.1171875
2 0.6578125 0.1671875 0.1640625 0.1859375
2 0.5625 0.18125 0.1734375 0.1890625
2 0.63359375 0.06640625 0.1171875 0.1296875
2 0.253125 0.0234375 0.134375 0.046875
2 0.18515625 0.090625 0.1234375 0.15625
2 0.4796875 0.57265625 0.209375 0.228125
2 0.359375 0.68671875 0.215625 0.2390625
2 0.3703125 0.79375 0.1609375 0.171875
2 0.38671875 0.89453125 0.146875 0.1609375
2 0.44453125 0.93984375 0.1546875 0.1203125
2 0.0859375 0.78984375 0.1265625 0.134375
2 0.63125 0.853125 0.2375 0.2625
2 0.72421875 0.23984375 0.19375 0.215625
2 0.2234375 0.6484375 0.228125 0.253125