2 0.61796875 0.92734375 0.153125 0.1359375
2 0.66875 0.82734375 0.1796875 0.2140625
2 0.77578125 0.56875 0.15625 0.1765625
2 0.7296875 0.44453125 0.1796875 0.1875
2 0.6875 0.1875 0.175 0.2
2 0.67734375 0.0609375 0.1828125 0.121875
2 0.271875 0.36875 0.2046875 0.2546875
2 0.29375 0.23203125 0.1546875 0.19375
2 0.49609375 0.04453125 0.1390625 0.0890625
2 0.14609375 0.3578125 0.1828125 0.2359375
2 0.09609375 0.48828125 0.134375 0.1546875
2 0.06484375 0.30546875 0.128125 0.1890625
2 0.52734375 0.97109375 0.1359375 0.0578125
2 0.02578125 0.2625 0.0515625 0.190625
2 0.03203125 0.1421875 0.0640625 0.115625
2 0.92578125 0.17578125 0.059375 0.1375
2 0.1484375 0.840625 0.2140625 0.2609375
2 0.44921875 0.75703125 0.190625 0.24375
2 0.6421875 0.58515625 0.19375 0.2265625