2 0.7547016828124999 0.63289669375 0.7910808140625 0.709390509375 0.823186 0.7144441109375 0.8493065312500001 0.6707566078125 0.8444099953125 0.630877521875 0.8154149359374999 0.5962062671874999 0.7547016828124999 0.63289669375
2 0.844023 0.5544622375 0.8489195374999999 0.594341325 0.8881760312500001 0.621005915625 0.9153846812499999 0.5861804312500001 0.9104881453125 0.5463013453125 0.8687441171874999 0.5176932796875 0.844023 0.5544622375
2 0.6189754 0.5348675859375 0.5892792140625 0.5677495953125 0.5836030203125 0.631415909375 0.6037360609375 0.66717528125 0.6466467406249999 0.66865323125 0.673855390625 0.633827746875 0.6706695671875 0.571249553125 0.6189754 0.5348675859375
2 0.614928546875 0.7400149109374999 0.5859334890625 0.70534365625 0.5637784406249999 0.7080639546875 0.5390573265625 0.7448329140625 0.5439538625 0.7847120000000001 0.5685179109375 0.8199273140625 0.59316049375 0.819150490625 0.6153940734375001 0.78043805625 0.614928546875 0.7400149109374999
2 0.1827144515625 0.6266650953124999 0.14268113437500002 0.575357921875 0.10116986875 0.566961428125 0.071473684375 0.5998434390625 0.0691403796875 0.654103671875 0.0889621234375 0.7056436109375 0.1443104765625 0.7168389328125 0.176494196875 0.6859003984375 0.1827144515625 0.6266650953124999
2 0.16701525625 0.46217368125 0.18162916875 0.48961509375 0.21513376874999998 0.4877501515625 0.2296719828125 0.4229957203125 0.192903025 0.398274603125 0.1626627796875 0.42672560312499996 0.16701525625 0.46217368125
2 0.2475530875 0.3488352078125 0.243823203125 0.28182600468749996 0.199358878125 0.23106289218749998 0.17277282031250002 0.2343272484375 0.14362069375 0.2716402671875 0.1304128375 0.293650796875 0.138488559375 0.33973759062500003 0.1691157984375 0.3877018734375 0.2125705375 0.39361083125 0.2475530875 0.3488352078125
2 0.041009184375 0.22351891875000002 0.026782265625000003 0.2724927875 0.0427170609375 0.32900779375 0.0844610875 0.35761585937499996 0.112990621875 0.3518639671875 0.14533140625000002 0.248941159375 0.110273159375 0.2015209359375 0.041009184375 0.22351891875000002
2 0 0.30164515000000003 0.01846430625 0.278011915625 0.0197094921875 0.2148896625 0 0.192518165625 0 0.30164515000000003
2 0.6744893281250001 0.089514690625 0.6405191984374999 0.0509564875 0.61338908125 0.049789834375 0.5842369578125 0.087102853125 0.5852465437500001 0.131957009375 0.6147856625 0.171059271875 0.6527212734375001 0.1686502703125 0.6754989140625 0.13436884531249998 0.6744893281250001 0.089514690625
2 0.6727902828125 0 0.6978110281250001 0.05966427656249999 0.73932229375 0.06806076718750001 0.762099934375 0.03377934375 0.76511154375 0 0.6727902828125 0
2 0.8850648171875 0 0.8640131546875001 0.0212659734375 0.865022740625 0.0661201296875 0.9000809875 0.113540353125 0.9241795109375 0.1083325203125 0.9519322203125 0.07793804531250001 0.94236263125 0 0.8850648171875 0
2 0.87084749375 0.3150334890625 0.8398304265625001 0.31884190625 0.8200843796875 0.35949781718749996 0.82661309375 0.41266993125000007 0.8708446578125001 0.443221471875 0.9080819796874999 0.3801777515625 0.898210375 0.336411715625 0.87084749375 0.3150334890625
2 0.540852240625 0.42976570625 0.5173763124999999 0.4034124109375 0.48527112499999997 0.3983588078125 0.4383949625 0.437848065625 0.4371497765625 0.5009703203125 0.47220802500000003 0.54839054375 0.5145746453125 0.54543748125 0.5440380671875 0.4923439 0.540852240625 0.42976570625
2 0.3533475875 0.5877227328125 0.35715600468750003 0.6187398 0.386462359375 0.6376304921875 0.41421506875 0.6072360156250001 0.4098625921875 0.5717879406249999 0.386930721875 0.54986565625 0.3533475875 0.5877227328125
2 0.3284537421875 1 0.34533241718749996 0.9620252453125 0.332196453125 0.8916731515625 0.27770345625 0.8691282734374999 0.24248814218749998 0.8936923234374999 0.24233107656250003 0.965676596875 0.3062967828125 1 0.3284537421875 1
2 0.572946084375 0.9475712375 0.5739556718750001 0.9924253921874999 0.6847309109374999 0.9788239031250001 0.70035724375 0.9229314890625 0.6910296984375 0.8835964640625 0.61212688125 0.8820399812499999 0.572946084375 0.9475712375
2 0.37265625 0.3578125 0.1796875 0.2