2 0.5926081859375001 1 0.5937446937499999 0.9995872796875 0.5886292234375 0.9800323875 0.5415405078125 0.9383343359375 0.5008308671874999 0.9443975078125 0.4726041796875 0.97675125625 0.47466050937500004 1 0.5926081859375001 1
2 0.3108557953125 0.8045276765624999 0.2659987390625 0.781100559375 0.23682435000000002 0.7922995578124999 0.22430068749999998 0.8281892750000001 0.2530981109375 0.9032091296875 0.28193624375000004 0.9160486953125 0.316562359375 0.900366025 0.33165393593750003 0.8587086828125001 0.3108557953125 0.8045276765624999
2 0.19481039687499999 0.8323366906249999 0.165636009375 0.8435356890625 0.1515124890625 0.875257634375 0.15917551875 0.920135046875 0.23929049062500002 0.941982659375 0.2521300546875 0.9131445265625 0.22396443124999998 0.8522278375000001 0.19481039687499999 0.8323366906249999
2 0.0468085703125 0.7146100171875001 0.075646703125 0.7274495828124999 0.097769509375 0.716566484375 0.105493603125 0.6681734578125 0.06097280000000001 0.620707778125 0.02601043125 0.6604290109375001 0.0468085703125 0.7146100171875001
2 0.3392249625 0.5545429093750001 0.31327064375 0.5429873 0.2799284859375 0.55578615625 0.26163719531249996 0.5891079593749999 0.278267565625 0.6448888234375 0.3176728953125 0.6727996093749999 0.345563328125 0.664484425 0.36642253125 0.62539499375 0.3392249625 0.5545429093750001
2 0.439506275 0.6164683625 0.40201670156249997 0.599776928125 0.370254046875 0.6478337 0.3740855609375 0.67027240625 0.39841966875 0.7087503890625 0.4298257171875 0.7158223265625 0.45420053437499996 0.6921200187500001 0.45807275625 0.6523784328125 0.439506275 0.6164683625
2 0.6193521750000001 0.5617776812499999 0.5760949765625 0.542518334375 0.5376169921875 0.56685244375 0.53149275625 0.6194132406249999 0.5663940625 0.6729624453125 0.5978001078124999 0.6800343828125001 0.6365939921875 0.6627518578125 0.6449498859375 0.628461996875 0.6193521750000001 0.5617776812499999
2 0.8836542375 0.7520173609375 0.829829840625 0.7176867921875 0.7996670421875 0.7699113328125 0.8140657546875 0.8074212609375 0.861806625 0.8321323312500001 0.8855292875 0.8254170046875 0.8948532359374999 0.7811917484374999 0.8836542375 0.7520173609375
2 0.917709615625 0.6289610875 0.874452415625 0.609701740625 0.8411102578125 0.6225005968749999 0.82665048125 0.67826110625 0.8484166765625 0.7225067171874999 0.893589634375 0.752985415625 0.9214800671875001 0.74467023125 0.9401076125 0.6873098640624999 0.917709615625 0.6289610875
2 0.8524313828125001 0.4651341109375 0.809785628125 0.4910680765625 0.803029590625 0.5295257062500001 0.8212598171875 0.5894743390625 0.8642011171874999 0.6016821015625 0.9036471578124999 0.567412596875 0.9052877234375 0.5094000765625 0.8524313828125001 0.4651341109375
2 0.9400156093750001 0.338266678125 0.9778210843749999 0.3620096953125 0.932709190625 0.23826055781250002 0.921449128125 0.3023566078125 0.9400156093750001 0.338266678125
2 0.32553947031249997 0.4067755625 0.29958515 0.39521995468750004 0.2527716265625 0.422753778125 0.2444157328125 0.4570436390625 0.26361401562500003 0.507056875 0.303019346875 0.5349676624999999 0.3418132296875 0.5176851359375 0.3578728640625 0.46609239531249996 0.32553947031249997 0.4067755625
2 0.2820681421875 0.22501390625 0.251293896875 0.232045134375 0.2275305265625 0.3009407546875 0.2425610390625 0.35255384843750004 0.3175401859375 0.385936715625 0.3470508296875 0.3506991546875 0.3333246265625 0.26511209999999996 0.2820681421875 0.22501390625
2 0.3369420140625 0.1250484953125 0.301052296875 0.11252483124999998 0.273477765625 0.1278916 0.2615859015625 0.1778844828125 0.2875198671875 0.22053023437500002 0.3205257703125 0.23176994374999998 0.34681634687499996 0.2192869875 0.3593400109375 0.183397271875 0.3369420140625 0.1250484953125
2 0.44399971562499996 0.11742617500000001 0.401710571875 0.0882314296875 0.372536184375 0.099430428125 0.35584475000000004 0.136920003125 0.3667074921875 0.190132953125 0.4144483640625 0.2148440265625 0.4407389390625 0.20236107187500002 0.459998284375 0.159103871875 0.44399971562499996 0.11742617500000001
2 0.11034365312500001 0.11400256093750001 0.0519948765625 0.1364005578125 0.04043926875 0.162354878125 0.047470496875000004 0.1931291234375 0.08207625625000001 0.20853660000000002 0.11253460156249999 0.1944537890625 0.126658121875 0.1627318421875 0.11034365312500001 0.11400256093750001
2 0.346875 0.05 0.128125 0.0890625
2 0.74609375 0.1296875 0.2109375 0.259375
2 0.51953125 0.46328125 0.175 0.1625
2 0.153125 0.3921875 0.1921875 0.20625