2 0.5912311984375 0.1806981140625 0.6329752265625 0.20930618124999997 0.67262155 0.18419807187499998 0.6843609328125 0.1332807265625 0.6689701984374999 0.08119673125 0.63966384375 0.062306040625 0.5978412828125 0.06969011093750001 0.5747523453125 0.11975209843750001 0.5912311984375 0.1806981140625
2 0.3665677546875 0.3657067265625 0.40551295156249995 0.40815188124999996 0.4498230484375 0.40271128437500003 0.47011315312499996 0.3664863859375 0.4586093703125 0.30942732031250003 0.42323982656250003 0.27778766093749996 0.3814172640625 0.28517173125 0.35669615 0.321940690625 0.3665677546875 0.3657067265625
2 0.18108794374999998 0.3569961015625 0.21396995312499997 0.3866922875 0.2575032265625 0.356609109375 0.26255682812500003 0.324503921875 0.2487982734375 0.2857129546875 0.2194919171875 0.2668222640625 0.1895629703125 0.2794927015625 0.1767354671875 0.321548025 0.18108794374999998 0.3569961015625
2 0.06424384375 0.6142245875000001 0.09160672343750001 0.6356028109375 0.1265107421875 0.626819325 0.14905561875 0.5723263281250001 0.1352970640625 0.5335353609375 0.0976727484375 0.5201637984375 0.07357422500000001 0.52537163125 0.05328411875 0.56159653125 0.06424384375 0.6142245875000001
2 0.172374484375 0.6706638953125 0.2072785 0.6618804093749999 0.22593642812499998 0.61236248125 0.21660888125 0.573027453125 0.1878465859375 0.5585677734375001 0.15488604374999998 0.5648637234375 0.1406591265625 0.6138375921875 0.172374484375 0.6706638953125
2 0.2581173109375 0.709611928125 0.2979963984375 0.7047153921875 0.3227175125 0.6679464328125 0.3195316890625 0.6053682390625 0.2847062046875 0.5781595890625 0.239540753125 0.5949497390625 0.2180839953125 0.65830475625 0.2581173109375 0.709611928125
2 0.1546476078125 0.8010281156250001 0.1809223703125 0.813544321875 0.22025739687499998 0.8042167750000001 0.240547503125 0.7679918765625 0.2340187875 0.7148197609375 0.179293028125 0.672063309375 0.1421342390625 0.6991148953125 0.135913984375 0.7583501984375001 0.1546476078125 0.8010281156250001
2 0.38210704687499997 0.7303703968749999 0.42253019375 0.7299048703125 0.4384678234375 0.65823189375 0.4037208703125 0.5950311078125 0.375502634375 0.5850024359375 0.3377997875 0.6076230109375 0.3365546015625 0.6707452640625 0.38210704687499997 0.7303703968749999
2 0.4834005109375 0.621230171875 0.5212575890625 0.65481330625 0.56976593125 0.628617078125 0.5887351546875 0.5633185859375 0.5694574718750001 0.5162096593750001 0.5451261859375001 0.50120591875 0.5082786921875 0.512476940625 0.476871796875 0.56805805625 0.4834005109375 0.621230171875
2 0.6080885375 0.702623359375 0.6584618203125 0.7099317328125 0.6821733515624999 0.62830861875 0.6628956671874999 0.581199690625 0.6247272921875 0.56339711875 0.5870244453125 0.58601769375 0.579093478125 0.6679521046875 0.6080885375 0.702623359375
2 0.6394140640625 0.8112223609375 0.6652233 0.7833154203125 0.6681006640625 0.7334861953125 0.61998215 0.7079097234375 0.5905972625 0.7250111703125001 0.5987581546875 0.7914763140625001 0.6394140640625 0.8112223609375
2 0.5189999828125 0.8012693875 0.545818803125 0.818216603125 0.58437700625 0.7842464734375 0.5783923515625 0.7355053687499999 0.5424787484375 0.6994346984375001 0.5222671765625 0.6996674625 0.5025211296875 0.740323371875 0.5189999828125 0.8012693875
2 0.67338419375 0.8497805656249999 0.7057221421875 0.8750457390624999 0.727877190625 0.8723254421875 0.7470791765625 0.8272385234374999 0.741094521875 0.77849741875 0.7062690375 0.7512887687500001 0.686057465625 0.7515215296875 0.662968528125 0.80158351875 0.67338419375 0.8497805656249999
2 0.0640625 0.1390625 0.128125 0.190625