2 0.90859375 0.115625 0.1234375 0.1625
2 0.8359375 0.2484375 0.078125 0.096875
2 0.978125 0.73046875 0.04375 0.1734375
2 0.98125 0.925 0.0375 0.06875
2 0.7609375 0.08828125 0.1140625 0.146875
2 0.69296875 0.246875 0.11875 0.13125
2 0.6640625 0.12265625 0.128125 0.1515625
2 0.6234375 0.0234375 0.1 0.046875
2 0.52578125 0.05078125 0.1359375 0.1015625
2 0.54296875 0.28984375 0.125 0.1375
2 0.58125 0.4859375 0.10625 0.125
2 0.59765625 0.60390625 0.1109375 0.134375
2 0.57734375 0.72109375 0.1078125 0.134375
2 0.515625 0.40078125 0.1046875 0.121875
2 0.42109375 0.4390625 0.1171875 0.134375
2 0.42109375 0.6328125 0.1125 0.1203125
2 0.4359375 0.734375 0.1015625 0.1234375
2 0.40078125 0.89375 0.103125 0.1328125
2 0.9359375 0.9296875 0.0765625 0.0734375
2 0.2859375 0.534375 0.115625 0.146875
2 0.27890625 0.765625 0.1296875 0.1484375
2 0.2265625 0.6578125 0.0875 0.1125
2 0.046875 0.3046875 0.09375 0.15625
2 0.26796875 0.10859375 0.0953125 0.121875
2 0.14296875 0.67265625 0.10625 0.14375
2 0.85859375 0.9515625 0.09375 0.0453125
2 0.321875 0.35859375 0.184375 0.2453125