2 0.7954317046875 0.934090534375 0.8016806296875 0.9625153390625 0.887576346875 0.9481894046875 0.8668581265625 0.8970032531250001 0.8454110765625 0.8887470421874999 0.8112869765624999 0.902559190625 0.7954317046875 0.934090534375
2 0.5189248046875 1 0.6002217734374999 0.98857445625 0.6034716765625 0.9475442812500001 0.580196540625 0.910241959375 0.5202045531249999 0.9164192046874999 0.50762819375 1 0.5189248046875 1
2 0.6761407140625 0.9192986781249999 0.6734762812499999 0.980533284375 0.75053031875 0.9674499671874999 0.730469246875 0.9049010640624999 0.6761407140625 0.9192986781249999
2 0.6674423953125 0.857406925 0.702080284375 0.895366396875 0.739968075 0.8922956937500001 0.759109090625 0.8039505828125 0.6909684125 0.7842240968749999 0.670070990625 0.8119559125 0.6674423953125 0.857406925
2 0.5963385359375 0.752441871875 0.5754411140625 0.7801736859374999 0.57971859375 0.8426867484375 0.608693025 0.87242585 0.6326969874999999 0.8667982328124999 0.6554941750000001 0.8365453437499999 0.6530806203124999 0.7872948 0.5963385359375 0.752441871875
2 0.7088309703125 0.7028209000000001 0.6792352312500001 0.668660959375 0.6388263656250001 0.669831896875 0.6153720296875 0.7114475375 0.625384646875 0.7506137859375 0.6543590781249999 0.7803528859375 0.696667709375 0.7766608749999999 0.71760096875 0.73314546875 0.7088309703125 0.7028209000000001
2 0.8136885046875 0.6790678156250001 0.7967698140625 0.62283951875 0.75204763125 0.577280984375 0.6938478859375 0.6282879359375 0.7151157359375 0.7154621109375 0.7390480187499999 0.741401678125 0.7630519828125 0.7357740625 0.800318465625 0.7282825203125001 0.8136885046875 0.6790678156250001
2 1 0.6495019906249999 0.9696963468750001 0.65038010625 0.9499698625 0.7185207859375 0.98080821875 0.7615224046875 1 0.7599669625 1 0.6495019906249999
2 0.4124472109375 1 0.4260167828125 0.9679757812500001 0.4052985640625 0.9167896328125 0.3630616140625 0.88891445625 0.3321157359375 0.893263615625 0.30424056093749996 0.9355005671875001 0.3167384109375 0.9923501734375 0.323366125 1 0.4124472109375 1
2 0.3918089765625 0.7406131968749999 0.32418208593750003 0.7726583312499999 0.30452728281249997 0.809231825 0.327109428125 0.8736804921875001 0.3965285640625 0.8864650640624999 0.42126135624999994 0.8379075078125 0.41760518593749996 0.7798152843749999 0.3918089765625 0.7406131968749999
2 0.2793757296875 1 0.2959485109375 0.9727312078124999 0.29284196875 0.9506270109375 0.2606893140625 0.9303508984375 0.22594390468749997 0.93974220625 0.206910409375 0.9807365406249999 0.21161010781249998 1 0.2793757296875 1
2 0.1834082078125 0.76539385625 0.11833823125000001 0.7835551625 0.10551782031250001 0.8687578921875 0.16225990625 0.9036108203125 0.20836806718749998 0.8948766609375 0.23372216875000001 0.850739946875 0.211140021875 0.786291278125 0.1834082078125 0.76539385625
2 0.0930437828125 0.5233827765625 0.057712907812500006 0.5125696515625 0.024174275000000002 0.5465862296874999 0.02651615 0.627403959375 0.08709360625 0.641431146875 0.114932940625 0.614977790625 0.11631891718750001 0.560685096875 0.0930437828125 0.5233827765625
2 0.2741548453125 0.5610435 0.23447481093749997 0.519284496875 0.198486784375 0.519834125 0.1661907703125 0.5626923828125 0.1755103984375 0.629004978125 0.214569125 0.666343140625 0.25183560781250003 0.6588515984375001 0.2841674625 0.600209746875 0.2741548453125 0.5610435
2 0.1355674546875 0.4249892078125 0.10144335468750001 0.43880135468750003 0.086209390625 0.4747535390625 0.113212375 0.5385809 0.1447795609375 0.5386525796875 0.178975340625 0.493273246875 0.16267795937500001 0.44146578906249995 0.1355674546875 0.4249892078125
2 0 0.493064696875 0.0217248828125 0.5131192796875 0.050149684375 0.506870353125 0.0692190203125 0.45009242812499994 0.050986034375 0.4165896359375 0.02511814375 0.40895473437499996 0 0.4344308296875 0 0.493064696875
2 0.12496936875 0.3656185265625 0.112399840625 0.34033610625 0.07140550625 0.3213026125 0.029646504687500002 0.36098264687500004 0.0301961328125 0.3969706734375 0.0736757 0.43368752656250004 0.0976796625 0.4280599109375 0.12489768906250001 0.3971857125 0.12496936875 0.3656185265625
2 0 0.34792982031249997 0.02460435625 0.357183115625 0.05375798750000001 0.308004253125 0.0419531265625 0.2240083 0.0186421515625 0.202489571875 0 0.20244724062500002 0 0.34792982031249997
2 0.051344434375000005 0.2587537078125 0.06135705 0.29791995625 0.097966384375 0.30179116875 0.12207786875 0.248812771875 0.09441773437499999 0.196348165625 0.059015178125 0.217102225 0.051344434375000005 0.2587537078125
2 0.2814431328125 0.131744109375 0.25751084999999996 0.10580454218749999 0.2215228265625 0.10635417031250001 0.1962045640625 0.1347072921875 0.1973755015625 0.17511615625000002 0.23325600624999998 0.22191730625 0.271143796875 0.2188466046875 0.2888988359375 0.184794184375 0.2814431328125 0.131744109375
2 0.3271570546875 0.296629471875 0.34221181875 0.33959525 0.377578534375 0.3346247828125 0.41046001875 0.3119709578125 0.403625625 0.2633417203125 0.3563465265625 0.23166701562499997 0.3271570546875 0.296629471875
2 0.385583865625 0.42366288281250003 0.352809903125 0.39896593125 0.30038113593750004 0.4108424734375 0.2807263328125 0.447415965625 0.291981565625 0.49542389375000007 0.3253768359375 0.5245416859375001 0.3632646265625 0.5214709828124999 0.3968390984375 0.4716708109375 0.385583865625 0.42366288281250003
2 0.397866675 0.575214046875 0.4211776484375 0.5967327765625 0.4451816125 0.591105159375 0.46300833125 0.5254855546874999 0.41635054218749995 0.4982316875 0.3948318125 0.5215426625 0.397866675 0.575214046875
2 0.61962545625 0.2284767671875 0.6007711609374999 0.1905531359375 0.555977296875 0.1765617875 0.5179461453124999 0.24276686249999999 0.5229166125 0.27813357656250004 0.56639618125 0.3148504328125 0.5948209828125 0.30860150625 0.622039009375 0.277727309375 0.61962545625 0.2284767671875
2 0.49354794062499996 0.4220139984375 0.470236965625 0.40049526875 0.434248940625 0.40104489687499995 0.404509840625 0.43001932812500004 0.4076163828125 0.4521235265625 0.4422542703125 0.49008299843750003 0.47696383906250006 0.49647528281250003 0.496582803125 0.47568538125000004 0.49354794062499996 0.4220139984375
2 0.46335470624999997 0.09490770937500001 0.4412146671875 0.11379784374999999 0.43602915937500003 0.173132684375 0.47567335625 0.23067527812500002 0.5122826890625001 0.23454649062500002 0.545928840625 0.1531791328125 0.49934273124999995 0.09435808125 0.46335470624999997 0.09490770937500001
2 0.641466746875 0.06311345625 0.6156705390625 0.023911368750000002 0.5790612046875 0.02004015625 0.5347452875 0.07360402031249999 0.53971575625 0.1089707375 0.58381663125 0.15010843125 0.6172835828125 0.14765903593750002 0.6432589921874999 0.10794315937500001 0.641466746875 0.06311345625
2 0.46684525 0 0.4635697453125 0.0002061515625 0.48176689375 0.0494925359375 0.5328813625000001 0.060341500000000006 0.549274190625 0 0.46684525 0
2 0.9003368640625 0.3332864328125 0.87260505 0.3123890109375 0.8188261453125 0.3627746515625 0.8401656750000001 0.4183816421875 0.878017625 0.43109453125 0.9033000453125 0.4185250015625 0.9097281703125001 0.368031840625 0.9003368640625 0.3332864328125
2 0.8193040937499999 0.4303298625 0.815647921875 0.3722376390625 0.7765175156249999 0.36646666250000004 0.7719891546875 0.41443874999999997 0.7953001296875 0.4359574796875 0.8193040937499999 0.4303298625
2 0.8537865953124999 0.2586817875 0.8248121625 0.22894268750000002 0.7976658171875 0.22824969843749998 0.7805679265625 0.2509393640625 0.7867810125 0.2951477609375 0.8151341343749999 0.3204660203125 0.839138096875 0.3148384046875 0.8581357546874999 0.289627665625 0.8537865953124999 0.2586817875
2 0.8712882171875 0 0.8676225546874999 0.0042803781249999995 0.872593021875 0.03964709375 0.897110775 0.0857910953125 0.9330987984375 0.0852414671875 0.9444973921875001 0.070115021875 0.93464336875 0 0.8712882171875 0
2 0.77234755625 0.256602821875 0.743994434375 0.231284559375 0.721890234375 0.23439110312500003 0.6921511359375 0.263365534375 0.6945646890625 0.3126160796875 0.7241604296874999 0.34677601875 0.762669528125 0.34812615625 0.78484540625 0.313452428125 0.77234755625 0.256602821875
2 0.11484375 0.07890625 0.121875 0.075
2 0.44140625 0.259375 0.1 0.11875
2 0.075 0.8875 0.071875 0.1671875
2 0.67890625 0.46328125 0.1765625 0.215625