1 0.7484375 0.06796875 0.14375 0.1359375
1 0.646875 0.19765625 0.16875 0.1921875
1 0.76171875 0.19375 0.15625 0.1734375
1 0.76796875 0.3125 0.1328125 0.1421875
1 0.65703125 0.321875 0.1375 0.1578125
1 0.88359375 0.26953125 0.1484375 0.1765625
1 0.76171875 0.471875 0.13125 0.1625
1 0.8734375 0.646875 0.1203125 0.153125
1 0.7515625 0.68984375 0.1671875 0.1796875
1 0.88046875 0.83046875 0.1546875 0.140625
1 0.56328125 0.7078125 0.1453125 0.1625
1 0.07421875 0.4296875 0.1484375 0.165625
1 0.31484375 0.91328125 0.15625 0.1671875
1 0.12421875 0.84140625 0.1 0.1578125