0 0.5890625 0.81953125 0.09140625 0.1078125
0 0.50234375 0.97734375 0.0828125 0.0453125
0 0.30703125 0.57265625 0.10390625 0.12578125
0 0.203125 0.5953125 0.0875 0.11328125
0 0.28515625 0.2828125 0.08515625 0.10546875
0 0.3765625 0.08046875 0.125 0.1609375
0 0.28125 0.05625 0.096875 0.11171875
0 0.04921875 0.07578125 0.0859375 0.1515625
0 0.69453125 0.1890625 0.10546875 0.11015625
0 0.82109375 0.15390625 0.1171875 0.1765625
0 0.72109375 0.2390625 0.09453125 0.09609375
0 0.846875 0.9734375 0.11875 0.053125