2 0.6830357140625 0.9040178578125 0.7276785718750001 0.9352678578125 0.7678571421875 0.8950892859374999 0.7566964281249999 0.7901785718750001 0.6830357140625 0.8325892859374999 0.6830357140625 0.9040178578125
2 0.6339285718750001 0.6316964281249999 0.6339285718750001 0.6897321421875 0.6584821421875 0.7276785718750001 0.7008928578125 0.7299107140625 0.7276785718750001 0.6897321421875 0.7276785718750001 0.6272321421875 0.671875 0.59375 0.6339285718750001 0.6316964281249999
2 0.3415178578125 0.6651785718750001 0.29017857187499996 0.6986607140625 0.27232142812500004 0.7522321421875 0.30580357187499996 0.8214285718750001 0.3571428578125 0.8191964281249999 0.39732142812500004 0.7834821421875 0.40178571406249997 0.7254464281249999 0.3883928578125 0.6941964281249999 0.3415178578125 0.6651785718750001
2 0.3147321421875 0.8303571421875 0.2946428578125 0.859375 0.2946428578125 0.9084821421875 0.328125 0.9419642859374999 0.3616071421875 0.9397321421875 0.39732142812500004 0.8995535718750001 0.3928571421875 0.8415178578125 0.3772321421875 0.8258928578125 0.3147321421875 0.8303571421875
2 0.37053571406249997 0.9977678578125 0.3415178578125 0.9508928578125 0.3102678578125 0.9508928578125 0.27678571406249997 0.9977678578125 0.37053571406249997 0.9977678578125
2 0.20982142812500001 0.8995535718750001 0.19196428593749998 0.9575892859374999 0.2165178578125 1 0.27232142812500004 0.9977678578125 0.29017857187499996 0.9084821421875 0.28125 0.8727678578125 0.25669642812500004 0.8660714281249999 0.20982142812500001 0.8995535718750001
2 0.1897321421875 0.7366071421875 0.15625 0.7700892859375 0.16071428593749998 0.859375 0.2053571421875 0.8861607140625001 0.27232142812500004 0.8370535718750001 0.2678571421875 0.7700892859375 0.2299107140625 0.7366071421875 0.1897321421875 0.7366071421875
2 0.462053571875 0.3883928578125 0.41964285781250005 0.44866071406249997 0.428571428125 0.5200892859375 0.462053571875 0.5535714281249999 0.5133928578125 0.5602678578125 0.5491071421875 0.5066964281249999 0.5491071421875 0.444196428125 0.515625 0.3928571421875 0.462053571875 0.3883928578125
2 0.5357142859375 0.390625 0.5580357140625 0.453125 0.59375 0.462053571875 0.6160714281249999 0.43526785781250005 0.6205357140625 0.38169642812500004 0.578125 0.34375 0.5357142859375 0.390625
2 0.47321428593750003 0.265625 0.46875 0.31919642812500004 0.48883928593750003 0.35267857187499996 0.53125 0.359375 0.5669642859375 0.29241071406249997 0.5535714281249999 0.2477678578125 0.5111607140625 0.22767857187499999 0.47321428593750003 0.265625
2 0.7053571421875 0.421875 0.7008928578125 0.475446428125 0.7165178578125 0.5 0.75 0.5022321421875 0.7857142859375 0.462053571875 0.7723214281249999 0.41741071406249997 0.734375 0.39732142812500004 0.7053571421875 0.421875
2 0.6540178578125 0.1741071421875 0.6205357140625 0.203125 0.6116071421875 0.2522321421875 0.640625 0.30803571406249997 0.6741071421875 0.30580357187499996 0.7098214281249999 0.27455357187499996 0.7142857140625 0.2209821421875 0.6986607140625 0.18303571406250002 0.6540178578125 0.1741071421875
2 0.8236607140625001 0.25446428593750003 0.78125 0.296875 0.78125 0.3415178578125 0.8102678578125 0.3883928578125 0.8482142859374999 0.390625 0.875 0.359375 0.8794642859374999 0.3102678578125 0.8705357140625001 0.2834821421875 0.8236607140625001 0.25446428593750003
2 0.09375 0.046875 0.147321428125 0.0736607140625 0.18303571406250002 0.0424107140625 0.1875 0.006696428124999999 0.0915178578125 0 0.09375 0.046875
2 0.5535714281249999 0.037946428125 0.5736607140625 0 0.49553571406249997 0.0022321421875000002 0.5200892859375 0.0357142859375 0.5535714281249999 0.037946428125
2 0.97109375 0.92109375 0.0578125 0.1578125
2 0.01484375 0.74609375 0.0296875 0.14375
2 1 0.7120535718750001 0.9709821421875 0.6830357140625 0.9308035718750001 0.6830357140625 0.8973214281249999 0.7075892859375 0.8928571421875 0.7745535718750001 0.921875 0.8125 0.9553571421875 0.8102678578125 1 0.7611607140625 1 0.7120535718750001
2 0.8828125 0.1875 0.12109375 0.17578125
2 0.31484375 0.14765625 0.11796875 0.2046875
2 0.94140625 0.6015625 0.1171875 0.196875