2 0.7367300984375 0.8761496453125 0.67571010625 0.8926570640625 0.655442675 0.9324341390625 0.6640704562499999 0.9794184874999999 0.6949166359375 0.9926302078125 0.7370235703125 0.9689912984375001 0.7572910046875 0.9292142218749999 0.7367300984375 0.8761496453125
2 0.7901735703125 0.8056779468749999 0.7876260187499999 0.7467604765625 0.7479247203125 0.716510884375 0.7028913390625 0.7311431171875 0.65845454375 0.7986883687499999 0.65905113125 0.8516013875 0.68982153125 0.87479526875 0.7497902625 0.8652677843750001 0.7901735703125 0.8056779468749999
2 0.6418617015625 0.8804208250000001 0.6332339218749999 0.8334364765625001 0.5975103296875 0.8052136296875 0.5605081421875 0.8139171890625001 0.5161471265625 0.8714802828125 0.522748165625 0.9224423375 0.575433846875 0.9517922265625 0.6155140390625 0.932131025 0.6418617015625 0.8804208250000001
2 0.544003509375 1 0.5552421921875 0.9815871453125 0.554494046875 0.9486384421875 0.522748165625 0.9224423375 0.4957281359375 0.9312216781249999 0.463376021875 0.9848828421875 0.4648239671875 1 0.544003509375 1
2 0.44874870156249996 1 0.467581065625 0.9569631093750001 0.448895346875 0.9198851421875001 0.39988425625 0.9324906328125 0.365581178125 0.9801473453125 0.3961410671875 1 0.44874870156249996 1
2 0.2921830328125 0.9176971984375 0.2948821421875 0.95665035 0.3495945671875 0.9820225312499999 0.4000358140625 0.9125263140625 0.3655150421875 0.857359215625 0.312450465625 0.8779201203125 0.2921830328125 0.9176971984375
2 0.2987275796875 0.7131008343749999 0.2617253921875 0.7218043953125 0.23545350781250002 0.7635324359375 0.2419787671875 0.82447665 0.2628427875 0.8376125906249999 0.3291190859375 0.7862055078125 0.3264957546875 0.7372701953125 0.2987275796875 0.7131008343749999
2 0.6184597734375 0.675597125 0.5795066203125 0.6782962343750001 0.5593907453125 0.69810899375 0.54918125 0.727979690625 0.56891823125 0.7580777249999999 0.618904803125 0.7484744609375 0.635194528125 0.706670640625 0.6184597734375 0.675597125
2 0.07823002968750001 0.565679025 0.0271921953125 0.582262221875 0.0009203109375000001 0.6239902640625 0.005570384375 0.6689478671875 0.038367528125 0.6881640390625 0.0783719421875 0.6784849953125 0.1067463484375 0.6227970875 0.07823002968750001 0.565679025
2 0.1815181578125 0.372798090625 0.1465427125 0.3775239453125 0.1082619265625 0.4231539140625 0.1108852578125 0.47208922500000006 0.14766010937500001 0.4933321421875 0.1898428234375 0.459711071875 0.2003554359375 0.389911740625 0.1815181578125 0.372798090625
2 0.293424425 0.3596717921875 0.22850250625 0.364170309375 0.200203878125 0.409876059375 0.20455083593749998 0.494762296875 0.23539701562499998 0.5079740171875 0.3014459765625 0.486513409375 0.335824834375 0.42887453750000004 0.293424425 0.3596717921875
2 0.3359375 0.2921875 0.19375 0.2046875
2 0.6546875 0.04765625 0.1125 0.0921875
2 0.5859375 0.0140625 0.084375 0.028125