2 0.7388392859375 0.8392857140625001 0.7098214281249999 0.8816964281249999 0.71875 0.9397321421875 0.7611607140625 0.9866071421875 0.7946428578125 0.984375 0.8214285718750001 0.9575892859374999 0.8258928578125 0.8727678578125 0.7924107140625 0.8392857140625001 0.7388392859375 0.8392857140625001
2 0.6071428578125 0.9174107140625001 0.6071428578125 0.9575892859374999 0.6227678578125 0.9866071421875 0.6607142859375 0.9933035718750001 0.6875 0.9441964281249999 0.6540178578125 0.8973214281249999 0.6316964281249999 0.8928571421875 0.6071428578125 0.9174107140625001
2 0.6004464281249999 0.7053571421875 0.5625 0.734375 0.5535714281249999 0.7924107140625 0.5825892859375 0.8303571421875 0.6205357140625 0.8325892859374999 0.65625 0.796875 0.65625 0.7477678578125 0.6272321421875 0.7098214281249999 0.6004464281249999 0.7053571421875
2 0.5200892859375 0.5714285718750001 0.48660714218749995 0.6004464281249999 0.477678571875 0.6540178578125 0.5200892859375 0.6964285718750001 0.5446428578125 0.6986607140625 0.5848214281249999 0.6763392859375 0.5848214281249999 0.6138392859375 0.5513392859375 0.5714285718750001 0.5200892859375 0.5714285718750001
2 0.6183035718750001 0.5357142859375 0.5803571421875 0.5870535718750001 0.6026785718750001 0.6495535718750001 0.6428571421875 0.6584821421875 0.6785714281249999 0.6227678578125 0.6785714281249999 0.5736607140625 0.6584821421875 0.5446428578125 0.6183035718750001 0.5357142859375
2 0.6808035718750001 0.6294642859375 0.6473214281249999 0.671875 0.65625 0.734375 0.6919642859375 0.7388392859375 0.7366071421875 0.6986607140625 0.7321428578125 0.6450892859375 0.7075892859375 0.625 0.6808035718750001 0.6294642859375
2 0.7165178578125 0.7232142859375 0.6830357140625 0.7745535718750001 0.6919642859375 0.828125 0.7232142859375 0.8459821421875 0.78125 0.8102678578125 0.78125 0.7522321421875 0.7566964281249999 0.71875 0.7165178578125 0.7232142859375
2 0.8236607140625001 0.7455357140625 0.7991071421875 0.7745535718750001 0.7946428578125 0.8191964281249999 0.84375 0.8727678578125 0.875 0.828125 0.8794642859374999 0.7879464281249999 0.8549107140625001 0.75 0.8236607140625001 0.7455357140625
2 0.8772321421875 0.8482142859374999 0.84375 0.8772321421875 0.8392857140625001 0.9308035718750001 0.8883928578125 0.9665178578125 0.9241071421875 0.9397321421875 0.9241071421875 0.890625 0.8995535718750001 0.8526785718750001 0.8772321421875 0.8482142859374999
2 0.5290178578125 0.8660714281249999 0.5044642859375 0.8861607140625001 0.5 0.953125 0.5334821421875 0.9866071421875 0.5580357140625 0.984375 0.5848214281249999 0.953125 0.5848214281249999 0.8995535718750001 0.5558035718750001 0.8660714281249999 0.5290178578125 0.8660714281249999
2 0.33928571406249997 0.9352678578125 0.33928571406249997 0.9977678578125 0.44196428593750003 0.9977678578125 0.44196428593750003 0.921875 0.40848214218749995 0.8928571421875 0.36830357187499996 0.8973214281249999 0.33928571406249997 0.9352678578125
2 0.196428571875 0.9977678578125 0.25 0.9977678578125 0.2455357140625 0.9352678578125 0.203125 0.9285714281249999 0.1875 0.9665178578125 0.196428571875 0.9977678578125
2 0.040178571875 0.9888392859374999 0.125 0.9977678578125 0.12946428593749998 0.9129464281249999 0.0915178578125 0.8839285718750001 0.0491071421875 0.9397321421875 0.040178571875 0.9888392859374999
2 0 0.9263392859374999 0.040178571875 0.9308035718750001 0.0625 0.9040178578125 0.0625 0.8727678578125 0.0111607140625 0.84375 0 0.9263392859374999
2 0.060267857812500006 0.7410714281249999 0.0267857140625 0.7924107140625 0.040178571875 0.8415178578125 0.0758928578125 0.8638392859374999 0.11160714218750001 0.8191964281249999 0.11160714218750001 0.7700892859375 0.087053571875 0.7366071421875 0.060267857812500006 0.7410714281249999
2 0.16741071406250002 0.8035714281249999 0.1383928578125 0.8370535718750001 0.133928571875 0.8950892859374999 0.18303571406250002 0.9308035718750001 0.2053571421875 0.9174107140625001 0.2232142859375 0.8549107140625001 0.2075892859375 0.8169642859374999 0.16741071406250002 0.8035714281249999
2 0 0.5379464281249999 0.040178571875 0.5513392859375 0.071428571875 0.5200892859375 0.071428571875 0.484375 0.0580357140625 0.444196428125 0.0200892859375 0.428571428125 0 0.444196428125 0 0.5379464281249999
2 0.13616071406250002 0.24107142812500001 0.11160714218750001 0.27008928593750003 0.10714285781249999 0.3147321421875 0.1272321421875 0.34375 0.165178571875 0.3459821421875 0.18303571406250002 0.32366071406249997 0.18303571406250002 0.27455357187499996 0.1584821421875 0.24107142812500001 0.13616071406250002 0.24107142812500001
2 0.1540178578125 0.15625 0.1383928578125 0.194196428125 0.15625 0.234375 0.2008928578125 0.25669642812500004 0.24107142812500001 0.2209821421875 0.24107142812500001 0.1540178578125 0.22544642812500001 0.1383928578125 0.1540178578125 0.15625
2 0.2790178578125 0.1428571421875 0.25 0.171875 0.2455357140625 0.2209821421875 0.265625 0.25446428593750003 0.2991071421875 0.25669642812500004 0.3258928578125 0.2299107140625 0.3303571421875 0.17633928593749998 0.30133928593750003 0.1428571421875 0.2790178578125 0.1428571421875
2 0.180803571875 0.022321428125 0.133928571875 0.0513392859375 0.1383928578125 0.12276785781249999 0.15625 0.14508928593749998 0.2209821421875 0.12946428593749998 0.24107142812500001 0.0915178578125 0.2366071421875 0.060267857812500006 0.180803571875 0.022321428125
2 0.053571428125 0.14508928593749998 0.087053571875 0.165178571875 0.125 0.162946428125 0.133928571875 0.0736607140625 0.10491071406250001 0.0491071421875 0.0625 0.069196428125 0.053571428125 0.14508928593749998
2 0.0044642859375000005 0.1897321421875 0.0491071421875 0.14508928593749998 0.0357142859375 0.0736607140625 0.006696428124999999 0.040178571875 0.0044642859375000005 0.1897321421875
2 0.22767857187499999 0.037946428125 0.2678571421875 0.0647321421875 0.29017857187499996 0.0513392859375 0.30803571406249997 0.0022321421875000002 0.22544642812500001 0 0.22767857187499999 0.037946428125
2 0.0334821421875 0.053571428125 0.071428571875 0.060267857812500006 0.0982142859375 0.046875 0.109375 0 0.008928571875000001 0.0022321421875000002 0.0334821421875 0.053571428125
2 0.6383928578125 0.055803571875 0.6830357140625 0.087053571875 0.7142857140625 0.055803571875 0.7142857140625 0.0111607140625 0.6450892859375 0 0.6383928578125 0.055803571875
2 0.796875 0.39732142812500004 0.7611607140625 0.41071428593750003 0.7410714281249999 0.453125 0.75 0.515625 0.7901785718750001 0.5290178578125 0.8214285718750001 0.515625 0.8348214281249999 0.46651785781250005 0.8258928578125 0.421875 0.796875 0.39732142812500004
2 0.8392857140625001 0.390625 0.8638392859374999 0.44196428593750003 0.8973214281249999 0.43973214218749995 0.9241071421875 0.36830357187499996 0.8727678578125 0.32142857187499996 0.8392857140625001 0.359375 0.8392857140625001 0.390625
2 0.9285714281249999 0.0825892859375 0.9575892859374999 0.12946428593749998 0.9955357140625001 0.13616071406250002 1 0.006696428124999999 0.9709821421875 0.0044642859375000005 0.9419642859374999 0.024553571875 0.9285714281249999 0.0825892859375
2 0.5390625 0.30859375 0.19609375 0.17421875