2 0.290625 0.20703125 0.1140625 0.146875
2 0.21875 0.31171875 0.1015625 0.1421875
2 0.08984375 0.0796875 0.071875 0.10625
2 0.4046875 0.15859375 0.115625 0.146875
2 0.5875 0.1109375 0.1171875 0.1390625
2 0.6015625 0.43828125 0.1328125 0.15625
2 0.6875 0.57578125 0.1234375 0.196875
2 0.53984375 0.79921875 0.128125 0.1671875
2 0.13515625 0.72265625 0.0984375 0.1375
2 0.05 0.6734375 0.1 0.128125
2 0.03046875 0.7828125 0.0609375 0.1125
2 0.6234375 0.87890625 0.1203125 0.1484375
2 0.85703125 0.959375 0.1015625 0.08125
2 0.378125 0.0109375 0.0875 0.021875