0 0.115625 0.27421875 0.1640625 0.175
0 0.2125 0.20234375 0.1671875 0.1703125
0 0.11015625 0.49375 0.096875 0.1046875
0 0.06953125 0.596875 0.1390625 0.196875
0 0.24921875 0.45546875 0.1078125 0.1265625
0 0.50390625 0.12734375 0.078125 0.0828125
0 0.6171875 0.22890625 0.0859375 0.09375
0 0.65546875 0.31328125 0.078125 0.0859375
0 0.3546875 0.7265625 0.078125 0.0875
0 0.4859375 0.74140625 0.234375 0.2578125
0 0.41953125 0.95234375 0.0921875 0.0953125
0 0.34921875 0.9671875 0.0953125 0.065625
0 0.24296875 0.9734375 0.1203125 0.053125
0 0.31171875 0.978125 0.1359375 0.04375
0 0.6640625 0.89375 0.134375 0.14375
0 0.71328125 0.790625 0.1125 0.115625
0 0.684375 0.671875 0.153125 0.165625
0 0.83203125 0.60859375 0.1859375 0.2046875
0 0.8703125 0.52109375 0.0796875 0.0890625
0 0.9015625 0.725 0.0921875 0.096875
0 0.97734375 0.67265625 0.0453125 0.1203125
0 0.9625 0.57421875 0.075 0.1328125
0 0.96171875 0.43828125 0.0765625 0.0828125
0 0.80703125 0.40546875 0.0875 0.090625
0 0.8765625 0.4 0.1578125 0.175