2 0.43984375 0.76640625 0.1046875 0.1453125
2 0.296875 0.95703125 0.134375 0.0859375
2 0.05625 0.6984375 0.1015625 0.13125
2 0.259375 0.5296875 0.1078125 0.14375
2 0.13046875 0.41640625 0.1203125 0.140625
2 0.21640625 0.11875 0.121875 0.1515625
2 0.41875 0.16484375 0.121875 0.15625
2 0.53828125 0.15078125 0.084375 0.1078125
2 0.4671875 0.0328125 0.11875 0.065625
2 0.40859375 0.425 0.13125 0.1921875
2 0.5296875 0.428125 0.1640625 0.228125
2 0.42265625 0.5796875 0.1015625 0.146875
2 0.5015625 0.60234375 0.109375 0.140625
2 0.5578125 0.69296875 0.1203125 0.13125
2 0.59375 0.57734375 0.0984375 0.11875
2 0.6453125 0.46328125 0.125 0.1578125
2 0.69140625 0.35625 0.0984375 0.121875
2 0.875 0.6546875 0.0984375 0.10625
2 0.85546875 0.78046875 0.1375 0.184375
2 0.98515625 0.70078125 0.0296875 0.1671875
2 0.9828125 0.9328125 0.034375 0.1
2 0.08125 0.86796875 0.13125 0.175
2 0.60546875 0.90078125 0.1546875 0.196875