0 0.70859375 0.82734375 0.08515625 0.1578125
0 0.83359375 0.87421875 0.11328125 0.1625
0 0.88828125 0.671875 0.084375 0.11328125
0 0.8015625 0.565625 0.1078125 0.13125
0 0.71875 0.63125 0.096875 0.14921875
0 0.25390625 0.77578125 0.15 0.14296875
0 0.2265625 0.6328125 0.128125 0.1890625
0 0.0828125 0.91328125 0.16484375 0.16484375
0 0.04140625 0.39921875 0.0828125 0.19453125
0 0.12109375 0.36328125 0.1 0.11484375
0 0.153125 0.2203125 0.15078125 0.1671875
0 0.26640625 0.1484375 0.10859375 0.1578125
0 0.3625 0.11484375 0.07578125 0.08515625
0 0.41484375 0.3015625 0.140625 0.14296875