2 0.7745535718750001 0.8973214281249999 0.7589285718750001 0.9129464281249999 0.7633928578125 0.9799107140625001 0.8035714281249999 0.9933035718750001 0.8303571421875 0.9709821421875 0.8303571421875 0.9263392859374999 0.8102678578125 0.9017857140625001 0.7745535718750001 0.8973214281249999
2 0.7477678578125 0.7589285718750001 0.7232142859375 0.7834821421875 0.7142857140625 0.8415178578125 0.7477678578125 0.8794642859374999 0.7857142859375 0.8861607140625001 0.8169642859374999 0.8504464281249999 0.8169642859374999 0.8013392859374999 0.8013392859374999 0.7767857140625 0.7477678578125 0.7589285718750001
2 0.8102678578125 0.6116071421875 0.7633928578125 0.6629464281249999 0.7589285718750001 0.7165178578125 0.8102678578125 0.7678571421875 0.8303571421875 0.765625 0.8660714281249999 0.7433035718750001 0.875 0.6808035718750001 0.8571428578125 0.6361607140625 0.8102678578125 0.6116071421875
2 0.9441964281249999 0.5803571421875 0.8883928578125 0.6361607140625 0.8973214281249999 0.6986607140625 0.9375 0.7254464281249999 0.9732142859374999 0.7075892859375 0.9955357140625001 0.6450892859375 0.9821428578125 0.6004464281249999 0.9441964281249999 0.5803571421875
2 0.9419642859374999 0.8236607140625001 0.9709821421875 0.8616071421875 0.9955357140625001 0.859375 1 0.7299107140625 0.9665178578125 0.7276785718750001 0.9419642859374999 0.7522321421875 0.9419642859374999 0.8236607140625001
2 0.6852678578125 0.5133928578125 0.65625 0.5379464281249999 0.6428571421875 0.6227678578125 0.6674107140625 0.65625 0.7053571421875 0.6629464281249999 0.7455357140625 0.6361607140625 0.7544642859375 0.5915178578125 0.7410714281249999 0.546875 0.6852678578125 0.5133928578125
2 0.5669642859375 0.515625 0.5625 0.5647321421875 0.5825892859375 0.59375 0.6205357140625 0.5959821421875 0.6517857140625 0.5245535718750001 0.6272321421875 0.491071428125 0.6004464281249999 0.48660714218749995 0.5669642859375 0.515625
2 0.8102678578125 0.3571428578125 0.7678571421875 0.390625 0.7678571421875 0.444196428125 0.8013392859374999 0.491071428125 0.84375 0.493303571875 0.8705357140625001 0.462053571875 0.875 0.40848214218749995 0.8459821421875 0.3616071421875 0.8102678578125 0.3571428578125
2 0.9441964281249999 0.2366071421875 0.90625 0.265625 0.8928571421875 0.32366071406249997 0.9174107140625001 0.375 0.9553571421875 0.3772321421875 0.9955357140625001 0.3459821421875 1 0.2790178578125 0.9709821421875 0.24107142812500001 0.9441964281249999 0.2366071421875
2 0.475446428125 0.5669642859375 0.42410714218749995 0.6004464281249999 0.41964285781250005 0.640625 0.453125 0.6964285718750001 0.48214285781250005 0.6986607140625 0.5223214281249999 0.6763392859375 0.53125 0.609375 0.5022321421875 0.5714285718750001 0.475446428125 0.5669642859375
2 0.5066964281249999 0.6875 0.459821428125 0.7254464281249999 0.45089285781250005 0.7879464281249999 0.47991071406249997 0.8258928578125 0.5267857140625 0.828125 0.5625 0.7879464281249999 0.5669642859375 0.7254464281249999 0.5379464281249999 0.6875 0.5066964281249999 0.6875
2 0.3571428578125 0.8683035718750001 0.34821428593750003 0.9174107140625001 0.3616071421875 0.9486607140625001 0.3883928578125 0.9575892859374999 0.415178571875 0.9352678578125 0.41964285781250005 0.9040178578125 0.3772321421875 0.8526785718750001 0.3571428578125 0.8683035718750001
2 0.2678571421875 0.9933035718750001 0.3571428578125 0.9977678578125 0.34375 0.9129464281249999 0.29241071406249997 0.8928571421875 0.2633928578125 0.9441964281249999 0.2678571421875 0.9933035718750001
2 0.234375 0.9598214281249999 0.1875 0.9977678578125 0.2633928578125 0.9977678578125 0.234375 0.9598214281249999
2 0.0982142859375 0.9933035718750001 0.178571428125 0.9977678578125 0.1741071421875 0.9352678578125 0.12276785781249999 0.9196428578125 0.0982142859375 0.953125 0.0982142859375 0.9933035718750001
2 0.0736607140625 0.7455357140625 0.03125 0.7834821421875 0.03125 0.8325892859374999 0.0513392859375 0.8705357140625001 0.09375 0.8816964281249999 0.125 0.8549107140625001 0.133928571875 0.8102678578125 0.116071428125 0.7611607140625 0.0736607140625 0.7455357140625
2 0.060267857812500006 0.53125 0.0267857140625 0.5647321421875 0.022321428125 0.5959821421875 0.0513392859375 0.6428571421875 0.0892857140625 0.6495535718750001 0.11160714218750001 0.6272321421875 0.116071428125 0.5825892859375 0.0915178578125 0.5401785718750001 0.060267857812500006 0.53125
2 0.27008928593750003 0.25446428593750003 0.2321428578125 0.29241071406249997 0.2321428578125 0.33258928593750003 0.26116071406249997 0.38392857187499996 0.2946428578125 0.38169642812500004 0.32142857187499996 0.35044642812500004 0.3258928578125 0.30580357187499996 0.30580357187499996 0.2633928578125 0.27008928593750003 0.25446428593750003
2 0.02421875 0.2 0.04765625 0.1734375