2 0.9018229609375 0.8317642624999999 0.91453348125 0.8603125593750001 0.9838650546875 0.829444153125 0.9584440140625 0.7723475625 0.9378146062500001 0.764428675 0.9128978875 0.78529585 0.9018229609375 0.8317642624999999
2 0.7798623015625 0.7883292640625 0.7419972953125 0.7636503140625 0.7197898671875 0.768650928125 0.69874249375 0.8146725921875 0.7259793218749999 0.8758475109375 0.7583969625 0.8882914765625 0.8021273015625001 0.8712648609375 0.8039143031249999 0.8313750843750001 0.7798623015625 0.7883292640625
2 0.7248843234375 0.588015659375 0.7770378703125 0.6283234015625 0.7951669703124999 0.6251385765624999 0.8123737828125 0.5979305328125 0.7964784359375 0.5512531359375 0.7237242671875 0.5469946125 0.7248843234375 0.588015659375
2 0.795945328125 0.4293212640625 0.770999825 0.40622033437500005 0.7104806390625 0.39651444375 0.6894332671875001 0.44253610625000006 0.7026193234375 0.5050800625 0.74230011875 0.533837340625 0.791924571875 0.5190732640625 0.811393925 0.4859711046875 0.795945328125 0.4293212640625
2 0.8238666765625 0.49752156875000003 0.80508184375 0.5376491140625 0.821423940625 0.574354065625 0.851579040625 0.59269215 0.8830743953125 0.5811128984375 0.898912171875 0.5398540828125 0.8843858625 0.5072274593749999 0.8238666765625 0.49752156875000003
2 0.7611713078125 0.6256141109375 0.7251220890625001 0.605013490625 0.690679678125 0.6154614703125 0.6841298296875 0.6501416515625 0.704103503125 0.6950032578124999 0.7460468375 0.71786641875 0.771648075 0.7040246296875 0.7811449828125 0.6704757203125 0.7611713078125 0.6256141109375
2 0.54680693125 0.6819611296875 0.50304780625 0.6550196390624999 0.46860539687499997 0.6654676203125 0.4502673125 0.695622721875 0.47342581250000004 0.7586134296875 0.5153691484375 0.7814765921875 0.5450487125000001 0.7658190125 0.5627022765625 0.728638525 0.54680693125 0.6819611296875
2 0.5929875874999999 1 0.60047344375 0.9561601734374999 0.58049976875 0.911298565625 0.5544229953124999 0.8911446953125 0.5281372390625 0.8979610984375 0.49711742187499997 0.9435360109375001 0.51482855625 0.9942917343750001 0.5241000812500001 1 0.5929875874999999 1
2 0.44339333906249995 0.5814007546875 0.3955558859375 0.5562750546874999 0.35295681874999996 0.5703546109375 0.34732925625 0.629058009375 0.3754595859375 0.6702880375 0.41195555468749995 0.6809162171875001 0.46202675937500004 0.65617969375 0.46970787812500003 0.61855245625 0.44339333906249995 0.5814007546875
2 0.3228017171875 0.552016528125 0.36337601406250003 0.5608289171874999 0.401212234375 0.5415397625 0.384841353125 0.4608667046875 0.3188748015625 0.4389258296875 0.30235250625 0.47315926093750005 0.3228017171875 0.552016528125
2 0.2239707734375 0.52760413125 0.26183578125 0.5522830828124999 0.29333113593750004 0.54070383125 0.2946426015625 0.46681839218750004 0.23275437812500002 0.443061728125 0.2103379671875 0.47503261874999997 0.2239707734375 0.52760413125
2 0.181465546875 0.3388409921875 0.160864925 0.37489021093749997 0.17494448125 0.417489278125 0.21870360625 0.4444307671875 0.24430484375 0.43058897656250006 0.255617540625 0.40111839531250004 0.2379064046875 0.3503626703125 0.181465546875 0.3388409921875
2 0 0.37578515625 0.0008590624999999999 0.3777146421875 0.035092492187500005 0.39423693593750003 0.052537075 0.3840267234375 0.0701906390625 0.3468462359375 0.041584770312500005 0.27162054375 0 0.2659540984375 0 0.37578515625
2 0.055029896875 0.7298774531250001 0.0986088234375 0.8277573234375 0.159336990625 0.8104929390625 0.1751747671875 0.7692341234375 0.1574636328125 0.7184784 0.10781039218749999 0.6892743718750001 0.0815246359375 0.6960907749999999 0.055029896875 0.7298774531250001
2 0.4415562484375 0.19860730625 0.41553704375 0.2663896453125 0.4273540640625 0.31488282968750003 0.5051088484374999 0.341348784375 0.5325258749999999 0.3315853203125 0.5397602421875 0.303930528125 0.52023331875 0.24909647656249997 0.4415562484375 0.19860730625
2 0.8523574015625 0.3968748375 0.8219933171875 0.40550702968749996 0.8118118890625 0.432030553125 0.8317855640625 0.4768921609375 0.8852793640625001 0.4872825703125 0.8965920609375001 0.4578119890625 0.8843282921875 0.41929124843750004 0.8523574015625 0.3968748375
2 0.757309446875 0.2657126109375 0.7874645484375 0.28405069374999997 0.810803246875 0.2761030203125 0.8130369999999999 0.22624079687499998 0.781066109375 0.2038243875 0.7547803531249999 0.210640790625 0.757309446875 0.2657126109375
2 0.9104701203125 0.192634315625 0.872338559375 0.1069894296875 0.8349490890625001 0.116306140625 0.8197958328125001 0.1645903421875 0.8343221406250001 0.197216965625 0.8740029359375001 0.22597424375 0.905498290625 0.21439499374999998 0.9104701203125 0.192634315625
2 0.74979355625 0.9018954984375 0.7432437078125 0.9365756796875001 0.8166536093750001 0.903891484375 0.7742635250000001 0.8910007671875 0.74979355625 0.9018954984375
2 0.803125 0.06015625 0.128125 0.1203125