2 0.7078125 0.15390625 0.128125 0.1625
2 0.88828125 0.234375 0.128125 0.153125
2 0.7828125 0.30234375 0.1 0.121875
2 0.7140625 0.35078125 0.1265625 0.1484375
2 0.98203125 0.73046875 0.0359375 0.1421875
2 0.75625 0.696875 0.13125 0.153125
2 0.68671875 0.5953125 0.125 0.140625
2 0.54296875 0.54921875 0.153125 0.175
2 0.584375 0.675 0.1203125 0.1375
2 0.51015625 0.69296875 0.115625 0.1390625
2 0.571875 0.83125 0.19375 0.2390625
2 0.5125 0.9234375 0.125 0.153125
2 0.340625 0.45546875 0.146875 0.171875
2 0.36015625 0.32578125 0.109375 0.134375
2 0.478125 0.08046875 0.1234375 0.1359375
2 0.41875 0.03515625 0.103125 0.0703125
2 0.40703125 0.175 0.11875 0.1234375
2 0.3171875 0.1609375 0.140625 0.1609375
2 0.2703125 0.07734375 0.1109375 0.084375
2 0.23671875 0.1828125 0.11875 0.1453125
2 0.2703125 0.50078125 0.103125 0.15625
2 0.21015625 0.5390625 0.1171875 0.121875
2 0.240625 0.62578125 0.1390625 0.1375
2 0.11640625 0.1265625 0.1140625 0.0875
2 0.01640625 0.41796875 0.0328125 0.1421875
2 0.2703125 0.784375 0.2375 0.284375
2 0.05703125 0.2546875 0.1140625 0.2375
2 0.67265625 0.72734375 0.19375 0.246875
2 0.82421875 0.02890625 0.1140625 0.0578125