2 0.328125 0.15625 0.34821428593750003 0.14508928593749998 0.3571428578125 0.0736607140625 0.3415178578125 0.0491071421875 0.2991071421875 0.0424107140625 0.27232142812500004 0.060267857812500006 0.2633928578125 0.109375 0.28794642812500004 0.147321428125 0.328125 0.15625
2 0.2477678578125 0.2232142859375 0.27455357187499996 0.2232142859375 0.2991071421875 0.16741071406250002 0.25446428593750003 0.13616071406250002 0.22767857187499999 0.1897321421875 0.2477678578125 0.2232142859375
2 0.359375 0.3125 0.3928571421875 0.27008928593750003 0.3928571421875 0.234375 0.3727678578125 0.196428571875 0.3303571421875 0.1852678578125 0.2946428578125 0.2388392859375 0.2991071421875 0.2834821421875 0.328125 0.3125 0.359375 0.3125
2 0.2633928578125 0.29241071406249997 0.234375 0.25446428593750003 0.2053571421875 0.25669642812500004 0.178571428125 0.32366071406249997 0.203125 0.3616071421875 0.234375 0.36607142812500004 0.2633928578125 0.33258928593750003 0.2633928578125 0.29241071406249997
2 0.0491071421875 0.19866071406250002 0.022321428125 0.265625 0.069196428125 0.30357142812500004 0.102678571875 0.2790178578125 0.10714285781249999 0.234375 0.078125 0.196428571875 0.0491071421875 0.19866071406250002
2 0.5267857140625 0.024553571875 0.5111607140625 0 0.4375 0.0022321421875000002 0.428571428125 0.0825892859375 0.453125 0.116071428125 0.48883928593750003 0.12053571406250001 0.5267857140625 0.0736607140625 0.5267857140625 0.024553571875
2 0.6227678578125 0.053571428125 0.6495535718750001 0.0491071421875 0.6785714281249999 0.0111607140625 0.5848214281249999 0.0022321421875000002 0.5892857140625 0.0290178578125 0.6227678578125 0.053571428125
2 0.6785714281249999 0.0022321421875000002 0.7165178578125 0.0446428578125 0.7522321421875 0.0357142859375 0.7767857140625 0.006696428124999999 0.6785714281249999 0.0022321421875000002
2 0.875 0.0022321421875000002 0.875 0.0825892859375 0.9129464281249999 0.11160714218750001 0.953125 0.0982142859375 0.96875 0.0736607140625 0.9598214281249999 0.006696428124999999 0.875 0.0022321421875000002
2 0.8772321421875 0.3258928578125 0.9308035718750001 0.30357142812500004 0.9464285718750001 0.27455357187499996 0.9375 0.2209821421875 0.8928571421875 0.203125 0.8660714281249999 0.2209821421875 0.8482142859374999 0.27008928593750003 0.8482142859374999 0.296875 0.8772321421875 0.3258928578125
2 0.7834821421875 0.3258928578125 0.8169642859374999 0.2834821421875 0.8169642859374999 0.2522321421875 0.7924107140625 0.2142857140625 0.7678571421875 0.2075892859375 0.7366071421875 0.2299107140625 0.7276785718750001 0.28794642812500004 0.7477678578125 0.32142857187499996 0.7834821421875 0.3258928578125
2 0.9910714281249999 0.38616071406249997 0.9821428578125 0.3415178578125 0.9375 0.3102678578125 0.8883928578125 0.35491071406249997 0.8928571421875 0.41741071406249997 0.921875 0.446428571875 0.9575892859374999 0.44196428593750003 0.9910714281249999 0.38616071406249997
2 0.8928571421875 0.475446428125 0.8839285718750001 0.40848214218749995 0.8571428578125 0.39508928593750003 0.8169642859374999 0.444196428125 0.8169642859374999 0.484375 0.8370535718750001 0.5089285718750001 0.8772321421875 0.5 0.8928571421875 0.475446428125
2 0.7991071421875 0.5066964281249999 0.7790178578125 0.47321428593750003 0.7455357140625 0.47098214218749995 0.7098214281249999 0.5066964281249999 0.7053571421875 0.546875 0.7790178578125 0.5848214281249999 0.7991071421875 0.5602678578125 0.7991071421875 0.5066964281249999
2 0.671875 0.5044642859375 0.6964285718750001 0.47098214218749995 0.6964285718750001 0.43526785781250005 0.6674107140625 0.39732142812500004 0.6383928578125 0.39955357187499996 0.6116071421875 0.42633928593750003 0.6116071421875 0.47098214218749995 0.6272321421875 0.49553571406249997 0.671875 0.5044642859375
2 0.5424107140625 0.49553571406249997 0.5758928578125 0.462053571875 0.5758928578125 0.39508928593750003 0.5513392859375 0.34821428593750003 0.5223214281249999 0.3459821421875 0.48660714218749995 0.3772321421875 0.477678571875 0.44866071406249997 0.5022321421875 0.48660714218749995 0.5424107140625 0.49553571406249997
2 0.444196428125 0.5892857140625 0.48660714218749995 0.5334821421875 0.48660714218749995 0.475446428125 0.453125 0.43303571406249997 0.41964285781250005 0.430803571875 0.3928571421875 0.44866071406249997 0.37946428593750003 0.5334821421875 0.421875 0.5848214281249999 0.444196428125 0.5892857140625
2 0.35491071406249997 0.5133928578125 0.37946428593750003 0.484375 0.3883928578125 0.42633928593750003 0.35491071406249997 0.37053571406249997 0.3258928578125 0.3727678578125 0.2946428578125 0.40401785781250005 0.2946428578125 0.462053571875 0.32366071406249997 0.5089285718750001 0.35491071406249997 0.5133928578125
2 0.34821428593750003 0.5424107140625 0.3102678578125 0.5 0.28571428593750003 0.5022321421875 0.25892857187499996 0.578125 0.28794642812500004 0.6205357140625 0.3102678578125 0.625 0.34375 0.5915178578125 0.34821428593750003 0.5424107140625
2 0.0647321421875 0.78125 0.102678571875 0.7566964281249999 0.116071428125 0.6941964281249999 0.0915178578125 0.65625 0.0446428578125 0.6450892859375 0.008928571875000001 0.6763392859375 0.0044642859375000005 0.7075892859375 0.022321428125 0.7566964281249999 0.0647321421875 0.78125
2 0.6450892859375 0.6517857140625 0.6830357140625 0.6049107140625 0.6875 0.5513392859375 0.6629464281249999 0.5089285718750001 0.625 0.5066964281249999 0.59375 0.5424107140625 0.5892857140625 0.6183035718750001 0.6138392859375 0.6517857140625 0.6450892859375 0.6517857140625
2 0.7276785718750001 0.8102678578125 0.7232142859375 0.765625 0.6741071421875 0.7388392859375 0.6517857140625 0.765625 0.65625 0.8058035718750001 0.6808035718750001 0.8303571421875 0.7075892859375 0.8303571421875 0.7276785718750001 0.8102678578125
2 0.6272321421875 0.8348214281249999 0.6517857140625 0.796875 0.6428571421875 0.7522321421875 0.6138392859375 0.7276785718750001 0.5892857140625 0.7299107140625 0.5714285718750001 0.7477678578125 0.5714285718750001 0.8013392859374999 0.5915178578125 0.8303571421875 0.6272321421875 0.8348214281249999
2 0.7522321421875 0.75 0.7901785718750001 0.7209821421875 0.8035714281249999 0.6495535718750001 0.7700892859375 0.59375 0.7142857140625 0.5825892859375 0.6651785718750001 0.6450892859375 0.6651785718750001 0.6986607140625 0.703125 0.7455357140625 0.7522321421875 0.75
2 0.8035714281249999 0.7433035718750001 0.7767857140625 0.7745535718750001 0.7723214281249999 0.828125 0.8102678578125 0.8705357140625001 0.8392857140625001 0.8415178578125 0.8526785718750001 0.7611607140625 0.8035714281249999 0.7433035718750001
2 0.8035714281249999 0.9933035718750001 0.890625 1 0.8839285718750001 0.9486607140625001 0.8392857140625001 0.921875 0.8080357140625001 0.9575892859374999 0.8035714281249999 0.9933035718750001
2 1 0.7299107140625 0.9464285718750001 0.7165178578125 0.9241071421875 0.7299107140625 0.9107142859374999 0.7834821421875 0.9285714281249999 0.8325892859374999 0.9709821421875 0.8526785718750001 1 0.8370535718750001 1 0.7299107140625
2 0 0.0022321421875000002 0.0022321421875000002 0.071428571875 0.022321428125 0.046875 0.022321428125 0.006696428124999999 0 0.0022321421875000002