2 0.3578125 0.925 0.134375 0.13125
2 0.57890625 0.81484375 0.1671875 0.190625
2 0.67890625 0.75625 0.1421875 0.1640625
2 0.82265625 0.64140625 0.1484375 0.1625
2 0.9578125 0.50625 0.084375 0.14375
2 0.91875 0.4 0.1625 0.190625
2 0.6953125 0.565625 0.153125 0.178125
2 0.60546875 0.66015625 0.1265625 0.15625
2 0.6125 0.51328125 0.1421875 0.1640625
2 0.8578125 0.215625 0.1609375 0.18125
2 0.83359375 0.12734375 0.134375 0.115625
2 0.290625 0.6609375 0.1609375 0.171875
2 0.3109375 0.51171875 0.1796875 0.2078125
2 0.20390625 0.57109375 0.16875 0.2125
2 0.18828125 0.8671875 0.1359375 0.1359375
2 0.11484375 0.3875 0.1578125 0.171875
2 0.0578125 0.30859375 0.06875 0.103125
2 0.171875 0.16796875 0.203125 0.225
2 0.328125 0.11875 0.21875 0.2078125
2 0.7734375 0.8 0.2 0.2484375
2 0.07734375 0.59140625 0.1359375 0.1515625