0 0.68203125 0.853125 0.184375 0.1984375
0 0.7921875 0.9234375 0.121875 0.1265625
0 0.7296875 0.65859375 0.0875 0.09375
0 0.89375 0.66796875 0.0953125 0.09375
0 0.96171875 0.57890625 0.0765625 0.1265625
0 0.96484375 0.50078125 0.0703125 0.1265625
0 0.6921875 0.28828125 0.09375 0.09375
0 0.42265625 0.76953125 0.1046875 0.10625
0 0.359375 0.959375 0.0859375 0.08125
0 0.14921875 0.7421875 0.071875 0.078125
0 0.08203125 0.6640625 0.078125 0.0828125
0 0.36796875 0.37890625 0.1484375 0.1578125
0 0.2796875 0.22421875 0.084375 0.090625
0 0.44609375 0.11171875 0.121875 0.1328125
0 0.01875 0.44453125 0.0375 0.0984375