2 0.8727678578125 0.5580357140625 0.84375 0.5959821421875 0.84375 0.640625 0.8638392859374999 0.6696428578125 0.8883928578125 0.671875 0.9196428578125 0.640625 0.9241071421875 0.5959821421875 0.8950892859374999 0.5580357140625 0.8727678578125 0.5580357140625
2 1 0.493303571875 0.9620535718750001 0.48214285781250005 0.9196428578125 0.5290178578125 0.9196428578125 0.578125 0.9441964281249999 0.6116071421875 0.9776785718750001 0.6227678578125 1 0.609375 1 0.493303571875
2 1 0.32366071406249997 0.9709821421875 0.2366071421875 0.9375 0.2522321421875 0.8883928578125 0.3772321421875 0.9017857140625001 0.44866071406249997 0.9508928578125 0.462053571875 1 0.41741071406249997 1 0.32366071406249997
2 0.7924107140625 0.47321428593750003 0.7589285718750001 0.5066964281249999 0.7544642859375 0.5513392859375 0.7834821421875 0.59375 0.8080357140625001 0.5915178578125 0.84375 0.5691964281249999 0.8526785718750001 0.5200892859375 0.828125 0.477678571875 0.7924107140625 0.47321428593750003
2 0.6986607140625 0.084821428125 0.6696428578125 0.12276785781249999 0.6696428578125 0.194196428125 0.6941964281249999 0.22767857187499999 0.7276785718750001 0.2299107140625 0.78125 0.203125 0.7991071421875 0.10491071406250001 0.7790178578125 0.0803571421875 0.6986607140625 0.084821428125
2 0.5111607140625 0.32142857187499996 0.45089285781250005 0.38169642812500004 0.45089285781250005 0.444196428125 0.48883928593750003 0.48214285781250005 0.5223214281249999 0.484375 0.5625 0.453125 0.5714285718750001 0.38616071406249997 0.5446428578125 0.33705357187499996 0.5111607140625 0.32142857187499996
2 0.5535714281249999 0.5691964281249999 0.5535714281249999 0.6138392859375 0.578125 0.6473214281249999 0.6026785718750001 0.6450892859375 0.625 0.6183035718750001 0.6294642859375 0.5691964281249999 0.578125 0.5401785718750001 0.5535714281249999 0.5691964281249999
2 0.6629464281249999 0.5357142859375 0.6339285718750001 0.5870535718750001 0.6339285718750001 0.6450892859375 0.6696428578125 0.6584821421875 0.71875 0.5959821421875 0.71875 0.5647321421875 0.6897321421875 0.53125 0.6629464281249999 0.5357142859375
2 0.5691964281249999 0.6830357140625 0.5535714281249999 0.7209821421875 0.5580357140625 0.7745535718750001 0.6071428578125 0.8058035718750001 0.6517857140625 0.765625 0.6517857140625 0.7120535718750001 0.6227678578125 0.6651785718750001 0.5691964281249999 0.6830357140625
2 0.46651785781250005 0.7991071421875 0.428571428125 0.828125 0.41964285781250005 0.8772321421875 0.44866071406249997 0.9285714281249999 0.48214285781250005 0.9308035718750001 0.5223214281249999 0.890625 0.5223214281249999 0.8415178578125 0.493303571875 0.7991071421875 0.46651785781250005 0.7991071421875
2 0.328125 0.7098214281249999 0.28571428593750003 0.7522321421875 0.2991071421875 0.8191964281249999 0.3571428578125 0.859375 0.415178571875 0.8102678578125 0.41071428593750003 0.7299107140625 0.38616071406249997 0.6964285718750001 0.328125 0.7098214281249999
2 0.3459821421875 0.5848214281249999 0.3102678578125 0.5892857140625 0.27678571406249997 0.6227678578125 0.28125 0.6808035718750001 0.3258928578125 0.7075892859375 0.359375 0.6919642859375 0.37946428593750003 0.6540178578125 0.37946428593750003 0.6227678578125 0.3459821421875 0.5848214281249999
2 0.2388392859375 0.6696428578125 0.19196428593749998 0.6852678578125 0.1696428578125 0.765625 0.178571428125 0.796875 0.2232142859375 0.8191964281249999 0.26116071406249997 0.8035714281249999 0.28125 0.7700892859375 0.28125 0.7165178578125 0.2388392859375 0.6696428578125
2 0.100446428125 0.6294642859375 0.0625 0.671875 0.0580357140625 0.7522321421875 0.10491071406250001 0.7946428578125 0.1383928578125 0.7924107140625 0.1696428578125 0.7522321421875 0.1741071421875 0.6763392859375 0.140625 0.6339285718750001 0.100446428125 0.6294642859375
2 0.16071428593749998 0.6183035718750001 0.2142857140625 0.6450892859375 0.25 0.5870535718750001 0.194196428125 0.5357142859375 0.16071428593749998 0.578125 0.16071428593749998 0.6183035718750001
2 0.2299107140625 0.45089285781250005 0.2053571421875 0.493303571875 0.2142857140625 0.5379464281249999 0.25446428593750003 0.5602678578125 0.2946428578125 0.5245535718750001 0.2946428578125 0.47098214218749995 0.265625 0.44196428593750003 0.2299107140625 0.45089285781250005
2 0.1540178578125 0.40625 0.12053571406250001 0.475446428125 0.149553571875 0.5133928578125 0.178571428125 0.5111607140625 0.2053571421875 0.47991071406249997 0.2053571421875 0.444196428125 0.180803571875 0.41071428593750003 0.1540178578125 0.40625
2 0 0.6450892859375 0.0133928578125 0.6450892859375 0.0357142859375 0.6227678578125 0.040178571875 0.5736607140625 0.0022321421875000002 0.5223214281249999 0 0.6450892859375
2 0 0.42633928593750003 0.0178571421875 0.42633928593750003 0.053571428125 0.36830357187499996 0.040178571875 0.328125 0.0022321421875000002 0.30357142812500004 0 0.42633928593750003
2 0.171875 0.25446428593750003 0.12946428593749998 0.2834821421875 0.12053571406250001 0.31919642812500004 0.149553571875 0.36607142812500004 0.19196428593749998 0.3772321421875 0.22767857187499999 0.3415178578125 0.22767857187499999 0.30133928593750003 0.21205357187499999 0.27232142812500004 0.171875 0.25446428593750003
2 0.055803571875 0.1741071421875 0.0267857140625 0.2075892859375 0.0267857140625 0.2477678578125 0.0513392859375 0.28125 0.084821428125 0.29241071406249997 0.116071428125 0.2790178578125 0.125 0.2209821421875 0.100446428125 0.18303571406250002 0.055803571875 0.1741071421875
2 0.03125 0.14508928593749998 0.0022321421875000002 0.071428571875 0.008928571875000001 0.203125 0.03125 0.14508928593749998
2 0.0334821421875 0 0.0133928578125 0.055803571875 0.0357142859375 0.13616071406250002 0.0513392859375 0.16071428593749998 0.0892857140625 0.1584821421875 0.116071428125 0.12276785781249999 0.12946428593749998 0.024553571875 0.11383928593749999 0 0.0334821421875 0
2 0.1852678578125 0.0267857140625 0.1383928578125 0.046875 0.116071428125 0.13616071406250002 0.12053571406250001 0.162946428125 0.165178571875 0.1897321421875 0.21205357187499999 0.1741071421875 0.2321428578125 0.14508928593749998 0.21875 0.055803571875 0.1852678578125 0.0267857140625
2 0.27008928593750003 0.022321428125 0.24330357187499999 0.03125 0.2232142859375 0.069196428125 0.2366071421875 0.131696428125 0.28125 0.149553571875 0.3125 0.118303571875 0.31696428593750003 0.0825892859375 0.30357142812500004 0.046875 0.27008928593750003 0.022321428125
2 0.27455357187499996 0.30803571406249997 0.25 0.33705357187499996 0.2455357140625 0.38169642812500004 0.265625 0.415178571875 0.2991071421875 0.421875 0.3258928578125 0.39955357187499996 0.33482142812500004 0.35044642812500004 0.3147321421875 0.3125 0.27455357187499996 0.30803571406249997
2 0.940625 0.89296875 0.11875 0.2140625
2 0.6921875 0.046875 0.0984375 0.09375