2 0.3056877328125 0.8809775984374999 0.2782283203125 0.85048083125 0.26039565 0.8495462609375 0.22473978749999998 0.8901465343750001 0.222637003125 0.9302700406250001 0.2477505109375 0.9628790703125001 0.2859954 0.9581777812500001 0.30734218750000003 0.9347092515625001 0.3056877328125 0.8809775984374999
2 0.3971969875 0.8835381890624999 0.3364276203125 0.8915294328125001 0.31133306875 0.9438592296874999 0.3134548109375 0.9886745484375 0.40707632968749996 0.9935810437500001 0.4141045671875 0.9447748421875 0.3971969875 0.8835381890624999
2 0.39036448125 0.7580085703125 0.34132463749999997 0.7554385 0.305201490625 0.8049551062500001 0.30356599218749997 0.8361622796875 0.3329040234375 0.8734631187499999 0.39648658281250004 0.854443278125 0.40515031874999996 0.77442990625 0.39036448125 0.7580085703125
2 0.49291181249999994 0.8058517640625 0.4609942328125 0.7751213546875 0.42509525000000004 0.77771038125 0.40351481875 0.805637078125 0.42582461406250005 0.8917441171875 0.4729858375 0.887510115625 0.49503355468750004 0.8506670812499999 0.49291181249999994 0.8058517640625
2 0.4614236046875 0.5963273671875 0.409336928125 0.6092440625 0.40114047812500003 0.6803411015624999 0.413580409375 0.6988746984375 0.4729384453125 0.6751630484375 0.48043396562499996 0.6174405125 0.4614236046875 0.5963273671875
2 0.4842006859375 0.6735180703125 0.44877846562499996 0.7096601765624999 0.44667568125 0.7497836828125 0.476714640625 0.7737100203125 0.5182400046875 0.7490637984374999 0.529016003125 0.67139633125 0.4842006859375 0.6735180703125
2 0.3950278546875 0.6263758046875 0.36334391875 0.591187228125 0.3290899125 0.6050384953125 0.31384626875 0.6400029078125 0.31666893749999997 0.6714437234374999 0.3509324203125 0.70006186875 0.37556916406249996 0.69911781875 0.39245778593749997 0.6754156484375 0.3950278546875 0.6263758046875
2 0.3053782609375 0.5456804609375 0.282610659375 0.51095916875 0.2377953421875 0.513080909375 0.216448553125 0.5365494390625 0.21317755468750002 0.5989637859375 0.2385247046875 0.627114646875 0.271844140625 0.63109605 0.30257455 0.5991784703125 0.3053782609375 0.5456804609375
2 0 0.8002622640625001 0.026215553125000002 0.7970396921875 0.0674977953125 0.7343822249999999 0.0618524578125 0.67150059375 0.0123358515625 0.635377446875 0 0.636097409375 0 0.8002622640625001
2 0.17164271250000002 0.58114059375 0.132696896875 0.5992163859375 0.13082775625 0.6348817265625 0.15640854843750002 0.65857441875 0.1765871234375 0.6573967265625 0.1937093875 0.6292363875 0.17164271250000002 0.58114059375
2 0.280946725 0.4147581015625 0.253253671875 0.38871950312500003 0.2173546890625 0.39130852968749996 0.1856897078125 0.4410587796875 0.19696142656249999 0.481883215625 0.22277586249999998 0.5011177421874999 0.251870771875 0.5004073359375 0.283302109375 0.45511525312499995 0.280946725 0.4147581015625
2 0.12350900468749999 0.43332961406250003 0.10496592812500001 0.4033001328125 0.0735251125 0.40612280156249997 0.051944679687499995 0.4340495 0.0535991359375 0.487781153125 0.0707308796875 0.5020902265625 0.0998257890625 0.50137981875 0.1214062203125 0.4734531234375 0.12350900468749999 0.43332961406250003
2 0.10892837500000001 0.28504187187499996 0.086394415625 0.2458624109375 0.0239895484375 0.2850608296875 0.028466671875 0.370233296875 0.06647791875 0.369990175 0.1065919484375 0.329623546875 0.10892837500000001 0.28504187187499996
2 0 0.5410603187499999 0.0294391578125 0.5222782796875001 0.027551059375 0.4730047953125 0.008540696875 0.45189164843749996 0 0.519641665625 0 0.5410603187499999
2 0.7202214875 0.5629510609375 0.671172165625 0.517911578125 0.6183845609375 0.544202775 0.58883184375 0.59629893125 0.586261775 0.645338775 0.6280397390625 0.7011732109375 0.6888091078125 0.69318196875 0.7303249921875 0.626066334375 0.7202214875 0.5629510609375
2 0.5927942921875 0.47804066875 0.5658116421875 0.48109698125 0.5346139484375 0.5219308953125 0.5613819109375 0.608271578125 0.61392639375 0.5439691328125 0.6120382953125 0.49469564843749997 0.5927942921875 0.47804066875
2 0.9086232593749999 0.5080038 0.8687333953125 0.50144285 0.828385721875 0.546267646875 0.8427137531250001 0.6140747296875 0.877678165625 0.629318375 0.919203528125 0.604672153125 0.9299890062499999 0.569474096875 0.9086232593749999 0.5080038
2 0.8006357968750001 0.26541256875 0.7619236234375 0.27903019218749997 0.7405863140625 0.344968134375 0.7999633046875 0.40619531093749994 0.8377314281249999 0.36794094374999997 0.8442923796875 0.328051078125 0.8006357968750001 0.26541256875
2 0.7743256421875 0.1276861375 0.7470998718749999 0.092731203125 0.724809034375 0.0915629890625 0.6980695078125 0.1326305484375 0.69995760625 0.1819040328125 0.7210802296875001 0.205363084375 0.7548669515624999 0.200428153125 0.776681025 0.1680432890625 0.7743256421875 0.1276861375
2 0.7311268640625 0.013661878124999999 0.729491365625 0.0448690515625 0.7628202796875 0.09131986875 0.8078692406249999 0.08473995937499999 0.822636121875 0.0162224703125 0.7311268640625 0.013661878124999999
2 0.6375053453125 0.0087553828125 0.5462297328125 0.0017366249999999999 0.5417810421875 0.0439723953125 0.56290366875 0.0674314453125 0.60537308125 0.0674219671875 0.6311780375 0.044187079687500005 0.6375053453125 0.0087553828125
2 1 0.089627175 0.9976918265625001 0.087982521875 0.9521850578125 0.1459481796875 0.9547740843750001 0.1818471609375 0.97636399375 0.196389878125 1 0.18483393125 1 0.089627175
2 0.45234375 0.221875 0.1078125 0.1546875
2 0.96328125 0.42265625 0.0734375 0.1921875