2 0.4232955890625 0.5008489515625001 0.3842895375 0.46860746718749996 0.316075103125 0.508791140625 0.33606763906250003 0.577943571875 0.3718214765625 0.6039202546875 0.417770184375 0.594382728125 0.4367836984375 0.5574717812500001 0.4232955890625 0.5008489515625001
2 0.31655435625 0.54035476875 0.254803321875 0.507195803125 0.21605741093750003 0.5336722546875 0.20749890468749999 0.5937869250000001 0.2634643921875 0.661761734375 0.3050037765625 0.6529225750000001 0.33515015625 0.6006885546875 0.31655435625 0.54035476875
2 0.08958378125000001 0.5627435765625 0.0570821578125 0.5430316937499999 0.0197329828125 0.5783267890625 0.0165012828125 0.614998109375 0.0557469609375 0.6630214078125001 0.080347421875 0.66138504375 0.1060844765625 0.6098493921875 0.08958378125000001 0.5627435765625
2 0.6272610421875 0.41882472656249997 0.578737975 0.38357065625 0.535343115625 0.3949636609375 0.5051967359375 0.44719768125000003 0.5200815796875 0.5126391578125 0.5630382125 0.5555547640625 0.6126978750000001 0.540909546875 0.6421458859375 0.48426620312499996 0.6272610421875 0.41882472656249997
2 0.6937020515625 0.5529393812500001 0.66491138125 0.52811980625 0.6296368 0.5337067515625 0.6113216515625 0.575027021875 0.6183053328125 0.61912025 0.6554559078125 0.6539155796875 0.6888750124999999 0.6508824796875 0.708586896875 0.6183808578125001 0.6937020515625 0.5529393812500001
2 0.732071275 0.7095799031250001 0.7039789734374999 0.6891696515625 0.6656918015625 0.7042736109375001 0.639954746875 0.7558092624999999 0.6608647640624999 0.8022167093749999 0.6857048515625 0.8163621624999999 0.714714634375 0.8140274296875001 0.744861015625 0.761793409375 0.732071275 0.7095799031250001
2 0.8031407203125 0.8158418812500001 0.7611220828125 0.7931174109375 0.711941675 0.8393262578125 0.724731415625 0.891539765625 0.7655929453125 0.9212274046875001 0.7976153140625 0.909375659375 0.8189430484375 0.858538375 0.8031407203125 0.8158418812500001
2 0.8675826624999999 0.6519575375 0.7977113515625 0.62460463125 0.7603621765625 0.6598997265625 0.7452992421875 0.7074847984375 0.7557747640625 0.7736246421875 0.8149719546874999 0.8049281296874999 0.8701980484374999 0.7826213765625 0.88919105 0.7027743078124999 0.8675826624999999 0.6519575375
2 1 0.8483670062499999 0.973029725 0.818313675 0.9451770500000001 0.8136852375 0.91153883125 0.8438726437499999 0.894860046875 0.9097933734374999 0.90856726875 0.9392618984375 1 0.9247803765624999 1 0.8483670062499999
2 1 0.8586392281249999 0.973029725 0.818313675 0.9326474499999999 0.820189665625 0.8957775281250001 0.887048390625 0.90856726875 0.9392618984375 1 0.9260615203125001 1 0.8586392281249999
2 0.8496442046875 0.5101608343749999 0.8178409484375001 0.4948582765625 0.792781746875 0.5078671296875 0.7744666015624999 0.5491874 0.7858596046875 0.5925822609375 0.81069969375 0.6067277125 0.8471313859375 0.5941775984375 0.86684326875 0.561675975 0.8496442046875 0.5101608343749999
2 0.920789175 0.2887156671875 0.8964488562499999 0.3490699640625 0.9020358015625 0.3843445484375 0.9582204031250001 0.4251650515625 0.9934949859375 0.41957810625 0.96348566875 0.2729133390625 0.920789175 0.2887156671875
2 0.9362698234375 0.143885865625 0.9023714640625 0.1153553359375 0.8677952484375 0.125351603125 0.8443724093749999 0.16296091875000002 0.85716215 0.21517442656250002 0.9017346343750001 0.2397543734375 0.9256367265625001 0.2337086859375 0.946964459375 0.182871403125 0.9362698234375 0.143885865625
2 0.7775450875 0 0.8278306890625 0.029982862500000002 0.8624069046875 0.01998659375 0.8614784109375 0 0.7775450875 0
2 0.550352846875 0 0.5599985859375 0.022684029687500003 0.60317433125 0.0384453328125 0.6502182828125 0 0.550352846875 0
2 0.4203175 0.0967865765625 0.389472753125 0.1446112734375 0.422912371875 0.18451429531250002 0.4512237859375 0.177770240625 0.46072028749999994 0.13784670625 0.4203175 0.0967865765625
2 0.3609217109375 0.135573515625 0.315890484375 0.122366059375 0.279938046875 0.1664798015625 0.30062895156249997 0.24004155468750002 0.3298783609375 0.2534886375 0.37117811875 0.228867665625 0.3781207734375 0.187088653125 0.3609217109375 0.135573515625
2 0.4526615484375 0.2724611265625 0.39907181875000003 0.3193683421875 0.45154546562500003 0.3652965359375 0.4884359 0.34137393125000004 0.48145221875 0.29728070156249997 0.4526615484375 0.2724611265625
2 0.06640625 0.13828125 0.1328125 0.1671875
2 0.2890625 0.7890625 0.1640625 0.2625
2 0.33203125 0.3890625 0.165625 0.203125
2 0.11015625 0.94140625 0.1078125 0.1171875
2 0.771875 0.1734375 0.2390625 0.278125