2 0.5716341093749999 0.5999017578125 0.595648465625 0.6381917031250001 0.656055184375 0.6195647734375 0.6708760546875 0.577217915625 0.6557607562500001 0.5356889765624999 0.6244722859375 0.5235618203125 0.5824089625 0.555668209375 0.5716341093749999 0.5999017578125
2 0.698587528125 0.34877606875 0.71694181875 0.399204065625 0.75308333125 0.406205540625 0.7892139499999999 0.37625847968750004 0.803489540625 0.3139541765625 0.7864875546875 0.2764712546875 0.7592451 0.2662307859375 0.7190684640625 0.294291159375 0.698587528125 0.34877606875
2 0.6405909890625 0.3094173515625 0.67916446875 0.3323302546875 0.7263425796874999 0.26812837031250003 0.7147280203124999 0.208528675 0.6707671125 0.20773254375 0.6284420421875 0.2668087484375 0.6405909890625 0.3094173515625
2 0.6117671671875 0.42404723437499997 0.6524890828125 0.41594430625 0.6627186546875 0.351753315625 0.6414089078125 0.3393535203125 0.6071649781249999 0.3652545640625 0.6117671671875 0.42404723437499997
2 1 0.1959777484375 0.9763341328124999 0.20737275 0.9477611625 0.2580842828125 0.9782535031249999 0.3141723453125 1 0.3035616390625 1 0.1959777484375
2 0.9312935625 0.20361026718750003 0.9701287859375001 0.1995533578125 0.9895409531249999 0.1790506328125 0.90052858125 0.13754348125 0.9089041484375 0.18824412031249999 0.9312935625 0.20361026718750003
2 0.8193682859375 0.2006765984375 0.8517364203125 0.2157701078125 0.880320284375 0.20200711249999997 0.8964825640624999 0.13565679218749999 0.8279729171874999 0.113561809375 0.81099271875 0.1499759609375 0.8193682859375 0.2006765984375
2 0.793456346875 0.12948413125 0.83174629375 0.10546977500000002 0.7632366453125 0.083374790625 0.7732262624999999 0.1200506875 0.793456346875 0.12948413125
2 0.485786878125 0 0.4865043421875 0.0060532375 0.5150990984375 0.0292387796875 0.5439556015625 0.025454509375 0.5655083390625 0 0.485786878125 0
2 0.430658609375 0 0.405594896875 0.0052680015625 0.39104666718750003 0.057593581250000005 0.414788384375 0.08590480625 0.459283675 0.06970984218750001 0.47815056250000004 0.029249675000000003 0.47270955781249996 0 0.430658609375 0
2 0.4390753796875 0.13417347500000001 0.45554298125 0.1886474875 0.4876384765625 0.1937622765625 0.5337478171875001 0.163542575 0.53749940625 0.08155346718749999 0.504324246875 0.0734723265625 0.4541688890625 0.1018053390625 0.4390753796875 0.13417347500000001
2 0.45853112031250004 0.2614648984375 0.474726084375 0.305960190625 0.5176073265625 0.3037899671875 0.5370194921875 0.28328724375 0.5521130015625 0.25091910781250004 0.5391570328124999 0.21532287499999997 0.5078685609375 0.20319571875000003 0.47551131875 0.22505074687499999 0.45853112031250004 0.2614648984375
2 0.3717216546875 0.3736846015625 0.3900759453125 0.42411260000000006 0.4604613859375 0.40521303125 0.47878299531249996 0.3447954171875 0.469873040625 0.311085871875 0.4445172765625 0.2967993875 0.3884292140625 0.32729172812499996 0.3717216546875 0.3736846015625
2 0.3485361125 0.40227935937500003 0.37522239218750003 0.355613846875 0.3679264890625 0.3078795609375 0.3085994328125 0.3294728453125 0.303495540625 0.3985168765625 0.3485361125 0.40227935937500003
2 0.2622937109375 0.6083535828125 0.2766019859375 0.6568948906250001 0.318676203125 0.6617370390625 0.35292013125 0.6358359953125 0.3752877578125 0.5773050703125 0.35801313125 0.5298434249999999 0.3307706765625 0.51960295625 0.2924807296875 0.5436173109375 0.2622937109375 0.6083535828125
2 0.81034910625 0.7112163875 0.8367954296875 0.7654177625 0.8729260484375001 0.7354707015625 0.8656301453124999 0.6877364171875 0.8855658015625 0.6132940625 0.8475376000000001 0.6103386046875 0.8111452375000001 0.66725548125 0.81034910625 0.7112163875
2 0.783608353125 0.5731392171875 0.82433026875 0.5650362890625 0.8472431734375 0.5264628078125 0.8386058593750001 0.5027319859375 0.797338665625 0.49087746875000005 0.7768468359375 0.5084138406250001 0.783608353125 0.5731392171875
2 0.1675885921875 0.46813887187500003 0.20831050625 0.46003594375 0.2128800140625 0.407983003125 0.17296512343749998 0.4090735625 0.1578716140625 0.441441696875 0.1675885921875 0.46813887187500003
2 0.0955455234375 0.35326903125000003 0.1031031734375 0.3740335015625 0.1273792734375 0.3853536328125 0.159736515625 0.36349860624999997 0.16026000468749999 0.30955897499999996 0.142996275 0.29904586875 0.11441241093750001 0.3128088625 0.0955455234375 0.35326903125000003
2 0.0376470296875 0.6464471484375001 0.051410023437499994 0.6750310125000001 0.0942912671875 0.6728607906249999 0.11370343281249999 0.6523580671875 0.12447828593750002 0.6081245187500001 0.11179495625 0.582507009375 0.065947359375 0.5857568953125 0.0465351953125 0.60625961875 0.0376470296875 0.6464471484375001
2 0.0837890546875 0.727073059375 0.10375739218749999 0.7634763171875 0.1366599125 0.761578734375 0.1560720796875 0.7410760109375001 0.1708929484375 0.6987291531250001 0.15632293125000002 0.6771576593749999 0.1172150640625 0.6712358468749999 0.088903840625 0.6949775625 0.0837890546875 0.727073059375
2 0.2329899765625 0.92471724375 0.22137541718749998 0.8651175484375001 0.177414509375 0.86432141875 0.165287353125 0.8956098890625 0.2329899765625 0.92471724375
2 0 0.8160722343750001 0.050919215625 0.8398162546875 0.0339172296875 0.8023333312500001 0.01260748125 0.7899335359374999 0 0.797302184375 0 0.8160722343750001
2 0.2234375 0.0625 0.16875 0.125
2 0.628125 0.98046875 0.178125 0.0390625