0 0.9015625 0.5390625 0.071875 0.0828125
0 0.73125 0.4109375 0.13125 0.1375
0 0.7359375 0.6578125 0.1203125 0.1390625
0 0.56328125 0.63359375 0.1625 0.1859375
0 0.434375 0.6828125 0.1359375 0.146875
0 0.38828125 0.78828125 0.103125 0.1125
0 0.2046875 0.57734375 0.0875 0.09375
0 0.1359375 0.56796875 0.0921875 0.0984375
0 0.19140625 0.4375 0.0953125 0.0953125
0 0.4484375 0.4046875 0.0796875 0.090625
0 0.61953125 0.2703125 0.1171875 0.1171875
0 0.85 0.13671875 0.08125 0.09375
0 0.6609375 0.08984375 0.08125 0.0859375
0 0.39921875 0.16796875 0.0953125 0.1203125
0 0.36640625 0.05 0.1265625 0.1
0 0.315625 0.2203125 0.153125 0.1765625
0 0.359375 0.31640625 0.14375 0.1453125
0 0.2140625 0.296875 0.1265625 0.14375
0 0.128125 0.23046875 0.140625 0.146875