2 0.6125 0.3453125 0.1484375 0.14375
2 0.603125 0.54140625 0.1421875 0.1671875
2 0.503125 0.4921875 0.10625 0.134375
2 0.51328125 0.6015625 0.0921875 0.10625
2 0.6578125 0.7375 0.1046875 0.1421875
2 0.7375 0.79375 0.1109375 0.1515625
2 0.78046875 0.7 0.1671875 0.171875
2 0.434375 0.83359375 0.128125 0.1578125
2 0.3421875 0.78515625 0.146875 0.1671875
2 0.34375 0.634375 0.15 0.175
2 0.39609375 0.353125 0.1171875 0.1453125
2 0.3 0.38828125 0.125 0.1640625
2 0.25625 0.19921875 0.1234375 0.1515625
2 0.27734375 0.09296875 0.15 0.1390625
2 0.1765625 0.0859375 0.0953125 0.0796875
2 0.06328125 0.25625 0.1265625 0.184375
2 0.01953125 0.14375 0.0390625 0.121875
2 0.20625 0.32890625 0.0984375 0.1265625
2 0.071875 0.44765625 0.1109375 0.128125
2 0.025 0.40390625 0.05 0.1296875
2 0.0921875 0.58046875 0.0953125 0.1078125
2 0.18359375 0.6625 0.1421875 0.171875
2 0.90078125 0.05703125 0.0640625 0.1140625
2 0.40859375 0.99375 0.0796875 0.0125
2 0.9453125 0.5296875 0.109375 0.234375
2 0.61484375 0.9140625 0.2328125 0.171875
2 0.5578125 0.13671875 0.190625 0.2734375