2 0.88125 0.52265625 0.2125 0.225
2 0.946875 0.5828125 0.10625 0.178125
2 0.97109375 0.4546875 0.0578125 0.146875
2 0.91640625 0.3828125 0.1671875 0.178125
2 0.81171875 0.278125 0.1703125 0.1890625
2 0.74921875 0.51953125 0.1375 0.1609375
2 0.71953125 0.43359375 0.175 0.178125
2 0.63515625 0.20859375 0.15625 0.1671875
2 0.5765625 0.3109375 0.1625 0.1609375
2 0.38359375 0.26328125 0.1734375 0.165625
2 0.35546875 0.37265625 0.178125 0.1796875
2 0.2734375 0.459375 0.1765625 0.1890625
2 0.2375 0.58046875 0.165625 0.175
2 0.18984375 0.15390625 0.15 0.1671875
2 0.2734375 0.309375 0.1390625 0.1578125
2 0.72109375 0.2421875 0.159375 0.178125
2 0.56796875 0.6578125 0.196875 0.2578125
2 0.30078125 0.81953125 0.2375 0.2578125
2 0.371875 0.13359375 0.1953125 0.1859375
2 0.93671875 0.21171875 0.1265625 0.1609375
2 0.7484375 0.96015625 0.190625 0.0796875