2 0.5111607140625 0.30357142812500004 0.48660714218749995 0.33705357187499996 0.48660714218749995 0.38169642812500004 0.5111607140625 0.42410714218749995 0.5446428578125 0.421875 0.5669642859375 0.39955357187499996 0.5714285718750001 0.3459821421875 0.5424107140625 0.30803571406249997 0.5111607140625 0.30357142812500004
2 0.6629464281249999 0.12946428593749998 0.6294642859375 0.162946428125 0.6294642859375 0.2165178578125 0.6629464281249999 0.2678571421875 0.7008928578125 0.27008928593750003 0.7455357140625 0.2299107140625 0.7410714281249999 0.180803571875 0.7120535718750001 0.12946428593749998 0.6629464281249999 0.12946428593749998
2 0.7276785718750001 0.109375 0.7276785718750001 0.149553571875 0.7566964281249999 0.19196428593749998 0.7767857140625 0.194196428125 0.8125 0.13616071406250002 0.7946428578125 0.0736607140625 0.765625 0.0625 0.7276785718750001 0.109375
2 0.6339285718750001 0.0334821421875 0.6383928578125 0.100446428125 0.6629464281249999 0.125 0.7098214281249999 0.12276785781249999 0.7410714281249999 0.0736607140625 0.7321428578125 0.0111607140625 0.6584821421875 0 0.6339285718750001 0.0334821421875
2 0.38392857187499996 0.0736607140625 0.3883928578125 0.13616071406250002 0.40401785781250005 0.165178571875 0.43303571406249997 0.16741071406250002 0.47321428593750003 0.14508928593749998 0.47321428593750003 0.087053571875 0.41741071406249997 0.0491071421875 0.38392857187499996 0.0736607140625
2 0.40178571406249997 0.265625 0.4375 0.2834821421875 0.477678571875 0.2388392859375 0.45758928593750003 0.1696428578125 0.40178571406249997 0.194196428125 0.40178571406249997 0.265625
2 0.33258928593750003 0.0580357140625 0.2946428578125 0.0959821421875 0.29017857187499996 0.14508928593749998 0.3102678578125 0.18303571406250002 0.35267857187499996 0.1897321421875 0.38392857187499996 0.162946428125 0.37946428593750003 0.087053571875 0.36383928593750003 0.0625 0.33258928593750003 0.0580357140625
2 0.35044642812500004 0.28125 0.32142857187499996 0.31919642812500004 0.3258928578125 0.38616071406249997 0.35491071406249997 0.428571428125 0.3928571421875 0.430803571875 0.42410714218749995 0.40401785781250005 0.428571428125 0.3415178578125 0.40401785781250005 0.30357142812500004 0.35044642812500004 0.28125
2 0.194196428125 0.3883928578125 0.16071428593749998 0.41741071406249997 0.15625 0.475446428125 0.1852678578125 0.5178571421875 0.2321428578125 0.515625 0.25892857187499996 0.475446428125 0.25892857187499996 0.42633928593750003 0.234375 0.3928571421875 0.194196428125 0.3883928578125
2 0.0959821421875 0.47321428593750003 0.0669642859375 0.49776785781250005 0.0625 0.5290178578125 0.0915178578125 0.5758928578125 0.116071428125 0.578125 0.147321428125 0.546875 0.147321428125 0.5111607140625 0.1272321421875 0.477678571875 0.0959821421875 0.47321428593750003
2 0.125 0.296875 0.12053571406250001 0.33705357187499996 0.13616071406250002 0.36607142812500004 0.178571428125 0.3772321421875 0.2053571421875 0.35491071406249997 0.20982142812500001 0.296875 0.16741071406250002 0.2633928578125 0.125 0.296875
2 0.0647321421875 0.27232142812500004 0.0290178578125 0.28125 0.0044642859375000005 0.32366071406249997 0.0133928578125 0.39955357187499996 0.0580357140625 0.421875 0.0915178578125 0.41071428593750003 0.116071428125 0.36830357187499996 0.102678571875 0.30133928593750003 0.0647321421875 0.27232142812500004
2 0.2209821421875 0.5491071421875 0.180803571875 0.5446428578125 0.133928571875 0.5959821421875 0.133928571875 0.6629464281249999 0.15625 0.7120535718750001 0.20982142812500001 0.7388392859375 0.25446428593750003 0.7120535718750001 0.27232142812500004 0.640625 0.2455357140625 0.5736607140625 0.2209821421875 0.5491071421875
2 0.491071428125 0.890625 0.491071428125 0.921875 0.5111607140625 0.9598214281249999 0.5625 0.9709821421875 0.5848214281249999 0.9397321421875 0.5803571421875 0.8683035718750001 0.5245535718750001 0.8482142859374999 0.491071428125 0.890625
2 0.6272321421875 0.7276785718750001 0.6026785718750001 0.7566964281249999 0.5982142859375 0.8102678578125 0.6428571421875 0.8415178578125 0.6741071421875 0.8147321421875 0.6830357140625 0.7700892859375 0.6629464281249999 0.7366071421875 0.6272321421875 0.7276785718750001
2 0.024553571875 1 0.116071428125 0.9977678578125 0.102678571875 0.9486607140625001 0.0736607140625 0.9330357140625001 0.022321428125 0.9754464281249999 0.024553571875 1
2 0.6517857140625 0.9977678578125 0.6227678578125 0.9642857140625001 0.5870535718750001 0.96875 0.5625 0.9977678578125 0.6517857140625 0.9977678578125
2 0.6540178578125 0.5803571421875 0.6116071421875 0.6227678578125 0.6160714281249999 0.703125 0.6316964281249999 0.7232142859375 0.6785714281249999 0.7254464281249999 0.7142857140625 0.6852678578125 0.71875 0.6227678578125 0.6986607140625 0.59375 0.6540178578125 0.5803571421875
2 0.88984375 0.98046875 0.0984375 0.0390625
2 0.66015625 0.40625 0.15859375 0.1578125
2 0.37421875 0.67578125 0.13046875 0.17421875
2 0.040625 0.71015625 0.08125 0.2265625
2 0.88515625 0.8359375 0.13359375 0.16953125