2 0.3240813546875 0.3341931125 0.3017943765625 0.2944943140625 0.2440543875 0.27570295 0.1856713921875 0.3416130125 0.19522100625 0.385450434375 0.2232940625 0.4068401265625 0.26150615625 0.39442426406250003 0.3240813546875 0.3341931125
2 0.2809405234375 0.25198285 0.301165009375 0.1914301953125 0.29299493593750003 0.1518385625 0.253671221875 0.12471637656250001 0.2168922546875 0.1343195734375 0.186957403125 0.1722101640625 0.20351188437499998 0.2231596203125 0.23996935000000003 0.255907134375 0.2809405234375 0.25198285
2 0.31538907968749996 0.177420459375 0.296383384375 0.26339425781250003 0.33135414218750003 0.3060128890625 0.38379030625 0.279587290625 0.3969027546875 0.22603950625000002 0.35349400625 0.179121503125 0.31538907968749996 0.177420459375
2 0.42931513125 0.41969829531249997 0.45081198906250003 0.377508334375 0.4328779671875 0.322313090625 0.3823035984375 0.2894584078125 0.3553957453125 0.3005483125 0.33830542656249996 0.3201833765625 0.3407430046875 0.371025665625 0.3883975421875 0.416564128125 0.42931513125 0.41969829531249997
2 0.40815341250000003 0.2317720015625 0.39520171406250004 0.2641444296875 0.40485849375000005 0.293864946875 0.444289375 0.30687022812500003 0.4586741984375 0.2716851359375 0.44763787656250004 0.23771883124999998 0.40815341250000003 0.2317720015625
2 0.4599465703125 0.29004782812499996 0.4427490828125 0.323799796875 0.45240586406250005 0.3535203125 0.4847247109375 0.3735304640625 0.510574525 0.315844059375 0.4924261671875 0.28888262343750004 0.4599465703125 0.29004782812499996
2 0.6050398984375 0.3320906765625 0.5713415125 0.3078347375 0.5472999093750001 0.3132993140625 0.5187445984375 0.35543569218750004 0.5394377 0.4191225125 0.600097521875 0.42523009375000004 0.6215943796875 0.3830401328125 0.6050398984375 0.3320906765625
2 0.3390419609375 0.40913059062499996 0.3260902625 0.44150301875000003 0.33574704375 0.471223534375 0.3836695 0.4814697375 0.3911566234375 0.4250557046875 0.3574582375 0.40079976406249995 0.3390419609375 0.40913059062499996
2 0.20507848437499998 0.5747026843749999 0.17838496718750002 0.5575587796875 0.140226459375 0.5629161890625001 0.11994838906250001 0.6305272953125 0.15353960625000002 0.6689001390625 0.1931312375 0.6607300656249999 0.2118690171875 0.610048528125 0.20507848437499998 0.5747026843749999
2 0.40680017968750004 0.5959988468749999 0.42394408281249996 0.5693053296875 0.41726071718749996 0.51984258125 0.3864285796875 0.4899613125 0.3454038234375 0.50094405 0.329585878125 0.5389418078125 0.33786311874999997 0.5644165359375 0.37994591093749996 0.6000302984375 0.40680017968750004 0.5959988468749999
2 0.22145857656249998 0.834593040625 0.25442042656249997 0.769901765625 0.24211173281249998 0.71757276875 0.1844253265625 0.6917229546875 0.1660090515625 0.7000537796875 0.128854996875 0.759066140625 0.1426503984375 0.8015240218749999 0.184733190625 0.8371377859375 0.22145857656249998 0.834593040625
2 0.51605275 1 0.5055376500000001 0.9793385562499999 0.4645664765625 0.9832628421875 0.459119403125 1 0.51605275 1
2 0.6600870609375 0.8915701874999999 0.6263886750000001 0.8673142484374999 0.5896097078125 0.87691744375 0.5694388046875 0.9304116468749999 0.5916186140625 0.98422735 0.6693687546875 0.9706998671875 0.6767487109375 0.9284027390625 0.6600870609375 0.8915701874999999
2 0.67824905625 0.7307660796875 0.6764408453125 0.782987909375 0.7002681140625 0.805757140625 0.7228765953125 0.803105228125 0.7247383890625 0.743824946875 0.7022906609375 0.7253015031250001 0.67824905625 0.7307660796875
2 0.2952318171875 0.0431491171875 0.33306882187500003 0.08014242031249999 0.3771741609375 0.035300546875 0.3688433375 0.016884270312499998 0.2952318171875 0.0431491171875
2 0.4263154078125 0.07096789375 0.40248813906249997 0.0481986625 0.382692321875 0.052283698437500005 0.35551655000000004 0.0986658640625 0.36368662500000004 0.138257496875 0.4283778984375 0.1712193484375 0.4469013421875 0.14877161875 0.4263154078125 0.07096789375
2 0.43671875 0.88359375 0.2328125 0.2328125