1 0.271875 0.06796875 0.15 0.1359375
1 0.11484375 0.19140625 0.1234375 0.159375
1 0.115625 0.55078125 0.134375 0.1671875
1 0.31796875 0.4421875 0.1515625 0.1703125
1 0.50234375 0.16328125 0.140625 0.18125
1 0.58203125 0.28359375 0.1359375 0.1734375
1 0.79921875 0.1375 0.1515625 0.1640625
1 0.84765625 0.22734375 0.1265625 0.146875
1 0.9 0.459375 0.1625 0.1875
1 0.72734375 0.67421875 0.128125 0.15
1 0.340625 0.69921875 0.1421875 0.16875
1 0.85625 0.903125 0.128125 0.1578125
1 0.865625 0.1125 0.103125 0.0765625