2 0.97890625 0.4125 0.0421875 0.134375
2 0.9296875 0.32734375 0.11328125 0.16953125
2 0.80546875 0.3984375 0.1234375 0.14375
2 0.8234375 0.278125 0.0828125 0.12109375
2 0.71328125 0.2890625 0.1390625 0.2046875
2 0.66875 0.153125 0.121875 0.15234375
2 0.66953125 0.04375 0.1 0.0875
2 0.59296875 0.0296875 0.07109375 0.059375
2 0.4765625 0.04609375 0.103125 0.0921875
2 0.37890625 0.0671875 0.1234375 0.134375
2 0.37734375 0.2203125 0.10234375 0.14140625
2 0.590625 0.6453125 0.078125 0.1
2 0.68984375 0.9640625 0.1203125 0.071875
2 0.34921875 0.57578125 0.12578125 0.159375
2 0.15546875 0.39609375 0.10625 0.14765625
2 0.19453125 0.2625 0.13046875 0.1625
2 0.09609375 0.20859375 0.07109375 0.0984375
2 0.165625 0.14921875 0.1078125 0.1328125
2 0.05390625 0.9375 0.10703125 0.125
2 0.8859375 0.85703125 0.11171875 0.1140625
2 0.9484375 0.70078125 0.10234375 0.1703125
2 0.140625 0.94609375 0.11171875 0.10703125
2 0.23828125 0.05078125 0.1546875 0.1015625