2 0.78984375 0.85859375 0.0875 0.090625
2 0.7234375 0.803125 0.08203125 0.115625
2 0.6390625 0.71953125 0.1390625 0.1828125
2 0.50859375 0.79765625 0.11484375 0.14921875
2 0.51796875 0.66015625 0.1203125 0.13984375
2 0.7390625 0.50859375 0.096875 0.15546875
2 0.8265625 0.5578125 0.1078125 0.1609375
2 0.965625 0.69296875 0.06875 0.134375
2 0.56015625 0.965625 0.11484375 0.06875
2 0.075 0.921875 0.11875 0.15625
2 0.16328125 0.8578125 0.1296875 0.153125
2 0.2234375 0.765625 0.10390625 0.1125
2 0.1421875 0.715625 0.1140625 0.1375
2 0.08671875 0.634375 0.096875 0.12734375
2 0.046875 0.51875 0.09375 0.128125
2 0.3171875 0.17734375 0.096875 0.1203125
2 0.68046875 0.06015625 0.10234375 0.1203125
2 0.3703125 0.58984375 0.1109375 0.14765625
2 0.82421875 0.084375 0.0859375 0.115625
2 0.8375 0.01953125 0.0953125 0.03828125
2 0.90078125 0.03984375 0.08359375 0.07890625
2 0.0671875 0.028125 0.0953125 0.05625
2 0.503125 0.4984375 0.14453125 0.2296875
2 0.940625 0.4109375 0.11875 0.26171875