2 0.4 0.19609375 0.128125 0.1703125
2 0.1828125 0.14375 0.1265625 0.1546875
2 0.1140625 0.36875 0.128125 0.1796875
2 0.20625 0.39921875 0.096875 0.146875
2 0.1203125 0.6765625 0.10625 0.1359375
2 0.1875 0.7296875 0.1078125 0.1421875
2 0.05390625 0.828125 0.1078125 0.140625
2 0.3265625 0.40625 0.1140625 0.153125
2 0.4203125 0.38671875 0.1125 0.1390625
2 0.47265625 0.4640625 0.1140625 0.14375
2 0.49453125 0.20703125 0.1 0.134375
2 0.5296875 0.0859375 0.0890625 0.1125
2 0.58203125 0.496875 0.096875 0.115625
2 0.70546875 0.09296875 0.1125 0.13125
2 0.6765625 0.20703125 0.096875 0.13125
2 0.64765625 0.44765625 0.0921875 0.11875
2 0.38984375 0.696875 0.1109375 0.1375
2 0.6453125 0.59140625 0.1 0.1125
2 0.63984375 0.68671875 0.10625 0.125
2 0.865625 0.0640625 0.1171875 0.0671875
2 0.95859375 0.24921875 0.0828125 0.1453125
2 0.878125 0.21796875 0.096875 0.115625
2 0.90625 0.365625 0.115625 0.1375
2 0.71015625 0.5171875 0.1109375 0.1328125
2 0.765625 0.63203125 0.1140625 0.1234375
2 0.6953125 0.8203125 0.1140625 0.15625
2 0.5078125 0.828125 0.1203125 0.175
2 0.4421875 0.7640625 0.084375 0.1078125
2 0.7046875 0.94609375 0.109375 0.1078125
2 0.91484375 0.54140625 0.1328125 0.153125
2 0.95703125 0.44765625 0.0859375 0.1578125
2 0.94765625 0.0828125 0.0984375 0.0859375
2 0.99140625 0.10859375 0.0171875 0.1203125
2 0.7640625 0.7234375 0.090625 0.10625
2 0.88828125 0.8734375 0.165625 0.184375