2 0.9046875 0.84296875 0.11015625 0.1421875
2 0.94609375 0.42890625 0.1078125 0.2328125
2 0.83515625 0.578125 0.1328125 0.15
2 0.84140625 0.428125 0.14140625 0.16875
2 0.834375 0.2828125 0.12109375 0.1484375
2 0.8671875 0.16875 0.11328125 0.1453125
2 0.78359375 0.053125 0.11171875 0.10625
2 0.36875 0.18671875 0.16484375 0.215625
2 0.2109375 0.39140625 0.14453125 0.15703125
2 0.0828125 0.2421875 0.12890625 0.14921875
2 0.47109375 0.54765625 0.09296875 0.12578125
2 0.56875 0.55078125 0.09609375 0.11875
2 0.68984375 0.675 0.10234375 0.1390625
2 0.5484375 0.7671875 0.10546875 0.121875
2 0.04609375 0.94140625 0.0921875 0.1171875
2 0.98515625 0.81484375 0.0296875 0.1265625
2 0.27890625 0.6765625 0.1640625 0.17890625
2 0.1484375 0.0734375 0.146875 0.146875
2 0.45625 0.95234375 0.14453125 0.09453125
2 0.61328125 0.14375 0.134375 0.20546875