2 1 0.1666600140625 0.9669189453125 0.1772653484375 0.9587580515624999 0.24373049062500002 0.9795922171875 0.27552438125 1 0.2780301421875 1 0.1666600140625
2 0.5813425765625 0.09394002968750001 0.6021767437500001 0.12573391875 0.6331938109374999 0.129542334375 0.6710508890625 0.0959592 0.67703554375 0.0472180953125 0.6625758640625 0.0184557984375 0.6118912828124999 0.009983609374999999 0.5889594109375 0.03190589375 0.5813425765625 0.09394002968750001
2 0.4666803875 0.0753634703125 0.48642643281250003 0.11601937968750001 0.5174435 0.11982779531250001 0.5563886984375 0.07738264218749999 0.553511334375 0.027553417187500002 0.529645575 0.0021340109375 0.50057198125 0.0008131296875 0.4721209828125 0.031053373437499997 0.4666803875 0.0753634703125
2 0.3816975375 0 0.3812460203125 0.0019040843750000001 0.405423075 0.043104053125 0.4320091328125 0.0463684109375 0.46384680312500004 0 0.3816975375 0
2 0.2930783703125 0 0.29324841875 0.0225840203125 0.3406686421875 0.0576422671875 0.3680315234375 0.0362640421875 0.3724841890625 0 0.2930783703125 0
2 0.5490074625 0.24739318593749998 0.5664987375 0.26978099843750003 0.6118969546875 0.2663595734375 0.636461003125 0.23114426093749998 0.637470590625 0.1862901046875 0.6136048296875 0.1608707 0.580100228125 0.15900575625 0.5511051703125001 0.1936770109375 0.5490074625 0.24739318593749998
2 0.669654309375 0.2172286390625 0.686601525 0.244047459375 0.7314556796875 0.2450570453125 0.7609947984375001 0.2059547828125 0.757573375 0.160556565625 0.73316355625 0.13956817187499998 0.7040899640625 0.13824728749999998 0.676183025 0.1640565234375 0.669654309375 0.2172286390625
2 0.6560528203125 0.3280038796875 0.675798865625 0.3686597875 0.7062718734375 0.376899215625 0.748015903125 0.34829114843750003 0.756176796875 0.28182600468749996 0.7411730546874999 0.25749471874999996 0.703781503125 0.2506547078125 0.6670125453125 0.2753758234375 0.6560528203125 0.3280038796875
2 0.46116693125 0.34005739375 0.4869761640625 0.367964334375 0.5273993109374999 0.36842986093749996 0.5569384296875 0.329327596875 0.5556932437500001 0.26620534375 0.531827484375 0.2407859390625 0.4889168046875 0.2422638859375 0.458289565625 0.29022816875 0.46116693125 0.34005739375
2 0.3352308828125 0.2301403453125 0.359952 0.2669093046875 0.3970322546875 0.257968753125 0.411646165625 0.2305273390625 0.4110235734375 0.1989662125 0.3832708640625 0.1685717390625 0.3555966875 0.1741694 0.338495240625 0.2035542875 0.3352308828125 0.2301403453125
2 0.24070456875000001 0.303992396875 0.2615387359375 0.3357862859375 0.297530871875 0.335707753125 0.3160317328125 0.313241409375 0.325359278125 0.2739063828125 0.303125696875 0.2351939484375 0.260215015625 0.2366718953125 0.2461451640625 0.25968230000000003 0.24070456875000001 0.303992396875
2 0.312924440625 0.411811740625 0.3465075765625 0.44966881875000003 0.37806870312499996 0.449046225 0.40760782031250004 0.4099439625 0.40799481562500006 0.33352867812500003 0.38801600468749997 0.31308434375 0.34067431406250004 0.31401823125 0.312223315625 0.34425847656249997 0.312924440625 0.411811740625
2 0.250814609375 0.4963907515625 0.2931026984375 0.4633516765625 0.3063171921875 0.42899171875000003 0.30841489843750003 0.37527554375 0.285093196875 0.3454251296875 0.22088282499999998 0.3555323328125 0.21552076250000002 0.435834565625 0.250814609375 0.4963907515625
2 0.2075112640625 0.3179080171875 0.22461270937500002 0.2885231296875 0.208442315625 0.2370617265625 0.1658429328125 0.2543202375 0.1773495515625 0.3254491546875 0.2075112640625 0.3179080171875
2 0.091763790625 0.43638146093749997 0.1715219625 0.44617453281249997 0.193365715625 0.4331142671875 0.20323732031250002 0.38934823125 0.16771070937500002 0.34900361874999997 0.139181178125 0.3432517265625 0.10241221874999999 0.36797284218750004 0.091763790625 0.43638146093749997
2 0.08546500312500001 0.3411540203125 0.12200119843749999 0.336644478125 0.155971328125 0.298086275 0.152549903125 0.252688059375 0.128140084375 0.23169966406250003 0.0965789578125 0.23232225468749998 0.0634641859375 0.2822300140625 0.08546500312500001 0.3411540203125
2 0.05405810625 0.2855729046875 0.08382998750000001 0.22625906875 0.054366565624999995 0.17316548437499998 0.036642528125000004 0.170989246875 0.023352334375 0.2975450515625 0.05405810625 0.2855729046875
2 0 0.524098965625 0.03237425625 0.498805425 0.051651940625000003 0.451696496875 0.0337708359375 0.3775359875 0.011615787499999999 0.37481568906249996 0 0.48227033593749996 0 0.524098965625
2 0.1315671796875 0.5334738437500001 0.1612633640625 0.5663558531249999 0.20798246250000002 0.5338608359375 0.1923561296875 0.4779684234375 0.15387645781249998 0.47999043124999996 0.135375596875 0.5024567765625 0.1315671796875 0.5334738437500001
2 0.766056909375 0.622623915625 0.8133200671875 0.585697890625 0.8242797906250001 0.533069834375 0.801190853125 0.483007846875 0.7776363890625 0.473369003125 0.7284297578125 0.5078074953125 0.7163819140625 0.5692975687499999 0.766056909375 0.622623915625
2 0.9537186296875 0.8525652171875 0.9758708421875 0.72709753125 0.9355262281250001 0.7626241421875 0.9328844640625 0.8207713265625 0.9537186296875 0.8525652171875
2 0.5335495406249999 0.776236975 0.5375150234375 0.8172041812499999 0.57941611875 0.8605803875 0.615408253125 0.8605018546875 0.6543534515625 0.8180567 0.6569952171875 0.759909515625 0.618125715625 0.7101588234375 0.59402719375 0.7049509921875 0.5572582328125 0.72967210625 0.5335495406249999 0.776236975
2 0.5125639796875 0.928834775 0.5386059796875 0.9365301421875 0.57039986875 0.915695978125 0.5797274140625001 0.8763609515624999 0.53976979375 0.835472278125 0.5016014203125 0.85327485 0.49227387499999997 0.8926098765624999 0.5125639796875 0.928834775
2 0.7927145609374999 1 0.7748489015625 0.9722838453125 0.72447561875 0.9795922171875 0.717342996875 1 0.7927145609374999 1
2 0.23231941875 0.7752330609375 0.2653584953125 0.8175211484375 0.3054703453125 0.8022061109375 0.3236599109375 0.763959203125 0.3230373171875 0.7323980765625 0.2869666484375 0.6964844734375 0.2573489953125 0.6995946015625 0.232784946875 0.7348099140625 0.23231941875 0.7752330609375
2 0.06953588125 0.654044990625 0.1005529484375 0.6578534078125 0.132890896875 0.6325882328125 0.13941961249999998 0.57941611875 0.098373875 0.5473894640625 0.0602055 0.5651920359375 0.045358825000000005 0.612845021875 0.06953588125 0.654044990625
2 0.07645726093750001 0.7808335578125 0.11711317031249999 0.7610875125 0.118666815625 0.7118023453125 0.09697729375 0.668658903125 0.042173 0.675423215625 0.038987176562499996 0.7380014109374999 0.07645726093750001 0.7808335578125
2 0 0.8278187609375 0.05127061875 0.7844877453125 0.028958504687499997 0.7097831734375 0 0.7226543875 0 0.8278187609375
2 0.01162713125 0.8875676171875 0.041323315625 0.920449628125 0.0985366109375 0.8757497015625001 0.10117837656249999 0.8176025171875001 0.0817436265625 0.792727171875 0.052670034374999994 0.7914062890625 0.0131807765625 0.8382824531249999 0.01162713125 0.8875676171875
2 0.216620225 0.939724475 0.23411149999999997 0.9621122859375 0.27422335000000003 0.9467972484375 0.3067940640625 0.9013205015624999 0.29451062031249997 0.8548341671875 0.23776285156250002 0.859110946875 0.2192619890625 0.881577290625 0.216620225 0.939724475