2 0.11171875 0.65078125 0.1328125 0.16484375
2 0.03359375 0.33515625 0.06171875 0.11796875
2 0.184375 0.26953125 0.08359375 0.1234375
2 0.29296875 0.290625 0.1140625 0.1171875
2 0.53203125 0.8875 0.121875 0.1703125
2 0.36015625 0.571875 0.08984375 0.1
2 0.32265625 0.7078125 0.1 0.12890625
2 0.52890625 0.63359375 0.103125 0.121875
2 0.9453125 0.39375 0.10859375 0.15
2 0.8875 0.215625 0.10625 0.1296875
2 0.8953125 0.05234375 0.08125 0.1046875
2 0.49453125 0.4578125 0.103125 0.1109375
2 0.66953125 0.07109375 0.11328125 0.13359375
2 0.3765625 0.959375 0.075 0.08125
2 0.96796875 0.16796875 0.0640625 0.13125
2 0.95078125 0.02421875 0.0890625 0.0484375
2 0.15859375 0.98515625 0.10546875 0.0296875
2 0.51484375 0.7578125 0.11171875 0.1265625