2 0.73673921875 0.34926088593750004 0.7553698296875 0.3858255203125 0.7949614625 0.39399559375000004 0.8314189265625 0.361248078125 0.8408613734375001 0.3032937546875 0.8207976390624999 0.26391645625 0.7840186703125 0.254313259375 0.75318653125 0.2841945265625 0.73673921875 0.34926088593750004
2 0.7385873734375 0.220775625 0.765548809375 0.2389239828125 0.8077387703125 0.21742712343749998 0.8314052890625 0.17348253593750002 0.8324633265625 0.12688603437499998 0.8053947234375001 0.0946207734375 0.740649865625 0.120524171875 0.7226086765625 0.1616025125 0.7385873734375 0.220775625
2 0.6530958296875 0.30330739218749997 0.674592690625 0.34549735312499996 0.7043132062499999 0.355154134375 0.7323862625 0.33376444375 0.751699825 0.2743234109375 0.7387481250000001 0.24195098124999997 0.692098040625 0.23383449218750002 0.6654045234375 0.2509783953125 0.6530958296875 0.30330739218749997
2 0.615727440625 0.2160612203125 0.6399833796875 0.24975960625 0.703187946875 0.20692663906250003 0.7156038078125 0.1687145484375 0.6969196125 0.1250914625 0.6545689 0.1254129640625 0.635041003125 0.1566201890625 0.615727440625 0.2160612203125
2 0.47710314374999996 0.1804075125 0.49170230156250005 0.2438264140625 0.5638806984375 0.267278596875 0.5989586250000001 0.23877686874999998 0.6375857484375 0.1198948046875 0.6061641890625 0.0721331 0.5510225281250001 0.0612575296875 0.49906861874999997 0.098358 0.47710314374999996 0.1804075125
2 0.4077909953125 0.1625806578125 0.43331930781250005 0.17791635156250002 0.4782683484375 0.14792791562500002 0.5017205312499999 0.07574951875 0.5028857359375001 0.043269921875 0.47295088593749995 0.0053793328125 0.4221085953125 0.00294175625 0.3830528015625 0.0653562046875 0.4077909953125 0.1625806578125
2 0.3272954125 0.34531029375 0.367998665625 0.31394231875 0.3478277640625 0.2604481171875 0.3153481671875 0.2592829125 0.2959274375 0.304607040625 0.3272954125 0.34531029375
2 0.0863571703125 0.4078455484375 0.1218101828125 0.428752984375 0.1710050125 0.4001440890625 0.18617995468749998 0.353440421875 0.154651228125 0.2915618109375 0.09542452968750001 0.300482059375 0.0689989328125 0.3529182234375 0.0863571703125 0.4078455484375
2 0.15605804375000001 0.662847109375 0.171929575 0.7079033171875 0.2086549578125 0.7104480640624999 0.23948709687499997 0.6805667953125 0.2556129078125 0.5731497234375 0.2316248875 0.5747435984375 0.165714825 0.63312659375 0.15605804375000001 0.662847109375
2 0.595758203125 0.7470390046875 0.6326979234375 0.7778175593750001 0.662150521875 0.7521820781249999 0.6674543468749999 0.70696511875 0.6285992484375 0.60984783125 0.59198103125 0.621419990625 0.57266746875 0.6808610234375 0.595758203125 0.7470390046875
2 0.88684214375 0.59518145 0.9141786671875 0.6627389734375 0.949470928125 0.6624710546875 0.9886338890624999 0.6141735109375001 0.991178634375 0.5774481265625 0.969735359375 0.5423166171875 0.9273310625000001 0.5355796671874999 0.89925800625 0.556969359375 0.88684214375 0.59518145
2 0.4984665265625 0.576953203125 0.524209175 0.6205227046874999 0.553929690625 0.6301794859375 0.5862485359375 0.610169334375 0.6070488046875 0.5605994187500001 0.5882574421875 0.5028594281250001 0.557103803125 0.490389984375 0.5206463375 0.5231374984375 0.4984665265625 0.576953203125
2 0.5835294015625 0.43795382031249996 0.6202547843749999 0.4404985640625 0.646841134375 0.40923775781250005 0.64938588125 0.3725123734375 0.6294293140625 0.3472519796875 0.601195503125 0.3474663140625 0.57742181875 0.3772939984375 0.5835294015625 0.43795382031249996
2 0.4825151046875 0.893311175 0.5193476578125 0.909972825 0.554425584375 0.8814710968749999 0.5668414453125 0.8432590062499999 0.5479429140625001 0.7714021125 0.49996687343749996 0.7745898609374999 0.466643575 0.8482549671875 0.4825151046875 0.893311175
2 0 0.8608532203125 0.0291802953125 0.8727525171874999 0.044408821875 0.8331073015625 0.0258317921875 0.8036011203125 0 0.797071421875 0 0.8608532203125
2 0.12115450781249999 0.9002897375 0.0981173578125 0.8411702062499999 0.0656377609375 0.8400050015625 0.037671871875 0.8755115968749999 0.12115450781249999 0.9002897375
2 0.326438071875 0.23237505937499997 0.37038265937500003 0.256041578125 0.40270150468750004 0.236031428125 0.4137378265625 0.2020651234375 0.37902135000000003 0.0922104734375 0.3238261046875 0.0742764515625 0.2834979375 0.155053590625 0.326438071875 0.23237505937499997
2 0.228125 0.8515625 0.221875 0.209375
2 0.17109375 0.09921875 0.1765625 0.1984375
2 0.775 0.70625 0.1859375 0.21875
2 0.93828125 0.3625 0.1234375 0.228125
2 0.603125 0.98359375 0.16875 0.0328125