2 0.47573156250000004 0.7418843140625 0.4373939203125 0.7640950125 0.42867334375 0.789421403125 0.4256272640625 0.81198015625 0.45358206718750005 0.8404918515625001 0.489221684375 0.805548346875 0.4938604171875 0.7646519015625 0.47573156250000004 0.7418843140625
2 0.4825198390625 0.6261836828125 0.44708905468750004 0.6399522515625 0.42833369687499995 0.680709471875 0.44064883593750004 0.720361321875 0.4730335375 0.7291515078125 0.52016136875 0.6745561062500001 0.5036251640625 0.6334508296875 0.4825198390625 0.6261836828125
2 0.6360348578125 0.091213790625 0.623998165625 0.02332869375 0.5846943734375001 0.00035227031249999996 0.535146965625 0.0139816171875 0.50068233125 0.07293730312499999 0.5113352046874999 0.1379851546875 0.5477321390625 0.1694037078125 0.60724471875 0.14740184375 0.6360348578125 0.091213790625
2 0.136974621875 0.018525509375 0.08465116875 0.1704838515625 0.0973143640625 0.174844140625 0.148175978125 0.1711103546875 0.1908739078125 0.1362364609375 0.1985587234375 0.0727812625 0.16382405312499998 0.0159667078125 0.136974621875 0.018525509375
2 0.08132664218749999 0.22127585624999999 0.08942071406249999 0.259474275 0.1218054171875 0.2682644640625 0.170247453125 0.2235646203125 0.13260592499999999 0.175192196875 0.1043030640625 0.1819720640625 0.08132664218749999 0.22127585624999999
2 0.389882059375 0.28502631875 0.37203164843750003 0.23402548125 0.34248419375 0.2238514765625 0.30123969375000004 0.2545043046875 0.285251971875 0.3009360203125 0.29756710937499997 0.34058786875 0.3354870828125 0.36072704375 0.37244090937499996 0.3356791 0.389882059375 0.28502631875
2 0.478053965625 0.07694953593750001 0.418471775 0.10600971249999999 0.393763478125 0.1777678171875 0.41175310937500004 0.21465203124999999 0.4538941484375 0.23624463593749997 0.49230140312500004 0.20697562500000002 0.5097425531249999 0.15632284375 0.478053965625 0.07694953593750001
2 0.4195159453125 0.00013502656249999998 0.37550380781250003 0.025113362500000003 0.363876375 0.058881881250000004 0.3734238765625 0.09285923593749999 0.3959130203125 0.10296362968749999 0.4386805609375 0.061031423437499996 0.4404124359375 0.0285771109375 0.4195159453125 0.00013502656249999998
2 0.457863971875 0 0.44608693125 0.025809475 0.4570878625 0.0555657640625 0.4837980703125 0.0671235859375 0.5079494765625 0.051831978125 0.52248376875 0.009621328125 0.5197802140625 0 0.457863971875 0
2 0.3723628875 0.48674090468750003 0.3845388046875 0.540509378125 0.407027946875 0.5506137703125 0.4482028359375 0.5270192546875 0.4656439875 0.47636647343750005 0.4195603296875 0.42508719062500006 0.3723628875 0.48674090468750003
2 0.137497875 0.5380729796875 0.1498130140625 0.577724828125 0.1807442875 0.5907360796875001 0.22510448125 0.5304661859375 0.21555697812500002 0.49648883125000004 0.1902305875 0.48776825468749996 0.137497875 0.5380729796875
2 0.3140949046875 0.5256966390625 0.2790121765625 0.504173646875 0.24358139374999999 0.5179422125 0.22759367187500001 0.5643739296875 0.265444034375 0.591571415625 0.3106311546875 0.5906052671875 0.3249566140625 0.5695695546875 0.3140949046875 0.5256966390625
2 0.253955821875 0.6112233140625001 0.23810732343750002 0.643538403125 0.27014397031250004 0.6876201515625 0.315679146875 0.651362440625 0.31180613749999997 0.6146174515625 0.2879331765625 0.6016758109375 0.253955821875 0.6112233140625001
2 0.0815018375 0.7761148859375 0.030361778125 0.8080819203124999 0.01873434375 0.8418504421874999 0.026967640625 0.8659322375 0.0720155375 0.8790827125 0.11346887187500002 0.827254946875 0.1053747984375 0.7890565265625 0.0815018375 0.7761148859375
2 0.7091515546875 0.5507698109375 0.6926153515625 0.5096645343749999 0.6672889609375 0.5009439578125 0.599264640625 0.5270972765625 0.5873587609375 0.5890990453125 0.60534839375 0.6259832578125 0.63351203125 0.6333200156250001 0.69593146875 0.602876021875 0.7091515546875 0.5507698109375
2 0.508280715625 0.3045474015625 0.45859408437500004 0.3322933703125 0.44405979218749997 0.374504021875 0.4522930875 0.39858581718749997 0.4874454265625 0.4130504984375 0.5417011796875 0.3514663953125 0.5293860421875001 0.3118145484375 0.508280715625 0.3045474015625
2 1 0.263462028125 0.9818141375 0.245686553125 0.932266728125 0.259315896875 0.9005697312500001 0.3239460796875 0.914199075 0.3734934875 0.95211905 0.3936326625 1 0.352688646875 1 0.263462028125
2 0.8498557484375 0.1695597484375 0.8347729734374999 0.12423340624999998 0.8178887140625 0.1184196890625 0.7795510703125 0.1406303859375 0.765016778125 0.1828410375 0.77456428125 0.216818390625 0.797053425 0.22692278593749998 0.8311003906250001 0.2103169703125 0.8498557484375 0.1695597484375
2 0.7832068359375 0.34255380625 0.762101509375 0.335286659375 0.715182515625 0.3687071234375 0.707636925 0.418045696875 0.734277521875 0.4366618328125 0.7753131859375 0.427183940625 0.8081851703125 0.38656594218749996 0.7832068359375 0.34255380625
2 0.8506130640625 0.23592180625 0.8360787703125 0.2781324578125 0.8710222765625 0.31377207500000004 0.8979413171875 0.3041549609375 0.9225103921875 0.2465134796875 0.8946252015624999 0.21094347343750003 0.8506130640625 0.23592180625
2 0.7961400671875001 0.4626843359375 0.7913621109375 0.5176974046875 0.8180027078125001 0.5363135406249999 0.8434683218749999 0.530917490625 0.8721192390624999 0.48884606406250003 0.845965921875 0.4208217421875 0.7961400671875001 0.4626843359375
2 1 0.5308688359375 0.96339001875 0.5391591953125 0.9260185249999999 0.606557015625 0.9326591703125 0.6489765000000001 0.97057914375 0.669115675 1 0.5793407671875 1 0.5308688359375
2 1 0.185586059375 0.98119604375 0.1652078703125 0.93019520625 0.18305828125 0.9200212015625 0.21260573593749998 0.9423015109374999 0.243885065625 0.9961395968750001 0.22465083749999998 1 0.20629218906250002 1 0.185586059375
2 0.636201646875 0.7900563140625 0.621118871875 0.7447299703125 0.5972459109375 0.7317883296875001 0.5504661390625001 0.75109216875 0.5216759984375 0.807280221875 0.5450616796875 0.8696300484374999 0.560562121875 0.87260651875 0.6101791421875 0.8519188609375 0.636201646875 0.7900563140625
2 0.77890625 0.690625 0.175 0.19375
2 0.1578125 0.85234375 0.1375 0.1390625