2 0.9107142859374999 0.6540178578125 0.9017857140625001 0.7254464281249999 0.9129464281249999 0.75 0.9508928578125 0.7522321421875 0.9776785718750001 0.7165178578125 0.9776785718750001 0.671875 0.9352678578125 0.6294642859375 0.9107142859374999 0.6540178578125
2 0.859375 0.5669642859375 0.8035714281249999 0.640625 0.8125 0.7075892859375 0.8370535718750001 0.7276785718750001 0.8660714281249999 0.7254464281249999 0.9107142859374999 0.6450892859375 0.90625 0.6049107140625 0.8772321421875 0.5669642859375 0.859375 0.5669642859375
2 0.6183035718750001 0.7767857140625 0.5758928578125 0.8191964281249999 0.5758928578125 0.8727678578125 0.6138392859375 0.9241071421875 0.65625 0.9263392859374999 0.6875 0.8995535718750001 0.6964285718750001 0.8325892859374999 0.671875 0.7901785718750001 0.6183035718750001 0.7767857140625
2 0.7723214281249999 0.5290178578125 0.7857142859375 0.5825892859375 0.8080357140625001 0.5870535718750001 0.8482142859374999 0.546875 0.8236607140625001 0.477678571875 0.796875 0.48660714218749995 0.7723214281249999 0.5290178578125
2 0.7299107140625 0.375 0.6964285718750001 0.40848214218749995 0.6919642859375 0.45758928593750003 0.7165178578125 0.491071428125 0.7455357140625 0.48883928593750003 0.7723214281249999 0.45758928593750003 0.7767857140625 0.40848214218749995 0.7566964281249999 0.37946428593750003 0.7299107140625 0.375
2 0.7857142859375 0.328125 0.7857142859375 0.3772321421875 0.8258928578125 0.40848214218749995 0.8660714281249999 0.359375 0.8616071421875 0.31919642812500004 0.8370535718750001 0.29017857187499996 0.7857142859375 0.328125
2 0.8705357140625001 0.35491071406249997 0.8616071421875 0.421875 0.8861607140625001 0.45535714218749995 0.9107142859374999 0.453125 0.9419642859374999 0.38616071406249997 0.9285714281249999 0.3415178578125 0.8995535718750001 0.3258928578125 0.8705357140625001 0.35491071406249997
2 0.5558035718750001 0.44196428593750003 0.5178571421875 0.5066964281249999 0.5357142859375 0.5558035718750001 0.5758928578125 0.5691964281249999 0.6071428578125 0.5290178578125 0.6116071421875 0.484375 0.5915178578125 0.45089285781250005 0.5558035718750001 0.44196428593750003
2 0.46651785781250005 0.6428571421875 0.44196428593750003 0.703125 0.462053571875 0.7410714281249999 0.48660714218749995 0.7388392859375 0.5089285718750001 0.7165178578125 0.5133928578125 0.671875 0.49776785781250005 0.6473214281249999 0.46651785781250005 0.6428571421875
2 0.390625 0.6830357140625 0.35267857187499996 0.7299107140625 0.35267857187499996 0.7745535718750001 0.3727678578125 0.8080357140625001 0.41071428593750003 0.8102678578125 0.44196428593750003 0.7834821421875 0.45089285781250005 0.7433035718750001 0.43303571406249997 0.6986607140625 0.390625 0.6830357140625
2 0.3102678578125 0.8348214281249999 0.28571428593750003 0.8950892859374999 0.30580357187499996 0.9375 0.34375 0.9397321421875 0.37946428593750003 0.9040178578125 0.37946428593750003 0.859375 0.35491071406249997 0.8258928578125 0.3102678578125 0.8348214281249999
2 0.19866071406250002 0.59375 0.15625 0.6227678578125 0.147321428125 0.6674107140625 0.171875 0.71875 0.2142857140625 0.7209821421875 0.2366071421875 0.6941964281249999 0.2366071421875 0.6540178578125 0.2232142859375 0.609375 0.19866071406250002 0.59375
2 0.27232142812500004 0.5022321421875 0.29241071406249997 0.5446428578125 0.3258928578125 0.546875 0.34821428593750003 0.5245535718750001 0.35267857187499996 0.47098214218749995 0.30580357187499996 0.446428571875 0.27232142812500004 0.5022321421875
2 0.3459821421875 0.32142857187499996 0.3258928578125 0.33705357187499996 0.3125 0.40848214218749995 0.35044642812500004 0.45535714218749995 0.38392857187499996 0.45758928593750003 0.40625 0.430803571875 0.40625 0.36830357187499996 0.38616071406249997 0.33482142812500004 0.3459821421875 0.32142857187499996
2 0.33258928593750003 0.125 0.30803571406249997 0.16741071406250002 0.31696428593750003 0.2075892859375 0.3616071421875 0.22544642812500001 0.40178571406249997 0.17633928593749998 0.40178571406249997 0.140625 0.38169642812500004 0.12053571406250001 0.33258928593750003 0.125
2 0.33705357187499996 0.0044642859375000005 0.3125 0.0290178578125 0.30803571406249997 0.0825892859375 0.33258928593750003 0.116071428125 0.37946428593750003 0.11383928593749999 0.40625 0.087053571875 0.40625 0.0334821421875 0.3772321421875 0.0044642859375000005 0.33705357187499996 0.0044642859375000005
2 0.6183035718750001 0.22767857187499999 0.59375 0.2522321421875 0.5892857140625 0.30580357187499996 0.6138392859375 0.33482142812500004 0.6517857140625 0.33705357187499996 0.6741071421875 0.30580357187499996 0.6741071421875 0.25669642812500004 0.6495535718750001 0.22767857187499999 0.6183035718750001 0.22767857187499999
2 0.6026785718750001 0.1584821421875 0.6026785718750001 0.203125 0.6517857140625 0.2165178578125 0.6741071421875 0.1897321421875 0.6741071421875 0.14508928593749998 0.6272321421875 0.125 0.6026785718750001 0.1584821421875
2 0.8015625 0.9734375 0.084375 0.053125
2 0.91875 0.88984375 0.1625 0.2171875
2 0.9796875 0.765625 0.03984375 0.13828125
2 0.0296875 0.95546875 0.059375 0.08828125
2 0.0515625 0.07578125 0.10234375 0.1515625