2 0.3247477796875 0.40925551093749996 0.3399697765625 0.378045790625 0.32529626093749997 0.3217185171875 0.2911796828125 0.2980543890625 0.2587949796875 0.30684457656249997 0.24495680156250002 0.335217046875 0.2581768875 0.3873232578125 0.297967959375 0.41375502031250005 0.3247477796875 0.40925551093749996
2 0.3563583484375 0.178820396875 0.3209275625 0.1650518296875 0.289996290625 0.17806308125 0.2803791765625 0.2049821234375 0.2992737578125 0.25985596875 0.3376113984375 0.2820666671875 0.3728333484375 0.2746602984375 0.3563583484375 0.178820396875
2 0.4733731859375 0.1621365609375 0.45171096874999994 0.1129372109375 0.4079076671875 0.10913381250000001 0.372067625 0.1970188640625 0.3836950578125 0.230787384375 0.42493955781250004 0.2614402125 0.4600222859375 0.23991721875 0.4733731859375 0.1621365609375
2 0.42117488437499995 0 0.3885954171875 0.01191009375 0.407350775 0.052667315625 0.47814273281249997 0.0731461375 0.5143308328125 0.0205526484375 0.508238784375 0 0.42117488437499995 0
2 0.5418931953125 0.38170155625 0.568185734375 0.3277938609375 0.5520587906250001 0.26724552031250004 0.5121284953125 0.22669713281249998 0.4670805984375 0.23984760781249997 0.4337297453125 0.2938249140625 0.4427287671875 0.34738455468749996 0.4911011921875 0.3850260828125 0.5418931953125 0.38170155625
2 0.8144693484375001 0.3917195203125 0.8365408234375 0.339265253125 0.8246349437499999 0.27726348437500004 0.7861580781249999 0.24093616093749998 0.729761190625 0.24855136562500002 0.709073534375 0.2981683828125 0.727968115625 0.35304223125 0.7834684625 0.397672459375 0.8144693484375001 0.3917195203125
2 0.7575239796875 0.4868717171875 0.76707148125 0.45289436250000004 0.7439558374999999 0.39947394531249997 0.7028505578125 0.3829377421875 0.6803614140625001 0.3930421359375 0.667976665625 0.425635671875 0.6825109578124999 0.4678463234375 0.723755459375 0.4984991515625 0.7575239796875 0.4868717171875
2 0.7178805390624999 0.6185600703125 0.745626509375 0.568873440625 0.7168363703125 0.5126853875 0.6913011453125 0.5002310249999999 0.6688120015625 0.51033541875 0.6507527578125 0.5401613203125 0.6526238546875 0.5867322578125 0.6841120187499999 0.6301875046875 0.7178805390624999 0.6185600703125
2 0.887210421875 0.6098310859375 0.861327140625 0.5620851640625 0.81316355 0.545618571875 0.7911616859375 0.60513115 0.8086028375 0.6557839328124999 0.852614975 0.6807622656250001 0.8764879359375 0.6678206234374999 0.887210421875 0.6098310859375
2 0.95350286875 0.6035300890624999 0.971353278125 0.5525292515625 0.9539121265625001 0.501876471875 0.9126676265624999 0.47122364375 0.87184079375 0.48292068749999995 0.8552349781249999 0.5169676546875001 0.8713619234375001 0.57751599375 0.9182809187500001 0.6109364578125 0.95350286875 0.6035300890624999
2 0.9319882843749999 0.7124508546875 0.894964846875 0.680344596875 0.8710222765625 0.6862279250000001 0.858637525 0.7188214625 0.8717183890625 0.7568110484374999 0.9072883953125 0.7846962390625001 0.92417265625 0.778882521875 0.9319882843749999 0.7124508546875
2 0.408656740625 1 0.4091331046875 0.94914258125 0.3849120875 0.926792659375 0.3440852546875 0.93848970625 0.35239091718750004 1 0.408656740625 1
2 0.22255408906250002 0.6403867375 0.19265857656250002 0.61526918125 0.174390496875 0.6239201453125001 0.1634591765625 0.660734746875 0.1750866109375 0.6945032671875 0.21328503125 0.702597340625 0.2312746640625 0.6657131265625 0.22255408906250002 0.6403867375
2 0.340248221875 0.40627904062500003 0.3277242484375 0.42475595312500003 0.342258540625 0.46696660312500005 0.3833638203125 0.4835028078125 0.3926328765625 0.421292203125 0.3684118578125 0.3989422828125 0.340248221875 0.40627904062500003
2 0.4309009078125 0.43644458906250005 0.40564412968749997 0.4522234765625 0.40177112031249995 0.4889684671875 0.444329828125 0.5097257359375 0.4780983484375 0.4980983015625 0.47615763906249997 0.44446905000000003 0.4309009078125 0.43644458906250005
2 0.10156299375 0.11074328281250001 0.151388846875 0.1526058765625 0.1837039375 0.136757378125 0.198647490625 0.077314409375 0.10156299375 0.11074328281250001
2 0.0129206265625 0.141265296875 0.0174201375 0.16804511875 0.0458622203125 0.1889416078125 0.09097973125 0.182849446875 0.1048875203125 0.16153528749999999 0.09450468125 0.1108128953125 0.0129206265625 0.141265296875
2 0.43046875 0.52890625 0.078125 0.0828125
2 0.3390625 0.04375 0.1015625 0.0625