2 0.30451743124999997 0.305413840625 0.2721433296875 0.30255038125 0.22825432812500002 0.33591289375 0.216423528125 0.3791904484375 0.2359987765625 0.415396065625 0.26388920625 0.42371125000000004 0.3077782078125 0.3903487390625 0.30451743124999997 0.305413840625
2 0.41748524218750005 0.52809926875 0.402393665625 0.486441925 0.35494834062499997 0.47301126875 0.3184268234375 0.49963809843749996 0.300196596875 0.55958673125 0.330675296875 0.6047596890625 0.3685011234375 0.61210681875 0.399255015625 0.5880479015625 0.41748524218750005 0.52809926875
2 0.30438472031249997 0.5922767343750001 0.2777782453125 0.5868453640625 0.24542449687499998 0.61507205 0.2496329765625 0.6788521984375 0.2759235515625 0.691335153125 0.319812553125 0.6579726406249999 0.30438472031249997 0.5922767343750001
2 0.3864765140625 0.6524802046875 0.36466960937500004 0.6345455234374999 0.33294766249999996 0.6486690453125 0.311181465625 0.6929146562499999 0.3349244828125 0.7307201296875 0.363130815625 0.7319837312499999 0.39066463749999997 0.6851702093750001 0.3864765140625 0.6524802046875
2 0.22472812968749997 0.8247037859375 0.1846502890625 0.8045374453124999 0.1529283421875 0.8186609671875 0.1298985453125 0.8911129109375 0.2007506296875 0.918310478125 0.2314841671875 0.863161415625 0.22472812968749997 0.8247037859375
2 0 0.6750919890625 0.0124470640625 0.673879209375 0.0399808859375 0.627065684375 0.03482470625 0.5844402859375 0.00885003125 0.564905746875 0 0.5678308000000001 0 0.6750919890625
2 0 0.4141621390625 0.032786821875 0.4091187640625 0.043017764062500005 0.3700089796875 0.0272943859375 0.3424548015625 0 0.40790755 0 0.4141621390625
2 0.10060202968750001 0.6933730375 0.0839105953125 0.6558834640625 0.063071746875 0.6478841796875 0.0355175703125 0.66360755625 0.018255399999999998 0.7334915875 0.048713743749999996 0.7475743984375 0.08940303125 0.722547425 0.10060202968750001 0.6933730375
2 0.4767466390625 0 0.4492381265625 0.071662125 0.469149628125 0.131906303125 0.52524639375 0.141485090625 0.5643358234375 0.1206258875 0.60180504375 0.0728443078125 0.589773009375 0 0.4767466390625 0
2 0.52981148125 0.2603939484375 0.50415270625 0.23380782656250002 0.47754623125 0.2283764546875 0.43108931874999995 0.25597134062500004 0.413827146875 0.325855371875 0.44173793281249996 0.3652607015625 0.490446859375 0.350485025 0.5189487390624999 0.3136068984375 0.52981148125 0.2603939484375
2 0.623642071875 0.6263630499999999 0.604382725 0.58310585 0.561105171875 0.5712750515625 0.5181842265625 0.614572959375 0.5037855140625 0.6520828875 0.522728959375 0.7023916703124999 0.5672904703125 0.7171062828125 0.6054118453124999 0.686311684375 0.623642071875 0.6263630499999999
2 0.7660798171875001 0.822105746875 0.7369054296875001 0.8109067484375 0.7093512515625 0.8266301265625 0.69015296875 0.8766433640625 0.707160303125 0.9070813546875 0.7382504484375 0.907061 0.769004340625 0.8830020828125 0.7660798171875001 0.822105746875
2 0.9521826656249999 0.6424943296875 0.921388065625 0.60437295625 0.8787626656249999 0.6095291359375 0.8476928750000001 0.6406396359375 0.8336304171875 0.7021881265625 0.8557735781250001 0.7441613703125001 0.8894316359375001 0.7499086421875 0.9358885484374999 0.7223137562499999 0.9521826656249999 0.6424943296875
2 0.8436404796874999 1 0.8540003015625001 0.9730117421875001 0.8350772093750001 0.9537931046875 0.78348446875 0.9698527390624999 0.7848689375 1 0.8436404796874999 1
2 0.2799382546875 0.948707759375 0.3549581125 0.9775051843749999 0.3215956 0.9336161828125 0.2799382546875 0.948707759375
2 0.6075319593749999 0.008096103125 0.6312749765625 0.045901578124999995 0.659165409375 0.0542167625 0.6867195859375 0.038493384375 0.6075319593749999 0.008096103125
2 0.4953125 0.92265625 0.2375 0.1546875