2 0.5275959546875 0 0.5214670640625 0.0414779296875 0.540946021875 0.0766189 0.5682559859375 0.08444990625 0.6033969578125 0.0649709484375 0.6086395296875 0.023782996875 0.59177516875 0 0.5275959546875 0
2 0.6098023359375 0.1686098328125 0.6492719640625 0.156939978125 0.6549386421875 0.1257254625 0.6332953546875 0.0866799390625 0.5890729640625 0.0805672546875 0.568680090625 0.0944233390625 0.5673420703125001 0.1334469609375 0.6098023359375 0.1686098328125
2 0.7541831625000001 0.1804548984375 0.7871598046875 0.1570713890625 0.7902380484375 0.1119788875 0.7690188671875 0.082906796875 0.7269608062499999 0.080698665625 0.7069701359375 0.12750948906249998 0.7268732 0.17262389218750002 0.7541831625000001 0.1804548984375
2 0.7748030265625 0.383404009375 0.8351334359375 0.3218888921875 0.819134925 0.274610159375 0.786626190625 0.262004490625 0.767973540625 0.2697916921875 0.7561941796875 0.3452286 0.7748030265625 0.383404009375
2 0.8518049421875 0.5729649453125 0.8925687874999999 0.568234084375 0.9026079265625 0.49886605937499995 0.8358940390624999 0.4337609859375 0.81202071875 0.45975483125 0.8076263562499999 0.520889646875 0.8518049421875 0.5729649453125
2 0.73147265 0.351275578125 0.7566620890625 0.30923941875 0.7389233546875 0.26802956718750004 0.7207167109375 0.26280889687500003 0.698159509375 0.272760428125 0.6885882796875 0.3061392734375 0.73147265 0.351275578125
2 0.826952003125 0.716899765625 0.8464747640624999 0.7060781234375 0.8517173359375001 0.664890171875 0.8057985249999999 0.6188837546875 0.783241325 0.6288352875000001 0.7758344234375001 0.666118684375 0.826952003125 0.716899765625
2 0.6425679343749999 0.821657653125 0.6898247640624999 0.82864045 0.7284461828125 0.7970237296875 0.73326465 0.745862346875 0.70079971875 0.6872940625 0.652248671875 0.6733722734375001 0.61840191875 0.699790225 0.6144316609375 0.7708984734375 0.6425679343749999 0.821657653125
2 0.5507303125 0.72964481875 0.5797805015625 0.7314069437499999 0.608852590625 0.7101877625 0.6149871765625 0.6429840671875 0.5976725468749999 0.6117476484375 0.5556144859375001 0.6095395171875 0.5295768375 0.631628809375 0.5247583687499999 0.6827901921875 0.5507303125 0.72964481875
2 0.4862683625 0.5765190718750001 0.5192231015625 0.57611686875 0.5370275421875 0.5483827984375 0.5153842546875 0.509337275 0.4889444015625 0.49847182968750003 0.46248264843750003 0.5105876890625 0.45855619531249997 0.5357333234375 0.4862683625 0.5765190718750001
2 0.5644251125 0.46428857656250005 0.57446425 0.3949205515625 0.5215845453125 0.37318965937500004 0.499853653125 0.4260693640625 0.5275658203125 0.46685510937499997 0.5644251125 0.46428857656250005
2 0.57928271875 0.34375916875 0.612683465625 0.33034909218749997 0.6300637984375 0.2926415890625 0.5911058828125 0.22235964843749997 0.5490697234375 0.1971702109375 0.520443640625 0.20538151718750003 0.5073700624999999 0.27387943125 0.529437453125 0.3228983875 0.57928271875 0.34375916875
2 0.40906135781249997 0.1471716328125 0.424679565625 0.13851431875 0.43034624375 0.10729980312500001 0.413031615625 0.076063384375 0.37271377656250004 0.067786371875 0.357943778125 0.09639055156250001 0.367025196875 0.12198219375 0.40906135781249997 0.1471716328125
2 0.30836930625000003 0.246372353125 0.3335149421875 0.25029880625 0.3647513609375 0.232984178125 0.369569828125 0.18182279375 0.343597884375 0.134968165625 0.3071845984375 0.12452682500000001 0.2672689640625 0.1492045515625 0.2641907203125 0.1942970546875 0.30836930625000003 0.246372353125
2 0.29315330156249997 0.28798440625 0.30272453125 0.25460556093750003 0.244667959375 0.205118696875 0.2164440796875 0.24628474531250003 0.2619168828125 0.30529903593749996 0.29315330156249997 0.28798440625
2 0.19210285 0.308267771875 0.219434715625 0.2931174703125 0.2151279609375 0.2623270609375 0.1995535546875 0.22502176093749998 0.160975940625 0.21067586718750003 0.1453577328125 0.21933318124999998 0.1582999 0.288723109375 0.19210285 0.308267771875
2 0.1649680984375 0.1165863109375 0.094686159375 0.155544225 0.1601496328125 0.16774769375 0.1649680984375 0.1165863109375
2 0.370242825 0.385620115625 0.417923759375 0.40257634375 0.4608957359375 0.355787421875 0.4184573734375 0.2976432421875 0.3781395359375 0.28936622968750003 0.35210188750000004 0.3114555234375 0.3485995375 0.3465745921875 0.370242825 0.385620115625
2 0.664591521875 0.9166392218749999 0.7079438 0.9257863484375 0.7205713734375 0.8702963078125 0.701092415625 0.8351553375 0.6750766671874999 0.8342633234375001 0.6486149140624999 0.8463791828125 0.6451125656250001 0.881498253125 0.664591521875 0.9166392218749999
2 0.8094402578125001 0.892495109375 0.7557123421874999 0.85081735 0.7292286875 0.8859145156249999 0.752166190625 0.9318990312500001 0.8094402578125001 0.892495109375
2 0.54834696875 0.9555533359374999 0.59819223125 0.9764141171875 0.6207932375 0.9204999718750001 0.5991499499999999 0.8814544484375 0.567065321875 0.8788222125 0.5406035671875 0.8909380718750001 0.5288680109375 0.9204123640624999 0.54834696875 0.9555533359374999
2 0.4971855859375 0.9507348671875 0.5184485703124999 0.93384434375 0.5202106953125 0.90479415625 0.4677988984375 0.84707408125 0.443501475 0.8630944953125 0.44432778281249996 0.9060226671875 0.4971855859375 0.9507348671875
2 0.3450613578125 0.8742745375000001 0.378440203125 0.8838457671875 0.40186751718749997 0.8708597953125 0.4088503140625 0.823602965625 0.3897954609375 0.798435428125 0.3412444140625 0.7845136390625 0.326496315625 0.7901365140625 0.32167784843749997 0.841297896875 0.3450613578125 0.8742745375000001
2 0.5498431874999999 1 0.5392217453125 0.9759243078125 0.521015103125 0.9707036359375 0.4945533484375 0.9828194968749999 0.48538183437500004 1 0.5498431874999999 1
2 0.46337420937499996 1 0.473312265625 0.9767287140625 0.44169554375000003 0.938107296875 0.40137770625 0.9298302828124999 0.37882050624999997 0.9397818156250001 0.369249275 0.973160659375 0.3841265640625 1 0.46337420937499996 1
2 0.1640621578125 0.612201628125 0.18920779375000002 0.6161280828125 0.21437533125 0.5970732296875 0.21613745624999997 0.568023040625 0.2009871546875 0.540691175 0.1728070796875 0.535894609375 0.146345325 0.5480104703124999 0.1428429765625 0.5831295390625 0.1640621578125 0.612201628125
2 0.113748984375 0.6273300265625 0.1332936484375 0.5935270765625 0.1341856609375 0.5675113296875 0.10256894218749998 0.5288899109375 0.058302746875 0.5687398406249999 0.09380211875 0.6281782375 0.113748984375 0.6273300265625
2 0 0.3996929796875 0.0012257953125 0.401312003125 0.0545515078125 0.4100350203125 0.07581449375 0.3931444984375 0.0767284078125 0.34414744375 0.05724945 0.3090064734375 0.012602954687500001 0.29292035625 0 0.3007994671875 0 0.3996929796875
2 0.26796875 0.6515625 0.2125 0.2515625
2 0.940625 0.4875 0.11875 0.25