2 0.08359375 0.075 0.09765625 0.12890625
2 0.3421875 0.0625 0.16015625 0.125
2 0.23984375 0.234375 0.12890625 0.17109375
2 0.35 0.4796875 0.11953125 0.159375
2 0.48828125 0.13203125 0.14453125 0.1703125
2 0.59296875 0.25078125 0.14296875 0.1671875
2 0.55 0.3890625 0.10546875 0.13671875
2 0.609375 0.4953125 0.1296875 0.1703125
2 0.02265625 0.69296875 0.04453125 0.17578125
2 0.071875 0.77109375 0.11796875 0.165625
2 0.1671875 0.7859375 0.11796875 0.1546875
2 0.040625 0.86796875 0.08125 0.1703125
2 0.1765625 0.92421875 0.1125 0.14765625
2 0.02890625 0.959375 0.0578125 0.08125
2 0.48046875 0.93359375 0.09921875 0.1328125
2 0.58125 0.94609375 0.10234375 0.1078125
2 0.6609375 0.15390625 0.14375 0.15625
2 0.74140625 0.07109375 0.11484375 0.13671875
2 0.62890625 0.02109375 0.12890625 0.0421875
2 0.8953125 0.0671875 0.12578125 0.134375
2 0.76875 0.17109375 0.1 0.10546875
2 0.74453125 0.58359375 0.1328125 0.16015625
2 0.81796875 0.51796875 0.12109375 0.15859375
2 0.70234375 0.8265625 0.11640625 0.15859375
2 0.79296875 0.94453125 0.1328125 0.1109375
2 0.84453125 0.80390625 0.13359375 0.18671875
2 0.95078125 0.59296875 0.0984375 0.1453125
2 0.975 0.03515625 0.05 0.0703125
2 0.7125 0.30234375 0.1125 0.15703125
2 0.96875 0.265625 0.06171875 0.17265625