2 0.8734375 0.884375 0.09921875 0.115625
2 0.953125 0.771875 0.09375 0.1296875
2 0.79921875 0.6234375 0.084375 0.10703125
2 0.87421875 0.478125 0.1 0.1375
2 0.91484375 0.32890625 0.10078125 0.13515625
2 0.73984375 0.32578125 0.0953125 0.11953125
2 0.89140625 0.21328125 0.1125 0.140625
2 0.64765625 0.3328125 0.0984375 0.146875
2 0.5875 0.4390625 0.11171875 0.1453125
2 0.53359375 0.62265625 0.0828125 0.11796875
2 0.62421875 0.7328125 0.140625 0.17421875
2 0.7046875 0.87109375 0.0953125 0.12109375
2 0.5703125 0.86640625 0.13515625 0.1296875
2 0.3640625 0.80703125 0.1203125 0.1359375
2 0.24375 0.94296875 0.1390625 0.11328125
2 0.19609375 0.63828125 0.11015625 0.159375
2 0.19296875 0.4140625 0.12109375 0.128125
2 0.42109375 0.4640625 0.109375 0.1328125
2 0.4125 0.328125 0.109375 0.14140625
2 0.44453125 0.17578125 0.0890625 0.128125
2 0.35 0.2015625 0.13203125 0.19609375
2 0.06015625 0.39609375 0.1046875 0.14296875
2 0.41328125 0.9796875 0.07578125 0.03984375
2 0.84375 0.98125 0.08359375 0.0375
2 0.015625 0.45625 0.03046875 0.11953125
2 0.0453125 0.196875 0.08984375 0.20625
2 0.78828125 0.1984375 0.14296875 0.19296875
2 0.06953125 0.93359375 0.13828125 0.1328125