0 0.89765625 0.43359375 0.0625 0.071875
0 0.95078125 0.24140625 0.0984375 0.10703125
0 0.65390625 0.196875 0.0484375 0.053125
0 0.54609375 0.3703125 0.08828125 0.1125
0 0.51015625 0.47265625 0.0625 0.07421875
0 0.45 0.5078125 0.06796875 0.06328125
0 0.59296875 0.6078125 0.09140625 0.1125
0 0.68125 0.821875 0.0625 0.0671875
0 0.8328125 0.934375 0.065625 0.08203125
0 0.1328125 0.93046875 0.0953125 0.075
0 0.234375 0.70078125 0.08046875 0.1171875
0 0.21484375 0.55390625 0.071875 0.11953125
0 0.15859375 0.47578125 0.09140625 0.16875
0 0.18671875 0.32734375 0.1140625 0.13515625
0 0.11015625 0.26640625 0.06796875 0.08984375
0 0.1078125 0.06484375 0.06015625 0.075
0 0.3515625 0.0953125 0.078125 0.0828125
0 0.41640625 0.04921875 0.0984375 0.0984375
0 0.28359375 0.028125 0.10625 0.05625