2 0.4368304453125 1 0.4449888765625 0.9766428640625 0.42244642656250003 0.9181790484375 0.3917869625 0.901877121875 0.37044087187499997 0.9084032750000001 0.3580546375 0.9518703953125 0.3772696875 1 0.4368304453125 1
2 0.56065225625 0.812903684375 0.5363421796875001 0.8250042890625 0.5252611765624999 0.8727406249999999 0.5370082546875 0.9111635843749999 0.57567586875 0.946024375 0.6144523515625 0.920164415625 0.6171716843749999 0.867982096875 0.56065225625 0.812903684375
2 0.6927123703125 0.8402187234375 0.6522092390625 0.822258040625 0.6217944281250001 0.8525639828125 0.64754551875 0.9520612187499999 0.6741125296875 0.9626119359375 0.7110534953125 0.9536520828124999 0.722488025 0.8918028609374999 0.6927123703125 0.8402187234375
2 0.8021211671874999 0.8697907 0.7821482015625 0.9342503843750001 0.8760709906249999 0.9055353046875 0.8247724859375 0.8675337640624999 0.8021211671874999 0.8697907
2 0.888144678125 0.7617960046875 0.8433723265624999 0.7451405515625 0.8190622515625 0.7572411546875 0.8050172609375 0.810551940625 0.8331341578125 0.8719797437500001 0.873460528125 0.8969968703125 0.907791034375 0.87949858125 0.92053079375 0.8219185781249999 0.888144678125 0.7617960046875
2 0.8162481125 0.5877097874999999 0.77278099375 0.5753235515624999 0.74426959375 0.6423936953125 0.76289635 0.688049859375 0.80879716875 0.716030971875 0.8401636859374999 0.7041071328124999 0.852903446875 0.646527128125 0.8162481125 0.5877097874999999
2 0.863073721875 0.46602362499999994 0.8324142546875001 0.449721696875 0.7821353484375 0.48376656875 0.7766287921874999 0.53446689375 0.8192121 0.5821353375 0.8487430984375001 0.5871116062499999 0.8832503640624999 0.5625568750000001 0.8872749265625 0.5146437749999999 0.863073721875 0.46602362499999994
2 0.5574845921875 0.6574852 0.5087965484375 0.6280220953125 0.4789120234375 0.6371587109375 0.46451350781249995 0.7045823812500001 0.48052980312500004 0.7417001078125 0.5221614046874999 0.7709864515625 0.5577971390625 0.75775738125 0.580027040625 0.7159490171875 0.5574845921875 0.6574852
2 0.397198709375 0.6294631109375 0.3818484859375 0.6785046796875001 0.414588128125 0.7245143671875 0.45075415 0.690115971875 0.4416175328125 0.660231446875 0.397198709375 0.6294631109375
2 0.3705638046875 0.5652480843750001 0.3356351203125 0.5502513875 0.3083610578125 0.5679264374999999 0.2917056046875 0.6126987890625 0.31721204062499997 0.66558815625 0.3523174875 0.6735284125 0.3721815828125 0.66978948125 0.38919056093750004 0.610904246875 0.3705638046875 0.5652480843750001
2 0.42568319218750006 0.394343590625 0.38944927812499996 0.375077678125 0.3480623328125 0.392399203125 0.337334853125 0.42602265624999996 0.356913315625 0.49006092187499994 0.398544915625 0.519347265625 0.43287542187500005 0.5018489765624999 0.44561518125 0.44426897343749994 0.42568319218750006 0.394343590625
2 0.131814225 0.45617875 0.0857366453125 0.43525408125 0.0656957859375 0.446049453125 0.050345565625 0.49509102031249996 0.05948218125 0.52497554375 0.10929869218749999 0.565764309375 0.1406652078125 0.5538404703124999 0.154356675 0.5146425671875 0.131814225 0.45617875
2 0 0.5747255 0.0198897765625 0.6397820265624999 0.07171856875 0.6566142421875 0.104920603125 0.6277902921875 0.0951858078125 0.565410784375 0.0425820734375 0.5231400265625 0.016966767187500002 0.5309714109375 0 0.5692331609375 0 0.5747255
2 0.1595062140625 1 0.1729283921875 0.957118234375 0.1546551609375 0.8973491875 0.1256544484375 0.8712035921875 0.0942879328125 0.8831274328125 0.13001946250000002 1 0.1595062140625 1
2 0.27419600625 1 0.2756342703125 0.9724005625000001 0.2535132390625 0.9534881734375 0.222323484375 0.9583555718750001 0.213109521875 1 0.27419600625 1
2 0.3215093828125 0.099414046875 0.28693422343749997 0.0703044671875 0.2540857125 0.08501553125 0.24205300312500003 0.11436976875 0.2538000796875 0.1527927265625 0.2885520015625 0.1748458640625 0.3126853140625 0.1698017046875 0.32898724218750003 0.13914223750000002 0.3215093828125 0.099414046875
2 0 0.1960662328125 0.0013180578125 0.19730635937500002 0.03452009375 0.1684824125 0.03575743125 0.11908731875 0 0.130980278125 0 0.1960662328125
2 0.8026526625000001 0.11570312187500001 0.7510006328125 0.0918144640625 0.7168468921875 0.10225631093750001 0.6977577390625 0.131433784375 0.692251184375 0.1821341078125 0.7147936328125 0.24059792500000002 0.7633049140625 0.27711747343750004 0.8104430718750001 0.2557034921875 0.8278055734375 0.18270537343749998 0.8026526625000001 0.11570312187500001
2 0.9010893234375 0.1322906828125 0.8715993031249999 0.012929350000000001 0.8516263374999999 0.07738903281250001 0.9010893234375 0.1322906828125
2 0.5773197640625 0 0.580272903125 0.029638634375 0.6313946453125 0.07469661562499999 0.6755688156249999 0.058857084375 0.6977987171875 0.017048720312499998 0.6953256046875 0 0.5773197640625 0
2 0.13821865625000002 0.087761778125 0.1573757 0.11224861718750001 0.192481146875 0.120188871875 0.224377953125 0.08709570625 0.2221210140625 0.0644443859375 0.13821865625000002 0.087761778125
2 0.9546875 0.678125 0.090625 0.275