2 0.63836214375 0.41428147031250007 0.5929876265625 0.410558925 0.551573596875 0.433515096875 0.5453590296875 0.5199727828125 0.57722875625 0.53839966875 0.6342777640625 0.51760465625 0.6527046484375 0.485734928125 0.63836214375 0.41428147031250007
2 0.649281990625 0.538161728125 0.6235339093750001 0.5307785843749999 0.549619403125 0.5537037828125 0.537283190625 0.629117728125 0.5783353859375 0.664110225 0.630162409375 0.6534283171874999 0.6556415765625 0.621258703125 0.649281990625 0.538161728125
2 0.5666608953125001 0.68862778125 0.5574164796875001 0.737063121875 0.595407853125 0.7665337484375 0.6359222203125 0.7224207296875 0.63628405625 0.664472059375 0.605014103125 0.6601497390625 0.5666608953125001 0.68862778125
2 0.77447584375 0.7575061468750001 0.7671856203125 0.6857528 0.7233724890625 0.6522907140624999 0.650057759375 0.689320478125 0.6174643625 0.7867909328125 0.6434813562499999 0.8337268328125 0.6738206734375 0.8493927828125001 0.7394523734375 0.8310588187500001 0.77447584375 0.7575061468750001
2 0.7568655484375 0.5759771078125 0.76304914375 0.5220198984375 0.7321100515625 0.49224938281249997 0.6833438515625 0.5084531609375 0.66245591875 0.54890558125 0.6679158421875 0.6108457109375001 0.7028463921875 0.6347944671875 0.7414994874999999 0.61336870625 0.7568655484375 0.5759771078125
2 0.8087545203125 0.5002942499999999 0.7759231828125001 0.52571146875 0.76361794375 0.5686249390625 0.7749306 0.6020560500000001 0.8095612609374999 0.618952525 0.8580585484375 0.5631959890625 0.8461461187499999 0.5156603125 0.8087545203125 0.5002942499999999
2 0.8703849124999999 0.819839084375 0.8090755328125001 0.8069030953125 0.792179059375 0.841533759375 0.79763898125 0.9034738875 0.83563035625 0.9329445140624999 0.8712226281250001 0.9059968828124999 0.8890497375 0.8600225921875 0.8703849124999999 0.819839084375
2 0.95786615625 0.7172085953125 0.9944819859375 0.5814159078125 0.9518374312500001 0.608663425 0.932779796875 0.6589290640625001 0.935809646875 0.6969514109375 0.95786615625 0.7172085953125
2 1 0.346783571875 0.9661588109375 0.3805603203125 0.9774714671875 0.4139914328125 1 0.42236913906250007 1 0.346783571875
2 1 0.154306953125 0.9823104890625001 0.16227043125 0.9552699375 0.22417958593749998 0.963190909375 0.277537021875 0.9913690640624999 0.3088379484375 1 0.3072281609375 1 0.154306953125
2 0.8317515140625 0.17715076406250002 0.7636897406250001 0.1715669453125 0.7431326687500001 0.18657117343750002 0.7338572796875 0.26750698906250003 0.796366209375 0.30865210625 0.855245515625 0.29767031093749996 0.8620598562499999 0.2253171890625 0.8317515140625 0.17715076406250002
2 0.662072959375 0.3072976875 0.633594915625 0.268944478125 0.5808682296875001 0.2584695390625 0.5603111578125 0.27347376562500003 0.5412225515625 0.35623987968750004 0.5555960296875 0.3951928640625 0.58716586875 0.40656746562499996 0.6399235296875 0.3845419296875 0.662072959375 0.3072976875
2 0.676363365625 0.11169505625000001 0.664450934375 0.06415937968749999 0.6239985140625001 0.043271446875 0.5678491703125 0.08522330624999999 0.5493913125 0.149593509375 0.562534265625 0.19283783906250002 0.59410410625 0.20421244062500002 0.6560752078125 0.1662520421875 0.676363365625 0.11169505625000001
2 0.422833190625 0.3965993796875 0.41974139375 0.42357798437499994 0.4534414203125 0.4518180890625 0.49824713593750003 0.4089355921875 0.4952172859375 0.37091324531250003 0.46610849375 0.35095595 0.422833190625 0.3965993796875
2 0.46139336406250003 0.47267504687499995 0.463192690625 0.514988740625 0.48771024687500003 0.5266632312499999 0.5318852140625 0.502176646875 0.533777459375 0.4469889125 0.517542709375 0.43072318750000005 0.46139336406250003 0.47267504687499995
2 0.441973896875 0.5808893546875 0.4174563390625 0.5692148640625 0.3600764703125 0.6154580703125 0.37258867812499996 0.6770983109375 0.40109769218749997 0.6829510421875 0.4366899671875 0.6560034109374999 0.4502257296875 0.608798596875 0.441973896875 0.5808893546875
2 0.3583081203125 0.5406439 0.33964329375 0.50046039375 0.30654304374999997 0.48632485625 0.2761727546875 0.5031593812499999 0.255284821875 0.543611803125 0.27148859999999997 0.592378003125 0.3030584375 0.6037526062499999 0.3417115328125 0.5823268453125 0.3583081203125 0.5406439
2 0.3713989765625 0.3168321421875 0.353964675 0.2723572875 0.313512253125 0.2514693546875 0.275159046875 0.27994739687500003 0.2714365015625 0.3253219140625 0.2839796796875 0.35446167968750003 0.3241322140625 0.3682973296875 0.354802390625 0.3585150875 0.3713989765625 0.3168321421875
2 0.1793232 0.7842271140625 0.1578664671875 0.7780744937499999 0.1054086921875 0.8071523125000001 0.07956769062499999 0.8972705968750001 0.16539462968750002 0.9218810749999999 0.1948652546875 0.8838897015624999 0.20534019531249997 0.8311630156250001 0.1793232 0.7842271140625
2 0 0.874454928125 0.0666936515625 0.893579025 0.086382034375 0.824917475 0.07137780625 0.804360403125 0.031525159375 0.7975770359375 0 0.8694068046875 0 0.874454928125
2 0.08671875 0.5609375 0.1734375 0.234375
2 0.3625 0.9390625 0.203125 0.121875