0 0.10859375 0.48515625 0.1328125 0.1578125
0 0.065625 0.2171875 0.0875 0.0953125
0 0.34296875 0.178125 0.1328125 0.1453125
0 0.55703125 0.04765625 0.1046875 0.0953125
0 0.55390625 0.37890625 0.1296875 0.1484375
0 0.39921875 0.38984375 0.065625 0.078125
0 0.253125 0.4765625 0.0859375 0.09375
0 0.296875 0.721875 0.1625 0.1859375
0 0.32734375 0.82578125 0.075 0.084375
0 0.39453125 0.7484375 0.0859375 0.0984375
0 0.5515625 0.73828125 0.1046875 0.11875
0 0.653125 0.6515625 0.090625 0.1015625
0 0.784375 0.590625 0.1375 0.1609375
0 0.85234375 0.3765625 0.1625 0.1921875
0 0.86875 0.21796875 0.1890625 0.2171875
0 0.775 0.27578125 0.0984375 0.1078125
0 0.68359375 0.284375 0.0875 0.1015625
0 0.64921875 0.36015625 0.1 0.1125
0 0.6625 0.92421875 0.1046875 0.115625
0 0.1015625 0.87265625 0.0671875 0.0984375
0 0.14140625 0.803125 0.0609375 0.071875
0 0.44140625 0.984375 0.1265625 0.03125
0 0.90390625 0.09609375 0.0390625 0.08125