2 0.48515625 0.26484375 0.0828125 0.11484375
2 0.31796875 0.4265625 0.11171875 0.1375
2 0.12734375 0.6 0.09140625 0.1203125
2 0.03515625 0.32890625 0.0703125 0.10859375
2 0.1765625 0.75625 0.0890625 0.09765625
2 0.29140625 0.61875 0.08359375 0.109375
2 0.4125 0.4734375 0.121875 0.16328125
2 0.48984375 0.39140625 0.11484375 0.13828125
2 0.70078125 0.22109375 0.0984375 0.128125
2 0.609375 0.03203125 0.1 0.0640625
2 0.4234375 0.62421875 0.11171875 0.13515625
2 0.359375 0.75078125 0.09765625 0.13125
2 0.4875 0.81171875 0.09375 0.1203125
2 0.4171875 0.875 0.0859375 0.1296875
2 0.27265625 0.9265625 0.1046875 0.1359375
2 0.36171875 0.95 0.09296875 0.09921875
2 0.71640625 0.50703125 0.09375 0.125
2 0.65546875 0.63515625 0.09609375 0.1125
2 0.76484375 0.371875 0.10078125 0.13203125
2 0.90625 0.325 0.10703125 0.1546875
2 0.846875 0.4765625 0.0859375 0.0953125
2 0.9296875 0.48359375 0.0890625 0.1140625
2 0.859375 0.5703125 0.09765625 0.1125
2 0.96640625 0.56484375 0.0671875 0.1203125
2 0.96640625 0.39609375 0.0671875 0.1109375
2 0.965625 0.246875 0.06796875 0.11875