2 0.1194554484375 0.22024009531250002 0.08458155625 0.1775421640625 0.0323277140625 0.32244219531249996 0.0477585453125 0.3324769765625 0.0816662890625 0.3299877859375 0.1159917 0.2851487234375 0.1194554484375 0.22024009531250002
2 0.15270663125 0 0.145555975 0.007315745312499999 0.1407780171875 0.0623288125 0.1630583265625 0.09360814218749999 0.191221965625 0.1009449 0.21821061875 0.08426947343749999 0.23419834062499997 0.037837759375 0.22844485625000002 0 0.15270663125 0
2 0.24838899374999998 0 0.252675253125 0.0253137859375 0.312048609375 0.017428546875 0.3180497390625 0 0.24838899374999998 0
2 0.3428567765625 0 0.3347465859375 0.006358003125 0.3439460328125 0.0756269203125 0.370656240625 0.0871847421875 0.40055175312499997 0.062067185937500005 0.406643915625 0.0169496765625 0.396554453125 0 0.3428567765625 0
2 0.4623362796875 0.23915149375000003 0.43749716875000005 0.1810227328125 0.400752178125 0.184895740625 0.377914978125 0.210082909375 0.3814399296875 0.2821194609375 0.41237120312500003 0.2951307109375 0.449255415625 0.2771410796875 0.4623362796875 0.23915149375000003
2 0.536444353125 0.311884159375 0.5184547203125 0.2749999453125 0.4874538359375 0.26904700625 0.4504304 0.3011532640625 0.43997794843750004 0.3589339671875 0.4651651171875 0.38177116875 0.49900325 0.3863402890625 0.5217708375 0.368211434375 0.536444353125 0.311884159375
2 0.46640971249999996 0.39872504062499997 0.4227456328125 0.3884118125 0.38717562499999997 0.4162970046875 0.375548190625 0.450065525 0.39201478437500004 0.4982291140625 0.4598302703125 0.493250734375 0.4843993453125 0.43560925156249997 0.46640971249999996 0.39872504062499997
2 0.7464618453125 0.34642681406250003 0.7214835125 0.3024146765625 0.682040496875 0.29355487812500003 0.63221464375 0.3354174734375 0.6203087625 0.3974192421875 0.6439032796874999 0.43859413125 0.6889511765624999 0.45174460625 0.7301956781250001 0.421091778125 0.7464618453125 0.34642681406250003
2 0.7807788484375 0.4455912421875 0.7436161890624999 0.4918141234375 0.76721070625 0.5329890125000001 0.793990525 0.5374885234375 0.8184203765625 0.49396366562500005 0.7807788484375 0.4455912421875
2 0.942788790625 0.19447688125 0.921683465625 0.187209734375 0.8875668875 0.2108738609375 0.8829281546875001 0.2517703046875 0.8982197624999999 0.2759217109375 0.9122667765625 0.283119246875 0.946383353125 0.25945511875 0.942788790625 0.19447688125
2 1 0.294644421875 0.99551309375 0.2881756484375 0.9586288812499999 0.30616528125000003 0.960839625 0.368306271875 1 0.3613627546875 1 0.294644421875
2 0.9739732812499999 0.611265359375 0.92297244375 0.62911576875 0.9193694718750001 0.708141021875 0.95749828125 0.7071052609375 0.9851134359374999 0.626905025 0.9739732812499999 0.611265359375
2 0.857568128125 0.8190636984375 0.8397177171875001 0.768062859375 0.8059491984375 0.756435425 0.7718326203125 0.780099553125 0.750170403125 0.8292989046875 0.7624159296874999 0.876009065625 0.807463828125 0.8891595390625 0.8344524812499999 0.8724841140624999 0.857568128125 0.8190636984375
2 0.792669465625 1 0.8605361874999999 0.947566746875 0.8581166093749999 0.9066006906249999 0.787672709375 0.8917879531249999 0.7437997953125 0.9026496625 0.7163238625 0.968733275 0.734666990625 1 0.792669465625 1
2 0.6661667703124999 0.7578804453125 0.6509447734375 0.726670728125 0.624164953125 0.7221712171875 0.5900483765625 0.7458353437499999 0.575514084375 0.7880459953125001 0.584991975 0.8290816609375 0.615923246875 0.8420929125000001 0.652946684375 0.8099866562500001 0.6661667703124999 0.7578804453125
2 0.42998755156249996 0.7993169625000001 0.4183601171875 0.8330854828125001 0.43496593125 0.8671324484375 0.48444372968750005 0.8605614156250001 0.4852094546875 0.78291998125 0.42998755156249996 0.7993169625000001
2 0.5600136421874999 0.785069525 0.5119196625 0.7944778046875001 0.4943392875 0.8592472093750001 0.5138519625 0.8848520453125 0.5620155515625 0.868385453125 0.57654984375 0.8261748015625001 0.5600136421874999 0.785069525
2 0.487289384375 0.71517410625 0.4678463234375 0.6825109578124999 0.44528756875 0.6794648765625 0.40404306874999996 0.7101177046875 0.393729840625 0.7537817859375 0.40756801875 0.78215425625 0.4371850859375 0.7852699484375 0.4769761578125 0.7588381859375 0.487289384375 0.71517410625
2 0.57335528125 1 0.585053178125 0.9660268406249999 0.5699704031249999 0.9207004968750001 0.5431905828125 0.9162009875000001 0.5147484999999999 0.937097478125 0.5016676375 0.9750870640624999 0.5076354578125 1 0.57335528125 1
2 0.6558366265625 1 0.6568112828125 0.9907351375 0.6344613640625 0.9665141203125 0.5905884484375 0.9773758296875 0.5809451343750001 1 0.6558366265625 1
2 0.3153922921875 0.82359918125 0.2744262359375 0.8260187609375 0.2501356078125 0.8554269937500001 0.2427292390625 0.8906489437499999 0.26355611875 0.9261493390625001 0.31594077343750004 0.9111361765625 0.3320677171875 0.8505878359375 0.3153922921875 0.82359918125
2 0.1913971625 0.6557839328124999 0.1720933234375 0.6090041578125 0.12399934374999999 0.6184124390625 0.099708715625 0.647820671875 0.0963841875 0.698612675 0.113129225 0.7185430171875 0.1370717984375 0.72442634375 0.175409440625 0.702215646875 0.1913971625 0.6557839328124999
2 0.19685441406249998 0.818194725 0.1859927046875 0.7743218093750001 0.1481423421875 0.747124321875 0.1070370625 0.7636605249999999 0.08101455937499999 0.825523071875 0.10723748749999999 0.88648908125 0.12972663125 0.8965934750000001 0.165157415625 0.88282490625 0.19685441406249998 0.818194725
2 0 0.7340000453125 0.00282464375 0.737220353125 0.045313739062500004 0.7235213968750001 0.038812318750000005 0.6669852875 0.0120324984375 0.662485778125 0 0.6713260937500001 0 0.7340000453125
2 0 0.439685534375 0.011353203125 0.4450619171875 0.0440163515625 0.42561885468750005 0.060004073437500006 0.3791871390625 0.0462355046875 0.3437563546875 0.026513998437500002 0.3393264546875 0 0.41632869687499996 0 0.439685534375
2 0.496875 0.01328125 0.11875 0.0265625