2 0.8171875 0.8046875 0.16484375 0.22578125
2 0.903125 0.89765625 0.096875 0.09375
2 0.696875 0.78125 0.115625 0.15546875
2 0.6390625 0.8859375 0.10390625 0.12890625
2 0.66640625 0.4421875 0.09765625 0.1234375
2 0.803125 0.46875 0.14609375 0.1953125
2 0.871875 0.3453125 0.11328125 0.1359375
2 0.953125 0.23515625 0.09375 0.14296875
2 0.92265625 0.13203125 0.0796875 0.10859375
2 0.77734375 0.18046875 0.0734375 0.09921875
2 0.7453125 0.31640625 0.090625 0.10625
2 0.5765625 0.20625 0.1 0.1125
2 0.6078125 0.1 0.10234375 0.11875
2 0.44609375 0.3078125 0.078125 0.1140625
2 0.5015625 0.4171875 0.096875 0.1453125
2 0.13828125 0.45234375 0.0796875 0.11328125
2 0.07265625 0.2890625 0.1 0.1359375
2 0.13671875 0.68046875 0.1078125 0.1234375
2 0.15078125 0.796875 0.10859375 0.128125
2 0.0703125 0.9234375 0.140625 0.146875
2 0.04609375 0.76953125 0.0921875 0.15
2 0.30234375 0.26171875 0.22734375 0.1578125
2 0.45859375 0.75546875 0.19453125 0.203125
2 0.9625 0.4 0.07421875 0.22265625