2 0.6584227640625 0.8359191593749999 0.6133643234374999 0.8718086625 0.6112425828125 0.9166239812500001 0.6429075625 0.96637423125 0.6811524515625 0.9710755203125 0.7062659578125 0.938466490625 0.7076867703125 0.8802766703125 0.6584227640625 0.8359191593749999
2 0.6603203390625 0.744176259375 0.6288890031250001 0.6988841765625 0.5660073718749999 0.6932388406250001 0.5387816015625 0.7281937734375 0.5368935031250001 0.7774672609375 0.562455340625 0.8387133921875 0.6126633953125 0.8584341609375 0.65913316875 0.806824246875 0.6603203390625 0.744176259375
2 0.6171879125 0.5609146265625 0.57612035625 0.587654153125 0.5702413749999999 0.6460776171875 0.5967472593750001 0.68268700625 0.6347585046875001 0.6829301265625001 0.6640965359375001 0.6456292890625 0.661993753125 0.6055057796875001 0.6171879125 0.5609146265625
2 0.466759471875 0.6760881390625 0.4348418921875 0.70681855 0.42849562656250006 0.756325678125 0.445617890625 0.7844860171875 0.4885545890625 0.79341183125 0.5181262640625001 0.7605691593749999 0.51555619375 0.7115293171875 0.466759471875 0.6760881390625
2 0.4210190625 0.613664315625 0.405541775 0.5742417359374999 0.34829600156249996 0.5481841796875 0.30816301562500004 0.5927563765625 0.3069758453125 0.655404365625 0.33840718281250004 0.7006964484375 0.38979293125000003 0.7002386406250001 0.41913096406249994 0.6629378015625 0.4210190625 0.613664315625
2 0.3559872546875 0.7802425359375 0.30693793281250004 0.8252820171874999 0.30551711875 0.883471840625 0.3317893609375 0.9156230609374999 0.38317510781249997 0.9151652546875001 0.4127467828125 0.8823225828125001 0.4092421421875 0.8154500703125 0.3559872546875 0.7802425359375
2 0.3873099078125 1 0.38011879843749996 0.942147903125 0.332957575 0.9379138984375001 0.31018997187499997 0.972635190625 0.3116241015625 1 0.3873099078125 1
2 0.282758996875 0.8757237171875 0.26235625625000003 0.8276184437499999 0.223877725 0.8184589890625 0.20087648125 0.8487221125 0.2079047171875 0.8975283125000001 0.225260625 0.9301468203125 0.254589178125 0.9353153953125 0.2719545625 0.9254644890625 0.282758996875 0.8757237171875
2 0.17577245156250002 0.8388617281249999 0.1487898046875 0.8358054171875 0.11944229531249999 0.9155756687500001 0.1459481796875 0.9521850578125 0.17058492187500002 0.953129109375 0.1919411890625 0.9341282234375001 0.1975865265625 0.8712465921874999 0.17577245156250002 0.8388617281249999
2 0.128611228125 0.834627725 0.1070307984375 0.8067010281250001 0.066673646875 0.80434564375 0.03053154375 0.8397678624999999 0.023717992187500002 0.88035865625 0.06007478125 0.93433343125 0.0936278609375 0.9348101953124999 0.11475048437499999 0.9113511437499999 0.128611228125 0.834627725
2 0.1811936265625 0.7290525171875 0.1549213859375 0.69690129375 0.1234805703125 0.6940786250000001 0.09179663125000001 0.7292672015624999 0.10398396406249999 0.7912142625 0.13448073124999999 0.8186736734375 0.1678001671875 0.8146922703125 0.1886891484375 0.7867750515624999 0.1811936265625 0.7290525171875
2 0.0101477609375 0.7067237656249999 0.0145869703125 0.7914289484375 0.059869574999999994 0.802467025 0.08944125 0.769624353125 0.0871048234375 0.7250426765625 0.06974891718750001 0.6924241703125 0.0383081015625 0.6896015015625 0.0101477609375 0.7067237656249999
2 0.1901383984375 0.601176990625 0.167847559375 0.6023452046875 0.15633271875000002 0.6811808859374999 0.17791315000000002 0.709107584375 0.20677441875000002 0.705359821875 0.22719611562500003 0.66852626875 0.22110244843750002 0.6375527390625 0.1901383984375 0.601176990625
2 0.1030967859375 0.5610345265625 0.070945565625 0.5873067671875 0.064832940625 0.6412720640625 0.09157246875 0.682339621875 0.129350071875 0.6781245734375 0.14977176718750002 0.641291021875 0.14696805468750002 0.587793009375 0.1030967859375 0.5610345265625
2 0.21365431875000002 0.3674831375 0.18948486250000002 0.37545542187500003 0.1697640921875 0.425663478125 0.17655868749999998 0.4700115125 0.213392240625 0.4904332078125 0.2518802515625 0.4571232515625 0.2441510859375 0.3949425484375 0.21365431875000002 0.3674831375
2 0.07826431406249999 0.3857546578125 0.11320977031249999 0.45544984062499994 0.1519219453125 0.4690674640625 0.16811911562499998 0.4369257203125 0.1976718328125 0.489021875 0.2265331015625 0.48527411249999997 0.2518802515625 0.4571232515625 0.23922563281250003 0.38625985625000003 0.21365431875000002 0.3674831375 0.18080216875 0.38038087656249997 0.1920738890625 0.3395564390625 0.1653343609375 0.29848888281249997 0.1292017359375 0.2914416875 0.098695490625 0.306451690625 0.07616153125 0.3456311484375 0.07826431406249999 0.3857546578125
2 0.2364787921875 0.077945365625 0.20528109687499999 0.037111451562499995 0.16914847187499998 0.030064257812500002 0.13839910625000001 0.0830855046875 0.140268246875 0.11875084531249999 0.16677413125 0.15536023593749998 0.2054863046875 0.168977859375 0.2350579796875 0.1361351875 0.2364787921875 0.077945365625
2 0.053002471875 0.031680799999999995 0.021785821875 0.0757857109375 0.0255241046875 0.1471163921875 0.046870890625 0.17058492187500002 0.080190328125 0.16660351874999998 0.1050701921875 0.129536321875 0.1022664796875 0.07603831093749999 0.053002471875 0.031680799999999995
2 0.3735232515625 0.0059421921875 0.33691386093750003 0.0324480765625 0.33103488125 0.090871540625 0.36669074375 0.1314718125 0.40001017968749997 0.127490409375 0.4183290921875 0.050533346874999996 0.40308544687500003 0.015568934375 0.3735232515625 0.0059421921875
2 0.643507546875 0.3807187828125 0.624497184375 0.4018319265625 0.6226090859375 0.45110541406250004 0.6444231609375 0.483490278125 0.68243440625 0.48373340000000004 0.7061460562499999 0.424375365625 0.6749483625 0.38354145 0.643507546875 0.3807187828125
2 0.8233024546875001 0.1008361890625 0.7871793078125 0.05131958125 0.7604303015625 0.0527214375 0.724521840625 0.0926018234375 0.7268582671875 0.13718349999999999 0.7538314374999999 0.182709225 0.7918426828125 0.1829523453125 0.8174234734375 0.1592596515625 0.8233024546875001 0.1008361890625
2 1 0.48690704062499995 0.9996652312500001 0.4805192734375 0.947812196875 0.4720607453125 0.9119037359375 0.51194113125 0.9154083765625 0.5788136453125 0.9412133328125 0.6020485328125 1 0.605032853125 1 0.48690704062499995
2 1 0.6181022734375 0.9911877453125 0.6173111328124999 0.959503809375 0.6524997109374999 0.9576157109375 0.7017731953124999 0.9794297859375 0.7341580609375 1 0.737162571875 1 0.6181022734375
2 0 0.1579651234375 0.0121496 0.1478173203125 0.016159440625 0.053728517187500005 0 0.0426616984375 0 0.1579651234375
2 0.1283240359375 0.0187925390625 0.059339259374999995 0.0246430828125 0.114005484375 0.0441302109375 0.1283240359375 0.0187925390625
2 0 0.466150221875 0.00736300625 0.5682869265625 0.0306073703125 0.5000125578125 0 0.45590780000000003 0 0.466150221875
2 0.4921875 0.1953125 0.16875 0.2078125