2 0.18293842656249998 0.3748283234375 0.1530813375 0.35130241875 0.121850375 0.352393028125 0.09018034375 0.4048695484375 0.10081729218749999 0.4536351734375 0.128521496875 0.4794697640625 0.1619053421875 0.47607047031249994 0.1892696078125 0.42821131718750005 0.18293842656249998 0.3748283234375
2 0.2438706765625 0.3928020546875 0.2126397125 0.3938926640625 0.1892696078125 0.42821131718750005 0.1863660546875 0.47298278125 0.22346079687499998 0.5118904640624999 0.252383075 0.5086469734375 0.2712916140625 0.47448412187500005 0.2438706765625 0.3928020546875
2 0.3538801546875 0.4090619703125 0.3238672640625 0.381074496875 0.2884863375 0.391244040625 0.2695778 0.42540689218749994 0.28068214999999996 0.48755721718749995 0.3123805171875 0.49985130624999996 0.33684123125 0.49676361562500004 0.3598997328125 0.4535218296875 0.3538801546875 0.4090619703125
2 0.22351746874999998 0.6414316859375 0.19366038125 0.61790578125 0.153973690625 0.632692690625 0.13490934999999998 0.662393978125 0.1407731296875 0.7023922703125 0.1734063046875 0.7414557578125 0.2066343484375 0.7335949 0.23384281406250002 0.6812741796874999 0.22351746874999998 0.6414316859375
2 0.4495560046875 0.718411378125 0.4238488796875 0.6858065375 0.3883121515625 0.691514515625 0.36048048125 0.7259889703125 0.3666558625 0.774910396875 0.394204265625 0.7962834203125 0.4322054796875 0.7971898921875 0.44727565625 0.78102910625 0.4495560046875 0.718411378125
2 0.5726669140625 0.7900513671875 0.513859209375 0.7049983421875 0.48262824687499994 0.7060889515625 0.4594139453125 0.744869171875 0.4574452 0.81641003125 0.5037746750000001 0.863929246875 0.53285275625 0.8651473218750001 0.556690265625 0.844213365625 0.5726669140625 0.7900513671875
2 0.6154696328125 0.8644957812499999 0.5900741109375 0.8408140734374999 0.572227846875 0.841437278125 0.544707778125 0.884834865625 0.5457983875 0.9160658296875 0.569041025 0.9420562203125 0.5979633062499999 0.938812728125 0.6167160421875 0.9001883109375 0.6154696328125 0.8644957812499999
2 1 0.6453890421875 0.9660070718749999 0.6691074609375 0.9581745500000001 0.7006500265625 0.968811496875 0.7494156515625 0.9965157015624999 0.7752502406249999 1 0.7751285671875 1 0.6453890421875
2 0.7891024390625 0.7199551750000001 0.750010615625 0.687817740625 0.70570655625 0.6982988859375 0.6824922531250001 0.7370791062500001 0.6842060671875 0.786156334375 0.7171508453125 0.834142953125 0.7594578249999999 0.8304320562499999 0.7954336203125 0.7733381671874999 0.7891024390625 0.7199551750000001
2 0.1759274609375 0.8776114265625001 0.158081196875 0.8782346328124999 0.13486689375 0.917014853125 0.1541153703125 0.9565457421874999 0.17427031875000001 0.9580754203125 0.197640421875 0.9237567656250001 0.1759274609375 0.8776114265625001
2 0.20715309375 1 0.17904348750000001 0.9668427515625 0.1521182890625 0.96331599375 0.1439741625 0.9859354265625001 0.086129603125 0.9924224109375 0.08225952812500001 1 0.20715309375 1
2 0 0.32535858906250004 0.03046616875 0.35781773906250003 0.05954425 0.3590358125 0.086752715625 0.30671509218750004 0.0855063046875 0.2710225625 0.0553376140625 0.238573525 0.0196450859375 0.2398199359375 0 0.28073809843749997 0 0.32535858906250004
2 0 0.2655153515625 0.009036473437500001 0.2558249203125 0 0.22538552812499998 0 0.2655153515625
2 0 0.1979414671875 0.0314717703125 0.19473686875000001 0.054841875 0.1604182171875 0.0489780953125 0.12041992187499999 0.0234267734375 0.09227665 0 0.094477296875 0 0.1979414671875
2 0 0.0768044203125 0.0361882671875 0.0739629796875 0.045394665625000004 0.0178038984375 0 0.01770795625 0 0.0768044203125
2 0.5023440328125 0.055450959375 0.454017475 0.01470199375 0.4141749828125 0.025027337500000003 0.38681071562499997 0.072886490625 0.40362304375 0.17057354375 0.444088740625 0.1780944640625 0.481778353125 0.1700778046875 0.50914261875 0.1222186515625 0.5023440328125 0.055450959375
2 0.8790135453125 0.1606730515625 0.8428536109375001 0.1485347640625 0.810560375 0.18316502031249998 0.8121183890625 0.22778068281250002 0.8535188937499999 0.262071 0.888899821875 0.2519014578125 0.9004149046875 0.19789525937500002 0.8790135453125 0.1606730515625
2 0.55625 0.70234375 0.14375 0.1703125
2 0.91484375 0.121875 0.146875 0.140625