0 0.71484375 0.1453125 0.178125 0.2046875
0 0.884375 0.15078125 0.1359375 0.21875
0 0.83046875 0.26015625 0.1375 0.15625
0 0.690625 0.26328125 0.1390625 0.153125
0 0.60703125 0.275 0.090625 0.0890625
0 0.52421875 0.27265625 0.1015625 0.1125
0 0.3359375 0.159375 0.1765625 0.203125
0 0.20859375 0.20234375 0.075 0.0828125
0 0.04140625 0.146875 0.0828125 0.11875
0 0.22265625 0.5171875 0.1359375 0.159375
0 0.10546875 0.6140625 0.134375 0.15625
0 0.66484375 0.5484375 0.1171875 0.153125
0 0.76953125 0.4703125 0.08125 0.0953125
0 0.83046875 0.45078125 0.1375 0.165625
0 0.58671875 0.80390625 0.1328125 0.14375