2 1 0.3559000390625 0.9808119625 0.3471964828125 0.9363705953125001 0.37140289375 0.918418253125 0.45988464687499997 0.941483359375 0.49440902500000006 0.9739025046875 0.49670704062500004 1 0.47879598593750006 1 0.3559000390625
2 0.8209680296874999 0.46004662031250004 0.8598648421874999 0.4837054875 0.8758739265625 0.5180370812499999 0.9077301234374999 0.4892500421875 0.922628715625 0.4091584015625 0.9028101453125 0.35918788749999997 0.8562789546875 0.3565043015625 0.81659559375 0.41332264375000005 0.8209680296874999 0.46004662031250004
2 0.7086654359375 0.383540865625 0.7282912203125 0.44056740000000005 0.7635713328125 0.44153132656249994 0.808591053125 0.3961568484375 0.814328390625 0.3412355453125 0.78840231875 0.30804525781250003 0.7502612421875 0.30841542187500004 0.7197391343749999 0.3400634265625 0.7086654359375 0.383540865625
2 0.762121490625 0.184460771875 0.788240346875 0.2105950359375 0.8380180734374999 0.1978324875 0.8570963171875 0.1715208453125 0.8635893890625 0.14062857499999998 0.8334682609374999 0.1059114125 0.8069638328125001 0.09388919375 0.77549320625 0.10856418593749999 0.762121490625 0.184460771875
2 0.46283055156249997 0.43896349062500006 0.536814690625 0.47064230937499996 0.5530319671874999 0.44566475624999996 0.540076634375 0.4029430515625 0.556872265625 0.35679743125 0.531717334375 0.29538305625 0.47374227968750005 0.2980358296875 0.4348146546875 0.37888320468750003 0.46283055156249997 0.43896349062500006
2 0.3783356625 0.48184716875 0.3941519609375 0.52323478125 0.42084917656250004 0.5282009796875 0.46262235937499996 0.49827263593750004 0.471027878125 0.44907326562499994 0.4462431109375 0.425799965625 0.428128796875 0.4168314984375 0.39055066875 0.4482867171875 0.3783356625 0.48184716875
2 0.2832969546875 0 0.2827437609375 0.000479959375 0.271284490625 0.058069443750000005 0.2954909015625 0.10251080937499998 0.3363001609375 0.107862578125 0.3738782890625 0.07640735781249999 0.396395853125 0.027593557812500003 0.388469259375 0 0.2832969546875 0
2 0.018964440625000002 0.764365784375 0.042029546875000004 0.7988901625 0.07864374843750001 0.8027150546874999 0.1219438078125 0.7685916546875 0.13873944062500002 0.722446034375 0.11739399531250001 0.6766705796875 0.0725824671875 0.6627359125 0.027755529687500002 0.70105436875 0.018964440625000002 0.764365784375
2 0.1381148640625 0.90037346875 0.1554734453125 0.8853129046875001 0.168074021875 0.8376404093750001 0.1478698796875 0.8017819421875 0.083787325 0.8212149406249999 0.07518901875 0.877470334375 0.1381148640625 0.90037346875
2 0.794957284375 1 0.7992603265625 0.9961115312500001 0.806524540625 0.936995171875 0.7859348296875 0.9152487484374999 0.757710740625 0.9144776078125 0.7241348828125 0.954515725 0.7258554562499999 1 0.794957284375 1
2 0.6703125 0.68125 0.2578125 0.2765625
2 0.1359375 0.28828125 0.203125 0.2625