0 0.44921875 0.303125 0.0875 0.1078125
0 0.296875 0.07421875 0.0703125 0.0734375
0 0.55859375 0.278125 0.1046875 0.0921875
0 0.9171875 0.234375 0.0953125 0.096875
0 0.91796875 0.35234375 0.0875 0.090625
0 0.8296875 0.53828125 0.1265625 0.1296875
0 0.66796875 0.521875 0.1171875 0.140625
0 0.6484375 0.634375 0.090625 0.1015625
0 0.48984375 0.5609375 0.1015625 0.1109375
0 0.31484375 0.73203125 0.1296875 0.1640625
0 0.09375 0.5953125 0.075 0.0953125
0 0.0859375 0.79140625 0.1421875 0.1703125
0 0.44453125 0.86484375 0.08125 0.090625