2 0.39512843750000004 0.4546019 0.37047693593750003 0.4293448421875 0.3477137890625 0.42946797812500004 0.31637081562499997 0.46203218125 0.30882751875 0.52423570625 0.33354058593749997 0.5608743375 0.35721712656250004 0.5677505109375 0.3990282796875 0.52812543125 0.39512843750000004 0.4546019
2 0.504572025 0.6168586921875 0.47784746875 0.5320767234375 0.41917438125000006 0.529767515625 0.3685987 0.56768894375 0.35594444687500004 0.6561860546875 0.39380430781250003 0.6953801625 0.44986034999999996 0.6994545890625 0.49775741875 0.65191680625 0.504572025 0.6168586921875
2 0.3503409515625 0.5914270515625 0.318628575 0.5557018140625 0.282718634375 0.553269471875 0.25575792656249996 0.5866855 0.25344871874999997 0.6453585859375 0.281692225 0.6872313078125 0.31060285468750004 0.6905770437500001 0.3463280921875 0.6588646671875 0.3503409515625 0.5914270515625
2 0.4297758140625 0.709194078125 0.364041853125 0.696416690625 0.3501048 0.70962505 0.337204278125 0.7525958671875 0.3645959578125 0.79885085 0.4075052078125 0.8003698015625 0.4327622640625 0.7757182984375001 0.4297758140625 0.709194078125
2 0.49482241875 0.433049865625 0.47102274375000003 0.40341054375 0.4394950671875 0.401830028125 0.3968320890625 0.445837371875 0.41911281406249995 0.518385940625 0.4655525015625 0.52513898125 0.48910590625 0.5092520078125 0.49482241875 0.433049865625
2 0.6927529984375 0.4442366171875 0.6749161046875 0.3839214484375 0.64509208125 0.373576403125 0.6102186703125 0.400906515625 0.6017004109374999 0.4447291578125 0.6309188781249999 0.5049827609374999 0.6545954187499999 0.5118589359375 0.6781488234374999 0.4959719640625 0.6927529984375 0.4442366171875
2 0.778253540625 0.22664235625 0.7571940453125 0.21800096249999998 0.7196420234375001 0.23571472343750002 0.693717840625 0.2988932078125 0.700050028125 0.3365068 0.7379098875000001 0.3757009078125 0.783313046875 0.3526914921875 0.8048549640625 0.2886611796875 0.778253540625 0.22664235625
2 0.4962696828125 0.21503475 0.47149504531249997 0.16701454531249998 0.449583725 0.1627554171875 0.419944403125 0.1865550921875 0.415808409375 0.231229559375 0.4334606015625 0.2574000109375 0.457137140625 0.264276184375 0.49115872656250004 0.24132833593749997 0.4962696828125 0.21503475
2 0.4520337890625 0 0.45499239999999996 0.02964540625 0.4770268546875 0.056667682812499995 0.5277872390625 0.05289097499999999 0.5493907234375001 0.0002422359375 0.5479775906250001 0 0.4520337890625 0
2 0.5669197796875001 0.0036495406250000003 0.567956309375 0.033411996875 0.5916944156249999 0.05166974375 0.624987309375 0.055867306250000005 0.65194801875 0.0224512765625 0.5669197796875001 0.0036495406250000003
2 1 0.21419705625000002 0.9788011671874999 0.2360638921875 0.9738133453125 0.2851206234375 1 0.3140713765625 1 0.21419705625000002
2 1 0.379971034375 0.9766766625000001 0.3288816984375 0.935409496875 0.307216646875 0.9033378328125 0.3669262609375 0.9413208296875 0.42888351562500004 0.98161303125 0.4321676859375 1 0.3828907453125 1 0.379971034375
2 0.9422443390625 0.5996071187500001 0.910049540625 0.6365535875 0.9270961765625 0.71263259375 0.9665365546875 0.7202990265625 0.9842401953125 0.594126759375 0.9422443390625 0.5996071187500001
2 0.8680536859375 0.6420339453125 0.83281086875 0.60107461875 0.8004313671875 0.6038763671875 0.7577683890625 0.6478837093750001 0.75192874375 0.7013227078125001 0.7819990375 0.7571940453125 0.8249082859374999 0.7587129953125 0.869274915625 0.705941121875 0.8680536859375 0.6420339453125
2 0 0.7275039750000001 0.0674538171875 0.7365444265625001 0.0906993859375 0.6637495875 0.06592475 0.615729384375 0.036100726562500005 0.6053843390625 0 0.6327662562499999 0 0.7275039750000001
2 0 0.8288138249999999 0.057478178125 0.8346578921875001 0.049134503125 0.7489009609374999 0 0.7436492109375 0 0.8288138249999999
2 1 0.4727138703125 0.9706624312500001 0.5119002671875 0.984178628125 0.5827451859375 1 0.5184075140625 1 0.4727138703125
2 0.01875 0.8890625 0.0375 0.05625