2 0.47109375 0.26953125 0.15 0.18828125
2 0.06484375 0.20390625 0.12890625 0.159375
2 0.03984375 0.778125 0.0796875 0.13125
2 0.2390625 0.921875 0.134375 0.15625
2 0.2359375 0.52578125 0.1140625 0.14921875
2 0.26875 0.75625 0.103125 0.1234375
2 0.359375 0.8484375 0.096875 0.13046875
2 0.59609375 0.74375 0.11640625 0.1390625
2 0.503125 0.9359375 0.090625 0.128125
2 0.73359375 0.5890625 0.0984375 0.14296875
2 0.76875 0.25 0.09609375 0.1296875
2 0.52890625 0.084375 0.0828125 0.115625
2 0.92421875 0.74765625 0.10703125 0.15078125
2 0.821875 0.18671875 0.08125 0.1203125
2 0.81015625 0.04296875 0.1015625 0.08515625
2 0.6015625 0.0640625 0.08671875 0.11875
2 0.46015625 0.02421875 0.0890625 0.0484375
2 0.7921875 0.415625 0.10234375 0.1234375
2 0.878125 0.48515625 0.11171875 0.1421875
2 0.5078125 0.40625 0.10234375 0.10234375
2 0.01640625 0.959375 0.0328125 0.08125
2 0.628125 0.22890625 0.12734375 0.171875
2 0.66640625 0.86328125 0.1296875 0.1796875
2 0.95546875 0.234375 0.08828125 0.1859375