2 0.8370535718750001 0.7410714281249999 0.7857142859375 0.7834821421875 0.7767857140625 0.859375 0.8058035718750001 0.9241071421875 0.8482142859374999 0.9263392859374999 0.8928571421875 0.8816964281249999 0.8973214281249999 0.7924107140625 0.8816964281249999 0.7633928578125 0.8370535718750001 0.7410714281249999
2 0.6785714281249999 0.8325892859374999 0.6517857140625 0.8950892859374999 0.6473214281249999 0.953125 0.6785714281249999 0.984375 0.7544642859375 0.8816964281249999 0.75 0.8191964281249999 0.7254464281249999 0.7991071421875 0.6785714281249999 0.8325892859374999
2 0.49553571406249997 0.6540178578125 0.48660714218749995 0.7075892859375 0.5111607140625 0.7455357140625 0.5446428578125 0.7522321421875 0.5669642859375 0.7299107140625 0.5758928578125 0.6763392859375 0.5424107140625 0.625 0.49553571406249997 0.6540178578125
2 0.444196428125 0.71875 0.41964285781250005 0.7566964281249999 0.42410714218749995 0.7879464281249999 0.444196428125 0.8169642859374999 0.46428571406249997 0.8147321421875 0.48660714218749995 0.7879464281249999 0.48660714218749995 0.7522321421875 0.46651785781250005 0.71875 0.444196428125 0.71875
2 0.3883928578125 0.5959821421875 0.38392857187499996 0.640625 0.412946428125 0.6964285718750001 0.45089285781250005 0.6941964281249999 0.48214285781250005 0.6584821421875 0.48660714218749995 0.5870535718750001 0.42633928593750003 0.5625 0.3883928578125 0.5959821421875
2 0.2834821421875 0.6696428578125 0.2455357140625 0.703125 0.24107142812500001 0.7611607140625 0.26116071406249997 0.8035714281249999 0.30357142812500004 0.8102678578125 0.3303571421875 0.7790178578125 0.33482142812500004 0.7165178578125 0.3147321421875 0.6785714281249999 0.2834821421875 0.6696428578125
2 0.5736607140625 0.38392857187499996 0.5357142859375 0.40848214218749995 0.5267857140625 0.49776785781250005 0.5513392859375 0.53125 0.59375 0.5379464281249999 0.6339285718750001 0.484375 0.6383928578125 0.43973214218749995 0.6004464281249999 0.38392857187499996 0.5736607140625 0.38392857187499996
2 0.6674107140625 0.5535714281249999 0.6473214281249999 0.5870535718750001 0.6517857140625 0.6495535718750001 0.6785714281249999 0.6674107140625 0.7276785718750001 0.609375 0.7276785718750001 0.578125 0.6986607140625 0.5401785718750001 0.6674107140625 0.5535714281249999
2 0.6004464281249999 0.38392857187499996 0.5334821421875 0.40625 0.5066964281249999 0.37053571406249997 0.44866071406249997 0.37946428593750003 0.42410714218749995 0.444196428125 0.4375 0.484375 0.47991071406249997 0.5044642859375 0.5245535718750001 0.47321428593750003 0.5357142859375 0.515625 0.5892857140625 0.5379464281249999 0.6116071421875 0.5290178578125 0.6339285718750001 0.484375 0.6294642859375 0.412946428125 0.6004464281249999 0.38392857187499996
2 0.515625 0.19196428593749998 0.45535714218749995 0.2209821421875 0.4375 0.328125 0.462053571875 0.3616071421875 0.53125 0.36383928593750003 0.5714285718750001 0.3147321421875 0.5758928578125 0.27008928593750003 0.5625 0.2299107140625 0.515625 0.19196428593749998
2 0.6607142859375 0.3102678578125 0.6763392859375 0.3303571421875 0.7008928578125 0.328125 0.71875 0.265625 0.6852678578125 0.24107142812500001 0.6607142859375 0.265625 0.6607142859375 0.3102678578125
2 0.7745535718750001 0.21875 0.7276785718750001 0.27455357187499996 0.7276785718750001 0.3459821421875 0.7745535718750001 0.41964285781250005 0.8258928578125 0.421875 0.8660714281249999 0.36830357187499996 0.8660714281249999 0.27008928593750003 0.8415178578125 0.2232142859375 0.7745535718750001 0.21875
2 0.9263392859374999 0.3258928578125 0.9017857140625001 0.39955357187499996 0.9419642859374999 0.421875 0.96875 0.39955357187499996 0.9732142859374999 0.359375 0.953125 0.3303571421875 0.9263392859374999 0.3258928578125
2 0.7901785718750001 0.0513392859375 0.7946428578125 0.100446428125 0.8459821421875 0.1383928578125 0.9107142859374999 0.140625 0.9776785718750001 0.100446428125 0.9910714281249999 0.0111607140625 0.8147321421875 0.0044642859375000005 0.7901785718750001 0.0513392859375
2 0.6941964281249999 0 0.65625 0.037946428125 0.6651785718750001 0.11383928593749999 0.6897321421875 0.1383928578125 0.7232142859375 0.13616071406250002 0.7477678578125 0.12946428593749998 0.7767857140625 0.087053571875 0.7566964281249999 0 0.6941964281249999 0
2 0.5825892859375 0.0357142859375 0.5580357140625 0.078125 0.5669642859375 0.131696428125 0.6116071421875 0.14508928593749998 0.6517857140625 0.100446428125 0.6517857140625 0.0513392859375 0.6316964281249999 0.03125 0.5825892859375 0.0357142859375
2 0.0758928578125 0.194196428125 0.071428571875 0.234375 0.0892857140625 0.28794642812500004 0.133928571875 0.30580357187499996 0.1696428578125 0.2790178578125 0.1875 0.19866071406250002 0.11383928593749999 0.16071428593749998 0.0758928578125 0.194196428125
2 0.11160714218750001 0.45758928593750003 0.11160714218750001 0.515625 0.1272321421875 0.5357142859375 0.16071428593749998 0.5379464281249999 0.19196428593749998 0.5022321421875 0.19196428593749998 0.46651785781250005 0.149553571875 0.42410714218749995 0.11160714218750001 0.45758928593750003
2 0.0357142859375 0.078125 0.03125 0.118303571875 0.0513392859375 0.147321428125 0.084821428125 0.1540178578125 0.116071428125 0.0915178578125 0.0959821421875 0.0625 0.060267857812500006 0.053571428125 0.0357142859375 0.078125
2 0.13616071406250002 0 0.125 0.015625 0.12946428593749998 0.0915178578125 0.18303571406250002 0.11383928593749999 0.2142857140625 0.0915178578125 0.2299107140625 0 0.13616071406250002 0
2 0.10714285781249999 0.0513392859375 0.1272321421875 0 0.0446428578125 0.0022321421875000002 0.0647321421875 0.0446428578125 0.10714285781249999 0.0513392859375
2 0.0044642859375000005 0.0647321421875 0.0357142859375 0.024553571875 0.0334821421875 0 0 0.0022321421875000002 0.0044642859375000005 0.0647321421875
2 0.30078125 0.325 0.16953125 0.16171875