2 0.18515625 0.24921875 0.0890625 0.11171875
2 0.05 0.4515625 0.1 0.12265625
2 0.13125 0.7296875 0.13203125 0.17265625
2 0.2078125 0.53359375 0.134375 0.17265625
2 0.25 0.31953125 0.1015625 0.13046875
2 0.50703125 0.18359375 0.084375 0.09921875
2 0.390625 0.10546875 0.08671875 0.12890625
2 0.65234375 0.1125 0.0859375 0.1109375
2 0.428125 0.43359375 0.1 0.1234375
2 0.34375 0.38125 0.09375 0.10390625
2 0.30390625 0.47578125 0.09140625 0.103125
2 0.19453125 0.84296875 0.0890625 0.11484375
2 0.3453125 0.85234375 0.096875 0.1203125
2 0.2578125 0.94140625 0.09296875 0.1171875
2 0.3578125 0.7265625 0.07734375 0.1046875
2 0.47578125 0.759375 0.09453125 0.1140625
2 0.12578125 0.8625 0.08046875 0.10546875
2 0.03828125 0.74296875 0.07578125 0.13828125
2 0.028125 0.590625 0.05625 0.14609375
2 0.0828125 0.3078125 0.06953125 0.0875
2 0.56640625 0.73671875 0.1125 0.15
2 0.44609375 0.88125 0.08359375 0.11796875
2 0.68671875 0.77109375 0.10546875 0.14296875
2 0.6359375 0.953125 0.08515625 0.09375
2 0.81484375 0.80703125 0.0859375 0.1125
2 0.95859375 0.6828125 0.08203125 0.134375
2 0.93671875 0.7953125 0.0984375 0.11640625
2 0.9171875 0.94609375 0.11171875 0.10703125
2 0.715625 0.0625 0.1078125 0.125
2 0.81328125 0.19609375 0.115625 0.171875
2 0.9203125 0.0234375 0.0859375 0.04609375
2 0.95859375 0.11875 0.08203125 0.115625
2 0.975 0.2265625 0.05 0.125
2 0.45546875 0.0328125 0.0953125 0.065625
2 0.98125 0.5828125 0.0375 0.10078125
2 0.309375 0.58828125 0.09375 0.128125
2 0.2390625 0.6828125 0.10078125 0.12734375
2 0.14609375 0.61484375 0.1015625 0.1171875