2 0.8234914765625 0.607745275 0.7837702453125 0.57278290625 0.7222217546875 0.5868453640625 0.71416140625 0.6592769515625 0.72856011875 0.6967868796875 0.7871840875 0.74362075625 0.8218102015625 0.7279380890625 0.8458894734375001 0.6660940515625 0.8234914765625 0.607745275
2 0.8757160171875 0.637908075 0.8631923531249999 0.673797790625 0.877591065625 0.71130771875 0.9067450984375001 0.7311988656249999 0.9388033 0.7212838234375 0.9330763843750001 0.65653561875 0.90809011875 0.6350446140625 0.8757160171875 0.637908075
2 0.8086547375 0.7497246390625001 0.790363446875 0.7830464421875 0.802194246875 0.826323996875 0.8387157625 0.8529508281249999 0.85827065625 0.8478353562500001 0.876877846875 0.8215651359375 0.8634471906250001 0.7741198109375 0.8086547375 0.7497246390625001
2 0.8409270671875 0.9023119093749999 0.802826046875 0.8404271640625 0.7393617984375 0.8432702671874999 0.7361010218749999 0.9282051656249999 0.7604554859375 0.935593003125 0.8409270671875 0.9023119093749999
2 0.6497087484375 0.7031455984375 0.6016519765624999 0.6713829437500001 0.5766453593749999 0.680982084375 0.5631536390625 0.7268071968750001 0.579784009375 0.7825880609375 0.6105379015625 0.806646978125 0.645795815625 0.8050674765625001 0.667938975 0.7630942328125 0.6497087484375 0.7031455984375
2 0.564711728125 1 0.5703582859375 0.9822640453125 0.5543597171875 0.9405863484375001 0.49346338437500004 0.937661825 0.4793398625 0.9693837734375 0.49109233124999996 1 0.564711728125 1
2 0.3154313046875 1 0.33445633125 0.984353221875 0.3354447421875 0.9433276796875001 0.3127104890625 0.909017465625 0.2768207734375 0.896493803125 0.2466783296875 0.9176281968750001 0.2373543796875 0.961853453125 0.26147888125 1 0.3154313046875 1
2 0.4217450140625 0.8193440609374999 0.3826555828125 0.7984848578125 0.3461137125 0.8029481734375 0.32942227812499997 0.8404377468750001 0.346052646875 0.8962186109375001 0.365271284375 0.9151417015625001 0.39892934375 0.9093944296875 0.4287762421875 0.8501183062500001 0.4217450140625 0.8193440609374999
2 0.5359153625 0.718135403125 0.49684628750000004 0.6661860546875 0.437549809375 0.6674293015625 0.42692154843749996 0.745628515625 0.4509194015625 0.8081450625000001 0.49257674375000005 0.8232366390625 0.523035090625 0.8091538281249999 0.54517825 0.7671805843749999 0.5359153625 0.718135403125
2 0.3417318140625 0.64204571875 0.315104984375 0.6785672359375 0.3297992421875 0.75421889375 0.3704885296875 0.779245865625 0.414081984375 0.7744666484375 0.4195947734375 0.6767125421875 0.4016600921875 0.6549056375 0.3417318140625 0.64204571875
2 0.477332103125 0.609121234375 0.48152022656250004 0.5764312296874999 0.46392180156249996 0.5305857640625 0.412033515625 0.47638440156249995 0.3594523671875 0.5013503125 0.33888870937500004 0.5785814703125001 0.36962224374999997 0.6337305343749999 0.408711675 0.6545897359375 0.4407698765625 0.6446746953125 0.477332103125 0.609121234375
2 0.267404821875 0.5916758718749999 0.206212940625 0.550609621875 0.1404966796875 0.5662719359375 0.12123733437499999 0.6095291359375 0.1548343296875 0.6970523015625 0.2185941234375 0.732350925 0.2929618234375 0.7205404796875 0.30710570000000004 0.6577283875 0.267404821875 0.5916758718749999
2 0.2960288265625 0.442013125 0.2575711984375 0.4352570875 0.2447112796875 0.4951853671875 0.2770650265625 0.5234120546875001 0.29918783125 0.5125289546875 0.316826965625 0.4961941328125 0.3139635078125 0.46382002968749997 0.2960288265625 0.442013125
2 0.4190850984375 0.47606850156249997 0.4443872640625 0.5046110890625 0.48252899375 0.50431554375 0.49280064375 0.4812450359375 0.4800017890625 0.447902878125 0.41784185156250003 0.4167720234375 0.4190850984375 0.47606850156249997
2 0.443164371875 0.414224465625 0.487369271875 0.4546385609375 0.509807978125 0.4508070453125 0.5268153109375 0.42036905625000004 0.5060171718750001 0.3661880484375 0.4524883203125 0.3699992078125 0.443164371875 0.414224465625
2 0.49582693750000006 0.2648979734375 0.45770556406249996 0.234103371875 0.4310990890625 0.2395347453125 0.41954348125 0.2654890640625 0.4432050796875 0.3520441734375 0.47075925625000004 0.36776755 0.49864968750000005 0.3594523671875 0.5086257921875 0.2982401296875 0.49582693750000006 0.2648979734375
2 0.41280779843750004 0.272856546875 0.3919893046875 0.2497656875 0.34454397812500004 0.26319634375 0.3262526890625 0.296518146875 0.3476826296875 0.36480231875 0.39670745625000003 0.3866295796875 0.41466249218750006 0.3773463375 0.4291019125 0.35267597500000003 0.41280779843750004 0.272856546875
2 0.3918158828125 0.0250830828125 0.34500236093750003 0.05261690625 0.32574301562499997 0.09587410625000001 0.3785790015625 0.1712302171875 0.42505626875 0.16773495624999998 0.446903884375 0.087619984375 0.4309053140625 0.0459422875 0.3918158828125 0.0250830828125
2 0.381778715625 0.17956575624999999 0.3401417265625 0.1333840328125 0.2943166140625 0.119892315625 0.28465640937500003 0.18815613281250002 0.3038546921875 0.2381693703125 0.3471118921875 0.2574287171875 0.37757023749999996 0.2433459046875 0.3913778578125 0.204572375 0.381778715625 0.17956575624999999
2 0.5997256359375001 0.186759821875 0.6166922609375 0.218502121875 0.6606016171875 0.2207744890625 0.6757135484375 0.148027 0.627024975 0.10216117656249998 0.5997663453125 0.1245795296875 0.5997256359375001 0.186759821875
2 0.5620219343749999 0.007566075 0.5485302140625 0.053391187500000006 0.5597292125 0.08256557656249999 0.587283390625 0.0982889546875 0.6334447578125 0.08774211093749999 0.6462843234375 0.058903978125 0.6155507859375 0.0037549140625 0.5620219343749999 0.007566075
2 0.8100705906250001 0.0558060359375 0.7876115312499999 0.0907276953125 0.8106413281249999 0.1631796390625 0.8439631328124999 0.1814709296875 0.8744214765624999 0.1673881171875 0.8872610406250001 0.138549984375 0.873198584375 0.07700149375000001 0.8100705906250001 0.0558060359375
2 0.9112181859374999 0.2632468234375 0.9234259484375 0.22030552343749998 0.8830729156249999 0.1712399875 0.8356072390625 0.2157607890625 0.8605731484374999 0.26834193906250003 0.9112181859374999 0.2632468234375
2 0.950878353125 0.3914796296875 0.9441833796875001 0.3366668203125 0.9098935203125 0.3283109265625 0.8957700000000001 0.3600328734375 0.9069689984375 0.3892072625 0.950878353125 0.3914796296875
2 0.9287555484375 0.40236272656249994 0.90951655625 0.41452978125 0.9001926078125001 0.4587550375 0.917791034375 0.5046005046875 0.943429453125 0.5091045296875001 0.9732763500000001 0.44982840625 0.9620773515625001 0.42065401874999997 0.9287555484375 0.40236272656249994
2 0.8342011546875 0.40518547812500005 0.820077634375 0.4369074234375 0.836076203125 0.47858512031249995 0.8620305234375 0.490140728125 0.8841533281249999 0.47925763125 0.8841940390625 0.417077340625 0.8608076312499999 0.3997541046875 0.8342011546875 0.40518547812500005
2 0.0804764 0.2043688296875 0.10421941562499999 0.16656335625000002 0.0965563875 0.12168594375 0.010317178125 0.15239912656250001 0.0333673296875 0.193760925 0.0804764 0.2043688296875
2 0.44921875 0.98828125 0.1015625 0.0234375