2 0.86015625 0.246875 0.125 0.1515625
2 0.69609375 0.346875 0.1859375 0.225
2 0.559375 0.30703125 0.1078125 0.1296875
2 0.528125 0.43125 0.1046875 0.1296875
2 0.62578125 0.5078125 0.134375 0.153125
2 0.7046875 0.6421875 0.1125 0.1453125
2 0.67265625 0.76015625 0.1125 0.1265625
2 0.5859375 0.6640625 0.1234375 0.1546875
2 0.66171875 0.959375 0.0984375 0.08125
2 0.45546875 0.91328125 0.1078125 0.13125
2 0.3578125 0.93984375 0.109375 0.10625
2 0.2984375 0.76484375 0.1296875 0.1515625
2 0.4046875 0.60078125 0.10625 0.1375
2 0.45546875 0.49296875 0.1203125 0.1578125
2 0.459375 0.29375 0.109375 0.1390625
2 0.36953125 0.35234375 0.1328125 0.159375
2 0.29140625 0.43046875 0.128125 0.1578125
2 0.2390625 0.54140625 0.1203125 0.1390625
2 0.17734375 0.40703125 0.1390625 0.175
2 0.11328125 0.484375 0.0921875 0.109375
2 0.0984375 0.60390625 0.15625 0.1859375
2 0.08046875 0.06015625 0.0984375 0.1203125
2 0.05625 0.2203125 0.0765625 0.125
2 0.02265625 0.4890625 0.0453125 0.15
2 0.30859375 0.1875 0.1890625 0.2296875
2 0.94609375 0.72890625 0.0828125 0.14375
2 0.0703125 0.85703125 0.140625 0.2234375