2 0.73125 0.2296875 0.1296875 0.15625
2 0.67109375 0.56796875 0.1234375 0.1453125
2 0.7796875 0.690625 0.1421875 0.1640625
2 0.55703125 0.628125 0.121875 0.1484375
2 0.2859375 0.2921875 0.14375 0.16875
2 0.246875 0.50859375 0.16875 0.184375
2 0.42890625 0.76796875 0.1296875 0.1546875
2 0.59296875 0.76875 0.13125 0.15
2 0.51015625 0.8421875 0.171875 0.1703125
2 0.36015625 0.96796875 0.1515625 0.0640625
2 0.2515625 0.09140625 0.0953125 0.0921875
2 0.16953125 0.2421875 0.1484375 0.1703125
2 0.0859375 0.18046875 0.1703125 0.175
2 0.0859375 0.3625 0.171875 0.184375
2 0.1359375 0.61640625 0.13125 0.1453125
2 0.08515625 0.6953125 0.1328125 0.175
2 0.10078125 0.815625 0.0875 0.140625
2 0.04140625 0.234375 0.0828125 0.225
2 0.378125 0.565625 0.209375 0.2109375
2 0.86171875 0.25390625 0.2203125 0.2578125