2 0.68986801875 0.30043034999999996 0.6487668640625001 0.254960896875 0.6127939125 0.25613851875 0.5715146671875 0.32369561406249997 0.5764032453125 0.3545608734375 0.6300340015625 0.3935259 0.6597421515625 0.395600490625 0.6871155718749999 0.36866530000000003 0.68986801875 0.30043034999999996
2 0.5693785359375 0.2245954046875 0.52827738125 0.1791259515625 0.501123075 0.1789068359375 0.4732909140625 0.2172145203125 0.4823697 0.27453571875 0.49607692343750004 0.30400424375 0.54366199375 0.3190671765625 0.57474636875 0.28702429375 0.5693785359375 0.2245954046875
2 0.48530023437500003 0.0932742234375 0.4936806515625 0.1461861 0.5382531359375 0.17076604687500002 0.559820496875 0.13571057656250002 0.5542335515625 0.10043599375000001 0.5013011625 0.065880290625 0.48530023437500003 0.0932742234375
2 0.473184084375 0 0.49224289062500004 0.0514952125 0.54864660625 0.065161409375 0.5774167625 0.0470448625 0.5767024453125 0 0.473184084375 0
2 0.9128880109375 0.2673674203125 0.8732246171875 0.31658885312499996 0.88880783125 0.386439653125 0.9131891781249999 0.4119575953125 0.932681946875 0.4066102765625 0.9558651578124999 0.3532191484375 0.9488814765625 0.3091259171875 0.9128880109375 0.2673674203125
2 0.8619546921874999 0.5308107140625 0.8747444328125 0.5830242203125 0.9077047984375 0.5913636140625 0.940405021875 0.5409850703125 0.9097383625000001 0.475783221875 0.8876917484375 0.4792750625 0.8619546921874999 0.5308107140625
2 0.7861197453125001 0.6513001953125 0.7494279125000001 0.6051323734375 0.7134549609375 0.6063099984375 0.6812134765625 0.6453160484375 0.6784610296875 0.713550996875 0.7114419078124999 0.764826509375 0.7587873515625 0.764107628125 0.787776621875 0.7188367765625 0.7861197453125001 0.6513001953125
2 0.60728901875 0.3926084171875 0.580155225 0.4353254234375 0.5857421703125001 0.47060000625000004 0.6115202531249999 0.5049365953125 0.6354223453125 0.498890909375 0.6600022921875001 0.454318425 0.654415346875 0.419043840625 0.60728901875 0.3926084171875
2 0.477802803125 0.43119675312499994 0.45739254999999995 0.45928905468750003 0.4650746 0.50779160625 0.4799389328125 0.5302969625 0.51846573125 0.5309748171875001 0.5349254 0.49220839375000003 0.520738921875 0.431176240625 0.477802803125 0.43119675312499994
2 0.43259348906249995 0.53101584375 0.376169259375 0.4744135265625 0.3313776640625 0.47698788593749997 0.299834546875 0.520403259375 0.29337114531249997 0.5937458999999999 0.3244965453125 0.6475752578125 0.40133102656249997 0.676085271875 0.435647103125 0.60737106875 0.43259348906249995 0.53101584375
2 0.285908209375 0.5180890406249999 0.26058886718749996 0.4723799609375 0.2118466890625 0.464280196875 0.181001940625 0.51210489375 0.1849730359375 0.5657151375 0.22607419218749997 0.611184590625 0.25578234218749996 0.61325918125 0.28315576249999996 0.5863239890624999 0.285908209375 0.5180890406249999
2 0.062546025 0.32068955625 0.029606171874999997 0.35528628281249997 0.03218053125 0.40007788125 0.062367937500000005 0.4337161015625 0.0913777203125 0.43138137031249996 0.11063086250000001 0.41025223750000006 0.111069090625 0.355943625 0.062546025 0.32068955625
2 0.21192874062499997 0.6360246765625 0.175277934375 0.6757290968749999 0.1778522921875 0.7205206937499999 0.19666720625 0.7537001734375 0.2340368953125 0.761341196875 0.2688322234375 0.7241906234375 0.2634643921875 0.661761734375 0.21192874062499997 0.6360246765625
2 0.3519520171875 0.7923845453125 0.34728255468749997 0.7343649796875 0.31779351718750004 0.7051360812499999 0.2832173015625 0.71513235 0.25678187812500003 0.762258678125 0.2679557671875 0.832807846875 0.29139911875 0.8381346515624999 0.3278308125 0.8255845390625 0.3519520171875 0.7923845453125
2 0.477248025 0.7273402718749999 0.44706061874999997 0.6937020515625 0.4250140046875 0.6971938921875 0.40460375312499997 0.7252861937499999 0.40647974375 0.76566846875 0.4380638859375 0.8081253343749999 0.47148299062500004 0.8050922343750001 0.48562844375 0.7802521484375 0.477248025 0.7273402718749999
2 0.484273615625 1 0.47619348125 0.948984040625 0.44369185624999996 0.9292721593750001 0.42801001406249994 1 0.484273615625 1
2 0.61755195625 0.9853541953124999 0.5880424046875 0.9131891781249999 0.5406969609375001 0.913908059375 0.52609276875 0.9501206375000001 0.5374857734375 0.9935155 0.61755195625 0.9853541953124999
2 0.8563332484374999 0.9091155171875 0.8336087796875 0.95113415625 0.90856726875 0.9392618984375 0.8783798640624999 0.9056236765625 0.8563332484374999 0.9091155171875
2 0.9324078234375 0.8044078515624999 0.9131341671875 0.7826008625 0.8764628484375001 0.7793691625 0.852341640625 0.8125691546875 0.8563127375 0.8661793984375 0.886500140625 0.8998176171875001 0.9243285718750001 0.89608615 0.9400898718749999 0.852910403125 0.9324078234375 0.8044078515624999
2 1 0.7198950109375 0.992241840625 0.7113123015625 0.9650875343750001 0.7110931875000001 0.9372553734375 0.7494008703125 0.94284231875 0.7846754546875 0.978835784375 0.8264339515625 1 0.8245131000000001 1 0.7198950109375
2 0.7109971515625 0.3196834921875 0.7378913171875 0.261184671875 0.69307920625 0.2208229109375 0.6726689546875 0.24891521249999998 0.6768591640625 0.27537115 0.7109971515625 0.3196834921875
2 0.07109375 0.7 0.109375 0.14375
2 0.121875 0.24609375 0.1921875 0.2265625
2 0.45546875 0.353125 0.146875 0.1921875