2 0.37265625 0.9125 0.1640625 0.175
2 0.28203125 0.871875 0.1109375 0.1265625
2 0.21484375 0.734375 0.1171875 0.1359375
2 0.0859375 0.56953125 0.1515625 0.1953125
2 0.29609375 0.3421875 0.1359375 0.1625
2 0.33515625 0.2171875 0.0953125 0.128125
2 0.4359375 0.45703125 0.1109375 0.1328125
2 0.53125 0.51015625 0.1234375 0.1390625
2 0.365625 0.784375 0.146875 0.1640625
2 0.48046875 0.809375 0.1328125 0.153125
2 0.59296875 0.90859375 0.13125 0.14375
2 0.6078125 0.75546875 0.1125 0.1375
2 0.69765625 0.64140625 0.1265625 0.1546875
2 0.78515625 0.890625 0.10625 0.1140625
2 0.8234375 0.80859375 0.10625 0.11875
2 0.86875 0.696875 0.109375 0.1359375
2 0.95234375 0.571875 0.0953125 0.125
2 0.9609375 0.48984375 0.078125 0.1640625
2 0.94296875 0.38515625 0.1 0.1015625
2 0.86015625 0.07890625 0.115625 0.14375
2 0.72578125 0.1203125 0.125 0.1484375
2 0.565625 0.12734375 0.08125 0.0953125
2 0.44921875 0.0703125 0.1390625 0.140625
2 0.696875 0.01796875 0.10625 0.0359375
2 0.74375 0.39609375 0.184375 0.21875
2 0.03984375 0.33671875 0.0796875 0.2484375