2 0.673682371875 0.2929195671875 0.6292225109375 0.298939146875 0.61602195 0.368638728125 0.6414174703125 0.392320434375 0.674801315625 0.38892114218749996 0.7004801031250001 0.35675537031250004 0.6990778921875 0.316601275 0.673682371875 0.2929195671875
2 0.6942480515625 0.1782927234375 0.654377221875 0.12384745625 0.6140673249999999 0.1207881015625 0.56885679375 0.1692704609375 0.5716612171875 0.24957865156249998 0.601985709375 0.28648925625 0.64906585625 0.29154569218750004 0.6922793078125 0.2498335828125 0.6942480515625 0.1782927234375
2 0.7548686984375 0.1873433203125 0.7221080578125 0.208588878125 0.7152103421875 0.2669008421875 0.7453790328125 0.299349878125 0.7743013125 0.29610638749999996 0.7993568953125 0.24609435 0.784414184375 0.20194609375 0.7548686984375 0.1873433203125
2 0.6703622046875 0 0.6355678124999999 0.032930653125 0.6329758625 0.08662525 0.672535090625 0.132147384375 0.7014573687500001 0.1289038921875 0.731753525 0.1010438859375 0.7341896734375 0.042887723437500004 0.7081709468749999 0.001359753125 0.6930099796875 0 0.6703622046875 0
2 0.7902358859375 0 0.7780263296875 0.0190218796875 0.7794285421875 0.059175975000000006 0.8049798625 0.0873192484375 0.842981078125 0.08822571875 0.8724982265625 0.0380578828125 0.8669189140625001 0 0.7902358859375 0
2 0.8775076500000001 0 0.890344490625 0.037434678124999995 0.93542755625 0.0492613625 0.9658795140624999 0.025862921875 0.9706863734375 0 0.8775076500000001 0
2 0.5793662765625001 0.27834513125 0.5481353125 0.279435740625 0.5116921125 0.3231449296875 0.5095675671875 0.390224225 0.5729643015625 0.414812403125 0.6075662203125 0.38233502812500003 0.6101581703125001 0.328640434375 0.5793662765625001 0.27834513125
2 0.45703437343750003 0.22901297187499997 0.42474113593749996 0.26364322812499996 0.42246078750000005 0.32626095624999996 0.44801211093750004 0.35440422968749996 0.4903190890625 0.35069333281250004 0.5149072671875 0.2872965984375 0.49088562187499996 0.23899837812500002 0.45703437343750003 0.22901297187499997
2 0.5296091703125 0.132671459375 0.48546091249999995 0.1476141703125 0.4663965734375 0.1773154578125 0.472416153125 0.22177531718750002 0.5222723874999999 0.24236933437500002 0.5565627046875 0.200968828125 0.5503873234375 0.15204740156250002 0.5296091703125 0.132671459375
2 0.491272475 0 0.43570380625 0.0019405 0.4211010328125 0.0314859859375 0.428211221875 0.107176809375 0.4626856765625 0.13500847968750002 0.4916079578125 0.1317649875 0.5303598421875 0.09020868125 0.5283344234375 0.03220831875 0.50744705 0 0.491272475 0
2 0.2929336890625 0.0069261421875000005 0.2969561875 0.058156253125 0.34650081875 0.06982713593749999 0.37124480000000004 0.01089196875 0.2929336890625 0.0069261421875000005
2 0.1162131921875 0.127006034375 0.08127133125 0.085789665625 0.06342506718749999 0.08641287187499999 0.035593396875 0.12088732499999999 0.032845646875 0.17012035625 0.0631701375 0.207030959375 0.096553984375 0.20363166562499999 0.1220769703125 0.1670043296875 0.1162131921875 0.127006034375
2 0.3610894703125 0.3596731390625 0.33522654687500003 0.3226067328125 0.29029928125 0.3152416140625 0.2452445515625 0.3681855390625 0.24726996875 0.4261859 0.2777502625 0.46755806875 0.3159072765625 0.4729261078125 0.35896492343749997 0.42675243281249997 0.3610894703125 0.3596731390625
2 0.4511281375 0.443635553125 0.424231275 0.5048794046875 0.46978174531250005 0.530090790625 0.48990835781250003 0.46684985625 0.4511281375 0.443635553125
2 0.7502938828125 0.6319702625 0.7245867578125 0.5993654234375 0.6841210609374999 0.591844503125 0.651983625 0.630936325 0.6540090421875 0.6889366859375 0.6931008656250001 0.721074121875 0.7264847109375 0.717674828125 0.7518518953125 0.676585925 0.7502938828125 0.6319702625
2 0.6480177984375 0.7092474359375001 0.6244918921875 0.7391045234375 0.62604990625 0.783720184375 0.6469838609375 0.80755769375 0.671444575 0.804470003125 0.69634435625 0.7499964 0.674942996875 0.71277419375 0.6480177984375 0.7092474359375001
2 0.8012973984375 0.8133364625 0.775590275 0.7807316234375 0.7486650765625 0.777204865625 0.7166834421875 0.8207582546875001 0.71761825 0.8475276515625 0.7436369765624999 0.889055621875 0.7682534921874999 0.8904294984375 0.8026996109375 0.8534905593750001 0.8012973984375 0.8133364625
2 0.7984505171875 0.987649146875 0.8096539984375 0.9247198171875001 0.7710295781250001 0.9059670796875 0.747503675 0.9358241671875 0.753679053125 0.9847455937499999 0.7984505171875 0.987649146875
2 0.6714729109375 0.8692406125 0.6437970421875 0.908176634375 0.6507514296875 0.9794058921875 0.666912215625 0.99447606875 0.7181423265625 0.9904535718749999 0.7284109984375 0.9007548421875 0.6937807421875 0.86846160625 0.6714729109375 0.8692406125
2 0.5811509781249999 0.8411256765624999 0.5616192343749999 0.8574422640625 0.5550331234375 0.924677359375 0.57627868125 0.957438 0.6144356953125001 0.9628060390625001 0.6390238734375 0.8994093046874999 0.6291659328125 0.8729515078125001 0.5811509781249999 0.8411256765624999
2 0.48592841093750005 0.8645524531250001 0.48271325468750004 0.9004007843749999 0.52349055625 0.9168448359375001 0.55316350625 0.871138565625 0.5365353171875 0.8426836890624999 0.5096101187500001 0.83915693125 0.48592841093750005 0.8645524531250001
2 0.114683609375 0.8507145656249999 0.1253205546875 0.8994801906250001 0.1571747234375 0.916235846875 0.1790151515625 0.9020721406250001 0.1948359984375 0.843448575 0.16451150781249999 0.806537971875 0.114683609375 0.8507145656249999
2 0.1466091359375 1 0.1258162953125 0.9776355000000001 0.09474113437500001 0.9831876749999999 0.08149385625 1 0.1466091359375 1
2 0.7187778546875 0 0.73571935 0.022732775 0.76479743125 0.0239508484375 0.77805380625 0 0.7187778546875 0
2 0.85078125 0.43046875 0.159375 0.2328125