2 0.7264971015625 0.85555378125 0.71316560625 0.81885358125 0.6877238484375 0.8093603625 0.63702503125 0.82451864375 0.616334940625 0.884166690625 0.64025775 0.9365691593750001 0.6683165546875001 0.9442971609375 0.704103359375 0.9239663546875001 0.7264971015625 0.85555378125
2 0.7339172640625 0.7705871078125 0.7398800453125001 0.7399112578125 0.7011067921875 0.693717840625 0.664345025 0.6956677625000001 0.5998938609375 0.7581791250000001 0.602634040625 0.779177053125 0.6571095640625 0.81477915625 0.702574290625 0.8031513125 0.7339172640625 0.7705871078125
2 0.5804148828125 0.71801005625 0.5496774656250001 0.7006657015625 0.49569448125 0.7561161859375 0.4994711875 0.8068765703125 0.539886528125 0.8329238859375 0.5712910671875 0.81174125625 0.58674706875 0.7556236468749999 0.5804148828125 0.71801005625
2 0.531792040625 1 0.5081842671875 0.9609229421875 0.48542112031249995 0.9610460765625 0.44884405781250003 0.9971407187500001 0.463553784375 1 0.531792040625 1
2 0.39320887031249996 0.9090130125 0.3711128453125 0.8706091640625001 0.3369065578125 0.8594122921875 0.290713140625 0.898185546875 0.2882807984375 0.9340954859374999 0.31914135 0.9742029875 0.356816509375 0.9792523765625001 0.3846906109375 0.9528356562500001 0.39320887031249996 0.9090130125
2 0.39320887031249996 0.9090130125 0.36320014375 0.864523246875 0.3089708890625 0.8744474390624999 0.28651557968749997 0.9314784406250001 0.2575433828125 0.9167511312500001 0.2034372625 0.9494384703125001 0.356816509375 0.9792523765625001 0.3846906109375 0.9528356562500001 0.39320887031249996 0.9090130125
2 0.54272960625 0.5492363765625 0.5793066671875 0.513141734375 0.5920840562499999 0.4474077703125 0.5716916859375 0.4002393921875 0.52872086875 0.38733887031249997 0.4850829296875 0.41296533125 0.466948315625 0.45946658593749995 0.4734036375 0.519843325 0.5173494140625 0.5511247296875 0.54272960625 0.5492363765625
2 0.41880497656250004 0.46147807500000004 0.39774548125 0.45283668125 0.3628720703125 0.48016679375000004 0.3552056375 0.5196071718749999 0.3895350609375 0.553567190625 0.4192359484375 0.5411490890625 0.432136471875 0.49817827187499997 0.41880497656250004 0.46147807500000004
2 0.58763010625 0.271450078125 0.5492262578125 0.2935461015625 0.524153903125 0.35234232187500003 0.5383372234375 0.3846602578125 0.5970718781250001 0.3983510375 0.612774146875 0.3877597234375 0.622021096875 0.3167916703125 0.58763010625 0.271450078125
2 0.72416765625 0.58677828125 0.7165012234375 0.626218659375 0.750830646875 0.6601786765625001 0.7752974453125 0.6512910125 0.7934320593749999 0.604789759375 0.7625715078125 0.5646822593749999 0.72416765625 0.58677828125
2 1 0.364926503125 0.9810589249999999 0.3297335234375 0.9409514234374999 0.36059407656250003 0.9280509015625 0.40356489218749997 0.9511218859374999 0.460349625 0.9791806890625001 0.46807762343750003 1 0.46101249375000003 1 0.364926503125
2 0.8991917203125 0.2478764375 0.888415703125 0.198029446875 0.8454448875 0.1851289234375 0.813126953125 0.19931224375 0.7853759859375 0.2484921109375 0.8067433171875 0.31404137187500003 0.8523311796874999 0.32517667499999997 0.88373571875 0.30399404531249996 0.8991917203125 0.2478764375
2 0.7918211875 0.14514455625 0.7731324671875 0.08921165 0.7301616515625 0.076311128125 0.6944364140625 0.1080235046875 0.6781285875 0.168523378125 0.6993727859375001 0.211309490625 0.7361961171875 0.22074114374999998 0.7736865749999999 0.1916458109375 0.7918211875 0.14514455625
2 0.0734992609375 0.073734553125 0.05646274375 0.1613798375 0.0899403421875 0.1997221203125 0.12925758437499998 0.18462540624999998 0.1517744609375 0.138975978125 0.1409368765625 0.07774741406249999 0.10581719687499999 0.0595512328125 0.0734992609375 0.073734553125
2 0.5555382062499999 0.00371110625 0.5769055390625 0.06926036875 0.6093466078125 0.07784019375 0.6501828 0.01983423125 0.5555382062499999 0.00371110625
2 0.6192092328125 0.12068787656249999 0.630713940625 0.14338945625 0.6640068343750001 0.14758701875 0.69686875625 0.0721135640625 0.66771185625 0.023241534375 0.6311347953124999 0.059336176562499995 0.6192092328125 0.12068787656249999
2 0.7746514171875 0.0463024 0.68262386875 0.028414057812499997 0.72401416875 0.07284225625 0.7746514171875 0.0463024
2 0.8009450031249999 0.05141335625 0.8151283234375001 0.083731290625 0.8388048640625 0.0906074640625 0.879825759375 0.066746221875 0.8009450031249999 0.05141335625
2 0.075 0.8671875 0.1328125 0.1359375