2 0.7857142859375 0.8549107140625001 0.78125 0.9084821421875 0.8191964281249999 0.9508928578125 0.8482142859374999 0.9575892859374999 0.8839285718750001 0.8861607140625001 0.8415178578125 0.8258928578125 0.8102678578125 0.8258928578125 0.7857142859375 0.8549107140625001
2 0.5625 0.9352678578125 0.5558035718750001 1 0.6875 0.9977678578125 0.6875 0.9486607140625001 0.640625 0.8883928578125 0.609375 0.8883928578125 0.5625 0.9352678578125
2 0.428571428125 0.9352678578125 0.42633928593750003 1 0.53125 0.9977678578125 0.53125 0.9441964281249999 0.5111607140625 0.9107142859374999 0.484375 0.8973214281249999 0.428571428125 0.9352678578125
2 0.3102678578125 0.8839285718750001 0.27678571406249997 0.9397321421875 0.30580357187499996 0.9955357140625001 0.33928571406249997 0.9977678578125 0.36607142812500004 0.9799107140625001 0.36607142812500004 0.921875 0.33705357187499996 0.8883928578125 0.3102678578125 0.8839285718750001
2 0.38169642812500004 0.8080357140625001 0.34375 0.8459821421875 0.34375 0.8861607140625001 0.3772321421875 0.9241071421875 0.40178571406249997 0.9263392859374999 0.428571428125 0.8950892859374999 0.428571428125 0.859375 0.415178571875 0.828125 0.38169642812500004 0.8080357140625001
2 0.3147321421875 0.6785714281249999 0.29017857187499996 0.7209821421875 0.30357142812500004 0.7924107140625 0.33928571406249997 0.8102678578125 0.37946428593750003 0.765625 0.375 0.7075892859375 0.3415178578125 0.6696428578125 0.3147321421875 0.6785714281249999
2 0.40401785781250005 0.6294642859375 0.38392857187499996 0.6540178578125 0.38392857187499996 0.7209821421875 0.39955357187499996 0.7544642859375 0.43303571406249997 0.7611607140625 0.46875 0.7299107140625 0.47321428593750003 0.6808035718750001 0.444196428125 0.6383928578125 0.40401785781250005 0.6294642859375
2 0.45535714218749995 0.7566964281249999 0.44196428593750003 0.7924107140625 0.45089285781250005 0.8236607140625001 0.48660714218749995 0.8415178578125 0.5267857140625 0.796875 0.5133928578125 0.7522321421875 0.48883928593750003 0.7366071421875 0.45535714218749995 0.7566964281249999
2 0.5736607140625 0.7053571421875 0.5446428578125 0.7299107140625 0.5401785718750001 0.796875 0.5647321421875 0.8214285718750001 0.6116071421875 0.8236607140625001 0.6339285718750001 0.8013392859374999 0.6383928578125 0.7611607140625 0.609375 0.7098214281249999 0.5736607140625 0.7053571421875
2 0.703125 0.8169642859374999 0.6785714281249999 0.8459821421875 0.6785714281249999 0.9129464281249999 0.71875 0.9263392859374999 0.7678571421875 0.8772321421875 0.7678571421875 0.8459821421875 0.7388392859375 0.8125 0.703125 0.8169642859374999
2 0.703125 0.6428571421875 0.6651785718750001 0.6763392859375 0.6651785718750001 0.7433035718750001 0.6897321421875 0.7857142859375 0.7321428578125 0.7924107140625 0.7633928578125 0.7566964281249999 0.7723214281249999 0.6897321421875 0.7477678578125 0.6517857140625 0.703125 0.6428571421875
2 0.8102678578125 0.6964285718750001 0.7767857140625 0.7165178578125 0.7633928578125 0.796875 0.7924107140625 0.8214285718750001 0.8258928578125 0.8191964281249999 0.8616071421875 0.7879464281249999 0.8660714281249999 0.7477678578125 0.8415178578125 0.7098214281249999 0.8102678578125 0.6964285718750001
2 0.6450892859375 0.5 0.6071428578125 0.5245535718750001 0.5982142859375 0.5691964281249999 0.6160714281249999 0.6183035718750001 0.6517857140625 0.6316964281249999 0.6919642859375 0.5959821421875 0.7008928578125 0.5513392859375 0.671875 0.5089285718750001 0.6450892859375 0.5
2 0.5133928578125 0.5691964281249999 0.5133928578125 0.6138392859375 0.5334821421875 0.6383928578125 0.5580357140625 0.6361607140625 0.5848214281249999 0.578125 0.5558035718750001 0.5401785718750001 0.5379464281249999 0.5401785718750001 0.5133928578125 0.5691964281249999
2 0.44866071406249997 0.44196428593750003 0.42410714218749995 0.462053571875 0.42410714218749995 0.515625 0.44866071406249997 0.5446428578125 0.48214285781250005 0.546875 0.5089285718750001 0.5111607140625 0.5089285718750001 0.47991071406249997 0.493303571875 0.45089285781250005 0.44866071406249997 0.44196428593750003
2 0.296875 0.5714285718750001 0.27678571406249997 0.609375 0.28571428593750003 0.6584821421875 0.32142857187499996 0.6674107140625 0.3571428578125 0.6361607140625 0.3571428578125 0.6004464281249999 0.32366071406249997 0.5625 0.296875 0.5714285718750001
2 0.1428571421875 0.484375 0.1584821421875 0.5133928578125 0.19196428593749998 0.515625 0.2232142859375 0.462053571875 0.20982142812500001 0.421875 0.162946428125 0.39732142812500004 0.1428571421875 0.484375
2 0.12053571406250001 0.6316964281249999 0.13616071406250002 0.6607142859375 0.16071428593749998 0.6674107140625 0.196428571875 0.6138392859375 0.1875 0.578125 0.14508928593749998 0.5625 0.12053571406250001 0.6316964281249999
2 0.078125 0.3616071421875 0.022321428125 0.38616071406249997 0.0044642859375000005 0.444196428125 0.03125 0.515625 0.0803571421875 0.5334821421875 0.133928571875 0.47991071406249997 0.133928571875 0.421875 0.12053571406250001 0.390625 0.078125 0.3616071421875
2 0.2522321421875 0.116071428125 0.2232142859375 0.149553571875 0.21875 0.19866071406250002 0.2388392859375 0.2366071421875 0.28571428593750003 0.2522321421875 0.31696428593750003 0.203125 0.31696428593750003 0.1540178578125 0.29241071406249997 0.12053571406250001 0.2522321421875 0.116071428125
2 0 0.35491071406249997 0.0357142859375 0.3727678578125 0.078125 0.3571428578125 0.102678571875 0.3102678578125 0.0982142859375 0.265625 0.069196428125 0.22767857187499999 0.0334821421875 0.22767857187499999 0 0.2522321421875 0 0.35491071406249997
2 0.40848214218749995 0.0892857140625 0.37946428593750003 0.12276785781249999 0.37946428593750003 0.17633928593749998 0.39955357187499996 0.2053571421875 0.44196428593750003 0.2075892859375 0.46428571406249997 0.1852678578125 0.46428571406249997 0.14508928593749998 0.446428571875 0.10491071406250001 0.40848214218749995 0.0892857140625
2 0.9486607140625001 0.27678571406249997 0.9129464281249999 0.28125 0.875 0.328125 0.8839285718750001 0.40401785781250005 0.9330357140625001 0.430803571875 0.96875 0.41741071406249997 0.9910714281249999 0.36830357187499996 0.9910714281249999 0.33258928593750003 0.9486607140625001 0.27678571406249997
2 0.7834821421875 0.1741071421875 0.7544642859375 0.203125 0.7544642859375 0.2477678578125 0.7879464281249999 0.29017857187499996 0.8303571421875 0.28794642812500004 0.8482142859374999 0.25669642812500004 0.84375 0.2165178578125 0.8191964281249999 0.18303571406250002 0.7834821421875 0.1741071421875
2 0.5200892859375 0.27678571406249997 0.48660714218749995 0.30133928593750003 0.48214285781250005 0.35044642812500004 0.515625 0.39732142812500004 0.5357142859375 0.39508928593750003 0.5625 0.36830357187499996 0.5669642859375 0.31919642812500004 0.546875 0.28571428593750003 0.5200892859375 0.27678571406249997
2 0.6540178578125 0.18303571406250002 0.6339285718750001 0.25669642812500004 0.6674107140625 0.29017857187499996 0.6964285718750001 0.29241071406249997 0.7232142859375 0.26116071406249997 0.7232142859375 0.22544642812500001 0.6852678578125 0.1875 0.6540178578125 0.18303571406250002
2 0.703125 0.071428571875 0.6741071421875 0.0915178578125 0.6651785718750001 0.14508928593749998 0.6897321421875 0.18303571406250002 0.7321428578125 0.194196428125 0.7723214281249999 0.14508928593749998 0.7678571421875 0.11383928593749999 0.7433035718750001 0.0803571421875 0.703125 0.071428571875
2 0.8794642859374999 0.037946428125 0.8660714281249999 0.0825892859375 0.8950892859374999 0.12053571406250001 0.9196428578125 0.12276785781249999 0.9464285718750001 0.100446428125 0.9508928578125 0.060267857812500006 0.9129464281249999 0.0178571421875 0.8794642859374999 0.037946428125
2 1 0.109375 0.9665178578125 0.102678571875 0.9375 0.13616071406250002 0.9330357140625001 0.1897321421875 0.9486607140625001 0.2232142859375 1 0.234375 1 0.109375
2 0.2165178578125 1 0.29017857187499996 0.9977678578125 0.28125 0.9575892859374999 0.25669642812500004 0.9375 0.2142857140625 0.9799107140625001 0.2165178578125 1
2 0.04765625 0.85234375 0.09453125 0.2953125
2 0.75859375 0.43671875 0.18125 0.178125