2 0.5796875 0.8171875 0.1109375 0.1515625
2 0.53515625 0.915625 0.1421875 0.128125
2 0.46171875 0.7953125 0.090625 0.13203125
2 0.51796875 0.68203125 0.14765625 0.1515625
2 0.86875 0.8109375 0.11875 0.1484375
2 0.8875 0.690625 0.1 0.125
2 0.97578125 0.7140625 0.0484375 0.13671875
2 0.9796875 0.46171875 0.040625 0.1328125
2 0.984375 0.2390625 0.03046875 0.1375
2 0.91953125 0.2328125 0.10390625 0.13046875
2 0.925 0.3546875 0.11484375 0.13046875
2 0.76328125 0.13125 0.06171875 0.0875
2 0.53359375 0.18515625 0.071875 0.103125
2 0.471875 0.25703125 0.10234375 0.10625
2 0.44296875 0.37578125 0.13125 0.17421875
2 0.44765625 0.146875 0.12421875 0.1515625
2 0.53671875 0.0515625 0.0984375 0.103125
2 0.63046875 0.04921875 0.11640625 0.0984375
2 0.3625 0.05703125 0.11328125 0.1140625
2 0.17578125 0.17890625 0.1125 0.153125
2 0.0578125 0.16875 0.115625 0.14921875
2 0.025 0.29375 0.04921875 0.1453125
2 0.13046875 0.48828125 0.08671875 0.1234375
2 0.2046875 0.48046875 0.084375 0.1171875
2 0.2484375 0.540625 0.09921875 0.12890625
2 0.28828125 0.65078125 0.11484375 0.1453125
2 0.196875 0.6296875 0.0625 0.10234375
2 0.0421875 0.57734375 0.08359375 0.11953125
2 0.01796875 0.08125 0.0359375 0.109375
2 0.19765625 0.8078125 0.11015625 0.20234375
2 0.7734375 0.48984375 0.14609375 0.1953125