2 0.5357142859375 0.9933035718750001 0.65625 0.9977678578125 0.6517857140625 0.9754464281249999 0.609375 0.9464285718750001 0.5647321421875 0.9508928578125 0.5357142859375 0.9933035718750001
2 0.31919642812500004 0.8348214281249999 0.28571428593750003 0.8727678578125 0.28125 0.9352678578125 0.30580357187499996 0.9732142859374999 0.34375 0.9754464281249999 0.38392857187499996 0.9441964281249999 0.3883928578125 0.8995535718750001 0.359375 0.84375 0.31919642812500004 0.8348214281249999
2 0.046875 0.8526785718750001 0.022321428125 0.8772321421875 0.0133928578125 0.9308035718750001 0.0290178578125 0.9598214281249999 0.0669642859375 0.9575892859374999 0.0982142859375 0.9263392859374999 0.102678571875 0.8861607140625001 0.078125 0.8526785718750001 0.046875 0.8526785718750001
2 0.2075892859375 0.7053571421875 0.178571428125 0.7433035718750001 0.178571428125 0.7790178578125 0.203125 0.8080357140625001 0.22767857187499999 0.8102678578125 0.2633928578125 0.7745535718750001 0.2633928578125 0.7299107140625 0.24330357187499999 0.7053571421875 0.2075892859375 0.7053571421875
2 0.31696428593750003 0.5915178578125 0.2991071421875 0.6629464281249999 0.35491071406249997 0.71875 0.38392857187499996 0.7165178578125 0.415178571875 0.5959821421875 0.39508928593750003 0.5714285718750001 0.35044642812500004 0.5625 0.31696428593750003 0.5915178578125
2 0.43526785781250005 0.625 0.39732142812500004 0.7120535718750001 0.41071428593750003 0.765625 0.46875 0.7924107140625 0.53125 0.7254464281249999 0.5357142859375 0.671875 0.5066964281249999 0.6071428578125 0.43526785781250005 0.625
2 0.46875 0.5647321421875 0.48883928593750003 0.59375 0.53125 0.5959821421875 0.5535714281249999 0.546875 0.5022321421875 0.491071428125 0.484375 0.491071428125 0.46875 0.5647321421875
2 0.2477678578125 0.48660714218749995 0.2232142859375 0.5245535718750001 0.2321428578125 0.5691964281249999 0.2522321421875 0.59375 0.29017857187499996 0.6004464281249999 0.32142857187499996 0.5825892859375 0.3303571421875 0.5334821421875 0.30133928593750003 0.491071428125 0.2477678578125 0.48660714218749995
2 0.2165178578125 0.32142857187499996 0.1875 0.359375 0.18303571406250002 0.421875 0.22544642812500001 0.477678571875 0.25892857187499996 0.47991071406249997 0.30803571406249997 0.44866071406249997 0.31696428593750003 0.38616071406249997 0.26116071406249997 0.3258928578125 0.2165178578125 0.32142857187499996
2 0.2321428578125 0.2165178578125 0.29241071406249997 0.34821428593750003 0.3258928578125 0.35044642812500004 0.3616071421875 0.30580357187499996 0.3571428578125 0.2299107140625 0.2790178578125 0.1741071421875 0.2321428578125 0.2165178578125
2 0.2321428578125 0.2165178578125 0.22767857187499999 0.2834821421875 0.29241071406249997 0.34821428593750003 0.3258928578125 0.35044642812500004 0.3616071421875 0.30580357187499996 0.3571428578125 0.2299107140625 0.2790178578125 0.1741071421875 0.2321428578125 0.2165178578125
2 0.14508928593749998 0.20982142812500001 0.116071428125 0.24330357187499999 0.116071428125 0.30133928593750003 0.149553571875 0.34375 0.18303571406250002 0.3459821421875 0.21875 0.30133928593750003 0.2142857140625 0.24330357187499999 0.1897321421875 0.2142857140625 0.14508928593749998 0.20982142812500001
2 0.116071428125 0.131696428125 0.116071428125 0.171875 0.14508928593749998 0.2053571421875 0.196428571875 0.2075892859375 0.2232142859375 0.1897321421875 0.22767857187499999 0.1584821421875 0.1584821421875 0.0625 0.116071428125 0.131696428125
2 0.3303571421875 0.100446428125 0.35044642812500004 0.12053571406250001 0.38392857187499996 0.118303571875 0.41964285781250005 0.0825892859375 0.415178571875 0.006696428124999999 0.3147321421875 0 0.3303571421875 0.100446428125
2 0.3459821421875 0.125 0.30803571406249997 0.16741071406250002 0.3459821421875 0.21875 0.375 0.22544642812500001 0.40625 0.19866071406250002 0.41071428593750003 0.1584821421875 0.390625 0.125 0.3459821421875 0.125
2 0.1741071421875 0.037946428125 0.1875 0.087053571875 0.2388392859375 0.16071428593749998 0.28125 0.16741071406250002 0.32142857187499996 0.118303571875 0.30357142812500004 0.0022321421875000002 0.194196428125 0 0.1741071421875 0.037946428125
2 0.9441964281249999 0 0.9196428578125 0.024553571875 0.9151785718750001 0.069196428125 0.9598214281249999 0.10491071406250001 0.9910714281249999 0.078125 0.9955357140625001 0.037946428125 0.9754464281249999 0.0044642859375000005 0.9441964281249999 0
2 0.6584821421875 0.1875 0.6294642859375 0.2165178578125 0.6294642859375 0.265625 0.6808035718750001 0.31696428593750003 0.7008928578125 0.3147321421875 0.7321428578125 0.27455357187499996 0.7321428578125 0.2477678578125 0.6986607140625 0.19196428593749998 0.6584821421875 0.1875
2 0.6227678578125 0.29017857187499996 0.59375 0.32366071406249997 0.59375 0.35044642812500004 0.625 0.40401785781250005 0.65625 0.421875 0.6830357140625 0.39955357187499996 0.6875 0.33705357187499996 0.6584821421875 0.2991071421875 0.6227678578125 0.29017857187499996
2 0.5558035718750001 0.34375 0.5 0.39955357187499996 0.49553571406249997 0.47098214218749995 0.5424107140625 0.53125 0.59375 0.5379464281249999 0.6339285718750001 0.475446428125 0.6428571421875 0.42633928593750003 0.5825892859375 0.34375 0.5558035718750001 0.34375
2 0.7299107140625 0.375 0.6941964281249999 0.3883928578125 0.6741071421875 0.421875 0.6830357140625 0.475446428125 0.7276785718750001 0.49776785781250005 0.7522321421875 0.491071428125 0.78125 0.44866071406249997 0.7678571421875 0.39955357187499996 0.7299107140625 0.375
2 0.5401785718750001 0.1897321421875 0.5691964281249999 0.22767857187499999 0.5982142859375 0.2299107140625 0.6294642859375 0.149553571875 0.5825892859375 0.11160714218750001 0.5491071421875 0.13616071406250002 0.5401785718750001 0.1897321421875
2 0.5290178578125 0.2321428578125 0.5 0.27455357187499996 0.5 0.32366071406249997 0.5401785718750001 0.3459821421875 0.59375 0.3102678578125 0.5892857140625 0.25669642812500004 0.5558035718750001 0.22767857187499999 0.5290178578125 0.2321428578125
2 0.9796875 0.31484375 0.03984375 0.11171875
2 0.0484375 0.54296875 0.096875 0.1953125
2 0.77265625 0.60625 0.16484375 0.24765625
2 0.95234375 0.9640625 0.0921875 0.071875