2 0.3174510734375 0.866620328125 0.2717731390625 0.8315226656249999 0.2311516390625 0.843505153125 0.20513291250000001 0.885033125 0.20419810468750002 0.9118025218750001 0.24294998906249998 0.9533588296875 0.29003013593750004 0.94830239375 0.3203546265625 0.9113917890625001 0.3174510734375 0.866620328125
2 0.19764032812500001 0.7797968156249999 0.161791996875 0.7830119718749999 0.1360848734375 0.8156168109375 0.143138390625 0.8694672062500001 0.16928458125 0.8882482812499999 0.21976402187500002 0.8498079984375 0.21701627031249998 0.8005749703125 0.19764032812500001 0.7797968156249999
2 0.1387618328125 0.674999575 0.11629819999999999 0.678682134375 0.0996700109375 0.707137009375 0.128563953125 0.7751511109375 0.173958621875 0.75440129375 0.175516634375 0.70978563125 0.1387618328125 0.674999575
2 0.23248305781249998 0.6135007921875 0.21326291875 0.588261071875 0.17463849843749998 0.6070138093749999 0.1727688828125 0.660552603125 0.189680340625 0.6879452046875 0.214141053125 0.691032896875 0.23523080937500002 0.6627338218750001 0.23248305781249998 0.6135007921875
2 0.291389890625 0.6535274234374999 0.23938077343750003 0.67181275625 0.23782275937500003 0.7164284171874999 0.268118915625 0.7442884234375 0.30443465000000003 0.72768856875 0.3107658328125 0.6743055765625 0.291389890625 0.6535274234374999
2 0.41197964374999996 0.7180431015625001 0.3666133109375 0.674022309375 0.3329178625 0.67954615 0.313513584375 0.72353860625 0.311332365625 0.7860005328125 0.337011153125 0.818166303125 0.3750123671875 0.8172598328125 0.40995422656249997 0.7760434640625 0.41197964374999996 0.7180431015625001
2 0.465461765625 0.8494539390625 0.437941696875 0.8060563515625001 0.3839355 0.817571434375 0.3623783390625 0.8592552078125 0.365126090625 0.9084882359374999 0.41326850937500004 0.9369714484375 0.44219079062500005 0.940214940625 0.46343634843750003 0.9074543 0.465461765625 0.8494539390625
2 0.41972715781250003 0.9438975 0.366499965625 0.9331047515625001 0.3367986796875 0.9521690906250001 0.3309349015625 0.9921673859375 0.4446269390625 0.9983711015625 0.44755882812500003 0.9783719546875 0.41972715781250003 0.9438975
2 0.28541276875 0.9526081578125 0.2461651453125 0.9892071609374999 0.31524152031249997 0.9938528640625 0.3181734078125 0.973853715625 0.28541276875 0.9526081578125
2 0.5141990546875 0.924861496875 0.4668073046875 0.9388410640625 0.460320321875 0.9966856249999999 0.5317053796875 0.9991784453125 0.53326339375 0.9545627828125 0.5141990546875 0.924861496875
2 0.6210168296874999 1 0.6228063203125 0.9487556765624999 0.5949746499999999 0.914281221875 0.54680389375 0.9505686203125 0.5540132125 0.9999574515624999 0.555231640625 1 0.6210168296874999 1
2 0.716088478125 0.8358709828125 0.678866271875 0.8144696234375 0.64470341875 0.8333781609375001 0.630072309375 0.8686032875 0.632664259375 0.9222978828124999 0.6628046140625 0.9546194546875 0.71743401875 0.9252581078125001 0.7274477593750001 0.894338746875 0.716088478125 0.8358709828125
2 0.5103465734375 0.5874679453125 0.4777417328125 0.5617608203125 0.4434230796875 0.585130925 0.4413976625 0.6431312859375 0.46261488437500004 0.67514125625 0.5126269203125 0.6500856734375 0.51802329375 0.623472078125 0.5103465734375 0.5874679453125
2 0.377590196875 0.5515629421875 0.340367990625 0.5301615828124999 0.3054261296875 0.5713779515625 0.3083296828125 0.616149415625 0.3298585078125 0.639236253125 0.3633981546875 0.638173978125 0.38941688124999996 0.5966460078125 0.377590196875 0.5515629421875
2 0.355239909375 0.296163059375 0.326940834375 0.275073303125 0.2929337828125 0.289520275 0.2783026734375 0.32474539999999996 0.28582359375 0.3652111 0.31181398437499996 0.3884537375 0.33873918281250004 0.3849269796875 0.3584550640625 0.332011390625 0.355239909375 0.296163059375
2 0.43383428437499993 0.3480447109375 0.3975468859375 0.2998739546875 0.3727745703125 0.3057093984375 0.3478181171875 0.380777015625 0.3771794640625 0.43540641874999997 0.4108749125 0.4298825796875 0.432276271875 0.3926603734375 0.43383428437499993 0.3480447109375
2 0.47074489062499997 0.378369203125 0.45255868593750004 0.451439740625 0.47362010625 0.4879112765625 0.505785878125 0.46223248906250003 0.50765549375 0.40869369375 0.47074489062499997 0.378369203125
2 0.6440944281250001 0.4670623296875 0.6033454640625 0.41873577187500005 0.5676529343750001 0.4174893625 0.52778210625 0.4719346265625 0.5342124171875 0.5436312890624999 0.57773746875 0.576420265625 0.6160502859375 0.5665906625 0.6422248125000001 0.5206011234375 0.6440944281250001 0.4670623296875
2 0.70137245625 0.36185435625 0.655071315625 0.3446029609375 0.6295199921875 0.372746234375 0.6233446109375 0.42166766093749997 0.6656232546874999 0.4901491671875 0.7222497375 0.46755806875 0.7345721640625 0.43448582656249995 0.70137245625 0.36185435625
2 0.64473185 0.06505396875 0.594280746875 0.038723639062499995 0.5591830859375 0.08440157499999999 0.5573134703125 0.13794036875 0.6086710453124999 0.20227191093750002 0.6403694125 0.189977821875 0.6607084984375 0.11921596875 0.64473185 0.06505396875
2 0.2497770046875 0.11826694374999999 0.22609529843749998 0.0928714234375 0.1857854015625 0.095930778125 0.1596108734375 0.14192031562500002 0.162670228125 0.1822302125 0.188349015625 0.2143959828125 0.22635022968750002 0.21348951249999998 0.2523689546875 0.171961540625 0.2497770046875 0.11826694374999999
2 0.0708651359375 0 0.1004207734375 0.046046207812500003 0.1405748703125 0.04744841875 0.154660775 0 0.0708651359375 0
2 0.9953684203125001 0.38552194375000004 0.9718425156249999 0.3556648546875 0.9495346828125 0.35488584843750004 0.9238275609375 0.3874906890625 0.9396484078125 0.4461142546875 0.9685706875 0.4493577453125 0.9939662078125 0.4256760375 0.9953684203125001 0.38552194375000004
2 1 0.24151989999999998 0.9757375484375 0.24412570156250002 0.9454130562499999 0.2810363046875 0.9441666453125 0.316728834375 0.983385934375 0.34490044375 1 0.3357048484375 1 0.24151989999999998
2 0.96080895625 0.6076654453125 0.9863319421875 0.64429278125 0.99746463125 0.5173718484375 0.9579054031249999 0.56289398125 0.96080895625 0.6076654453125
2 0 0.8241066984375 0.015778387499999998 0.8069486078124999 0.0170247984375 0.771256078125 0 0.749649646875 0 0.8241066984375
2 0.7449117234375 0.0104812359375 0.7752078796874999 0.03834124375 0.7998243921875 0.0369673671875 0.8162967812499999 0.0129740578125 0.7449117234375 0.0104812359375
2 0.2985284140625 0.5130659890625 0.27054094375000004 0.4830530984375 0.22283759218750002 0.5059558 0.2206563734375 0.5684177265625 0.246179359375 0.6050450640625 0.284492175 0.595215459375 0.301120365625 0.566760584375 0.2985284140625 0.5130659890625
2 0.14296875 0.6296875 0.0453125 0.0640625