2 0.7745535718750001 0.7633928578125 0.7276785718750001 0.7924107140625 0.71875 0.8638392859374999 0.7388392859375 0.8973214281249999 0.7901785718750001 0.9040178578125 0.8214285718750001 0.8683035718750001 0.8258928578125 0.828125 0.8080357140625001 0.7745535718750001 0.7745535718750001 0.7633928578125
2 0.6584821421875 0.71875 0.6339285718750001 0.734375 0.6205357140625 0.7924107140625 0.6294642859375 0.828125 0.6830357140625 0.8549107140625001 0.7142857140625 0.828125 0.7232142859375 0.7834821421875 0.7142857140625 0.7477678578125 0.6584821421875 0.71875
2 0.7790178578125 0.6428571421875 0.7410714281249999 0.6852678578125 0.7410714281249999 0.734375 0.7611607140625 0.7544642859375 0.7991071421875 0.7566964281249999 0.8303571421875 0.734375 0.8348214281249999 0.6986607140625 0.8214285718750001 0.6540178578125 0.7790178578125 0.6428571421875
2 0.5870535718750001 0.6160714281249999 0.5625 0.640625 0.5580357140625 0.6897321421875 0.5736607140625 0.71875 0.6205357140625 0.7209821421875 0.6473214281249999 0.6897321421875 0.6473214281249999 0.6495535718750001 0.6316964281249999 0.625 0.5870535718750001 0.6160714281249999
2 0.4375 0.5513392859375 0.4375 0.6138392859375 0.453125 0.6294642859375 0.491071428125 0.6272321421875 0.5089285718750001 0.5602678578125 0.48883928593750003 0.53125 0.462053571875 0.5267857140625 0.4375 0.5513392859375
2 0.428571428125 0.6674107140625 0.42410714218749995 0.7165178578125 0.44866071406249997 0.7410714281249999 0.491071428125 0.7388392859375 0.5 0.6629464281249999 0.484375 0.6383928578125 0.45758928593750003 0.6339285718750001 0.428571428125 0.6674107140625
2 0.34821428593750003 0.578125 0.34821428593750003 0.6138392859375 0.40178571406249997 0.6450892859375 0.428571428125 0.5870535718750001 0.415178571875 0.546875 0.38616071406249997 0.5357142859375 0.34821428593750003 0.578125
2 0.3102678578125 0.6830357140625 0.28125 0.7165178578125 0.28125 0.7566964281249999 0.3147321421875 0.8035714281249999 0.33482142812500004 0.8058035718750001 0.37053571406249997 0.7834821421875 0.37946428593750003 0.734375 0.35044642812500004 0.6875 0.3102678578125 0.6830357140625
2 0.203125 0.6875 0.165178571875 0.7299107140625 0.16071428593749998 0.796875 0.1852678578125 0.8303571421875 0.2366071421875 0.8415178578125 0.27232142812500004 0.796875 0.2678571421875 0.734375 0.24330357187499999 0.6964285718750001 0.203125 0.6875
2 0.2321428578125 0.578125 0.2366071421875 0.6227678578125 0.2522321421875 0.6473214281249999 0.28125 0.6495535718750001 0.30357142812500004 0.6227678578125 0.30357142812500004 0.5736607140625 0.25669642812500004 0.5401785718750001 0.2321428578125 0.578125
2 0.42410714218749995 0.9977678578125 0.39732142812500004 0.9352678578125 0.35044642812500004 0.9107142859374999 0.3303571421875 0.9977678578125 0.42410714218749995 0.9977678578125
2 0.6138392859375 0.375 0.5892857140625 0.412946428125 0.59375 0.462053571875 0.6428571421875 0.48883928593750003 0.6875 0.444196428125 0.6830357140625 0.390625 0.6540178578125 0.36607142812500004 0.6138392859375 0.375
2 0.7790178578125 0.2232142859375 0.7544642859375 0.2522321421875 0.75 0.3102678578125 0.7700892859375 0.34375 0.8125 0.3459821421875 0.8392857140625001 0.31919642812500004 0.84375 0.265625 0.8147321421875 0.2232142859375 0.7790178578125 0.2232142859375
2 0.8883928578125 0.0424107140625 0.8571428578125 0.10491071406250001 0.8861607140625001 0.1428571421875 0.9598214281249999 0.1540178578125 0.9955357140625001 0.087053571875 0.9575892859374999 0.0267857140625 0.9174107140625001 0.022321428125 0.8883928578125 0.0424107140625
2 0.7366071421875 0.078125 0.7232142859375 0.140625 0.7477678578125 0.1875 0.7901785718750001 0.194196428125 0.8258928578125 0.171875 0.8392857140625001 0.100446428125 0.7834821421875 0.0491071421875 0.7366071421875 0.078125
2 0.6540178578125 0.0178571421875 0.6294642859375 0.0424107140625 0.6205357140625 0.0915178578125 0.640625 0.125 0.6696428578125 0.1272321421875 0.6964285718750001 0.10491071406250001 0.7008928578125 0.0647321421875 0.6919642859375 0.0334821421875 0.6540178578125 0.0178571421875
2 0.5290178578125 0 0.49553571406249997 0.0334821421875 0.49553571406249997 0.087053571875 0.5290178578125 0.133928571875 0.5535714281249999 0.140625 0.5982142859375 0.10491071406250001 0.6026785718750001 0.060267857812500006 0.578125 0.0044642859375000005 0.5290178578125 0
2 0.328125 0.0625 0.29017857187499996 0.0959821421875 0.29017857187499996 0.162946428125 0.3102678578125 0.19196428593749998 0.35267857187499996 0.194196428125 0.37946428593750003 0.1540178578125 0.37946428593750003 0.100446428125 0.35491071406249997 0.0669642859375 0.328125 0.0625
2 0.2209821421875 0.084821428125 0.19196428593749998 0.12276785781249999 0.19196428593749998 0.171875 0.22544642812500001 0.21875 0.25446428593750003 0.2209821421875 0.28571428593750003 0.1852678578125 0.28571428593750003 0.1272321421875 0.2522321421875 0.084821428125 0.2209821421875 0.084821428125
2 0 0.17633928593749998 0.024553571875 0.2142857140625 0.0580357140625 0.2209821421875 0.0892857140625 0.19866071406250002 0.102678571875 0.131696428125 0.087053571875 0.102678571875 0.0290178578125 0.09375 0 0.12276785781249999 0 0.17633928593749998
2 0.8950892859374999 0.2366071421875 0.875 0.265625 0.8705357140625001 0.328125 0.890625 0.3571428578125 0.9330357140625001 0.36383928593750003 0.9642857140625001 0.32366071406249997 0.96875 0.27455357187499996 0.9397321421875 0.2366071421875 0.8950892859374999 0.2366071421875
2 0.8526785718750001 0.0825892859375 0.9040178578125 0 0.8035714281249999 0.0022321421875000002 0.8035714281249999 0.046875 0.8526785718750001 0.0825892859375
2 0.3616071421875 0.0334821421875 0.38169642812500004 0 0.2991071421875 0.0022321421875000002 0.33705357187499996 0.0357142859375 0.3616071421875 0.0334821421875
2 0.0859375 0.7203125 0.17109375 0.1984375
2 0.73984375 0.5859375 0.128125 0.20078125