2 0.12109375 0.62578125 0.1046875 0.1171875
2 0.16171875 0.53984375 0.1109375 0.128125
2 0.046875 0.37578125 0.09375 0.1546875
2 0.20078125 0.4296875 0.1171875 0.134375
2 0.409375 0.49765625 0.1453125 0.1796875
2 0.54609375 0.83046875 0.1109375 0.128125
2 0.51875 0.925 0.1109375 0.1265625
2 0.6375 0.90625 0.1890625 0.18125
2 0.95390625 0.840625 0.0921875 0.109375
2 0.96640625 0.68359375 0.0671875 0.1515625
2 0.8296875 0.62578125 0.109375 0.14375
2 0.803125 0.50234375 0.1234375 0.146875
2 0.70546875 0.50546875 0.1484375 0.1828125
2 0.74140625 0.40546875 0.1046875 0.1234375
2 0.7390625 0.18515625 0.1234375 0.1453125
2 0.75390625 0.075 0.1609375 0.15
2 0.56328125 0.071875 0.1171875 0.1359375
2 0.47890625 0.0625 0.1046875 0.125
2 0.340625 0.2140625 0.165625 0.184375
2 0.28515625 0.3046875 0.109375 0.1265625
2 0.27109375 0.11875 0.09375 0.1078125
2 0.33671875 0.084375 0.121875 0.1328125
2 0.63046875 0.0171875 0.0953125 0.034375
2 0.9046875 0.16796875 0.0765625 0.1515625
2 0.08515625 0.159375 0.1546875 0.146875