2 0.541984996875 0.059689178125 0.558847853125 0.1040481328125 0.5647124421874999 0.069245515625 0.541984996875 0.059689178125
2 0.3756285953125 0 0.38004709062500003 0.0266744875 0.4094850796875 0.047383057812500004 0.4529210953125 0.027501409375 0.467543853125 0 0.3756285953125 0
2 0.5606937296875001 0.1100857171875 0.5610206921875001 0.05717034375 0.5267180359375 0.031347124999999997 0.4865507921875 0.0403265203125 0.45745880000000005 0.08553142968750001 0.47474463437500003 0.1528678078125 0.52581413125 0.1471571859375 0.5606937296875001 0.1100857171875
2 0.2791960625 0.22585685781249998 0.342840690625 0.1964958546875 0.35960753125 0.16496201093750001 0.3515510734375 0.127813559375 0.3230360234375 0.11012378125 0.2849646359375 0.115161446875 0.24958507812500003 0.172191546875 0.2536998046875 0.20724414218749998 0.2791960625 0.22585685781249998
2 0.3505701859375 0.286559675 0.361549421875 0.24689239375 0.338399 0.21435862968750002 0.2696397234375 0.248584303125 0.26285219843749996 0.28036812499999997 0.2927131625 0.324054121875 0.32986161406250003 0.3159976640625 0.3505701859375 0.286559675
2 0.2643131609375 0.501085990625 0.305653321875 0.48514607343750005 0.33709115 0.42602011875 0.3313805265625 0.374950621875 0.300769621875 0.361202571875 0.2545647921875 0.37202784218749996 0.22337694375 0.42117448281250003 0.2269917125 0.47618571093749995 0.2643131609375 0.501085990625
2 0.185112671875 0.7926780203125 0.24456558906249998 0.7712004765625 0.2678699765625 0.7178621281249999 0.2600634984375 0.6707343625 0.2297025734375 0.6470069953124999 0.1895353296875 0.6559863906250001 0.16069331874999998 0.691211984375 0.155001728125 0.7589713406249999 0.185112671875 0.7926780203125
2 0.3485504578125 0.7658168171875 0.35793379999999997 0.71013263125 0.3305916671875 0.6854823296875 0.2739075625 0.7160162515625 0.266620078125 0.76775870625 0.28700168593750003 0.7912360921875 0.32993774062500003 0.7913130734375 0.3485504578125 0.7658168171875
2 0.499855978125 0.38616080625000004 0.4657263203125 0.3932943265625 0.4554200421875 0.44595971875 0.47512869375 0.45643899374999997 0.5043936828125 0.444190825 0.5151229390625 0.4145028578125 0.499855978125 0.38616080625000004
2 0 0.43555420937499995 0.037961653125 0.4085414 0.050786765624999994 0.374911703125 0.0315780734375 0.3444737953125 0.015561171874999998 0.346069690625 0 0.3769733890625 0 0.43555420937499995
2 0.7498578671875 0.491280528125 0.791371025 0.5082973484375 0.8594573421874999 0.46107356718750003 0.8732823749999999 0.38752660625 0.8443443484375001 0.34685940312499997 0.7983894984375 0.3477053578125 0.74539714375 0.3903144515625 0.7299762171874999 0.44784451093750005 0.7498578671875 0.491280528125
2 1 0.30450846875000004 0.98345879375 0.294424959375 0.9309664 0.317075421875 0.8953368609375 0.3840848375 0.9033933187500001 0.4212332859375 0.9525399578125 0.45242113437500003 0.995975975 0.43253948593749997 1 0.4249713953125 1 0.30450846875000004
2 0.881357865625 0.5435039109375001 0.87145553125 0.500317875 0.8408446265625 0.486569825 0.798331546875 0.5094702671875 0.77946885 0.5449458390624999 0.8006964140624999 0.614378071875 0.8480741625 0.5965922796875 0.881357865625 0.5435039109375001
2 0.884299675 0.5855170281250001 0.837844865625 0.606321615625 0.8189821687500001 0.6417971875 0.827038628125 0.6789456390625 0.8962208796875 0.667697390625 0.9134876828125 0.616204915625 0.884299675 0.5855170281250001
2 0.926408809375 0.6584680140625 0.8511119859375 0.7144981953125 0.8888564125 0.7623759 0.9260048624999999 0.75431944375 0.9490592703124999 0.7109604093749999 0.945194521875 0.6659284984375 0.926408809375 0.6584680140625
2 0.87964606875 0.851016825 0.8580915421875 0.8344999640624999 0.8058491265625 0.8471711093750001 0.7746612796875 0.8963177484375 0.79588884375 0.9657499828124999 0.8167704125 0.9692687359375001 0.87964606875 0.851016825
2 0.7067098953125 0.7388405671875 0.7023451875 0.7137672859374999 0.6796177421875 0.704210946875 0.6515256703125 0.70949859375 0.6389505390625 0.733148975 0.641219390625 0.7621639859375 0.6627739171875 0.778680846875 0.7067098953125 0.7388405671875
2 0.732014121875 0.605667690625 0.67607995625 0.6062636640625 0.6492568171875 0.6804835828125 0.6768489296875 0.6951545703125 0.7100556499999999 0.68500225625 0.745185228125 0.637951471875 0.732014121875 0.605667690625
2 0.6327780187500001 0.9396958156249999 0.6903850609375 0.9121806859375001 0.7113436140625 0.8727633812500001 0.713516453125 0.8258855953124999 0.68525138125 0.7982165015625 0.6432382624999999 0.8011583109375 0.5999752453125 0.8539967 0.60149415625 0.9129496578125 0.6327780187500001 0.9396958156249999
2 0.637541175 1 0.6320280796875 0.9696337625 0.6056088843749999 0.9480022531250001 0.5554623265624999 0.95673166875 0.5200350796875 1 0.637541175 1
2 0.3901596328125 0.8587264359375 0.3248421265625 0.91500659375 0.368124178125 0.9809970578125 0.4073684828125 0.9689988703125 0.4443439359375 0.927985671875 0.4265581421875 0.880607925 0.3901596328125 0.8587264359375
2 0.45624611093749995 0.8913371796874999 0.4915486859375 0.8772431375 0.51460309375 0.833884103125 0.5086424890625 0.792793921875 0.48616502500000003 0.77325826875 0.43996019531249997 0.7840835390625001 0.41900164375 0.8235008421875 0.42680812343749996 0.8706286078125001 0.45624611093749995 0.8913371796874999