2 0.3018219796875 0.9357337546875 0.33744725625 0.9739597765625 0.376294003125 0.9283713703125 0.3470842640625 0.8995466734375 0.3018219796875 0.9357337546875
2 0.3605045484375 0.74835540625 0.3416429796875 0.778185871875 0.36780801093750004 0.8398268218749999 0.3912229390625 0.84928706875 0.4148735515625 0.790749746875 0.3909557390625 0.7572538468750001 0.3605045484375 0.74835540625
2 0.176909478125 0.6128946749999999 0.1440343046875 0.6268493578125 0.1351358640625 0.6573005484375 0.157812225 0.71072270625 0.2163495453125 0.7343733171875 0.25519629374999997 0.6887849125 0.24473028125 0.6641285328125 0.176909478125 0.6128946749999999
2 0.34039742031250003 0.4610511671875 0.32215657656249996 0.480918503125 0.3389792046875 0.5319756 0.3664446078125 0.5566909 0.397516525 0.5556262109375 0.418684234375 0.53694140625 0.392519203125 0.47530045625 0.34039742031250003 0.4610511671875
2 0.2088652109375 0.35683911562500004 0.1865738921875 0.3614513953125 0.17120099375 0.3995006546875 0.1886443484375 0.44059462031249996 0.2395836015625 0.457770775 0.25900697500000003 0.43497657187499994 0.242184346875 0.3839194765625 0.2088652109375 0.35683911562500004
2 0.158723446875 0.27870165625 0.1300165921875 0.2739126125 0.1046805640625 0.3113411453125 0.153136915625 0.36836981562500004 0.1807201609375 0.3590863328125 0.18612993125 0.32041635 0.158723446875 0.27870165625
2 0.1144943359375 0.1859298703125 0.08578748124999999 0.181140825 0.065684459375 0.2308975484375 0.10479840781250001 0.2773423625 0.13649105 0.2663145453125 0.1384121484375 0.2194257671875 0.1144943359375 0.1859298703125
2 0 0.3405448796875 0.018383234374999998 0.3479721890625 0.041295279687500006 0.33339677968750003 0.0326914453125 0.2788510140625 0 0.2459321578125 0 0.3405448796875
2 0.2566693203125 0.26380012656249996 0.226159209375 0.27190107812500003 0.21900510468749998 0.3064616671875 0.23819279375 0.3516650296875 0.3025838453125 0.37768070468750004 0.32200721875 0.3548865015625 0.3092939875 0.3020850703125 0.2566693203125 0.26380012656249996
2 0.3787686890625 0.21439693124999998 0.334244975 0.2066221015625 0.319995684375 0.258743884375 0.3749264921875 0.3081744875 0.40082432343749996 0.2777822171875 0.4009421671875 0.2437834328125 0.3787686890625 0.21439693124999998
2 0.255514196875 0.08969681562500001 0.23952057187500003 0.13770920312499998 0.2534752546875 0.1705843765625 0.30441450937500003 0.18776053125 0.32620294375 0.15911259687499998 0.309380315625 0.10805550156249999 0.255514196875 0.08969681562500001
2 0.43298833593749997 0.13075926875 0.39488015625 0.1323857609375 0.406913740625 0.21214971249999998 0.45312287187500006 0.24103333125 0.48076503906249995 0.2147504578125 0.466307471875 0.15783963125 0.43298833593749997 0.13075926875
2 0.4703264328125 0.013063901562499999 0.4636752125 0.07166014375 0.5068985546875 0.1163606234375 0.5280662640625 0.0976758171875 0.5246954359375 0.055458240625 0.4703264328125 0.013063901562499999
2 0.4866053390625 0 0.489690884375 0.007269090625 0.5265576125 0.025568854687499996 0.545922065625 0.01977404375 0.5552185234375 0 0.4866053390625 0
2 0.697390628125 0 0.69604864375 0.0021224125 0.729308859375 0.046202165625 0.7527827078125 0.03866301875 0.7593160875 0.014065560937499999 0.7533456109375 0 0.697390628125 0
2 0.6972626890625 0.1592263328125 0.659598471875 0.20188786875 0.6640929109375 0.258177971875 0.7032068578125 0.3046227875 0.73073118125 0.31233869531249997 0.7632213140624999 0.24034957656249997 0.7422892890624999 0.1910368171875 0.6972626890625 0.1592263328125
2 0.8437827546875001 0.1673546890625 0.790537359375 0.139032875 0.7593476015625 0.174096346875 0.7627184312499999 0.216313921875 0.8241236953125 0.2581464578125 0.845853209375 0.24649791406250002 0.8559931015625001 0.19612046562500002 0.8437827546875001 0.1673546890625
2 0.8176492375000001 0.2657445234375 0.7754905828124999 0.2521159625 0.7519578109375 0.2766544984375 0.7441829828125 0.321178215625 0.7733337984374999 0.3670023046875 0.8166749843750001 0.3777040015625 0.8466822140625 0.34556739687500004 0.843311384375 0.3033498203125 0.8176492375000001 0.2657445234375
2 0.7861648734375 0.38580495312499996 0.7522250109375 0.36868772031249997 0.7281304359375 0.38618999375 0.7273918671875 0.43015190625 0.7729802734375 0.468998653125 0.792344725 0.46320384218750005 0.8059732890625 0.42104518750000003 0.7861648734375 0.38580495312499996
2 0.6579445734375 0.3408098671875 0.6373386671875 0.3665309359375 0.6517962359375 0.4234417625 0.7062241578124999 0.4488367109375 0.7232824718749999 0.431896240625 0.7146786359374999 0.37735047499999996 0.6579445734375 0.3408098671875
2 0.5342776296875 0.33510549218749996 0.5277442515625 0.3597029515625 0.5510413375 0.4031619796875 0.582054334375 0.4190966828125 0.5986097640625 0.3781205578125 0.5589340109375 0.3246394796875 0.5342776296875 0.33510549218749996
2 0.8785831343750001 0.44357219062500003 0.83468014375 0.42583423125 0.8035493062500001 0.4438983109375 0.7963952 0.47845889843749995 0.8266696281250001 0.5383555125 0.87175515 0.55316660625 0.895849725 0.53566433125 0.9018802203125 0.48703121875 0.8785831343750001 0.44357219062500003
2 0.88857366875 0.2671627390625 0.8760687171875 0.32339392031249997 0.8900233999999999 0.35626909375000004 0.9227807312499999 0.37631319375 0.945692775 0.361737784375 0.9440662828124999 0.3236296046875 0.88857366875 0.2671627390625
2 0.7147101515625 0.5373812609375 0.6736751062499999 0.5378252234375 0.6845850812500001 0.6035166484375 0.7197074734375 0.617707015625 0.7414369875 0.6060584734375001 0.742737359375 0.5691328234374999 0.7147101515625 0.5373812609375
2 0.7565742 0.6360067796875 0.7220136140625 0.628852675 0.7066407156250001 0.666901934375 0.75160839375 0.7157118109375 0.7774473046875 0.7023189328125 0.7804920125 0.6695026796875 0.7565742 0.6360067796875
2 0.642308584375 0.62388686875 0.6152871421875 0.6402066125 0.61398676875 0.6771322625 0.6372838546875 0.7205912890625 0.6689175765625001 0.7265628640624999 0.7030342015625 0.6926819234375 0.6779927812500001 0.6451134984375 0.642308584375 0.62388686875
2 0.7145649015625 0.7484102203125 0.6603452562500001 0.8320478843749999 0.7182618515625 0.8656616250000001 0.7546846171875 0.84292634375 0.759473659375 0.8142194890625 0.7145649015625 0.7484102203125
2 0.9260378250000001 0.7895905140624999 0.9147743234375 0.8258954375 0.9287290078125 0.8587706109375001 0.985078028125 0.8372767812499999 0.9711822671875 0.787402215625 0.9260378250000001 0.7895905140624999