2 0.6919642859375 0.8504464281249999 0.703125 0.8883928578125 0.7410714281249999 0.8950892859374999 0.7857142859375 0.8147321421875 0.765625 0.7544642859375 0.7232142859375 0.7700892859375 0.6919642859375 0.8504464281249999
2 0.5625 0.7790178578125 0.5535714281249999 0.8370535718750001 0.578125 0.8705357140625001 0.6071428578125 0.8727678578125 0.625 0.859375 0.6339285718750001 0.8013392859374999 0.5870535718750001 0.7633928578125 0.5625 0.7790178578125
2 0.6138392859375 0.6919642859375 0.6116071421875 0.7120535718750001 0.625 0.7120535718750001 0.6138392859375 0.6919642859375
2 0.3459821421875 0.5982142859375 0.31696428593750003 0.6450892859375 0.33482142812500004 0.7165178578125 0.3616071421875 0.7254464281249999 0.41071428593750003 0.6808035718750001 0.40625 0.6272321421875 0.3727678578125 0.59375 0.3459821421875 0.5982142859375
2 0.12946428593749998 0.7566964281249999 0.125 0.8102678578125 0.1540178578125 0.84375 0.19196428593749998 0.8459821421875 0.21875 0.828125 0.2321428578125 0.7700892859375 0.1852678578125 0.7232142859375 0.12946428593749998 0.7566964281249999
2 0.0513392859375 0.7142857140625 0.022321428125 0.7477678578125 0.03125 0.8102678578125 0.071428571875 0.8325892859374999 0.10714285781249999 0.8147321421875 0.12053571406250001 0.7700892859375 0.0915178578125 0.7098214281249999 0.0513392859375 0.7142857140625
2 0 0.9308035718750001 0.0446428578125 0.953125 0.0803571421875 0.9263392859374999 0.084821428125 0.8727678578125 0.0647321421875 0.8392857140625001 0.037946428125 0.8303571421875 0 0.8638392859374999 0 0.9308035718750001
2 0.6875 0.9799107140625001 0.6897321421875 1 0.7857142859375 0.9977678578125 0.7723214281249999 0.9486607140625001 0.7433035718750001 0.9285714281249999 0.7209821421875 0.9330357140625001 0.6875 0.9799107140625001
2 0.8035714281249999 0.8638392859374999 0.7991071421875 0.9129464281249999 0.8236607140625001 0.9508928578125 0.8616071421875 0.953125 0.8839285718750001 0.8861607140625001 0.8638392859374999 0.8482142859374999 0.828125 0.8392857140625001 0.8035714281249999 0.8638392859374999
2 0.5915178578125 0.36607142812500004 0.5535714281249999 0.40848214218749995 0.5491071421875 0.475446428125 0.5915178578125 0.53125 0.625 0.5334821421875 0.6607142859375 0.5022321421875 0.6741071421875 0.421875 0.6495535718750001 0.38392857187499996 0.5915178578125 0.36607142812500004
2 0.6540178578125 0.30803571406249997 0.6785714281249999 0.3102678578125 0.7008928578125 0.26116071406249997 0.6584821421875 0.2321428578125 0.6383928578125 0.2834821421875 0.6540178578125 0.30803571406249997
2 0.5825892859375 0.03125 0.5625 0.055803571875 0.5669642859375 0.1272321421875 0.5959821421875 0.15178571406250002 0.6205357140625 0.149553571875 0.6473214281249999 0.109375 0.6473214281249999 0.0647321421875 0.6183035718750001 0.0357142859375 0.5825892859375 0.03125
2 0.7834821421875 0.053571428125 0.8258928578125 0.060267857812500006 0.8571428578125 0.037946428125 0.8549107140625001 0 0.7633928578125 0.0022321421875000002 0.7834821421875 0.053571428125
2 0.8526785718750001 0.24330357187499999 0.8482142859374999 0.29241071406249997 0.8616071421875 0.32366071406249997 0.8973214281249999 0.3415178578125 0.9375 0.3147321421875 0.9419642859374999 0.26116071406249997 0.8861607140625001 0.21875 0.8526785718750001 0.24330357187499999
2 1 0.35044642812500004 0.9933035718750001 0.21875 0.9598214281249999 0.26116071406249997 0.9598214281249999 0.30580357187499996 1 0.35044642812500004
2 0.78125 0.118303571875 0.8013392859374999 0.1428571421875 0.8303571421875 0.14508928593749998 0.8482142859374999 0.0915178578125 0.8102678578125 0.0669642859375 0.7901785718750001 0.078125 0.78125 0.118303571875
2 0.415178571875 0.0022321421875000002 0.33482142812500004 0.0022321421875000002 0.3883928578125 0.024553571875 0.415178571875 0.0022321421875000002
2 0.194196428125 0 0.12946428593749998 0.0022321421875000002 0.1696428578125 0.0290178578125 0.194196428125 0
2 0.084821428125 0.21205357187499999 0.0803571421875 0.26116071406249997 0.10491071406250001 0.2946428578125 0.147321428125 0.296875 0.165178571875 0.2388392859375 0.15178571406250002 0.19866071406250002 0.118303571875 0.178571428125 0.084821428125 0.21205357187499999
2 0.49776785781250005 0.040178571875 0.459821428125 0.0736607140625 0.45535714218749995 0.1272321421875 0.48883928593750003 0.1696428578125 0.5267857140625 0.17633928593749998 0.5535714281249999 0.149553571875 0.5580357140625 0.0825892859375 0.5334821421875 0.0446428578125 0.49776785781250005 0.040178571875
2 0.27232142812500004 0.953125 0.27678571406249997 0.9888392859374999 0.3571428578125 0.9977678578125 0.3571428578125 0.9263392859374999 0.33705357187499996 0.90625 0.296875 0.9107142859374999 0.27232142812500004 0.953125
2 1 0.953125 0.9754464281249999 0.9508928578125 0.9508928578125 0.9977678578125 1 0.9977678578125 1 0.953125
2 0.8660714281249999 0.055803571875 0.9017857140625001 0.0647321421875 0.9241071421875 0.0424107140625 0.9285714281249999 0.0022321421875000002 0.8683035718750001 0 0.8660714281249999 0.055803571875
2 0.28515625 0.35546875 0.16796875 0.22734375
2 0.890625 0.51171875 0.1453125 0.20703125
2 0.4015625 0.95078125 0.125 0.0984375