2 0.8794642859374999 0.7075892859375 0.9151785718750001 0.7388392859375 0.9419642859374999 0.6986607140625 0.9330357140625001 0.6674107140625 0.9040178578125 0.6473214281249999 0.8794642859374999 0.7075892859375
2 0.6495535718750001 0.6026785718750001 0.6205357140625 0.6316964281249999 0.6160714281249999 0.671875 0.6361607140625 0.7098214281249999 0.6651785718750001 0.7165178578125 0.6919642859375 0.6986607140625 0.7008928578125 0.6450892859375 0.6852678578125 0.6116071421875 0.6495535718750001 0.6026785718750001
2 0.5736607140625 0.5848214281249999 0.5535714281249999 0.6138392859375 0.5580357140625 0.6495535718750001 0.59375 0.6674107140625 0.6116071421875 0.6495535718750001 0.6116071421875 0.6138392859375 0.5959821421875 0.5848214281249999 0.5736607140625 0.5848214281249999
2 0.493303571875 0.5892857140625 0.46428571406249997 0.6183035718750001 0.459821428125 0.6763392859375 0.47991071406249997 0.71875 0.5133928578125 0.7209821421875 0.5446428578125 0.6986607140625 0.5535714281249999 0.640625 0.5200892859375 0.5892857140625 0.493303571875 0.5892857140625
2 0.53125 0.462053571875 0.53125 0.5111607140625 0.5625 0.5334821421875 0.5982142859375 0.49776785781250005 0.5870535718750001 0.428571428125 0.5513392859375 0.43303571406249997 0.53125 0.462053571875
2 0.375 0.412946428125 0.39508928593750003 0.446428571875 0.41964285781250005 0.444196428125 0.4375 0.38616071406249997 0.39955357187499996 0.34821428593750003 0.37946428593750003 0.36830357187499996 0.375 0.412946428125
2 0.6116071421875 0.2075892859375 0.6026785718750001 0.27008928593750003 0.6316964281249999 0.30357142812500004 0.6651785718750001 0.30133928593750003 0.6919642859375 0.27455357187499996 0.6964285718750001 0.22544642812500001 0.6495535718750001 0.1875 0.6116071421875 0.2075892859375
2 0.2232142859375 0.444196428125 0.21875 0.484375 0.2522321421875 0.5357142859375 0.27678571406249997 0.5334821421875 0.2991071421875 0.5022321421875 0.2946428578125 0.43526785781250005 0.2522321421875 0.415178571875 0.2232142859375 0.444196428125
2 0.084821428125 0.430803571875 0.0803571421875 0.48883928593750003 0.10491071406250001 0.5357142859375 0.133928571875 0.5334821421875 0.1696428578125 0.45758928593750003 0.15178571406250002 0.40401785781250005 0.12276785781249999 0.3883928578125 0.084821428125 0.430803571875
2 0.477678571875 0.078125 0.45089285781250005 0.1584821421875 0.484375 0.196428571875 0.5133928578125 0.194196428125 0.5491071421875 0.0959821421875 0.5424107140625 0.0491071421875 0.5066964281249999 0.0491071421875 0.477678571875 0.078125
2 1 0.16741071406250002 0.9977678578125 0.0446428578125 0.96875 0.0736607140625 0.96875 0.12276785781249999 1 0.16741071406250002
2 0.34375 0.9754464281249999 0.35491071406249997 1 0.415178571875 0.9977678578125 0.428571428125 0.9174107140625001 0.38616071406249997 0.8794642859374999 0.3571428578125 0.8950892859374999 0.34375 0.9754464281249999
2 0.9375 0.9977678578125 0.9174107140625001 0.9732142859374999 0.8727678578125 0.9732142859374999 0.8571428578125 0.9977678578125 0.9375 0.9977678578125
2 0.5133928578125 0.0334821421875 0.5535714281249999 0.0022321421875000002 0.48883928593750003 0 0.48660714218749995 0.0200892859375 0.5133928578125 0.0334821421875
2 1 0.16741071406250002 0.9977678578125 0.0446428578125 0.96875 0.0736607140625 0.96875 0.12276785781249999 1 0.16741071406250002
2 0 0.046875 0.0178571421875 0.046875 0.053571428125 0.024553571875 0.060267857812500006 0 0 0.0022321421875000002 0 0.046875
2 0.9977678578125 0.6785714281249999 0.9776785718750001 0.7566964281249999 1 0.796875 0.9977678578125 0.6785714281249999
2 0.415178571875 0.5424107140625 0.39732142812500004 0.5870535718750001 0.40178571406249997 0.6138392859375 0.44196428593750003 0.6316964281249999 0.47321428593750003 0.5870535718750001 0.47321428593750003 0.5558035718750001 0.444196428125 0.5267857140625 0.415178571875 0.5424107140625
2 0.05 0.36484375 0.1 0.16875
2 0.71953125 0.3453125 0.146875 0.23125
2 0.14921875 0.93046875 0.16484375 0.13828125