2 0.41796875 0.1578125 0.16875 0.184375
2 0.1296875 0.2421875 0.0890625 0.13125
2 0.06171875 0.39921875 0.1109375 0.15234375
2 0.25390625 0.2671875 0.09375 0.13984375
2 0.25703125 0.4203125 0.09453125 0.1296875
2 0.05078125 0.93046875 0.0921875 0.1390625
2 0.5359375 0.62109375 0.125 0.15390625
2 0.38671875 0.784375 0.0875 0.115625
2 0.35546875 0.47265625 0.125 0.14140625
2 0.65703125 0.12890625 0.0921875 0.12265625
2 0.68203125 0.64921875 0.1140625 0.165625
2 0.57421875 0.7734375 0.10859375 0.15078125
2 0.48671875 0.84765625 0.1125 0.1484375
2 0.4265625 0.94296875 0.121875 0.11328125
2 0.7375 0.19765625 0.1234375 0.159375
2 0.778125 0.31171875 0.10703125 0.159375
2 0.8953125 0.28046875 0.09375 0.13359375
2 0.521875 0.0734375 0.1296875 0.13828125
2 0.9046875 0.74453125 0.11640625 0.165625
2 0.696875 0.83203125 0.11796875 0.15703125
2 0.59765625 0.9359375 0.1421875 0.128125
2 0.759375 0.93828125 0.13125 0.1234375
2 0.41640625 0.36640625 0.096875 0.14375
2 0.978125 0.928125 0.04375 0.14296875
2 0.88515625 0.53671875 0.15859375 0.14921875