2 0.30859375 0.67734375 0.165625 0.1921875
2 0.1875 0.27578125 0.159375 0.1890625
2 0.1578125 0.10078125 0.1515625 0.18125
2 0.25546875 0.2046875 0.1625 0.165625
2 0.30703125 0.0609375 0.1609375 0.121875
2 0.50625 0.34140625 0.1203125 0.15
2 0.50234375 0.46953125 0.1375 0.153125
2 0.40390625 0.60859375 0.13125 0.15
2 0.66953125 0.64609375 0.1328125 0.1484375
2 0.67890625 0.8171875 0.1265625 0.1453125
2 0.35625 0.171875 0.15 0.16875
2 0.5953125 0.51640625 0.1453125 0.1609375
2 0.490625 0.70546875 0.1 0.1171875
2 0.4875 0.59921875 0.1125 0.134375
2 0.559375 0.6390625 0.1328125 0.1578125
2 0.684375 0.49375 0.1484375 0.16875
2 0.4484375 0.86796875 0.1109375 0.128125
2 0.765625 0.79296875 0.1265625 0.1546875
2 0.5875 0.33125 0.1375 0.171875
2 0.4671875 0.07109375 0.109375 0.128125
2 0.61953125 0.103125 0.153125 0.184375
2 0.8828125 0.384375 0.2203125 0.2234375
2 0.71015625 0.3234375 0.115625 0.134375
2 0.653125 0.2640625 0.121875 0.1421875
2 0.6875 0.171875 0.10625 0.128125
2 0.7703125 0.25234375 0.1125 0.125
2 0.809375 0.1078125 0.1234375 0.1015625
2 0.03125 0.796875 0.0625 0.109375
2 0.41484375 0.34375 0.1625 0.209375
2 0.98359375 0.2078125 0.0328125 0.165625
2 0.09921875 0.871875 0.1046875 0.0859375