0 0.2515625 0.4609375 0.16015625 0.23828125
0 0.425 0.4265625 0.13515625 0.16640625
0 0.47265625 0.26953125 0.1375 0.17734375
0 0.59296875 0.34296875 0.12734375 0.171875
0 0.77734375 0.34375 0.08984375 0.12109375
0 0.6671875 0.578125 0.15390625 0.18671875
0 0.76015625 0.71484375 0.15546875 0.1921875
0 0.75859375 0.85546875 0.0828125 0.09609375
0 0.5703125 0.8234375 0.08046875 0.10546875
0 0.08671875 0.75078125 0.08671875 0.1078125
0 0.83125 0.5359375 0.10859375 0.16484375
0 0.971875 0.234375 0.05625 0.115625
0 0.4484375 0.0375 0.10625 0.075