2 0.14453125 0.55234375 0.13125 0.140625
2 0.2484375 0.496875 0.196875 0.20625
2 0.390625 0.56484375 0.153125 0.171875
2 0.40859375 0.4625 0.171875 0.1890625
2 0.32578125 0.39375 0.1921875 0.203125
2 0.44140625 0.17421875 0.15 0.165625
2 0.54453125 0.10078125 0.1578125 0.178125
2 0.5703125 0.37109375 0.171875 0.190625
2 0.2234375 0.87578125 0.140625 0.125
2 0.33046875 0.71640625 0.18125 0.203125
2 0.74375 0.7859375 0.203125 0.2234375
2 0.496875 0.01484375 0.134375 0.0296875
2 0.92734375 0.21015625 0.1453125 0.1390625
2 0.578125 0.5171875 0.134375 0.1390625
2 0.69375 0.2671875 0.21875 0.2546875
2 0.928125 0.63203125 0.14375 0.1796875
2 0.609375 0.8203125 0.2234375 0.2328125