2 0.8504464281249999 0.8080357140625001 0.8080357140625001 0.8236607140625001 0.7901785718750001 0.8772321421875 0.7991071421875 0.921875 0.8392857140625001 0.9397321421875 0.8638392859374999 0.9330357140625001 0.8973214281249999 0.8816964281249999 0.8883928578125 0.8459821421875 0.8504464281249999 0.8080357140625001
2 0.7120535718750001 0.8258928578125 0.6785714281249999 0.859375 0.6785714281249999 0.921875 0.7410714281249999 0.9486607140625001 0.7723214281249999 0.9308035718750001 0.78125 0.859375 0.7522321421875 0.8303571421875 0.7120535718750001 0.8258928578125
2 0.6674107140625 1 0.7544642859375 0.9977678578125 0.7477678578125 0.9598214281249999 0.6897321421875 0.9464285718750001 0.6651785718750001 0.984375 0.6674107140625 1
2 0.7433035718750001 0.7321428578125 0.7232142859375 0.8147321421875 0.7991071421875 0.8191964281249999 0.8214285718750001 0.796875 0.8080357140625001 0.7477678578125 0.7700892859375 0.7232142859375 0.7433035718750001 0.7321428578125
2 0.47098214218749995 0.8839285718750001 0.446428571875 0.9486607140625001 0.491071428125 0.9754464281249999 0.5133928578125 0.9575892859374999 0.5178571421875 0.9174107140625001 0.5022321421875 0.8883928578125 0.47098214218749995 0.8839285718750001
2 0.2991071421875 0.703125 0.29017857187499996 0.7477678578125 0.3147321421875 0.7857142859375 0.35267857187499996 0.7879464281249999 0.375 0.7611607140625 0.375 0.7209821421875 0.33258928593750003 0.6830357140625 0.2991071421875 0.703125
2 0.36830357187499996 0.7901785718750001 0.33482142812500004 0.8147321421875 0.3303571421875 0.8772321421875 0.36383928593750003 0.9107142859374999 0.39732142812500004 0.9084821421875 0.41964285781250005 0.8816964281249999 0.42410714218749995 0.828125 0.40401785781250005 0.7946428578125 0.36830357187499996 0.7901785718750001
2 0.084821428125 0.9174107140625001 0.0982142859375 0.9933035718750001 0.178571428125 0.9977678578125 0.1875 0.9575892859374999 0.1696428578125 0.8995535718750001 0.109375 0.8839285718750001 0.084821428125 0.9174107140625001
2 0.006696428124999999 0.7901785718750001 0 0.8638392859374999 0.024553571875 0.8928571421875 0.0446428578125 0.890625 0.0625 0.8683035718750001 0.0625 0.8236607140625001 0.0334821421875 0.7901785718750001 0.006696428124999999 0.7901785718750001
2 0.046875 0.40178571406249997 0.0133928578125 0.43526785781250005 0.008928571875000001 0.493303571875 0.0334821421875 0.53125 0.0669642859375 0.5334821421875 0.102678571875 0.48883928593750003 0.102678571875 0.453125 0.069196428125 0.40625 0.046875 0.40178571406249997
2 0.2299107140625 0.35267857187499996 0.1875 0.41741071406249997 0.20982142812500001 0.47098214218749995 0.25446428593750003 0.493303571875 0.3125 0.42633928593750003 0.30357142812500004 0.3727678578125 0.265625 0.34821428593750003 0.2299107140625 0.35267857187499996
2 0.3102678578125 0.48214285781250005 0.27232142812500004 0.5558035718750001 0.30580357187499996 0.6071428578125 0.3303571421875 0.6049107140625 0.3571428578125 0.5870535718750001 0.37053571406249997 0.5334821421875 0.33705357187499996 0.48214285781250005 0.3102678578125 0.48214285781250005
2 0.36830357187499996 0.375 0.33928571406249997 0.41741071406249997 0.34375 0.46651785781250005 0.39732142812500004 0.49776785781250005 0.4375 0.47098214218749995 0.45089285781250005 0.43526785781250005 0.41741071406249997 0.36607142812500004 0.36830357187499996 0.375
2 0.133928571875 0.328125 0.133928571875 0.36830357187499996 0.165178571875 0.38169642812500004 0.1875 0.359375 0.1875 0.31919642812500004 0.1540178578125 0.30357142812500004 0.133928571875 0.328125
2 0.493303571875 0.165178571875 0.46875 0.1897321421875 0.46428571406249997 0.2299107140625 0.48883928593750003 0.2678571421875 0.5178571421875 0.27455357187499996 0.5401785718750001 0.2522321421875 0.5446428578125 0.203125 0.5200892859375 0.1696428578125 0.493303571875 0.165178571875
2 0.5647321421875 0.2321428578125 0.5446428578125 0.265625 0.5535714281249999 0.31919642812500004 0.5803571421875 0.33258928593750003 0.6294642859375 0.296875 0.625 0.2522321421875 0.5915178578125 0.2232142859375 0.5647321421875 0.2321428578125
2 0.40625 0.069196428125 0.39732142812500004 0.1272321421875 0.45089285781250005 0.1540178578125 0.48660714218749995 0.087053571875 0.462053571875 0.053571428125 0.43526785781250005 0.0491071421875 0.40625 0.069196428125
2 0.9040178578125 0.40625 0.8683035718750001 0.415178571875 0.8392857140625001 0.45758928593750003 0.8392857140625001 0.5066964281249999 0.8794642859374999 0.546875 0.921875 0.5357142859375 0.9419642859374999 0.49776785781250005 0.9375 0.444196428125 0.9040178578125 0.40625
2 1 0.2388392859375 0.984375 0.2366071421875 0.9553571421875 0.25669642812500004 0.9464285718750001 0.30133928593750003 0.9754464281249999 0.33928571406249997 1 0.3415178578125 1 0.2388392859375
2 0.22578125 0.91953125 0.1296875 0.1609375
2 0.5609375 0.55390625 0.16796875 0.21015625
2 0.97890625 0.69609375 0.04140625 0.15
2 0.5625 0.0515625 0.0984375 0.10234375