2 0.6640625 0.934375 0.153125 0.13125
2 0.7453125 0.934375 0.10625 0.13125
2 0.80859375 0.5984375 0.16875 0.2
2 0.61328125 0.64609375 0.1578125 0.1671875
2 0.5609375 0.765625 0.1703125 0.1828125
2 0.35234375 0.925 0.1484375 0.1328125
2 0.409375 0.58203125 0.1640625 0.19375
2 0.5078125 0.52265625 0.14375 0.1765625
2 0.2078125 0.60234375 0.159375 0.2
2 0.4328125 0.19140625 0.165625 0.196875
2 0.1921875 0.26171875 0.1421875 0.1859375
2 0.26484375 0.13203125 0.1109375 0.134375
2 0.171875 0.1015625 0.1390625 0.1671875
2 0.04296875 0.88515625 0.0859375 0.0703125
2 0.7328125 0.34140625 0.2125 0.2125
2 0.8890625 0.71796875 0.184375 0.21875