0 0.575 0.81875 0.08125 0.11484375
0 0.60859375 0.4578125 0.1 0.15625
0 0.39921875 0.39921875 0.0578125 0.06953125
0 0.425 0.48671875 0.134375 0.17734375
0 0.284375 0.5625 0.13984375 0.1578125
0 0.0546875 0.68515625 0.0921875 0.11953125
0 0.0828125 0.5828125 0.165625 0.1609375
0 0.05078125 0.071875 0.10078125 0.14296875
0 0.28125 0.05859375 0.12109375 0.11640625
0 0.3375 0.76171875 0.16171875 0.20234375
0 0.4171875 0.7125 0.0734375 0.08828125
0 0.7875 0.9609375 0.1296875 0.078125
0 0.140625 0.9171875 0.13828125 0.16484375
0 0.953125 0.36640625 0.09375 0.1875