2 0.02890625 0.78359375 0.0578125 0.1359375
2 0.04609375 0.65703125 0.0921875 0.1796875
2 0.1453125 0.871875 0.1109375 0.0828125
2 0.15234375 0.603125 0.1203125 0.1421875
2 0.15390625 0.471875 0.1296875 0.14375
2 0.228125 0.5234375 0.1375 0.1453125
2 0.28359375 0.41484375 0.128125 0.146875
2 0.3140625 0.05546875 0.15 0.1109375
2 0.46953125 0.1203125 0.1484375 0.1671875
2 0.5265625 0.2328125 0.140625 0.1671875
2 0.6078125 0.2796875 0.1296875 0.1515625
2 0.50625 0.40859375 0.184375 0.2078125
2 0.31171875 0.6890625 0.146875 0.165625
2 0.3984375 0.56796875 0.14375 0.153125
2 0.471875 0.73359375 0.146875 0.15625
2 0.50625 0.625 0.121875 0.1421875
2 0.575 0.69609375 0.1640625 0.2015625
2 0.675 0.671875 0.1546875 0.1828125
2 0.771875 0.41171875 0.1328125 0.1546875
2 0.925 0.234375 0.15 0.1875
2 0.96640625 0.396875 0.0671875 0.121875
2 0.953125 0.5140625 0.09375 0.175
2 0.671875 0.921875 0.115625 0.13125
2 0.375 0.36953125 0.1078125 0.1234375
2 0.7609375 0.75234375 0.2109375 0.2109375
2 0.0921875 0.34375 0.184375 0.228125