2 0.159375 0.14921875 0.096875 0.115625
2 0.34140625 0.159375 0.178125 0.165625
2 0.3734375 0.35625 0.1078125 0.1453125
2 0.3265625 0.4375 0.1234375 0.1203125
2 0.2921875 0.53046875 0.121875 0.1296875
2 0.234375 0.6234375 0.1 0.1109375
2 0.2109375 0.74140625 0.1359375 0.1375
2 0.16640625 0.90546875 0.1203125 0.15
2 0.40703125 0.4953125 0.1046875 0.153125
2 0.41171875 0.63515625 0.08125 0.1
2 0.50078125 0.32265625 0.128125 0.1375
2 0.56015625 0.4828125 0.128125 0.1609375
2 0.49140625 0.425 0.096875 0.10625
2 0.56484375 0.66015625 0.125 0.15625
2 0.496875 0.75078125 0.1234375 0.1609375
2 0.60078125 0.87578125 0.121875 0.1546875
2 0.73359375 0.91484375 0.115625 0.140625
2 0.78203125 0.16953125 0.090625 0.1
2 0.97578125 0.1703125 0.0484375 0.125
2 0.81796875 0.9421875 0.1203125 0.115625
2 0.7328125 0.98515625 0.084375 0.0296875
2 0.8953125 0.91640625 0.1109375 0.1453125
2 0.9328125 0.96328125 0.075 0.0734375
2 0.88125 0.41015625 0.0875 0.1015625
2 0.390625 0.8671875 0.16875 0.2078125
2 0.8640625 0.70703125 0.1765625 0.228125