1 0.80546875 0.93515625 0.10546875 0.12890625
1 0.81328125 0.79140625 0.1078125 0.14375
1 0.6390625 0.81796875 0.06328125 0.08203125
1 0.5921875 0.8953125 0.071875 0.10234375
1 0.48359375 0.9171875 0.08203125 0.1234375
1 0.48671875 0.74140625 0.1109375 0.12109375
1 0.51953125 0.51875 0.09609375 0.1265625
1 0.9578125 0.48671875 0.084375 0.1375
1 0.60546875 0.346875 0.09453125 0.12109375
1 0.61875 0.16171875 0.11171875 0.14453125
1 0.759375 0.04375 0.10546875 0.0875
1 0.3890625 0.05078125 0.10703125 0.10078125
1 0.44296875 0.20859375 0.090625 0.16171875
1 0.2171875 0.2390625 0.125 0.146875
1 0.0484375 0.28046875 0.09609375 0.1359375
1 0.221875 0.509375 0.0984375 0.12890625
1 0.23359375 0.63046875 0.08671875 0.096875