2 0.56953125 0.7640625 0.09921875 0.14140625
2 0.71796875 0.9546875 0.13125 0.090625
2 0.95078125 0.6828125 0.096875 0.12734375
2 0.74140625 0.52109375 0.10234375 0.13984375
2 0.86640625 0.40390625 0.11484375 0.13671875
2 0.7703125 0.109375 0.1171875 0.146875
2 0.56953125 0.1625 0.11640625 0.15234375
2 0.44921875 0.15234375 0.08125 0.10546875
2 0.51640625 0.03125 0.1171875 0.0625
2 0.5890625 0.421875 0.12421875 0.1875
2 0.46796875 0.42890625 0.15703125 0.22265625
2 0.5796875 0.5765625 0.09609375 0.14375
2 0.50234375 0.60234375 0.10390625 0.1375
2 0.44921875 0.69453125 0.115625 0.12734375
2 0.409375 0.58046875 0.09453125 0.115625
2 0.353125 0.46875 0.1203125 0.15390625
2 0.30390625 0.36328125 0.09375 0.11796875
2 0.13046875 0.66796875 0.09453125 0.103125
2 0.1546875 0.79296875 0.13125 0.1796875
2 0.0171875 0.71796875 0.03359375 0.165625
2 0.02421875 0.95078125 0.0484375 0.0984375
2 0.93125 0.853125 0.125 0.17109375
2 0.40859375 0.90390625 0.14765625 0.1921875