2 0.13828125 0.94296875 0.1046875 0.1140625
2 0.21484375 0.9 0.1375 0.1671875
2 0.33046875 0.946875 0.1109375 0.10625
2 0.5359375 0.92890625 0.096875 0.115625
2 0.04765625 0.17578125 0.0953125 0.1640625
2 0.37421875 0.621875 0.1171875 0.140625
2 0.57734375 0.671875 0.146875 0.18125
2 0.4046875 0.5234375 0.109375 0.121875
2 0.40078125 0.409375 0.1390625 0.1625
2 0.61328125 0.525 0.1890625 0.2078125
2 0.68828125 0.67265625 0.159375 0.1890625
2 0.78671875 0.7625 0.1375 0.1515625
2 0.909375 0.84765625 0.1140625 0.1359375
2 0.909375 0.740625 0.125 0.140625
2 0.86171875 0.6328125 0.1546875 0.16875
2 0.9703125 0.79140625 0.059375 0.1953125
2 0.23828125 0.14453125 0.1515625 0.171875
2 0.6140625 0.26640625 0.121875 0.15
2 0.6578125 0.15390625 0.1234375 0.1453125
2 0.740625 0.04296875 0.08125 0.0859375
2 0.83515625 0.0609375 0.1046875 0.121875
2 0.04140625 0.55234375 0.0828125 0.2484375
2 0.19375 0.97265625 0.175 0.0546875
2 0.778125 0.8890625 0.221875 0.15625
2 0.42421875 0.09140625 0.2109375 0.1828125
2 0.93046875 0.39375 0.1390625 0.225