2 0.640625 0.7142857140625 0.5982142859375 0.7477678578125 0.5848214281249999 0.8236607140625001 0.640625 0.9017857140625001 0.6696428578125 0.8995535718750001 0.71875 0.8549107140625001 0.7276785718750001 0.7790178578125 0.703125 0.7232142859375 0.640625 0.7142857140625
2 0.6361607140625 0.5892857140625 0.6004464281249999 0.5982142859375 0.5714285718750001 0.640625 0.5892857140625 0.703125 0.6205357140625 0.7165178578125 0.6741071421875 0.6986607140625 0.6830357140625 0.6450892859375 0.6696428578125 0.609375 0.6361607140625 0.5892857140625
2 0.5133928578125 0.6808035718750001 0.5089285718750001 0.734375 0.5535714281249999 0.7790178578125 0.5848214281249999 0.7433035718750001 0.5848214281249999 0.6986607140625 0.5334821421875 0.65625 0.5133928578125 0.6808035718750001
2 0.5357142859375 0.8683035718750001 0.5267857140625 0.9352678578125 0.5558035718750001 0.9866071421875 0.5892857140625 0.9933035718750001 0.625 0.9665178578125 0.6339285718750001 0.9040178578125 0.5736607140625 0.8392857140625001 0.5357142859375 0.8683035718750001
2 0.7321428578125 0.8370535718750001 0.71875 0.8950892859374999 0.734375 0.9285714281249999 0.78125 0.9352678578125 0.8035714281249999 0.9129464281249999 0.8080357140625001 0.859375 0.7611607140625 0.8125 0.7321428578125 0.8370535718750001
2 1 0.8415178578125 0.9754464281249999 0.8303571421875 0.9285714281249999 0.8683035718750001 0.9196428578125 0.9174107140625001 0.9776785718750001 0.9263392859374999 0.9776785718750001 0.9709821421875 0.9553571421875 0.9799107140625001 0.9821428578125 0.984375 1 0.9709821421875 1 0.8415178578125
2 0.430803571875 1 0.5267857140625 0.9977678578125 0.493303571875 0.9330357140625001 0.453125 0.9375 0.428571428125 0.9709821421875 0.430803571875 1
2 0.5915178578125 0.3616071421875 0.5669642859375 0.390625 0.5669642859375 0.43973214218749995 0.6205357140625 0.46651785781250005 0.6428571421875 0.430803571875 0.6428571421875 0.38169642812500004 0.6272321421875 0.3616071421875 0.5915178578125 0.3616071421875
2 0.47098214218749995 0.33928571406249997 0.43303571406249997 0.36830357187499996 0.428571428125 0.43973214218749995 0.45758928593750003 0.48214285781250005 0.5089285718750001 0.493303571875 0.5357142859375 0.453125 0.5357142859375 0.38616071406249997 0.5066964281249999 0.34821428593750003 0.47098214218749995 0.33928571406249997
2 0.33928571406249997 0.453125 0.33482142812500004 0.5066964281249999 0.359375 0.5401785718750001 0.3928571421875 0.5424107140625 0.415178571875 0.5066964281249999 0.415178571875 0.46651785781250005 0.36383928593750003 0.42410714218749995 0.33928571406249997 0.453125
2 0.087053571875 0.5982142859375 0.0580357140625 0.6316964281249999 0.0580357140625 0.671875 0.0825892859375 0.7142857140625 0.10714285781249999 0.7165178578125 0.1383928578125 0.6941964281249999 0.147321428125 0.6361607140625 0.12276785781249999 0.6026785718750001 0.087053571875 0.5982142859375
2 0.055803571875 0.30803571406249997 0.0133928578125 0.35044642812500004 0.0133928578125 0.39508928593750003 0.0334821421875 0.428571428125 0.0803571421875 0.430803571875 0.102678571875 0.40401785781250005 0.10714285781249999 0.35491071406249997 0.0825892859375 0.31696428593750003 0.055803571875 0.30803571406249997
2 0.125 0.19866071406250002 0.125 0.2388392859375 0.149553571875 0.27232142812500004 0.178571428125 0.2790178578125 0.2142857140625 0.21205357187499999 0.19866071406250002 0.178571428125 0.1540178578125 0.1696428578125 0.125 0.19866071406250002
2 0.33258928593750003 0.2142857140625 0.30357142812500004 0.27008928593750003 0.31696428593750003 0.3102678578125 0.3571428578125 0.32366071406249997 0.3883928578125 0.29241071406249997 0.3883928578125 0.2477678578125 0.35491071406249997 0.2142857140625 0.33258928593750003 0.2142857140625
2 0.48883928593750003 0.18303571406250002 0.46875 0.2075892859375 0.47321428593750003 0.2522321421875 0.493303571875 0.27678571406249997 0.53125 0.2834821421875 0.5580357140625 0.24330357187499999 0.5535714281249999 0.2075892859375 0.5290178578125 0.18303571406250002 0.48883928593750003 0.18303571406250002
2 0.462053571875 0.0357142859375 0.44196428593750003 0.060267857812500006 0.4375 0.12276785781249999 0.462053571875 0.15625 0.5133928578125 0.16741071406250002 0.5491071421875 0.140625 0.5446428578125 0.069196428125 0.515625 0.0357142859375 0.462053571875 0.0357142859375
2 0.29017857187499996 0.10491071406250001 0.29017857187499996 0.140625 0.3102678578125 0.1741071421875 0.34821428593750003 0.17633928593749998 0.36607142812500004 0.149553571875 0.3616071421875 0.0915178578125 0.31919642812500004 0.071428571875 0.29017857187499996 0.10491071406250001
2 0.116071428125 0.024553571875 0.13616071406250002 0 0.0580357140625 0.0022321421875000002 0.0825892859375 0.0267857140625 0.116071428125 0.024553571875
2 0.20703125 0.85859375 0.11328125 0.20703125