2 0.3311720296875 0.7137777328125 0.292702703125 0.6924867484375 0.2616552828125 0.7144178140624999 0.253706190625 0.7540544062500001 0.267993590625 0.7956364375 0.3016265296875 0.8209856312499999 0.352881334375 0.798581815625 0.356383128125 0.758556134375 0.3311720296875 0.7137777328125
2 0.41058330937500004 0.651264571875 0.3853722109375 0.6064861703125 0.34573561875 0.598537078125 0.3100191421875 0.6738357171875 0.350990325 0.7177522781250001 0.3797032171875 0.7225050015625001 0.4014669546875 0.7042430578125 0.41058330937500004 0.651264571875
2 0.3238045546875 0.567489659375 0.30632078906250004 0.5368313265625 0.24328044375000002 0.5402786890625 0.2110657578125 0.5755516468749999 0.21045491093750002 0.6337556046875 0.2603206890625 0.67845034375 0.2926190390625 0.6678320671875 0.3203027609375 0.6075153390625 0.3238045546875 0.567489659375
2 0.4539978859375 0.4623652984375 0.41505580625 0.420866928125 0.3835356328125 0.422590609375 0.3412590890625 0.47042728437500003 0.3410373296875 0.5241839453125 0.376783040625 0.576606015625 0.41883782500000005 0.582526 0.45144159687499996 0.5428057453124999 0.4539978859375 0.4623652984375
2 0.3047352015625 0.42689981093749996 0.26946224375 0.394685128125 0.22507293125 0.4154489265625 0.203781946875 0.45391825468749997 0.21979302500000003 0.527020459375 0.2804151765625 0.525602203125 0.3021789140625 0.507340259375 0.3047352015625 0.42689981093749996
2 0.0988541453125 0.50075499375 0.0596066421875 0.48835860468750003 0.0262246921875 0.5369734562499999 0.0231119875 0.5725518390625 0.059635875000000005 0.6160793124999999 0.111279765625 0.5892281968749999 0.1196179453125 0.5451443078125 0.0988541453125 0.50075499375
2 0.1713707015625 0.31216114375 0.14171230625 0.266993653125 0.0968502390625 0.26755006875 0.0739192390625 0.29915390625 0.0769775125 0.36664155 0.10944318906249999 0.4053326359375 0.13893425625 0.4011907625 0.17192711875 0.3570232078125 0.1713707015625 0.31216114375
2 0.24008003906250003 0.1926949515625 0.213701678125 0.16125844375 0.16041776875 0.1812440671875 0.1516905015625 0.22977525468749999 0.17526158281249998 0.267688165625 0.20842177187500002 0.272829975 0.24063645625 0.23755701718750002 0.24008003906250003 0.1926949515625
2 0.525681834375 0.3857320671875 0.50719813125 0.417724990625 0.51142366875 0.471870740625 0.5498929953125 0.49316172500000005 0.5982568546875 0.45257962812499997 0.5931694765625 0.38267379375 0.525681834375 0.3857320671875
2 0.541111296875 0.6447589375 0.49210735625 0.6158242859375 0.46472905937500003 0.647039034375 0.4604490890625 0.695959309375 0.492525678125 0.7390976953124999 0.5381659203125 0.7296466828125 0.550562309375 0.6903991796875 0.541111296875 0.6447589375
2 0.6233046578125 0.8065561046875 0.5925626625 0.799385190625 0.561126153125 0.8257635515624999 0.5539552375000001 0.8565055484374999 0.593759159375 0.913764003125 0.6353411921875 0.8994766046875 0.6444575453125 0.8464981203124999 0.6233046578125 0.8065561046875
2 0.5060889671875 1 0.54228259375 0.9899244812499999 0.5539008062499999 0.9595715734375 0.5485080046874999 0.9187677171875 0.51690416875 0.895836715625 0.46323117031249994 0.9202696375 0.47596221562499996 0.9796408609375 0.5053153890625001 1 0.5060889671875 1
2 0.9284152906250001 0.6741623078125001 0.8931423328125 0.6419476234375 0.8616221609375 0.643671303125 0.8394693359375 0.66638054375 0.8348002781250001 0.7197481171875 0.870935075 0.7677228890625 0.9145462140625 0.755853684375 0.9334190046874999 0.7194134609375 0.9284152906250001 0.6741623078125001
2 0.9304736265625 0.8043012062500001 0.927360921875 0.8398795890624999 0.9561574765625 0.8692869921874999 0.9694993703125 0.8704542562500001 0.9768083828125 0.7613009171875 0.9304736265625 0.8043012062500001
2 0.9631318312499999 0.6615149265625 0.9901210421875 0.6347474765625 0.997124628125 0.554696115625 0.9695790015625001 0.5366015 0.94375705625 0.5500270578124999 0.9212988062499999 0.601838278125 0.9185751890624999 0.6329693625 0.9433135343749999 0.65754038125 0.9631318312499999 0.6615149265625
2 0.932193275 0.47731394062500004 0.9050367359375 0.4547720296875 0.8735165640625 0.45649570937500006 0.8449709999999999 0.5010523499999999 0.831574675 0.6029511109375 0.8514766343750001 0.6315803375 0.9100696828125001 0.6277438890625 0.940477021875 0.536296078125 0.932193275 0.47731394062500004
2 1 0.2162950359375 0.9821386859375 0.18815592187500002 0.9558439875 0.18137409531249998 0.9110655859375001 0.20658519531250003 0.8963346671875 0.272516484375 0.9547059546875 0.3224366953125 0.9877824796875 0.3029238234375 1 0.2573528078125 1 0.2162950359375
2 0.32421875 0.96796875 0.0859375 0.0453125
2 0.6125 0.025 0.0859375 0.040625
2 0.9703125 0.696875 0.0359375 0.1
2 0.98984375 0.46171875 0.0203125 0.0890625
2 0.8421875 0.12421875 0.221875 0.209375
2 0.4765625 0.303125 0.1640625 0.2421875
2 0.11875 0.834375 0.140625 0.2765625