2 0.6108432171875 0.34029479218750003 0.6415971078125 0.3643537078125 0.6755710671874999 0.3656580203125 0.7207847328125 0.3339564265625 0.7278770265625 0.2714602359375 0.6955436328125 0.21214340312500002 0.6436349921875 0.1890321875 0.6048411078125 0.2063147140625 0.5884452203125 0.281946015625 0.6108432171875 0.34029479218750003
2 0.6395999328124999 0.4774949390625 0.686056846875 0.505089825 0.7177991484375 0.4881232 0.7312908671875 0.44229808750000005 0.7152922968750001 0.40062038906249997 0.667551428125 0.375909315625 0.6329253125000001 0.3915919859375 0.62040165 0.4274817015625 0.6395999328124999 0.4774949390625
2 0.827781371875 0.41960454374999995 0.880637715625 0.46387050937499996 0.9268194359375 0.42223351875 0.9438471249999999 0.360705384375 0.91151373125 0.3013885515625 0.8612049484375 0.28244510625 0.8249789765625 0.2939600046875 0.8095511453125 0.3596559109375 0.827781371875 0.41960454374999995
2 0.8025606249999999 0.2667013734375 0.8483857390624999 0.28019309375 0.8743604140624999 0.2606585546875 0.8878521328125 0.21483344375 0.8628862234374999 0.16225229218749998 0.8266806062500001 0.1426770453125 0.7920544921875 0.1583597140625 0.775994859375 0.2099524546875 0.8025606249999999 0.2667013734375
2 0.49218919687499996 0.4360517234375 0.534498696875 0.43415632187500003 0.5447907015625 0.37999566875 0.527192275 0.3341502015625 0.4627803265625 0.31583855625 0.43006996875 0.34274057812500003 0.4467003390625 0.39852144218749996 0.49218919687499996 0.4360517234375
2 0.42467930625 0.2539538125 0.46633665 0.2690453875 0.5022467203125001 0.2504789046875 0.5106026140625 0.21618904687499998 0.49140433124999994 0.166175809375 0.44623137343749997 0.13569710937499999 0.413205115625 0.15554754843750002 0.399713396875 0.2013726609375 0.42467930625 0.2539538125
2 0.31770302031250003 0.1372155484375 0.3535927375 0.1497392125 0.3802195671875 0.1132176953125 0.378955965625 0.08501136249999999 0.33155134999999997 0.0362617265625 0.305260775 0.0487446828125 0.2991365390625 0.10130547812499999 0.31770302031250003 0.1372155484375
2 0.28362729062500003 0.29136196718749996 0.322737075 0.281131025 0.33302908124999997 0.22697037187500002 0.31863036875 0.18946044374999998 0.292044246875 0.16380166875 0.25261856250000003 0.166981028125 0.224075975 0.19228319375 0.2413381453125 0.262167225 0.28362729062500003 0.29136196718749996
2 0.2288959 0.17369635781249998 0.28307690625 0.15289821718750002 0.296232371875 0.1311116671875 0.2632671765625 0.0576916671875 0.185679409375 0.09225671875 0.19814200937499998 0.1496374390625 0.2288959 0.17369635781249998
2 0 0.3310668859375 0.0191420375 0.3809336 0.073934490625 0.405328771875 0.111801028125 0.3358013515625 0.095170659375 0.28002048749999997 0.0474297875 0.25530941406249996 0.012803671875 0.2709920828125 0 0.30537664531250003 0 0.3310668859375
2 0.053646025 0.55179180625 0.0853883265625 0.53482518125 0.10561572968749999 0.48163258437499995 0.071682478125 0.41814798125 0.03354075 0.4184435265625 0.006598018749999999 0.4479134625 0.0068935656250000005 0.486055190625 0.053646025 0.55179180625
2 0.130520575 0.6274841703125 0.166430646875 0.6089176890625 0.17735445156250002 0.5688602031250001 0.15975602656250001 0.5230147359374999 0.1293180359375 0.5060074015625 0.0988596921875 0.5200902125 0.081832003125 0.5816183500000001 0.130520575 0.6274841703125
2 0.2078127984375 0.554777390625 0.2783286296875 0.5516183859375 0.29148409375 0.5298318359375 0.2825574609375 0.4567480921875 0.2053466578125 0.40509428906249995 0.16750047343750002 0.44353156406250005 0.1748272484375 0.5124475375 0.2078127984375 0.554777390625
2 0.0878137578125 0.7466885734375001 0.1278712453125 0.75761238125 0.14871009375 0.749613096875 0.16380166875 0.707955753125 0.1446033859375 0.6579425156250001 0.0968625171875 0.6332314421875 0.0696038859375 0.65564979375 0.058680078125 0.69570728125 0.0878137578125 0.7466885734375001
2 0.598289428125 0.9117685703125 0.6290636734375 0.9047373406249999 0.6515227343750001 0.8698156796875001 0.6473956734375 0.8092352453125 0.622093509375 0.7806926578125 0.5576815578125001 0.7623810125 0.51566760625 0.80241814375 0.5418971171875 0.883205628125 0.598289428125 0.9117685703125
2 0.7059992859374999 0.88715926875 0.7518244000000001 0.9006509875 0.7960700093749999 0.8788847921875 0.8005943890625 0.8221562265625 0.769860853125 0.7670071640625 0.7310873234375 0.75319954375 0.6839578984375 0.773681784375 0.6768656078124999 0.836177975 0.7059992859374999 0.88715926875
2 0.5876009140625 1 0.6033641921874999 0.9935037531249999 0.5453923781250001 0.9296828953125 0.5133341765625 0.9395979375 0.4934430296875 0.968751971875 0.5066908999999999 1 0.5876009140625 1
2 0.1328125 0.828125 0.13125 0.178125
2 0.4578125 0.8515625 0.228125 0.278125
2 0.48828125 0.5765625 0.1984375 0.228125