0 0.49609375 0.36640625 0.209375 0.2328125
0 0.76328125 0.4453125 0.1375 0.1609375
0 0.93984375 0.4671875 0.1203125 0.225
0 0.95859375 0.20859375 0.065625 0.078125
0 0.675 0.1609375 0.0796875 0.0953125
0 0.203125 0.021875 0.084375 0.04375
0 0.0421875 0.35859375 0.0625 0.0890625
0 0.2859375 0.54296875 0.1453125 0.1671875
0 0.34140625 0.62109375 0.0828125 0.0984375
0 0.06953125 0.56875 0.1390625 0.159375
0 0.0734375 0.671875 0.0984375 0.0953125
0 0.1171875 0.7578125 0.1109375 0.1296875
0 0.040625 0.796875 0.08125 0.1
0 0.015625 0.74921875 0.03125 0.0828125
0 0.8890625 0.790625 0.0875 0.1140625