2 0.31791297812499997 0.988908190625 0.32939938281250003 0.9403356328125 0.298883659375 0.8828562171875 0.20926250156249998 0.9295691125 0.20857105156250003 0.9854130296875001 0.31791297812499997 0.988908190625
2 0.243945878125 0.7369238593749999 0.1850551296875 0.7517191734375 0.1440065296875 0.8099184734374999 0.16654996718749998 0.8915673453125 0.2055052625 0.91596096875 0.2937150859375 0.8535276656249999 0.288770675 0.7772715296875 0.243945878125 0.7369238593749999
2 0.18268078906250002 0.626423196875 0.1420899953125 0.6332367484375 0.1151168265625 0.6787624734375 0.1172385671875 0.7235777921875 0.15995109999999998 0.761579559375 0.22540280156249998 0.7068943765625 0.21459836875 0.65715360625 0.18268078906250002 0.626423196875
2 0 0.7946067703125 0.007915598437500001 0.8050214562500001 0.028094173437499998 0.8038437640625 0.0611704875 0.769813921875 0.0679650796875 0.725465890625 0.0409729546875 0.6860527875 0.014223949999999999 0.68465093125 0 0.6997786515625 0 0.7946067703125
2 0.7712560625 1 0.7909270687500001 0.9198191515625 0.7770758015625 0.8855651453125001 0.733428696875 0.8653960484375001 0.6750147125 0.9137444421875 0.6712764296875 0.985075121875 0.6771386374999999 1 0.7712560625 1
2 0.9267559234375 0.801766096875 0.9152505609375 0.765399828125 0.8826320546875 0.748043921875 0.8521352875 0.7755033328125001 0.8455743359375001 0.8153931984374999 0.8678746515625001 0.8590308249999999 0.8967359203124999 0.8627785875 0.9251204234375001 0.8329732703125 0.9267559234375 0.801766096875
2 0.9907868109375 0.68889109375 0.9485510406250001 0.6844424046875 0.922512440625 0.712135459375 0.9276904937499999 0.7839334265625 0.955383546875 0.8099720250000001 0.9844784578124999 0.8092616171874999 0.9907868109375 0.68889109375
2 0.9323443890625001 0.6098312484374999 0.9095767875 0.57510995625 0.8654623984375001 0.5638571953125 0.8295728921875 0.6089156359375 0.8267691812500001 0.6624136453125 0.8532940218749999 0.7107430828125 0.8776971234375001 0.7142572 0.9243815812499999 0.6764701203125 0.9323443890625001 0.6098312484374999
2 0.9914877375 0.6755165921875 0.9961511140624999 0.5438838265625 0.9478216765624999 0.5704086687500001 0.9365689140625 0.614523059375 0.947373346875 0.6642638296875 0.9914877375 0.6755165921875
2 1 0.4851093140625 0.9834585812500001 0.44486957031249996 0.9393441921875001 0.43361680781249995 0.9142591203125001 0.52841601875 0.9485226046875 0.557034165625 0.989814325 0.5368461109375 1 0.49377395 1 0.4851093140625
2 0.7774293453125 0.3670158515625 0.7286326234375 0.402457028125 0.7204361734375 0.47355406718750004 0.742502846875 0.5216498609375 0.784504975 0.5305567171875001 0.8222731 0.49230235 0.8342267890624999 0.43481345625 0.7774293453125 0.3670158515625
2 0.848273784375 0.29473164218750003 0.80886068125 0.3217237703125 0.8020660890625001 0.3660718015625 0.8377409078125 0.41041035625 0.8668358171874999 0.40969995 0.8968558218749999 0.3486874609375 0.8851168171875001 0.316779359375 0.848273784375 0.29473164218750003
2 1 0.252997946875 0.9763734734374999 0.238859290625 0.9257076109375 0.3099658078125 0.9362784 0.364164746875 0.9552887625 0.3852778921875 0.9799255062500001 0.38433384375 1 0.369313159375 1 0.252997946875
2 0.804130959375 0.156070640625 0.79004605 0.12627480156249998 0.749922540625 0.12417201874999999 0.7285757515625 0.14764054843750002 0.721313871875 0.200904915625 0.73985695 0.2309343984375 0.777634553125 0.23514944375 0.806953628125 0.18751145625 0.804130959375 0.156070640625
2 0.5922985703125 0.3595487640625 0.5805595671875 0.3276406640625 0.535267484375 0.2962093265625 0.5003125500000001 0.3234350953125 0.487891575 0.38984032343749997 0.518640940625 0.44286157187499997 0.5475022093749999 0.44660933125 0.58034488125 0.4170376578125 0.5922985703125 0.3595487640625
2 0.6575261078125 0.3517911640625 0.6131780734375 0.34499657031250003 0.591831284375 0.3684651 0.5887939296875 0.426421278125 0.6275155828125001 0.45527306718749994 0.6551991578125 0.43884225312499997 0.671611015625 0.381587003125 0.6575261078125 0.3517911640625
2 0.7158832203125 0.048626290625 0.7017983125 0.018830453125 0.6529921109375 0.011802215625 0.6210934890625001 0.066010634375 0.6185234203125 0.1150504765625 0.6502073562499999 0.15023905312500002 0.683760434375 0.1497622890625 0.7074531281249999 0.12418149687499999 0.7158832203125 0.048626290625
2 0.49955475156249995 0.08199311875000001 0.496517396875 0.13994929843749998 0.5486135515624999 0.1695020140625 0.5767644125 0.144154865625 0.58379265 0.095348665625 0.5255933500000001 0.0543000640625 0.49955475156249995 0.08199311875000001
2 0.6020926046875 0.0873669 0.6330471796875 0.0085217390625 0.5283970609375 0.0008020546874999999 0.52910746875 0.029896965625 0.5734649796875 0.079160971875 0.6020926046875 0.0873669
2 0.2815907828125 0.14656711875 0.27993632812499997 0.09283546718749999 0.2440278640625 0.0529550796875 0.2032034296875 0.0642267984375 0.176230259375 0.109752521875 0.182109240625 0.1681759875 0.22083089218750002 0.19702777656249998 0.264001234375 0.1836437953125 0.2815907828125 0.14656711875
2 0.136836115625 0.22168347656249998 0.1007034890625 0.2287306703125 0.069038509375 0.2784809203125 0.07116025000000001 0.3232962375 0.11856459374999999 0.35707347968750003 0.1664172671875 0.2969955609375 0.1680527671875 0.2657883875 0.136836115625 0.22168347656249998
2 0.14051136718749999 0.9192604 0.1217536046875 0.9786279140625 0.1752516171875 0.9814316265624999 0.1728962328125 0.941074475 0.14051136718749999 0.9192604