0 0.6203125 0.9671875 0.08125 0.065625
0 0.6859375 0.8484375 0.1515625 0.1828125
0 0.40859375 0.7125 0.0765625 0.0796875
0 0.31796875 0.77421875 0.109375 0.109375
0 0.1203125 0.76796875 0.078125 0.096875
0 0.15703125 0.5265625 0.09375 0.1109375
0 0.15234375 0.3078125 0.1359375 0.1546875
0 0.06171875 0.353125 0.11875 0.19375
0 0.08984375 0.23671875 0.0859375 0.0859375
0 0.0953125 0.1625 0.0734375 0.1078125
0 0.35234375 0.25390625 0.0734375 0.0875
0 0.47890625 0.37421875 0.1140625 0.140625
0 0.54765625 0.48984375 0.125 0.134375
0 0.68828125 0.5390625 0.115625 0.1109375
0 0.85234375 0.4859375 0.078125 0.103125
0 0.98203125 0.2734375 0.0359375 0.134375
0 0.94921875 0.175 0.0859375 0.090625
0 0.8234375 0.15078125 0.2 0.2
0 0.52109375 0.159375 0.1390625 0.153125