2 0.85 0.29765625 0.11875 0.1578125
2 0.9546875 0.45546875 0.090625 0.1484375
2 0.84296875 0.4640625 0.09375 0.11875
2 0.759375 0.4734375 0.11875 0.14375
2 0.853125 0.94609375 0.128125 0.1078125
2 0.62890625 0.796875 0.121875 0.146875
2 0.6171875 0.67421875 0.1171875 0.1359375
2 0.51328125 0.56328125 0.1421875 0.16875
2 0.4890625 0.69453125 0.1125 0.13125
2 0.41484375 0.6734375 0.10625 0.134375
2 0.40234375 0.82421875 0.1796875 0.23125
2 0.30390625 0.88125 0.115625 0.15625
2 0.3828125 0.38359375 0.1375 0.165625
2 0.4625 0.2796875 0.1015625 0.1296875
2 0.684375 0.121875 0.115625 0.13125
2 0.65625 0.05078125 0.1 0.0734375
2 0.5765625 0.1703125 0.1125 0.1171875
2 0.5046875 0.11484375 0.13125 0.1546875
2 0.50390625 0.02890625 0.1078125 0.0578125
2 0.4234375 0.09453125 0.1109375 0.140625
2 0.29921875 0.3890625 0.0921875 0.153125
2 0.228125 0.39375 0.1109375 0.115625
2 0.21171875 0.484375 0.13125 0.1296875
2 0.34453125 0.01328125 0.1109375 0.0265625
2 0.125 0.0765625 0.115625 0.153125
2 0.0890625 0.1796875 0.0875 0.1390625
2 0.1609375 0.6375 0.2203125 0.275
2 0.20546875 0.08671875 0.1578125 0.1734375
2 0.540625 0.7828125 0.178125 0.240625