2 0.43973214218749995 0.0133928578125 0.415178571875 0.0290178578125 0.40625 0.078125 0.44196428593750003 0.140625 0.46428571406249997 0.149553571875 0.5133928578125 0.11383928593749999 0.5223214281249999 0.0647321421875 0.48883928593750003 0.022321428125 0.43973214218749995 0.0133928578125
2 0.9308035718750001 0.5223214281249999 0.8504464281249999 0.53125 0.8169642859374999 0.5691964281249999 0.8258928578125 0.6495535718750001 0.859375 0.6785714281249999 0.8883928578125 0.6763392859375 0.9196428578125 0.6495535718750001 0.9241071421875 0.5870535718750001 0.9508928578125 0.546875 0.9308035718750001 0.5223214281249999
2 0.6049107140625 0.7767857140625 0.5625 0.8147321421875 0.5580357140625 0.8638392859374999 0.5959821421875 0.9241071421875 0.6428571421875 0.9263392859374999 0.6741071421875 0.8816964281249999 0.6696428578125 0.8325892859374999 0.6316964281249999 0.78125 0.6049107140625 0.7767857140625
2 0.33258928593750003 0.6919642859375 0.2946428578125 0.7209821421875 0.29017857187499996 0.7700892859375 0.3102678578125 0.7946428578125 0.34821428593750003 0.8013392859374999 0.37946428593750003 0.7745535718750001 0.38392857187499996 0.734375 0.35491071406249997 0.6919642859375 0.33258928593750003 0.6919642859375
2 0.2834821421875 0.5982142859375 0.25 0.6316964281249999 0.25 0.6674107140625 0.27455357187499996 0.6964285718750001 0.3125 0.6986607140625 0.33928571406249997 0.6674107140625 0.33928571406249997 0.6316964281249999 0.32366071406249997 0.6026785718750001 0.2834821421875 0.5982142859375
2 0.194196428125 0.022321428125 0.165178571875 0.060267857812500006 0.1696428578125 0.109375 0.194196428125 0.1428571421875 0.24107142812500001 0.14508928593749998 0.2633928578125 0.118303571875 0.2633928578125 0.069196428125 0.2299107140625 0.022321428125 0.194196428125 0.022321428125
2 0.5267857140625 0.0959821421875 0.5223214281249999 0.1540178578125 0.5602678578125 0.2008928578125 0.5982142859375 0.19866071406250002 0.6339285718750001 0.140625 0.5870535718750001 0.0669642859375 0.5558035718750001 0.0669642859375 0.5267857140625 0.0959821421875
2 0.359375 0.084821428125 0.3303571421875 0.11383928593749999 0.3258928578125 0.162946428125 0.359375 0.2142857140625 0.39732142812500004 0.2209821421875 0.43303571406249997 0.1897321421875 0.4375 0.149553571875 0.39955357187499996 0.09375 0.359375 0.084821428125
2 0.6183035718750001 0 0.6071428578125 0.0513392859375 0.6651785718750001 0.0959821421875 0.6919642859375 0.069196428125 0.6919642859375 0.024553571875 0.6763392859375 0 0.6183035718750001 0
2 0.0647321421875 0.8303571421875 0.040178571875 0.8950892859374999 0.060267857812500006 0.9285714281249999 0.09375 0.9308035718750001 0.12946428593749998 0.9040178578125 0.125 0.859375 0.100446428125 0.8303571421875 0.0647321421875 0.8303571421875
2 0.0022321421875000002 0.7723214281249999 0 0.8727678578125 0.0178571421875 0.8772321421875 0.040178571875 0.8638392859374999 0.053571428125 0.8147321421875 0.024553571875 0.7723214281249999 0.0022321421875000002 0.7723214281249999
2 0.0959821421875 0.6205357140625 0.053571428125 0.671875 0.087053571875 0.7321428578125 0.12053571406250001 0.734375 0.1428571421875 0.7209821421875 0.15178571406250002 0.671875 0.12276785781249999 0.625 0.0959821421875 0.6205357140625
2 0.8191964281249999 0.428571428125 0.7946428578125 0.45758928593750003 0.7946428578125 0.493303571875 0.8147321421875 0.53125 0.84375 0.5334821421875 0.875 0.515625 0.8794642859374999 0.475446428125 0.8549107140625001 0.4375 0.8191964281249999 0.428571428125
2 0.13828125 0.38984375 0.1828125 0.2140625
2 0.50078125 0.55859375 0.1359375 0.2109375