0 0.6890625 0.55625 0.0828125 0.1015625
0 0.91796875 0.57109375 0.0703125 0.0765625
0 0.8859375 0.30546875 0.075 0.096875
0 0.7859375 0.21953125 0.1109375 0.1375
0 0.5796875 0.45078125 0.06875 0.0796875
0 0.51796875 0.2859375 0.1265625 0.1578125
0 0.4875 0.55390625 0.0953125 0.1125
0 0.37890625 0.68046875 0.1 0.11875
0 0.2640625 0.659375 0.103125 0.1234375
0 0.3109375 0.540625 0.121875 0.14375
0 0.12890625 0.45234375 0.0875 0.115625
0 0.0890625 0.8453125 0.0640625 0.071875
0 0.26484375 0.0328125 0.0703125 0.065625