2 0.67400326875 0.26785437968750003 0.6495329937500001 0.2059221859375 0.6254913890625 0.20045760937499998 0.576242975 0.222008053125 0.5610680328125001 0.2687117203125 0.58840455625 0.3362692421875 0.6405728015625 0.32740257968750003 0.67400326875 0.26785437968750003
2 0.646841134375 0.40923775781250005 0.6266166484375 0.348685103125 0.60257504375 0.3432205265625 0.5730688640625 0.361797553125 0.5578939218750001 0.40850122187500004 0.578011240625 0.45493697187500004 0.6315590265625 0.441824521875 0.646841134375 0.40923775781250005
2 0.7150816078125 0.2858955703125 0.6574487859375 0.3188038375 0.646412465625 0.3527701390625 0.668016490625 0.40907700468749997 0.73833309375 0.3732489078125 0.7463959984375 0.31954037031250004 0.7150816078125 0.2858955703125
2 0.6959424359375 0.5542775 0.787380809375 0.5112301984375 0.797037590625 0.4815096828125 0.771080609375 0.40970637187500003 0.7271896046874999 0.3930983078125 0.675182109375 0.42314032656249995 0.6543818421875 0.4727102421875 0.6575695921875 0.5206862828125 0.6959424359375 0.5542775
2 0.79804204375 0.4278547296875 0.838852465625 0.4106036609375 0.8611394421874999 0.370904859375 0.8537594875 0.32860773125 0.825472096875 0.3217636140625 0.7958587484375 0.3262237375 0.770705521875 0.3602972078125 0.768160778125 0.3970225921875 0.79804204375 0.4278547296875
2 0.7667676 0.2135028390625 0.7635798484375 0.165526796875 0.7308859171875 0.136127784375 0.6816375031249999 0.1576782265625 0.6551047375 0.1959974859375 0.6951786249999999 0.267693628125 0.7431010812500001 0.257447425 0.7667676 0.2135028390625
2 0.6463452421875 0.1579461453125 0.725153421875 0.124877128125 0.7514718515625 0.058324059375 0.6538187265625 0.0265946359375 0.6121110187500001 0.11161756249999999 0.6463452421875 0.1579461453125
2 0.9526177640625001 0.1471504671875 0.9410991890625 0.1175907015625 0.8703539171875001 0.09695118281250001 0.83416436875 0.164990959375 0.840057615625 0.1974169734375 0.8769973359375 0.22819552656250003 0.9374428218749999 0.19385413437500001 0.9526177640625001 0.1471504671875
2 0.9341751796875 0.5072922765625 0.9309874296875 0.459316234375 0.89818633125 0.41580031718750005 0.8391739687499999 0.45295437187500004 0.8282448140625001 0.5010375812500001 0.8525007531250001 0.5347359640625 0.8977177140625001 0.5400397921875 0.9341751796875 0.5072922765625
2 0.8624254546874999 0.5403077109375001 0.8315397328125 0.5631305249999999 0.8261287390625001 0.59423058125 0.8631220421875 0.6320675875 0.9050976703125 0.5823369203125 0.8978248828125001 0.5541566953125 0.8624254546874999 0.5403077109375001
2 0.565448265625 0.65973925 0.5524429828125 0.6203083703125001 0.519909803125 0.6120847109375 0.4819120453125 0.6279026578125 0.46387085624999996 0.6689809984374999 0.51084244375 0.7194482015625 0.5530324046875 0.6979513421875 0.565448265625 0.65973925
2 0.5594478515625 0.6131963328125 0.60864268125 0.5845874390625 0.6308224906250001 0.530771734375 0.6163305 0.4814697375 0.5724394953124999 0.46486167187499994 0.5386875265625 0.48205915781249997 0.5165077171875 0.5358748640625 0.5268610875 0.5979142234375 0.5594478515625 0.6131963328125
2 0.3500383375 0.737610196875 0.38936205 0.710488009375 0.40591653125000005 0.659538553125 0.391424540625 0.6102365562500001 0.3687624765625 0.600526190625 0.320893603125 0.6178308453125 0.28746313749999997 0.6773790453124999 0.3203178203125 0.727953415625 0.3500383375 0.737610196875
2 0.1809569875 0.78124691875 0.2273927375 0.7611296015625 0.255197875 0.70444765 0.2505770015625 0.6536589453125 0.21517757343750002 0.6398099578124999 0.16741586718749998 0.6712315171875 0.1409902703125 0.72366768125 0.149749765625 0.7617190234375 0.1809569875 0.78124691875
2 0.2443622515625 0.5788822203125 0.2733325953125 0.48972067187499996 0.2164363078125 0.433681725 0.17281322187499998 0.45236591875 0.1478743328125 0.5146732 0.1510620828125 0.5626492390625 0.1894349265625 0.5962404578125 0.2443622515625 0.5788822203125
2 0.0828615546875 0.5052843375 0.1222924375 0.49227905468750005 0.1527494875 0.412988621875 0.1354984171875 0.3721782 0.1000989890625 0.35832921562500003 0.0523372828125 0.3897507734375 0.032916553125 0.435074903125 0.0545205796875 0.49138176875 0.0828615546875 0.5052843375
2 0.42111875000000004 0.988365971875 0.4558215875 0.9104550796875 0.41877470156249996 0.865559621875 0.38077694375000004 0.88137756875 0.35986950625 0.9168305796875 0.360191009375 0.9591812921875 0.3858264890625 0.9886338890624999 0.42111875000000004 0.988365971875
2 0.2766012046875 0.9202862484375001 0.3075405109375 0.9045218859374999 0.33258656875 0.8563315109375 0.322340365625 0.808409053125 0.291186725 0.7959396062499999 0.258814296875 0.8088913078125 0.23514777968749997 0.8528358953125 0.2525060171875 0.9077632203125001 0.2766012046875 0.9202862484375001
2 0.2085078453125 0.87703825 0.1777828765625 0.921036421875 0.25277393593749997 0.94305548125 0.2425277328125 0.8951330234375 0.2085078453125 0.87703825
2 0.3857928546875 0 0.3853832109375 0.0003970109375 0.37169497812499996 0.0569717953125 0.39595091718750003 0.09067017968749999 0.4312967625 0.0974607140625 0.471892846875 0.051975834374999995 0.4828220015625 0.0038926250000000003 0.4797466953125 0 0.3857928546875 0
2 0.5087390375 0.2564030265625 0.45270009062499994 0.3132993140625 0.4658125421875 0.3668471 0.49675184687499996 0.3510827359375 0.5274232328124999 0.3000261125 0.5299679765625 0.2633007265625 0.5087390375 0.2564030265625
2 0 0.8617406531249999 0.031992959375000005 0.87131939375 0.023233465624999998 0.8332680515625001 0 0.8214439890625 0 0.8617406531249999
2 0.0984375 0.88203125 0.090625 0.0515625
2 0.71015625 0.72109375 0.24375 0.2921875
2 0.34375 0.2421875 0.1828125 0.2078125
2 0.071875 0.5453125 0.14375 0.234375