2 0.7041132765625 1 0.714973628125 0.9796860625000001 0.698016025 0.9283814609375 0.67017750625 0.913498275 0.6360386984375 0.9224513359375001 0.613521134375 0.9712651375 0.6177134859375 1 0.7041132765625 1
2 0.8158939859375 0.8525156890625001 0.772979496875 0.8725270437500001 0.757710740625 0.9144776078125 0.76933198125 0.954338346875 0.7916413546875 0.964833690625 0.8217778890625 0.9472977312499999 0.8427685781250001 0.9026789859375001 0.8158939859375 0.8525156890625001
2 0.5444488953125 1 0.566604375 0.9826935953125 0.5807318265625 0.9308260421875 0.5412720640625001 0.87608211875 0.5071332578125001 0.8850351812499999 0.48042063749999997 0.9323221046875 0.491656309375 0.9862948875 0.517291278125 1 0.5444488953125 1
2 0.3427395125 0.9059642421874999 0.318695071875 0.9589730984375 0.39687426718749996 0.99217879375 0.4285530859375 0.9181946546875001 0.41235121562500004 0.890919084375 0.3757370140625 0.8870941921875 0.3427395125 0.9059642421874999
2 0.5166954875 0.793499675 0.5178522015625 0.751163540625 0.48220192500000003 0.7120585375 0.4324241984375 0.724821084375 0.39693589375 0.783166303125 0.40778599531250004 0.8512511296874999 0.44420741250000007 0.8621320453125 0.47968030937500006 0.8560399500000001 0.5166954875 0.793499675
2 0.3032951578125 0.7989671953124999 0.35210895781249996 0.8214847593749999 0.3952162328125 0.7944173812499999 0.405117815625 0.8455292 0.44420741250000007 0.8621320453125 0.47968030937500006 0.8560399500000001 0.5060073593750001 0.8228650703125 0.520134809375 0.77099751875 0.50851356875 0.7311367796875 0.47800686875 0.7105316609375001 0.45245096093750004 0.715482453125 0.40895811406250004 0.7566618734375 0.370446871875 0.7188909609375 0.3389762453125 0.7335659546875 0.3032951578125 0.7989671953124999
2 0.3294448296875 0.7205952156250001 0.32621369843750003 0.683788228125 0.2804536484375 0.6528805515625 0.2390660359375 0.66869685 0.218075346875 0.71331559375 0.23236477031249997 0.7588982640624999 0.2615373796875 0.7766424171875 0.2985371515625 0.7663552640625 0.3294448296875 0.7205952156250001
2 0.15531147343750001 0.7878626828125 0.10667505156249998 0.8105422171875001 0.088738115625 0.8467708500000001 0.10035935781250001 0.8866315874999999 0.13678077500000002 0.897512503125 0.18485424687500002 0.8437479124999999 0.17742806093750002 0.8054140484375001 0.15531147343750001 0.7878626828125
2 0.10439244218749999 0.790708240625 0.1631386375 0.759831378125 0.1534298421875 0.7016635390625 0.098315753125 0.7029822218749999 0.0708319921875 0.7784932359375001 0.10439244218749999 0.790708240625
2 0.1792093484375 0.5851504796875 0.192357465625 0.6208161624999999 0.2119986578125 0.625589575 0.245574515625 0.5855514578125 0.2381483296875 0.5472175953125 0.2186999234375 0.5353881609375 0.1792093484375 0.5851504796875
2 0.1263932765625 0.55405001875 0.0760526015625 0.5357275109375 0.046093443750000004 0.598460571875 0.058855990625 0.6482382984374999 0.0811653640625 0.6587336421875001 0.1257995140625 0.6274712078125 0.1368732140625 0.58399376875 0.1263932765625 0.55405001875
2 0.414371509375 0.5068401265625 0.3729838953125 0.522656425 0.3550469578125 0.5588850578125 0.3666682 0.5987457968750001 0.3905044484375 0.6050460828124999 0.43705104375000003 0.5554765484375 0.43515400625 0.521530528125 0.414371509375 0.5068401265625
2 0.3194120875 0.46752693125 0.278024475 0.48334323125 0.2570337859375 0.5279619734375001 0.2724645140625 0.5834616328125 0.303164 0.597010728125 0.351237471875 0.5432461375 0.35353548749999997 0.5108269921875 0.3194120875 0.46752693125
2 0.342538821875 0.29303881875000004 0.3379736015625 0.253370865625 0.314522925 0.23295853281249998 0.2716084359375 0.2529698875 0.24909087031250002 0.30178368906249997 0.26490716875000003 0.343171303125 0.287216540625 0.3536666484375 0.31849438281250003 0.346047675 0.342538821875 0.29303881875000004
2 0.2779703484375 0.020121151562500002 0.2438315421875 0.0290742140625 0.21292386562500001 0.0748342625 0.22454510781249998 0.11469500156250001 0.27469299999999996 0.14007353125 0.302161353125 0.1168156390625 0.31362062343749997 0.059226156249999995 0.2779703484375 0.020121151562500002
2 0.6219649703125001 0.145324953125 0.5935480953125001 0.151609834375 0.56836235 0.194701703125 0.5807393281250001 0.258591475 0.6045755734375 0.2648917625 0.649209725 0.233629328125 0.6507520078125 0.17718115 0.6219649703125001 0.145324953125
2 0.76478966875 0.19018270312500002 0.76289263125 0.1562366828125 0.7341055921875 0.1243804859375 0.6667764984375 0.15925962031250002 0.6499808671875 0.2054052390625 0.6669384703125 0.2567098421875 0.69763795625 0.2702589390625 0.7231938640625 0.265308146875 0.76478966875 0.19018270312500002
2 0.67730265625 0.032444003124999996 0.65153855625 0.0967039375 0.6828009890625 0.1413380890625 0.741547184375 0.11046122656249999 0.753762190625 0.076900775 0.7486186140625 0.0584008890625 0.67730265625 0.032444003124999996
2 0.8650854515624999 0.2409397625 0.8530786390625 0.21519106875 0.82371324375 0.2045029390625 0.79796455 0.21650975312499998 0.78269579375 0.2584603171875 0.788980675 0.2868771921875 0.8170119796875 0.2947043546875 0.852870446875 0.2745002140625 0.8650854515624999 0.2409397625
2 0.8433698421875 0.1570232296875 0.849269153125 0.1995521484375 0.8784417625 0.21729630000000003 0.9127733546875 0.20128721718749998 0.9265152343749999 0.163531709375 0.8939187109375 0.1160365921875 0.8433698421875 0.1570232296875
2 0.89140625 0.83828125 0.084375 0.1578125