2 0.942919015625 0.6998415 0.9143351515625 0.6860785046875 0.8941050671875 0.6955119484375001 0.8803420734375 0.7240958125 0.8951629421874999 0.7664426703125 0.9315662015624999 0.786411009375 0.9528759499999999 0.7740112124999999 0.9617859015624999 0.7403016671875 0.942919015625 0.6998415
2 0.7776865421875 0.38775291875 0.6841155578125 0.340258590625 0.65390675 0.3494193953125 0.6296197546875 0.3976880640625 0.6552154765625 0.48426846875 0.7034841468749999 0.5085554640625001 0.7466380296875 0.5007469640625 0.786847346875 0.41796172499999995 0.7776865421875 0.38775291875
2 0.5929656453125001 0.3138013734375 0.5546648046875 0.32673555312499997 0.55410863125 0.3836415359375 0.5754074859375 0.4081902765625 0.6153223750000001 0.4092808359375 0.6320517234375 0.3817766359375 0.6293689046875001 0.3337697125 0.5929656453125001 0.3138013734375
2 0.4084956 0.3037681796875 0.43707946406250003 0.31753117343750004 0.46836793437499996 0.30540401875 0.4611156078125 0.20534415312499998 0.3939582640625 0.21449406249999997 0.3801952703125 0.2430779265625 0.4084956 0.3037681796875
2 0.525862771875 0.138208596875 0.491335309375 0.1592348125 0.48295974218750004 0.2099354484375 0.51962474375 0.25687360312499996 0.5576529453125 0.25391814375 0.5770869000000001 0.20052379375 0.556333325 0.15601760781250001 0.525862771875 0.138208596875
2 0.4443850453125 0 0.4209825484375 0.0294896328125 0.41476630937500003 0.0742575625 0.44172522968749994 0.11094435625000001 0.487572825 0.1141942421875 0.514553534375 0.076983959375 0.5094387484375 0.0448884640625 0.44824146875000004 0 0.4443850453125 0
2 0.6404926546875 0.10938477656250001 0.6264570218750001 0.1479473625 0.6412778921875 0.1902942203125 0.6677024265625 0.20998991875 0.69494488125 0.199749453125 0.7124921468750001 0.142309084375 0.67932788125 0.11344168750000001 0.6404926546875 0.10938477656250001
2 0.7085147546874999 0 0.681247253125 0.0066420921874999995 0.6607336328125 0.063002796875 0.6833738968749999 0.11155499843750001 0.7257098625 0.1336826671875 0.752952315625 0.1234421984375 0.7882976984375001 0.072479815625 0.7697034515625 0.022040925 0.7324634453125001 0 0.7085147546874999 0
2 0.7497024296875 0.16928979375 0.77666135 0.20597658437500002 0.8384203734375 0.21165843906249998 0.8656737218749999 0.164469434375 0.8090621671875 0.0800374640625 0.7621240140625 0.11670246875000001 0.7497024296875 0.16928979375
2 0.5203555109375 0.5225257328125 0.48988495781249997 0.504716721875 0.46560885625 0.5160368531249999 0.45561924062500003 0.5527127515625 0.4688260609375 0.5810348703125 0.511162025 0.6031625375 0.5243797390625 0.5945361171875 0.539222396875 0.5629859015625 0.5203555109375 0.5225257328125
2 0.46853163281250004 0.664910665625 0.4607340265625 0.5848082484375 0.4138067671875 0.5845247140625001 0.411091265625 0.6473633999999999 0.45126790000000006 0.675423775 0.46853163281250004 0.664910665625
2 0.4701347875 0.7158839421875001 0.438039290625 0.7209987296875 0.4261629875 0.753628609375 0.45041729999999996 0.8162055531249999 0.500038271875 0.8275474734375001 0.518926946875 0.7941105687500001 0.5043787171874999 0.7417849875 0.4701347875 0.7158839421875001
2 0.3334970734375 0.38060981875 0.3113694046875 0.42294578281249995 0.3224168984375 0.45720060625 0.36663955000000004 0.48337429062500004 0.38983598750000004 0.4750205109375 0.3990185796875 0.43133224375 0.38203838125 0.3949180921875 0.3334970734375 0.38060981875
2 0.4102515578125 0.7511966421875 0.37816695624999996 0.7193628921874999 0.3217953609375 0.7357978109375 0.3034410703125 0.7862258078125001 0.3333554484375 0.8609408015625 0.3735320828125 0.8890011734375 0.41884529375 0.8752599703125 0.4420526265625 0.829957653125 0.4102515578125 0.7511966421875
2 0.22040498125000002 0.6820981390624999 0.176182328125 0.6559244546875 0.14813284843750002 0.659152553125 0.116026459375 0.7012158765625001 0.13812144375 0.769725525 0.188276803125 0.7980585375 0.223611290625 0.7840446921875001 0.2427726046875 0.7406290640625001 0.22040498125000002 0.6820981390624999
2 0.0459027625 0.7092861234375001 0.0758389296875 0.710104040625 0.10525160625 0.6569823296874999 0.09015809687500001 0.62461419375 0.0378434109375 0.6022138874999999 0.01571574375 0.6445498515625 0.0459027625 0.7092861234375001
2 0.0953273546875 0.47196700468749997 0.08749706562500001 0.5027101968750001 0.10447726406249999 0.53912435 0.13306112812499998 0.5528873421875 0.15437087656249998 0.540487546875 0.1630081890625 0.516756725 0.144141303125 0.47629655625 0.0953273546875 0.47196700468749997
2 0 0.557974234375 0.00009874375 0.5582420875 0.0424347078125 0.5803697546875 0.075609865625 0.572288615625 0.092611853125 0.53480569375 0.07401760625 0.4843668015625 0.037614346874999996 0.4643984625 0 0.4779445921875 0 0.557974234375
2 0.0508647453125 0.3449264328125 0.030634660937500002 0.3543598765625 0.0316925375 0.42529059687500004 0.0608107859375 0.45604468281250005 0.0988389859375 0.4530892234375 0.10774893906250001 0.41937967968749995 0.0891546921875 0.3689407890625 0.0508647453125 0.3449264328125
2 0.8354867031250001 0.0997331640625 0.856240278125 0.14423935000000002 0.8937231999999999 0.1612413359375 0.8435896312500001 0.05901125 0.8354867031250001 0.0997331640625