0 0.740625 0.69140625 0.08046875 0.103125
0 0.66875 0.7421875 0.11171875 0.1359375
0 0.603125 0.80703125 0.06640625 0.0828125
0 0.5890625 0.64375 0.0796875 0.09453125
0 0.64765625 0.5046875 0.15546875 0.2
0 0.4875 0.6796875 0.1265625 0.14375
0 0.3984375 0.74453125 0.090625 0.1265625
0 0.41953125 0.490625 0.1109375 0.14140625
0 0.48984375 0.36640625 0.15234375 0.2171875
0 0.4125 0.22109375 0.065625 0.07734375
0 0.2734375 0.16328125 0.07265625 0.075
0 0.1453125 0.30078125 0.06484375 0.0765625
0 0.0953125 0.2828125 0.06015625 0.0734375
0 0.70078125 0.0484375 0.09296875 0.0890625
0 0.9625 0.59609375 0.07421875 0.13671875
0 0.69140625 0.97890625 0.11171875 0.04140625
0 0.4796875 0.98203125 0.0671875 0.0359375