2 0.0296875 0.68203125 0.059375 0.1390625
2 0.18359375 0.2921875 0.115625 0.134375
2 0.0953125 0.1734375 0.1125 0.14375
2 0.13359375 0.04296875 0.1015625 0.0859375
2 0.184375 0.16171875 0.134375 0.1703125
2 0.2921875 0.24921875 0.1515625 0.1765625
2 0.07890625 0.7515625 0.1578125 0.209375
2 0.3234375 0.11328125 0.1484375 0.1875
2 0.58359375 0.2875 0.1171875 0.1359375
2 0.40234375 0.0515625 0.1234375 0.103125
2 0.61015625 0.10078125 0.134375 0.1625
2 0.6515625 0.33984375 0.1078125 0.1421875
2 0.725 0.396875 0.13125 0.1671875
2 0.4859375 0.60625 0.1421875 0.171875
2 0.353125 0.8921875 0.121875 0.153125
2 0.4 0.76796875 0.1203125 0.1359375
2 0.6265625 0.8796875 0.1234375 0.1609375
2 0.66015625 0.971875 0.1171875 0.05625
2 0.840625 0.7109375 0.121875 0.140625
2 0.59765625 0.61328125 0.128125 0.159375
2 0.80234375 0.22890625 0.1515625 0.178125
2 0.89296875 0.290625 0.1109375 0.14375
2 0.89921875 0.6109375 0.1265625 0.15
2 0.7875 0.96953125 0.121875 0.0609375
2 0.77265625 0.89609375 0.109375 0.1375
2 0.88125 0.953125 0.115625 0.09375