2 0.138605146875 0.2999545984375 0.1783169546875 0.27416545000000003 0.1928936328125 0.22705959375 0.17862247656250002 0.17610395 0.1454079109375 0.17132598593749998 0.11019991093749999 0.18666239843750002 0.090328325 0.23720680781249998 0.1055276578125 0.2837957203125 0.138605146875 0.2999545984375
2 0.24042233125 0.49731129999999996 0.25183461406249996 0.4221487046875 0.177874353125 0.38360786406249997 0.15800276562499999 0.4341522734375 0.163677540625 0.4718706484375 0.18602813437500001 0.5062875484375 0.2200338 0.518079696875 0.24042233125 0.49731129999999996
2 0.3056177640625 0.60929545625 0.3568475625 0.572262471875 0.366129334375 0.52859516875 0.339686165625 0.4704882625 0.315205059375 0.467566653125 0.27814070625 0.491636525 0.2591972953125 0.53781420625 0.26236169375 0.5658709421875 0.3056177640625 0.60929545625
2 0.41773899999999997 0.532719109375 0.4583789828125 0.50256323125 0.472301640625 0.437062275 0.457756328125 0.4088684625 0.41236974843749996 0.3969392359375 0.37874395 0.426304015625 0.36853400000000003 0.4743380484375 0.3924667953125 0.5227833171875 0.41773899999999997 0.532719109375
2 0.561218446875 0.46965418750000004 0.5354293 0.42994238124999995 0.5022147312499999 0.42516441718750003 0.4748120171875 0.4467239140625 0.46683828906249997 0.5271814140625 0.5340585203125 0.5437515265624999 0.5544470515625 0.5229831296875 0.561218446875 0.46965418750000004
2 0.47313571562499995 0.658594559375 0.5025764953125 0.6628476125 0.549637721875 0.6314973671875 0.5573372937500001 0.5738016953125 0.5217494296875 0.5479811781249999 0.480455425 0.5597419593749999 0.463505446875 0.5858052640625 0.4576622265625 0.6347674750000001 0.47313571562499995 0.658594559375
2 0.5217494296875 0.5479811781249999 0.471584884375 0.56926651875 0.45700820625 0.6163723765625 0.4704882625 0.660313834375 0.437790640625 0.685311884375 0.4789162 0.760231690625 0.499821675 0.76923930625 0.5660080187500001 0.7262573921875 0.5752897906250001 0.6825900875 0.565111209375 0.6553244515625 0.5371915515625 0.6471079343749999 0.5573372937500001 0.5738016953125 0.5217494296875 0.5479811781249999
2 0.6455687109375 0.6632981796874999 0.6843523390625 0.6418757609375 0.699857196875 0.5904031734374999 0.6802911328125 0.542886084375 0.6611049359375001 0.5365259203125 0.61437894375 0.56310616875 0.6032408171875 0.615506934375 0.616857953125 0.648067478125 0.6455687109375 0.6632981796874999
2 0.46065818125 0.7495047968749999 0.4357972078125 0.705426259375 0.4113161015625 0.7025046515625 0.3786184796875 0.7275027 0.3631136234375 0.7789752875 0.38453604218750004 0.817758915625 0.41510315468750003 0.82425615625 0.46065818125 0.7495047968749999
2 0.3725324734375 0.72392706875 0.4097339046875 0.6884762828125 0.4155771234375 0.639514071875 0.3897879734375 0.5998022640625 0.3565734078125 0.5950243015625001 0.3248039625 0.6156556203125 0.31645036875 0.6549561921875 0.34382171562499997 0.7086963671875 0.3725324734375 0.72392706875
2 0.23183755781249998 0.7738918 0.23888310937499999 0.69780103125 0.195489959375 0.6657574281249999 0.16808724531250002 0.687316925 0.15694911875 0.739717690625 0.1687099 0.7810116953125 0.2036437421875 0.7884371125 0.23183755781249998 0.7738918
2 0.349633565625 0.735033828125 0.30943618281249996 0.6557472921875 0.281516525 0.647530775 0.2497470796875 0.6681620953125 0.235824421875 0.73366305 0.2510237546875 0.7802519640625001 0.27973451250000003 0.7954826640625 0.349633565625 0.735033828125
2 0.29455397968749997 0.80091465 0.2487561671875 0.8231281671874999 0.2583864375 0.8959174624999999 0.28895355 0.9024147031249999 0.3180755421875 0.8835026593749999 0.3267032921875 0.8214402578125 0.29455397968749997 0.80091465
2 0.19198867343749998 0.8110618640625 0.14629656875 0.8971941390625 0.1599137046875 0.9297546828125001 0.18518590937499999 0.9396904765625 0.2230413625 0.9226347875 0.2360358421875 0.8615005625000001 0.19198867343749998 0.8110618640625
2 0.3738834921875 0.9752353640625 0.418236184375 0.927612565625 0.40898578125 0.895980196875 0.372332659375 0.8859073265624999 0.340289059375 0.9293004734375 0.3738834921875 0.9752353640625
2 0.49339983125 1 0.4915424234375 0.9477583062500001 0.47156512656249994 0.9343839609375 0.41266712187500004 0.9538129468750001 0.40259425000000004 0.990466065625 0.47205765624999996 1 0.49339983125 1
2 0.977154453125 0.4667837046875 0.9683152828124999 0.40100859375000003 0.92306578125 0.377698453125 0.8931526890624999 0.38959631250000004 0.876065634375 0.42704053125 0.8892715359375 0.49374381874999995 0.9265786765625 0.5222117890625 0.977154453125 0.4667837046875
2 1 0.3423571640625 0.9891150468750001 0.34609745468750003 0.973884346875 0.37480821249999996 0.9765004328125 0.44838860625 0.9969946734375 0.4915389671875 1 0.4917422625 1 0.3423571640625
2 0.7301269375 0.040026703125 0.7657148031250001 0.0658472203125 0.75430251875 0.1410098125 0.800343121875 0.1713341359375 0.8446958140625 0.1237113375 0.8436619265624999 0.064159309375 0.7301269375 0.040026703125
2 0.1170722984375 0 0.10087516562500001 0.015811603125 0.09066521562499999 0.0638456359375 0.106792725 0.10606781875 0.1242596484375 0.10978052812500001 0.16741000781249998 0.0892862859375 0.18820977187500001 0.034375146875 0.1789593671875 0.0027427781250000003 0.16292927031249999 0 0.1170722984375 0
2 0.64379485 0.1563148578125 0.684434834375 0.1261589765625 0.6912062296875 0.07283003593750001 0.67917129375 0.054297859375 0.5988508703125001 0.0349432171875 0.5748867093750001 0.0617976203125 0.575920596875 0.12134964687500001 0.600127546875 0.1470330859375 0.64379485 0.1563148578125
2 0.0531582625 0.1973579234375 0.0835882953125 0.215236078125 0.1210638828125 0.15702346250000002 0.11088530156250001 0.129757825 0.08733237187500001 0.1224694859375 0.0670809203125 0.1318569671875 0.0531582625 0.1973579234375
2 0.151673971875 0.37803880156249997 0.13369010625 0.3445500796875 0.10484226875 0.34070029375 0.07836773124999999 0.357893059375 0.062862875 0.40936564531249997 0.094875109375 0.44127216875 0.131802384375 0.42858321093749996 0.151673971875 0.37803880156249997
2 0.83671875 0.728125 0.253125 0.2734375
2 0.0828125 0.75859375 0.165625 0.2390625