2 0.21795959531250003 0.45910600468749996 0.2540108484375 0.43184584218750005 0.2681382984375 0.379978290625 0.2591852375 0.3458394828125 0.22734444687500002 0.3223734 0.19453973125 0.334187428125 0.173163471875 0.392918215625 0.1901210765625 0.44422281874999997 0.21795959531250003 0.45910600468749996
2 0.12566835625 0.425514740625 0.1617196078125 0.398254578125 0.1727933078125 0.3547771375 0.162313371875 0.32483338906250003 0.1358089421875 0.31281116875000003 0.10872615781249999 0.3219570171875 0.08620859374999999 0.3707708171875 0.09363478125 0.40910467968750003 0.12566835625 0.425514740625
2 0.2723795765625 0.2247457984375 0.2618996375 0.19480205 0.2312001546875 0.181252953125 0.2010636171875 0.1987889125 0.1857948609375 0.2407394765625 0.2100012734375 0.2851808421875 0.25558394375 0.27089141875 0.2723795765625 0.2247457984375
2 0.11184153593749999 0.10455441406249999 0.08377941875 0.20123349375 0.13318698281250002 0.1503298703125 0.11184153593749999 0.10455441406249999
2 0.473001953125 0.22175367499999998 0.46252201406250004 0.191809925 0.4428808234375 0.1870365109375 0.3936660453125 0.23088411406249998 0.4026191078125 0.265022921875 0.4262625703125 0.27837923125 0.45620632031249997 0.26789929375 0.473001953125 0.22175367499999998
2 0.5330822375000001 0.19373777812499998 0.566079740625 0.1748677265625 0.5828753718749999 0.1287221078125 0.5754491859375 0.09038824375 0.543222825 0.0810342046875 0.5001155500000001 0.10810158125 0.4879005453125 0.1416620328125 0.49685360625 0.175800840625 0.5330822375000001 0.19373777812499998
2 0.44040542812499994 0.1742585578125 0.48065173593750005 0.1485252703125 0.4917254375 0.10504783124999999 0.47018720625 0.0663283984375 0.442155903125 0.058501234375 0.41774129843749996 0.0733690125 0.403613846875 0.12523656562500002 0.41523509062499997 0.16509730312499998 0.44040542812499994 0.1742585578125
2 0.4911176984375 0 0.47381931406250005 0.036770217187499996 0.50069390625 0.086933515625 0.5561935640625 0.0715027875 0.5710767515625 0.04366426875 0.5589366499999999 0 0.4911176984375 0
2 0.38162545312499996 0 0.378474321875 0.0115690671875 0.408402665625 0.05334225 0.4539853359375 0.039052828125 0.468199403125 0 0.38162545312499996 0
2 0.6366861828125 0.0200362125 0.6050227718750001 0.041767228125 0.60425163125 0.06999131875 0.6528726453125 0.0995649046875 0.6744262828124999 0.086031215625 0.6797780515625 0.045221957812500005 0.6366861828125 0.0200362125
2 0.606534240625 0.0898252953125 0.5866848578125 0.1443610265625 0.6028867265625 0.171636596875 0.6253888843750001 0.17507591875 0.6564893453125 0.122259846875 0.6471507125 0.1022330859375 0.606534240625 0.0898252953125
2 0.845667859375 0.124604084375 0.7995068328125 0.160061575 0.8025451765625 0.203924584375 0.8218007984375 0.22281004062499998 0.8547983 0.20393999062499998 0.874647684375 0.1494042578125 0.845667859375 0.124604084375
2 0.8108890703125 0.36373770156249996 0.8034628828124999 0.3254038390625 0.7811535125 0.3149084953125 0.7510169765625 0.3324444546875 0.740328846875 0.36180984843749997 0.7572864515625 0.41311445156250004 0.7740666765625 0.419221953125 0.8108890703125 0.36373770156249996
2 0.945963640625 0.17536114375 0.8967488625 0.219208746875 0.8923456140624999 0.276991015625 0.9175159531249999 0.2861522703125 0.9520403296875 0.2630871640625 0.9650264749999999 0.2013026234375 0.945963640625 0.17536114375
2 0.47442098125000004 0.583330475 0.425591775 0.6130660328124999 0.42748881406250006 0.647012053125 0.45360767187500006 0.67314631875 0.4892733546875 0.6599982015625 0.5056834140625 0.6279646249999999 0.47442098125000004 0.583330475
2 0.5685938546875 0.70312088125 0.5573581812499999 0.6491480984375 0.5308537531249999 0.6371258796875 0.5007172171875001 0.6546618390625001 0.48544846093749994 0.6966124015624999 0.492874646875 0.734946265625 0.512323053125 0.7467756999999999 0.5685938546875 0.70312088125
2 0.643703890625 0.796969809375 0.6433337265625 0.7588287328125001 0.618548959375 0.7355554343749999 0.565910265625 0.7496520734375001 0.550641509375 0.7916026359375 0.5733210468750001 0.8402390578125001 0.594296328125 0.8478734359375 0.643703890625 0.796969809375
2 0.5240908609375 0.9363397828125001 0.5628102953125 0.914801553125 0.5780790515625001 0.8728509890625 0.5649309328125 0.8371853078125 0.5357583234375001 0.8194411546874999 0.4941779234375 0.8423134749999999 0.48196291875 0.8758739265625 0.49205728593750003 0.9199297203125001 0.5240908609375 0.9363397828125001
2 0.6400255640625 0.9832873578125 0.688661984375 0.9606078218749999 0.7169014812500001 0.909125840625 0.708333990625 0.8608749875000001 0.6497959875 0.8324427078125 0.6024936546874999 0.8579832093749999 0.5769223390625 0.9151871234375 0.5954068203125 0.96229666875 0.6400255640625 0.9832873578125
2 0.60781329375 1 0.6100818125 0.9937672953125001 0.5746243234375 0.9476062687500001 0.5475415390625 0.9567521156250001 0.5254095453125001 0.991453871875 0.52665640625 1 0.60781329375 1
2 0.7485648921875 0.887394825 0.779634540625 0.939084996875 0.8248470484375 0.8866544953125001 0.7863358078125 0.8488835828125 0.759253021875 0.8580294296875 0.7485648921875 0.887394825
2 0.8988619999999999 0.81382706875 0.8561402953125 0.8267824031250001 0.83362273125 0.875596203125 0.8379951671875 0.9223201781249999 0.866974990625 0.947120353125 0.915642225 0.819934571875 0.8988619999999999 0.81382706875
2 0 0.8489980546875 0.04162856875 0.8652553296875001 0.045646246875000004 0.8215851046875 0.012471365625 0.7952580546875 0 0.7982959562499999 0 0.8489980546875
2 0.896875 0.65078125 0.2 0.2421875
2 0.22578125 0.67890625 0.184375 0.265625