0 0.659375 0.83203125 0.19375 0.2125
0 0.56015625 0.76640625 0.0890625 0.0921875
0 0.646875 0.66328125 0.096875 0.1046875
0 0.74453125 0.68984375 0.165625 0.1859375
0 0.8734375 0.66328125 0.159375 0.178125
0 0.3671875 0.60546875 0.175 0.1796875
0 0.38828125 0.44296875 0.0875 0.09375
0 0.24765625 0.40859375 0.128125 0.1359375
0 0.23984375 0.24296875 0.1109375 0.1203125
0 0.85234375 0.328125 0.078125 0.0796875
0 0.8875 0.20546875 0.0921875 0.1078125
0 0.9828125 0.38203125 0.034375 0.1546875
0 0.93984375 0.321875 0.1203125 0.2
0 0.96875 0.2265625 0.0625 0.1
0 0.678125 0.603125 0.0890625 0.096875