2 0.13359375 0.634375 0.13671875 0.18828125
2 0.23359375 0.6984375 0.134375 0.17109375
2 0.30703125 0.1 0.11796875 0.153125
2 0.29453125 0.2765625 0.10078125 0.11796875
2 0.29140625 0.40625 0.1265625 0.16171875
2 0.321875 0.55078125 0.12734375 0.1796875
2 0.4703125 0.721875 0.1359375 0.18046875
2 0.5625 0.06015625 0.1296875 0.11953125
2 0.89375 0.18203125 0.12265625 0.16484375
2 0.86640625 0.37109375 0.12890625 0.1796875
2 0.80546875 0.4609375 0.1078125 0.13359375
2 0.56171875 0.821875 0.128125 0.14453125
2 0.66953125 0.796875 0.1328125 0.15859375
2 0.79765625 0.70625 0.12578125 0.165625
2 0.82734375 0.83359375 0.10703125 0.115625
2 0.90390625 0.8671875 0.11875 0.11875
2 0.98203125 0.79765625 0.0359375 0.14140625
2 0.69453125 0.1109375 0.16328125 0.14765625
2 0.1109375 0.92109375 0.2046875 0.1578125
2 0.52109375 0.940625 0.12421875 0.11875
2 0.671875 0.5796875 0.17421875 0.2171875