2 0.9546875 0.75 0.090625 0.140625
2 0.975 0.61796875 0.05 0.1515625
2 0.82265625 0.525 0.1140625 0.128125
2 0.84921875 0.36328125 0.1375 0.1609375
2 0.84140625 0.209375 0.1375 0.159375
2 0.67421875 0.26015625 0.128125 0.14375
2 0.78359375 0.10625 0.15 0.16875
2 0.5890625 0.2953125 0.1390625 0.1703125
2 0.5640625 0.41484375 0.1515625 0.1734375
2 0.56953125 0.60625 0.115625 0.1375
2 0.68984375 0.6828125 0.1875 0.209375
2 0.809375 0.78984375 0.128125 0.1453125
2 0.68046875 0.8265625 0.16875 0.165625
2 0.465625 0.834375 0.15625 0.1671875
2 0.39296875 0.9625 0.1671875 0.075
2 0.25390625 0.72578125 0.1546875 0.1859375
2 0.18125 0.51328125 0.1546875 0.159375
2 0.4140625 0.48984375 0.1453125 0.159375
2 0.36328125 0.36328125 0.1484375 0.16875
2 0.346875 0.20859375 0.125 0.15
2 0.26484375 0.2625 0.1859375 0.2265625
2 0.06015625 0.5359375 0.1203125 0.16875
2 0.565625 0.97578125 0.084375 0.0484375
2 0.96484375 0.85078125 0.0703125 0.0609375
2 0.02890625 0.60703125 0.0578125 0.1234375
2 0.02421875 0.35234375 0.0484375 0.2234375
2 0.68125 0.12421875 0.1953125 0.228125
2 0.2234375 0.98046875 0.171875 0.0390625