2 0.92109375 0.85546875 0.13125 0.175
2 0.93203125 0.73828125 0.1046875 0.1015625
2 0.89921875 0.240625 0.1359375 0.1609375
2 0.5875 0.63515625 0.1265625 0.1515625
2 0.85 0.9203125 0.1 0.1484375
2 0.91328125 0.96171875 0.1296875 0.0765625
2 0.76015625 0.915625 0.1578125 0.16875
2 0.61640625 0.96328125 0.1515625 0.0734375
2 0.4671875 0.54921875 0.184375 0.2
2 0.53203125 0.41328125 0.1140625 0.1375
2 0.42421875 0.4265625 0.14375 0.134375
2 0.440625 0.30625 0.1765625 0.171875
2 0.36875 0.69921875 0.1234375 0.1640625
2 0.28828125 0.62265625 0.1296875 0.165625
2 0.0296875 0.86328125 0.059375 0.1390625
2 0.03359375 0.7375 0.0671875 0.146875
2 0.98046875 0.30546875 0.0390625 0.1515625
2 0.9796875 0.115625 0.040625 0.140625
2 0.784375 0.08046875 0.1546875 0.140625
2 0.3296875 0.1 0.153125 0.2
2 0.1015625 0.37421875 0.1484375 0.1765625
2 0.94140625 0.48359375 0.1171875 0.2640625