2 0.8461200828125 1 0.84574505625 0.9809887984375001 0.8011236640625 0.9597676390625001 0.7737249484375 1 0.8461200828125 1
2 0.753792578125 1 0.77865731875 0.941266778125 0.73566810625 0.9067525890624999 0.698899146875 0.93147370625 0.686363678125 1 0.753792578125 1
2 0.8161245703125 0.8559109421875 0.799645715625 0.9168569578125 0.8562392546875 0.9687838875000001 0.8860896687500001 0.9454621875000001 0.896505334375 0.897265140625 0.851805409375 0.840051846875 0.8161245703125 0.8559109421875
2 0.6644010421875 1 0.6779892828125 0.9918756609375 0.6894930671874999 0.9348165953124999 0.665860071875 0.8891856171875 0.622094034375 0.8793140109375001 0.5903001453125001 0.900148178125 0.5777082421874999 0.9660692624999999 0.5952815 1 0.6644010421875 1
2 0.5389059484375001 1 0.5577294312500001 0.9456249265625001 0.529898190625 0.8792383156250001 0.49577099375 0.8458122453125 0.45480379062500004 0.8497777296875 0.4258087296875 0.8844489828125001 0.4271324484375 0.9835633734375 0.507390890625 1 0.5389059484375001 1
2 0.7188694484375 0.5673540953125 0.672927175 0.5752065281250001 0.653882253125 0.6021038812499999 0.6584703281250001 0.6746322140625 0.6978053562500001 0.683959759375 0.7431250390625 0.6445462 0.744678684375 0.595261034375 0.7188694484375 0.5673540953125
2 0.9106508828125 0.7820588921875 0.9052102874999999 0.8263689890625001 0.9519322203125 0.9220619546875 0.96343316875 0.73681490625 0.9106508828125 0.7820588921875
2 0.7444430843750001 0.487284625 0.720266028125 0.44608465781250006 0.6981109796875 0.443364359375 0.6607979609375 0.472516484375 0.65481330625 0.5212575890625 0.67012834375 0.5613694406249999 0.699201934375 0.562690321875 0.7329393 0.544343690625 0.7444430843750001 0.487284625
2 0.7823758609375 0.36150564531249996 0.75159155625 0.33748565468749997 0.7197976671874999 0.3583198203125 0.7054950515625 0.40154179687499997 0.7565694609375 0.46178668749999996 0.78144480625 0.4423519359375 0.7874294625 0.39361083125 0.7823758609375 0.36150564531249996
2 0.8335259671875 0.32955468906249996 0.7962129484375 0.3587068140625 0.791860471875 0.394154890625 0.7991688453125 0.444528175 0.824666784375 0.4566545515625 0.8628351593750001 0.43885198125 0.8793140109375001 0.377905965625 0.8335259671875 0.32955468906249996
2 0 0.5930803484375 0.0198608859375 0.6007186453125 0.05351971875 0.546379878125 0.0600484328125 0.4932077625 0.044189335937500004 0.4575269234375 0.0181473390625 0.44983155625000004 0.0012786562499999998 0.45900487187500005 0 0.46941869062499997 0 0.5930803484375
2 0.21124398281249998 0.379086796875 0.1669338875 0.3736462015625 0.11811708437499999 0.45985739062500003 0.14672515 0.5016014203125 0.1791416328125 0.51232838125 0.22391725624999997 0.47734583124999996 0.2304459703125 0.424173715625 0.21124398281249998 0.379086796875
2 0.1279886890625 0.4160913546875 0.148898553125 0.3556894 0.12137860625 0.3050833515625 0.0997676171875 0.29793204375000004 0.058023589062500006 0.326540109375 0.0426328546875 0.37862410625 0.0476864578125 0.41072929374999995 0.0729516328125 0.44306724218750004 0.0931632046875 0.44330000625 0.1279886890625 0.4160913546875
2 0.2335532609375 0.325603384375 0.2361950265625 0.2674562 0.2153608609375 0.2356623109375 0.1611006265625 0.237995615625 0.1376246953125 0.264348909375 0.142212771875 0.336877240625 0.1788275015625 0.368359834375 0.199039075 0.3685925984375 0.2335532609375 0.325603384375
2 0.10948215624999999 0.1821817359375 0.087327109375 0.17946143750000002 0.046205671875 0.2396306296875 0.06540765937500001 0.2847175484375 0.098368203125 0.2910135 0.12269948906249999 0.276009759375 0.13700210468750001 0.2327877828125 0.10948215624999999 0.1821817359375
2 0.0518761953125 0.046920978125 0.0371865875 0.1665582375 0.0671155359375 0.17922867343749999 0.116866228125 0.14035917343749998 0.1305462484375 0.0655760703125 0.113599034375 0.0387572484375 0.06928893750000001 0.033316653125 0.0518761953125 0.046920978125
2 0.1890857578125 0 0.187992309375 0.0006645703125 0.17368969375 0.0438865484375 0.20097687656250002 0.11470416875 0.234248715625 0.136780684375 0.27187303125 0.123409121875 0.29721390312499996 0.0635512265625 0.2821316296875 0.0032278015625000003 0.277076678125 0 0.1890857578125 0
2 0.185429078125 0.0948038921875 0.15021376250000001 0.0702398421875 0.1141459296875 0.162514221875 0.1352913921875 0.210088675 0.16467628125 0.22719012031250002 0.2194805734375 0.22042580625000002 0.22989623906249998 0.1722287609375 0.185429078125 0.0948038921875
2 0.0754494546875 0 0.0750408296875 0.0047871203125 0.12992365781249998 0.03401494375 0.1592300125 0.015124253125 0.16227924062500002 0 0.0754494546875 0
2 0.646422484375 0.7361222890625 0.6379474593750001 0.6586188875000001 0.61711329375 0.626824996875 0.5816652171875 0.6224725203125 0.5267066921875 0.6854405453125 0.5170706875 0.8371829906249999 0.5602926640625 0.85148560625 0.6117540671875 0.8353152109374999 0.646422484375 0.7361222890625
2 0.0296875 0.39453125 0.053125 0.115625
2 0.1671875 0.6890625 0.153125 0.1734375
2 0.46015625 0.22734375 0.221875 0.2609375
2 0.9390625 0.45078125 0.121875 0.2203125