2 0.56796875 0.19296875 0.10859375 0.1421875
2 0.40078125 0.571875 0.09609375 0.109375
2 0.559375 0.49375 0.08359375 0.10234375
2 0.45703125 0.65703125 0.10078125 0.140625
2 0.15703125 0.79296875 0.10234375 0.13203125
2 0.5421875 0.63125 0.08515625 0.11015625
2 0.61640625 0.87890625 0.0984375 0.125
2 0.796875 0.94609375 0.1203125 0.10703125
2 0.6515625 0.26953125 0.11328125 0.1453125
2 0.63203125 0.4015625 0.10703125 0.14453125
2 0.83203125 0.2203125 0.10078125 0.12734375
2 0.85546875 0.3671875 0.0828125 0.12890625
2 0.84296875 0.65546875 0.09765625 0.11328125
2 0.67890625 0.96171875 0.13984375 0.0765625
2 0.94140625 0.66484375 0.08828125 0.15625
2 0.9765625 0.8765625 0.046875 0.146875
2 0.98125 0.76640625 0.0375 0.1
2 0.09140625 0.90859375 0.11328125 0.12421875
2 0.06484375 0.9765625 0.0921875 0.046875
2 0.553125 0.03828125 0.115625 0.07578125
2 0.94140625 0.1328125 0.1171875 0.16875
2 0.12421875 0.02421875 0.0984375 0.0484375
2 0.98203125 0.36875 0.0359375 0.103125
2 0.97109375 0.9796875 0.0578125 0.03125
2 0.459375 0.340625 0.159375 0.20546875
2 0.03671875 0.35859375 0.0734375 0.18125
2 0.0296875 0.82421875 0.059375 0.24375