2 0.31328125 0.0234375 0.1296875 0.046875
2 0.3015625 0.1265625 0.1671875 0.203125
2 0.39375 0.07265625 0.125 0.1453125
2 0.4203125 0.01328125 0.115625 0.0265625
2 0.37421875 0.36015625 0.175 0.221875
2 0.478125 0.3421875 0.1453125 0.18125
2 0.54375 0.4234375 0.1921875 0.2171875
2 0.659375 0.503125 0.1828125 0.2171875
2 0.534375 0.56640625 0.1546875 0.178125
2 0.68203125 0.6421875 0.1703125 0.19375
2 0.94765625 0.3421875 0.1046875 0.196875
2 0.77578125 0.94296875 0.1890625 0.1140625
2 0.81953125 0.8625 0.1484375 0.1671875
2 0.8578125 0.55 0.1578125 0.1953125
2 0.940625 0.50859375 0.11875 0.1703125
2 0.88046875 0.72734375 0.171875 0.2015625
2 0.8875 0.86171875 0.1140625 0.1890625
2 0.97578125 0.43828125 0.0484375 0.1703125
2 0.6171875 0.128125 0.2 0.2
2 0.38046875 0.76015625 0.1875 0.275
2 0.06171875 0.63984375 0.1234375 0.2203125