2 0.8549107140625001 0.8348214281249999 0.8169642859374999 0.890625 0.8303571421875 0.9308035718750001 0.875 0.9486607140625001 0.90625 0.9263392859374999 0.9196428578125 0.8861607140625001 0.8861607140625001 0.8303571421875 0.8549107140625001 0.8348214281249999
2 0.7857142859375 0.8058035718750001 0.7857142859375 0.8459821421875 0.8214285718750001 0.8549107140625001 0.8526785718750001 0.8147321421875 0.8325892859374999 0.7678571421875 0.8102678578125 0.7678571421875 0.7857142859375 0.8058035718750001
2 0.8973214281249999 0.578125 0.8928571421875 0.6316964281249999 0.9330357140625001 0.6629464281249999 0.96875 0.6316964281249999 0.96875 0.5736607140625 0.9263392859374999 0.5491071421875 0.8973214281249999 0.578125
2 0.7053571421875 0.6138392859375 0.6919642859375 0.6629464281249999 0.7165178578125 0.7008928578125 0.7455357140625 0.703125 0.7767857140625 0.6450892859375 0.7678571421875 0.6183035718750001 0.7299107140625 0.59375 0.7053571421875 0.6138392859375
2 0.6383928578125 0.5736607140625 0.6383928578125 0.6049107140625 0.6785714281249999 0.640625 0.7098214281249999 0.5870535718750001 0.6852678578125 0.5446428578125 0.6629464281249999 0.5446428578125 0.6383928578125 0.5736607140625
2 0.6495535718750001 0.6607142859375 0.6160714281249999 0.7075892859375 0.6205357140625 0.7522321421875 0.6450892859375 0.7767857140625 0.6785714281249999 0.7745535718750001 0.7008928578125 0.7477678578125 0.7008928578125 0.6941964281249999 0.6763392859375 0.6607142859375 0.6495535718750001 0.6607142859375
2 0.5580357140625 0.8191964281249999 0.5491071421875 0.8683035718750001 0.5691964281249999 0.8973214281249999 0.6026785718750001 0.9040178578125 0.6294642859375 0.8504464281249999 0.6205357140625 0.8236607140625001 0.5825892859375 0.8035714281249999 0.5580357140625 0.8191964281249999
2 0.477678571875 0.9129464281249999 0.477678571875 0.9665178578125 0.49776785781250005 1 0.5625 0.9977678578125 0.5892857140625 0.9263392859374999 0.5513392859375 0.8839285718750001 0.5200892859375 0.875 0.477678571875 0.9129464281249999
2 0.47321428593750003 0.7879464281249999 0.46428571406249997 0.8370535718750001 0.493303571875 0.875 0.5178571421875 0.8727678578125 0.5446428578125 0.8370535718750001 0.5446428578125 0.796875 0.5022321421875 0.7633928578125 0.47321428593750003 0.7879464281249999
2 0.428571428125 0.9977678578125 0.390625 0.9553571421875 0.35044642812500004 0.9642857140625001 0.3258928578125 0.9933035718750001 0.428571428125 0.9977678578125
2 0.359375 0.6651785718750001 0.3303571421875 0.6941964281249999 0.3258928578125 0.765625 0.35044642812500004 0.8080357140625001 0.40625 0.8147321421875 0.4375 0.7745535718750001 0.4375 0.7165178578125 0.40401785781250005 0.6696428578125 0.359375 0.6651785718750001
2 0.2790178578125 0.7723214281249999 0.2633928578125 0.7834821421875 0.2633928578125 0.8370535718750001 0.30357142812500004 0.8504464281249999 0.32142857187499996 0.8370535718750001 0.32142857187499996 0.8013392859374999 0.30580357187499996 0.7767857140625 0.2790178578125 0.7723214281249999
2 0.194196428125 0.7366071421875 0.1741071421875 0.8102678578125 0.1875 0.8549107140625001 0.2232142859375 0.8727678578125 0.25 0.8370535718750001 0.25446428593750003 0.7745535718750001 0.2299107140625 0.7366071421875 0.194196428125 0.7366071421875
2 0.140625 0.7678571421875 0.09375 0.8325892859374999 0.0892857140625 0.890625 0.11383928593749999 0.9196428578125 0.147321428125 0.9174107140625001 0.178571428125 0.8772321421875 0.178571428125 0.8459821421875 0.165178571875 0.7879464281249999 0.140625 0.7678571421875
2 0.2522321421875 0.625 0.22767857187499999 0.640625 0.21875 0.6941964281249999 0.25 0.7522321421875 0.27678571406249997 0.765625 0.31696428593750003 0.7299107140625 0.31696428593750003 0.6495535718750001 0.29241071406249997 0.625 0.2522321421875 0.625
2 0.5334821421875 0.5892857140625 0.493303571875 0.5982142859375 0.46875 0.640625 0.48214285781250005 0.6897321421875 0.5133928578125 0.7075892859375 0.5491071421875 0.6897321421875 0.5669642859375 0.6495535718750001 0.5580357140625 0.609375 0.5334821421875 0.5892857140625
2 0.40401785781250005 0.491071428125 0.36607142812500004 0.5290178578125 0.3571428578125 0.609375 0.38616071406249997 0.6517857140625 0.428571428125 0.6629464281249999 0.459821428125 0.6450892859375 0.48214285781250005 0.5558035718750001 0.444196428125 0.49553571406249997 0.40401785781250005 0.491071428125
2 0.31696428593750003 0.43973214218749995 0.32142857187499996 0.475446428125 0.3459821421875 0.5 0.37053571406249997 0.49776785781250005 0.3928571421875 0.43526785781250005 0.3727678578125 0.415178571875 0.33705357187499996 0.415178571875 0.31696428593750003 0.43973214218749995
2 0.1584821421875 0.5178571421875 0.12053571406250001 0.546875 0.116071428125 0.5825892859375 0.140625 0.625 0.178571428125 0.6272321421875 0.2053571421875 0.609375 0.2142857140625 0.5602678578125 0.1897321421875 0.5267857140625 0.1584821421875 0.5178571421875
2 0.1897321421875 0.375 0.15178571406250002 0.41741071406249997 0.147321428125 0.47991071406249997 0.16741071406250002 0.5089285718750001 0.21875 0.515625 0.25446428593750003 0.47991071406249997 0.25892857187499996 0.41741071406249997 0.2209821421875 0.375 0.1897321421875 0.375
2 0.5066964281249999 0.34375 0.46875 0.390625 0.46428571406249997 0.45758928593750003 0.48883928593750003 0.491071428125 0.5267857140625 0.493303571875 0.5625 0.44866071406249997 0.5669642859375 0.40401785781250005 0.5535714281249999 0.36383928593750003 0.5066964281249999 0.34375
2 0.453125 0.16071428593749998 0.42410714218749995 0.194196428125 0.41964285781250005 0.25669642812500004 0.44866071406249997 0.3125 0.48214285781250005 0.3147321421875 0.5089285718750001 0.28794642812500004 0.5223214281249999 0.2299107140625 0.5089285718750001 0.1852678578125 0.453125 0.16071428593749998
2 0.5446428578125 0.0647321421875 0.5580357140625 0.12276785781249999 0.5892857140625 0.131696428125 0.6294642859375 0.078125 0.6004464281249999 0.008928571875000001 0.5736607140625 0.0133928578125 0.5446428578125 0.0647321421875
2 0.6852678578125 0.28125 0.6428571421875 0.35044642812500004 0.65625 0.40401785781250005 0.6808035718750001 0.428571428125 0.7053571421875 0.42633928593750003 0.7410714281249999 0.38616071406249997 0.7455357140625 0.32366071406249997 0.7209821421875 0.28571428593750003 0.6852678578125 0.28125
2 0.8080357140625001 0.421875 0.8080357140625001 0.475446428125 0.8482142859374999 0.493303571875 0.8839285718750001 0.453125 0.8794642859374999 0.40401785781250005 0.8549107140625001 0.37946428593750003 0.8080357140625001 0.421875
2 0.8549107140625001 0.2455357140625 0.8169642859374999 0.29241071406249997 0.8169642859374999 0.33258928593750003 0.8325892859374999 0.3571428578125 0.8705357140625001 0.359375 0.8928571421875 0.33705357187499996 0.9017857140625001 0.2834821421875 0.8816964281249999 0.25 0.8549107140625001 0.2455357140625
2 1 0.30580357187499996 0.984375 0.30357142812500004 0.9598214281249999 0.31919642812500004 0.9508928578125 0.38169642812500004 0.9754464281249999 0.41964285781250005 1 0.421875 1 0.30580357187499996
2 0.97109375 0.90859375 0.0578125 0.1203125
2 0.98203125 0.76171875 0.0359375 0.11484375
2 0.53359375 0.01640625 0.07265625 0.03203125