2 0.3418742953125 0.5755853015625 0.3277507734375 0.5438633546875 0.295692571875 0.5339483125 0.25948695625 0.5535235593750001 0.24508824375 0.5910334875000001 0.2592117625 0.6227554343749999 0.3024893171875 0.6345862343750001 0.3418742953125 0.5755853015625
2 0.24683058125000001 0.8044967375000001 0.3073906609375 0.777533653125 0.3361880859375 0.7025137984375001 0.32269636562500004 0.6566886843749999 0.28133456875 0.63363853125 0.2252581578125 0.655149890625 0.1954926796875 0.7202343499999999 0.210920509375 0.78593025625 0.24683058125000001 0.8044967375000001
2 0.2108187375 0.6304795265625 0.1957271609375 0.588822184375 0.16783672968750002 0.5805069984375 0.125231684375 0.616753325 0.12173642343749999 0.6632305921875 0.1432274296875 0.6882168562500001 0.1816850578125 0.68146081875 0.2108187375 0.6304795265625
2 0.14528566874999999 0.8946285250000001 0.1927106375 0.8769690359375 0.216076690625 0.8285556546875 0.19744914375 0.7711952875 0.16955871250000001 0.762880103125 0.1307851828125 0.7766877234375 0.1058192734375 0.8292688734375 0.1135433671875 0.8776618984375 0.14528566874999999 0.8946285250000001
2 0 0.8383164953125 0.0269882578125 0.8540003015625001 0.056142290625 0.8341091531249999 0.070541003125 0.796599225 0.058017340625000004 0.760709509375 0.0233912234375 0.745026840625 0 0.7623536421875 0 0.8383164953125
2 0.4201345734375 0.6582274781249999 0.4483001953125 0.5973107875 0.39955056093749997 0.5499061734375 0.3550094046875 0.5662817062500001 0.3316433515625 0.6146950859375 0.3403355 0.6730235078125 0.36950988906250004 0.68422250625 0.4201345734375 0.6582274781249999
2 0.5034899687500001 0.6902246171875001 0.4909663046875 0.6543349 0.4505725625 0.64122014375 0.40316794843750003 0.6899697796875001 0.4064083703125 0.74381453125 0.43366699999999997 0.76623288125 0.47692420156250004 0.7469735359375 0.5034899687500001 0.6902246171875001
2 0.404849221875 0.8101625921875 0.41668002031249995 0.7668850375 0.3788338390625 0.7284477625 0.33109296875 0.7531588359375 0.3176623125 0.800604159375 0.32921792031249997 0.8265584796875001 0.37569518749999997 0.8300537390624999 0.404849221875 0.8101625921875
2 0.291137253125 0.919533371875 0.297893290625 0.957991 0.3645776078125 0.9835887109374999 0.38956387187499997 0.96209770625 0.41259366875000003 0.8896457640625 0.3917344671875 0.8505563328125 0.363844034375 0.8422411484375001 0.31193539375 0.8653523625 0.291137253125 0.919533371875
2 0.5095919 1 0.514260709375 0.9860548515625001 0.4732148140625 0.9559531171875 0.42795970937499994 1 0.5095919 1
2 0.7943287109375 1 0.8011236046875 0.9861875609374999 0.7876318859375 0.9403624484374999 0.7555736828125 0.9304474078125 0.717768209375 0.9541904234375 0.7075372671875 0.9933002078125 0.7096227578125001 1 0.7943287109375 1
2 0.6208396765625 0.7520075890625 0.6829996140625 0.720876734375 0.703797753125 0.666695728125 0.691905890625 0.6167028453125 0.6588796328125001 0.59685240625 0.6012033671875 0.6225315359375 0.5730377437499999 0.683448225 0.5823616921875 0.7276734796875 0.6208396765625 0.7520075890625
2 0.5395734578125 0.48410849375 0.4963366140625 0.5344579859375 0.5229634421875 0.5709795046874999 0.5716520140625 0.5251136828125 0.5395734578125 0.48410849375
2 0.36640217656249996 0.34351485937500004 0.411259234375 0.32008774375 0.43205737343750006 0.2659067375 0.4086302578125 0.22104967968749997 0.37657205625 0.21113463906250002 0.337166725 0.2390454234375 0.32116815625 0.28072312187500004 0.3320919640625 0.3207806078125 0.36640217656249996 0.34351485937500004
2 0.4948287578125 0.189582571875 0.48487300624999996 0.15946048125 0.46115034374999997 0.1527451515625 0.41694544218749996 0.19315924843750001 0.4221016234375 0.235784646875 0.44550838437499996 0.249551559375 0.4788301890625 0.2312602671875 0.4948287578125 0.189582571875
2 0.3794151609375 0.147670390625 0.425872075 0.12007550468749999 0.4354712171875 0.0950688859375 0.4277471234375 0.0466758609375 0.40562431718749997 0.0357927609375 0.3594833046875 0.0563360640625 0.3450845921875 0.0938459921875 0.3560083984375 0.133903478125 0.3794151609375 0.147670390625
2 0.4700445859375 0 0.446333959375 0.0418559359375 0.4655933046875 0.085113134375 0.4864321546875 0.0931124203125 0.5271214421875 0.068085446875 0.548489015625 0 0.4700445859375 0
2 0.6152764078125 0.087579275 0.6085203703125 0.049121646875 0.5754941125 0.0292712078125 0.5280894984375 0.0780208421875 0.5268258953125 0.1062271765625 0.5585885515625 0.154283946875 0.582943015625 0.1468961078125 0.6152764078125 0.087579275
2 0.64125108125 0.1071138140625 0.596078125 0.13759251249999999 0.6002662484375 0.17028251562500002 0.623673009375 0.1840494265625 0.6553949578125 0.16992590624999998 0.6723615828125 0.1381836046875 0.64125108125 0.1071138140625
2 1 0.27747182812500004 0.9782086328125 0.2508053890625 0.9525702125000001 0.25530941406249996 0.91510099375 0.30309099375000004 0.9285927125000001 0.34891610625 0.99172070625 0.32772064843750004 1 0.2838834046875 1 0.27747182812500004
2 0.07024545625 0.8347409546875 0.039491565625 0.8587998718750001 0.104891925 0.88151376875 0.09653603281249999 0.847223909375 0.07024545625 0.8347409546875
2 0.15 0.4265625 0.2234375 0.2671875