2 0.78828125 0.5828125 0.16484375 0.21328125
2 0.7578125 0.7859375 0.1125 0.1328125
2 0.61171875 0.9765625 0.09765625 0.04609375
2 0.52421875 0.9609375 0.1015625 0.078125
2 0.45390625 0.9078125 0.125 0.1390625
2 0.47734375 0.5984375 0.11484375 0.15078125
2 0.60625 0.52890625 0.10234375 0.14453125
2 0.65703125 0.36015625 0.11640625 0.146875
2 0.83828125 0.434375 0.1171875 0.13984375
2 0.9578125 0.39453125 0.084375 0.1359375
2 0.9546875 0.2640625 0.090625 0.153125
2 0.91953125 0.1515625 0.10546875 0.14296875
2 0.796875 0.23359375 0.1265625 0.16171875
2 0.76640625 0.078125 0.10625 0.15078125
2 0.665625 0.10390625 0.1203125 0.17734375
2 0.51953125 0.040625 0.14140625 0.08046875
2 0.26015625 0.06015625 0.1359375 0.1203125
2 0.10078125 0.06171875 0.10703125 0.1234375
2 0.2734375 0.58359375 0.11328125 0.14453125
2 0.834375 0.94140625 0.1375 0.1171875
2 0.48515625 0.38828125 0.18984375 0.21640625
2 0.08203125 0.43984375 0.14296875 0.18125