0 0.68828125 0.92265625 0.1171875 0.1546875
0 0.58046875 0.9359375 0.15390625 0.12734375
0 0.6125 0.67109375 0.0625 0.0875
0 0.71953125 0.42109375 0.0765625 0.09140625
0 0.60390625 0.265625 0.0890625 0.11875
0 0.56328125 0.3828125 0.0640625 0.07578125
0 0.47734375 0.5765625 0.07109375 0.10234375
0 0.3859375 0.63828125 0.12265625 0.15
0 0.29375 0.50859375 0.12890625 0.15859375
0 0.24453125 0.41875 0.04609375 0.059375
0 0.1625 0.3359375 0.11328125 0.13984375
0 0.1984375 0.6078125 0.11953125 0.1484375
0 0.07421875 0.69765625 0.1109375 0.1390625
0 0.88125 0.97890625 0.10546875 0.04140625