2 0.6632093265625 0.43535294843749994 0.679792525 0.4863907828125 0.7136409296874999 0.49862702031249995 0.7667812859375001 0.46808395625 0.7872002765625 0.4083425625 0.767539075 0.3682623703125 0.7267107359375 0.3549748703125 0.68557928125 0.38161600625 0.6632093265625 0.43535294843749994
2 0.7322508703125 0.545687146875 0.744856359375 0.5946982375000001 0.7826824734375 0.60896121875 0.8238139265625 0.5823200843749999 0.838076909375 0.5444939718749999 0.8284736453124999 0.4945073984375 0.803631915625 0.4793447140625 0.754545046875 0.5019323625000001 0.7322508703125 0.545687146875
2 0.576286703125 0.5764479031249999 0.5888164140625001 0.6354411515625 0.6276937859375 0.6427242015625 0.6758809515624999 0.60715216875 0.698402465625 0.5334509078125 0.6806922281250001 0.49937516562499995 0.65382375625 0.48819018906249995 0.6006834015625 0.5187332515625 0.576286703125 0.5764479031249999
2 0.3390254640625 0.7962634453125 0.355836 0.8173548015625001 0.40086938125 0.8027225687499999 0.44515461875 0.7551416343749999 0.4515379640625 0.7032798765625 0.4260238703125 0.6451863312499999 0.39607739375 0.64495899375 0.337604953125 0.7203838828125 0.3390254640625 0.7962634453125
2 0.03768551875 0.7780034671875 0.0562196796875 0.8350457515624999 0.10402795312499999 0.8493845125 0.1451594046875 0.822743378125 0.17766307812499998 0.749117896875 0.1621311421875 0.6911001296875 0.12730725468749998 0.675861665625 0.06013125312499999 0.714284365625 0.03768551875 0.7780034671875
2 0.05532962031250001 0.689291078125 0.1223540640625 0.670832696875 0.1267864453125 0.6129664874999999 0.097967009375 0.595777059375 0.0588622984375 0.6184404875 0.05532962031250001 0.689291078125
2 0 0.8050887812499999 0.0393333671875 0.823936553125 0.0238772109375 0.755936628125 0 0.750440046875 0 0.8050887812499999
2 0.148029359375 0.5761916359375 0.2136994265625 0.604641821875 0.2367417484375 0.5938357375 0.2651161546875 0.5381478296875 0.22564219375 0.47795176250000004 0.1737046578125 0.481550575 0.13729905625 0.54316715625 0.148029359375 0.5761916359375
2 0.2603903015625 0.503172384375 0.28741033125 0.49439304687499996 0.313682215625 0.4526650046875 0.30010124375 0.4006516875 0.2521414140625 0.4062772453125 0.22586953125 0.4480052875 0.2603903015625 0.503172384375
2 0.1421861109375 0.42540799375000005 0.152916415625 0.45843247500000006 0.1827871125 0.4686419703125 0.213860628125 0.451907215625 0.230074575 0.42008555468750003 0.21836878906249998 0.3840588484375 0.1895493515625 0.36686941875 0.1584758359375 0.383604175 0.1421861109375 0.42540799375000005
2 0.184899278125 0.321911815625 0.227375465625 0.3811324 0.282466784375 0.3565937875 0.3047609609375 0.312839003125 0.297184440625 0.2588747234375 0.24036949375 0.24746240937500003 0.20524249062500002 0.27215258124999997 0.184899278125 0.321911815625
2 0.21785762343749998 0.18839338125 0.22851214843749998 0.2314000203125 0.2663382609375 0.245663003125 0.32142958125 0.221124390625 0.337643528125 0.18930272812499999 0.332169528125 0.12137858125 0.29336793437500003 0.1041133734375 0.23414734843749999 0.1465895625 0.21785762343749998 0.18839338125
2 0.189265525 0.141257478125 0.222138446875 0.1504914890625 0.2683746484375 0.10891500624999999 0.254793675 0.056901690625 0.23790736406250002 0.0457924921875 0.196775909375 0.07243362656249999 0.189265525 0.141257478125
2 0.11495803281250001 0.19859323281250002 0.083884515625 0.2153279890625 0.0514566234375 0.2789713109375 0.0701423421875 0.316049278125 0.10601749062500002 0.324307809375 0.1431712359375 0.29563993125 0.15540747500000002 0.26179152656250004 0.1458042109375 0.2118049546875 0.11495803281250001 0.19859323281250002
2 0.26408029375000003 0 0.26320376562500003 0.001062225 0.2737067328125 0.06403318125 0.297572978125 0.076193640625 0.3326242015625 0.0614856296875 0.3508648921875 0.0256862609375 0.3408158984375 0 0.26408029375000003 0
2 0.49735806718750003 0.190515190625 0.5160437859375 0.22759315781249997 0.5810414859375 0.2131124828125 0.5993579546875 0.1673309546875 0.5836744609375 0.1292775046875 0.5568059890625 0.118092528125 0.519728021875 0.136778246875 0.49735806718750003 0.190515190625
2 0.7352820265625 0.1464007984375 0.751865225 0.19743863281250001 0.7777582140625 0.20562138437500002 0.816862925 0.1829579578125 0.8373576937499999 0.113234403125 0.7727388890625 0.0778042859375 0.7596787265625 0.0886861484375 0.7352820265625 0.1464007984375
2 1 0.2701997421875 0.9879043546874999 0.27010791875 0.9576547640624999 0.30980921875 0.96815773125 0.3727801734375 0.9840685609375001 0.380887146875 1 0.37713979375 1 0.2701997421875
2 0.4421875 0.4671875 0.2109375 0.2421875
2 0.0296875 0.46640625 0.059375 0.1921875