2 0.8796875 0.75703125 0.1421875 0.1671875
2 0.9484375 0.82890625 0.103125 0.1671875
2 0.7515625 0.7953125 0.146875 0.1703125
2 0.71640625 0.89296875 0.146875 0.1578125
2 0.25703125 0.7328125 0.1359375 0.1609375
2 0.175 0.77265625 0.1375 0.1671875
2 0.16953125 0.90625 0.1796875 0.1875
2 0.16796875 0.625 0.1359375 0.1640625
2 0.05703125 0.54375 0.1140625 0.140625
2 0.034375 0.4328125 0.06875 0.18125
2 0.50703125 0.38359375 0.1390625 0.171875
2 0.540625 0.49453125 0.09375 0.109375
2 0.59296875 0.6015625 0.15 0.184375
2 0.6765625 0.49140625 0.171875 0.203125
2 0.665625 0.35625 0.146875 0.1546875
2 0.15 0.9765625 0.103125 0.046875
2 0.53359375 0.16328125 0.221875 0.2703125