2 0.85 0.671875 0.15625 0.2015625
2 0.74453125 0.725 0.1515625 0.184375
2 0.73359375 0.12265625 0.1328125 0.1640625
2 0.72734375 0.29921875 0.1125 0.128125
2 0.7171875 0.42890625 0.1421875 0.1734375
2 0.671875 0.56875 0.1453125 0.1921875
2 0.50625 0.7234375 0.1546875 0.19375
2 0.48359375 0.0609375 0.1421875 0.121875
2 0.14140625 0.14296875 0.1390625 0.1765625
2 0.14921875 0.33359375 0.146875 0.1921875
2 0.2 0.42890625 0.121875 0.14375
2 0.4046875 0.81328125 0.1421875 0.1578125
2 0.3 0.77734375 0.1484375 0.171875
2 0.18203125 0.67421875 0.1421875 0.178125
2 0.13984375 0.79765625 0.11875 0.1265625
2 0.0625 0.821875 0.125 0.13125
2 0.00703125 0.7453125 0.0140625 0.14375
2 0.346875 0.09296875 0.178125 0.1640625
2 0.84296875 0.93515625 0.2203125 0.1296875
2 0.43203125 0.93515625 0.1359375 0.1296875
2 0.32109375 0.5609375 0.1953125 0.234375