2 0.440625 0.3953125 0.1421875 0.1734375
2 0.33515625 0.54609375 0.153125 0.1703125
2 0.471875 0.490625 0.1453125 0.15625
2 0.55078125 0.5609375 0.1421875 0.1671875
2 0.45078125 0.66953125 0.14375 0.175
2 0.115625 0.16953125 0.1234375 0.15625
2 0.7109375 0.0921875 0.1484375 0.15
2 0.80859375 0.3484375 0.1171875 0.1421875
2 0.7734375 0.18359375 0.1171875 0.1375
2 0.92890625 0.21328125 0.11875 0.1421875
2 0.890625 0.12265625 0.0953125 0.1125
2 0.8453125 0.225 0.109375 0.1296875
2 0.909375 0.33984375 0.128125 0.159375
2 0.95625 0.39921875 0.0875 0.1515625
2 0.9828125 0.253125 0.034375 0.15
2 0.7578125 0.46640625 0.115625 0.15
2 0.82734375 0.509375 0.125 0.1609375
2 0.76328125 0.7328125 0.1390625 0.1640625
2 0.6140625 0.70078125 0.0984375 0.1171875
2 0.55859375 0.8078125 0.0953125 0.121875
2 0.25546875 0.48125 0.10625 0.1203125
2 0.8609375 0.6 0.1109375 0.1296875
2 0.93828125 0.565625 0.096875 0.121875
2 0.95078125 0.64921875 0.08125 0.121875
2 0.85546875 0.70390625 0.1 0.1171875
2 0.72890625 0.85 0.090625 0.103125
2 0.8484375 0.86796875 0.0984375 0.128125
2 0.921875 0.8328125 0.0890625 0.1390625
2 0.91640625 0.93984375 0.065625 0.1046875
2 0.815625 0.975 0.1125 0.05
2 0.89609375 0.9796875 0.0859375 0.040625
2 0.009375 0.6625 0.01875 0.146875
2 0.21484375 0.7765625 0.2140625 0.2015625
2 0.67734375 0.428125 0.1484375 0.1890625
2 0.31640625 0.08125 0.1921875 0.1625