2 0.5360755593750001 0.3239605484375 0.48963981093750003 0.3440778671875 0.46332137968750003 0.41063093593750005 0.47770620468749997 0.445816028125 0.5046140546875 0.4569059328125 0.55386246875 0.435355490625 0.5690374109375 0.3886518234375 0.5360755593750001 0.3239605484375
2 0.6785841968749999 0.499350175 0.662712665625 0.4542939671875 0.634371690625 0.44039139687500006 0.5850696921874999 0.4548833890625 0.555777846875 0.5016942234374999 0.5689974656250001 0.5693589140624999 0.603017353125 0.5874536875 0.6466404375 0.5687694921875 0.6785841968749999 0.499350175
2 0.5567423546875 0.6287463609375 0.5394912828125 0.587935940625 0.5097707671875 0.578279159375 0.474585675 0.5926639812500001 0.44529382812499996 0.63947481875 0.4457225 0.6959424359375 0.4840417578125 0.7224752015625 0.5234190546875 0.702411465625 0.5567423546875 0.6287463609375
2 0.580529678125 0.786684221875 0.570283475 0.7387617625 0.530584675 0.7164747859375 0.48138984531249995 0.74508368125 0.461969115625 0.7904078078125 0.47221531875 0.838330265625 0.5091014546875 0.86205036875 0.5722524375 0.81215895 0.580529678125 0.786684221875
2 0.5275713140625 0.87743964375 0.53495126875 0.9197367734374999 0.5647253703125 0.93645200625 0.6220366890625 0.861193028125 0.57793135 0.8163511531250001 0.54699204375 0.8321155171875001 0.5275713140625 0.87743964375
2 0.535833121875 1 0.55782766875 0.9576809468749999 0.5207271984374999 0.9057270374999999 0.47588532343749995 0.9498323765625001 0.48045261406249995 0.9935626281250001 0.4900160578125 1 0.535833121875 1
2 0.7484415265625 1 0.78059074375 0.9689194531249999 0.7534272468750001 0.8849661843750001 0.636772884375 0.83955005 0.574596484375 0.9349652984375 0.5626540999999999 1 0.7484415265625 1
2 0 0.6091376625 0.022844740625000002 0.5960933453124999 0.0450245484375 0.542277640625 0.0319121 0.48872985625 0.0020844156249999997 0.46495617031250003 0 0.465145815625 0 0.6091376625
2 0.0798745015625 0.2977765609375 0.037684540625 0.3192734203125 0.0087141984375 0.40843496874999996 0.0202327734375 0.43799473437499997 0.0556322 0.4518437203125 0.10604581875 0.39781368125 0.1112424765625 0.338479815625 0.0798745015625 0.2977765609375
2 0 0.8337986921875 0.0176617203125 0.8431927515625001 0.0570390171875 0.823129015625 0.0723211265625 0.7905422515625 0.070620084375 0.7524373296875 0.04211835625 0.717359403125 0.004067015625 0.7261188984375 0 0.7331363484375 0 0.8337986921875
2 0.6276074640625 0.107264609375 0.6245268796875 0.07340547187499999 0.591779365625 0.03694800625 0.5523484843750001 0.0499532890625 0.5189180171875 0.10950148906249998 0.52778468125 0.161669734375 0.5589383203125 0.174139178125 0.601181865625 0.159700771875 0.6276074640625 0.107264609375
2 0.7435161124999999 0.1261495 0.75938764375 0.171205709375 0.78916174375 0.1879209421875 0.8327848296875 0.1692367484375 0.854857471875 0.10130413906249999 0.7755134546875 0.0637886359375 0.7435161124999999 0.1261495
2 1 0.1376728234375 0.9297949484375 0.1162647453125 0.943014565625 0.1839294359375 0.9855260296875 0.2047832890625 1 0.1974084328125 1 0.1376728234375
2 0.969320328125 0.6736145437500001 0.9981299203124999 0.5632776390625 0.9518013375000001 0.5975118609375001 0.94214455625 0.627232378125 0.948037803125 0.659658390625 0.969320328125 0.6736145437500001
2 0.36484375 0.37421875 0.209375 0.2328125
2 0.6375 0.67421875 0.2140625 0.2625
2 0.83125 0.30234375 0.196875 0.240625