2 0.11171875 0.16875 0.15625 0.165625
2 0.23515625 0.51015625 0.1453125 0.1796875
2 0.03828125 0.596875 0.0765625 0.1625
2 0.1296875 0.509375 0.128125 0.159375
2 0.1546875 0.06484375 0.15 0.1296875
2 0.0875 0.02890625 0.071875 0.0578125
2 0.2234375 0.03515625 0.1375 0.0703125
2 0.42265625 0.48828125 0.128125 0.1546875
2 0.1796875 0.7 0.1359375 0.165625
2 0.28046875 0.70859375 0.103125 0.121875
2 0.528125 0.61015625 0.1359375 0.1609375
2 0.54765625 0.74453125 0.13125 0.15
2 0.43828125 0.928125 0.1265625 0.14375
2 0.55078125 0.9359375 0.1390625 0.128125
2 0.653125 0.9421875 0.125 0.115625
2 0.8171875 0.9234375 0.14375 0.153125
2 0.92578125 0.79921875 0.0984375 0.15
2 0.909375 0.92421875 0.1 0.1515625
2 0.65546875 0.07890625 0.128125 0.1390625
2 0.85078125 0.0765625 0.1484375 0.0890625
2 0.87578125 0.16875 0.153125 0.1765625
2 0.97109375 0.0890625 0.0578125 0.075
2 0.07421875 0.91796875 0.1140625 0.0796875
2 0.07265625 0.32890625 0.1375 0.24375
2 0.40625 0.0875 0.159375 0.175
2 0.72578125 0.6578125 0.1625 0.228125