0 0.7484375 0.76875 0.15 0.2203125
0 0.840625 0.80703125 0.0765625 0.090625
0 0.8203125 0.95390625 0.190625 0.0921875
0 0.2703125 0.9265625 0.17265625 0.146875
0 0.1375 0.76328125 0.14921875 0.1640625
0 0.37421875 0.5453125 0.171875 0.21015625
0 0.5421875 0.41953125 0.16875 0.20390625
0 0.75 0.49765625 0.14140625 0.19453125
0 0.5921875 0.2421875 0.1828125 0.18828125
0 0.62109375 0.04765625 0.05859375 0.06796875
0 0.553125 0.1125 0.0921875 0.121875
0 0.37578125 0.03046875 0.06640625 0.0609375
0 0.028125 0.12265625 0.05625 0.11796875