2 0.9617639734375001 0.8606806890625001 0.934385675 0.8294659390625 0.8939709062500001 0.8285204343749999 0.8675925437500001 0.85995694375 0.8633670062500001 0.9141026921875 0.901196253125 0.9623284562500001 0.9480874234375 0.9604666796875 0.9679893828124999 0.9318374515625001 0.9617639734375001 0.8606806890625001
2 0.7479590234375 0.9779756468749999 0.7380644937499999 0.916102565625 0.6948424421875 0.9086806578125 0.6729113796874999 0.939728078125 0.6768022609375001 0.9842010562500001 0.7479590234375 0.9779756468749999
2 0.7869303375000001 0.8087565718749999 0.7660284390625 0.7747345421875 0.7264755125 0.75802895 0.6912025546875 0.7902436359375 0.678471509375 0.849614859375 0.702569775 0.8945605890625 0.750239121875 0.9015934078125 0.7713083453125 0.8863060734375001 0.7869303375000001 0.8087565718749999
2 0.9082331046875 0.556151671875 0.876018421875 0.5208787125 0.8311563546875 0.520322296875 0.8007197828124999 0.5565951921875001 0.8061670171875001 0.6188573609375 0.843607175 0.6626358265625 0.8771564515625 0.6619413125 0.908843953125 0.61435563125 0.9082331046875 0.556151671875
2 0.531380059375 0.6025660562499999 0.4995544640625 0.571740396875 0.4684233796875 0.5744640140625 0.4383758953125 0.6151842046875 0.43898674218749995 0.6733881640625 0.45747044531250003 0.7053810890625 0.5051397921875 0.7124139078125 0.5339363484375 0.6830065046875 0.531380059375 0.6025660562499999
2 0.6331114921875 0.6384790953125 0.5908349484375 0.5906424203125 0.5508092671875 0.5941442140625 0.536994621875 0.6155188625 0.5420527671875 0.6733337328125 0.5532818921875 0.6992393421875 0.5952530140625 0.7179740375 0.6329441640625 0.6877884578125 0.6331114921875 0.6384790953125
2 0.5887514109375 0.48999458906250004 0.5646531453125 0.44504885937500005 0.528685675 0.443714265625 0.4974709265625 0.4710925640625 0.49730359843749994 0.520401928125 0.5246818984375 0.5516166765625 0.5541729640625 0.5557585515625 0.5870277296874999 0.5215147609375 0.5887514109375 0.48999458906250004
2 0.6349228703125 0.223796803125 0.6122136296875 0.24594962812499999 0.6128244781250001 0.3041535859375 0.634977303125 0.326862828125 0.673362965625 0.330226525 0.6969340468749999 0.292313615625 0.6922649890625 0.238946040625 0.6349228703125 0.223796803125
2 0.810229259375 0.2555135359375 0.7824618734375 0.21985149062499998 0.7549999109375001 0.2132914234375 0.728232459375 0.240280634375 0.7236178328125 0.2899790859375 0.7517743078125 0.3300884296875 0.785323584375 0.3293939171875 0.8133419640625 0.29109191874999996 0.810229259375 0.2555135359375
2 0.7105561640625 0.0894615984375 0.74277085 0.12473455625 0.7581418484375 0.12114910000000001 0.7660365062500001 0.057719667187500004 0.7301527015625 0.031730390625 0.707832546875 0.058330514062500005 0.7105561640625 0.0894615984375
2 0.87471709375 0.0706180390625 0.842502409375 0.03534508125 0.80614585 0.029563190625000003 0.7672037703125001 0.071061559375 0.76781461875 0.12926551875 0.804865690625 0.1685966859375 0.8339676687500001 0.16829126249999998 0.87126973125 0.133658384375 0.87471709375 0.0706180390625
2 0.393296103125 0.20236368906250002 0.4500818046875 0.26237499375 0.465452803125 0.2587895359375 0.477016584375 0.1860764203125 0.449249196875 0.1504143734375 0.43146000625 0.151970725 0.393296103125 0.20236368906250002
2 0.4544454390625 0.2866405875 0.4428272265625 0.256287678125 0.388765140625 0.227407459375 0.35793948124999997 0.25923305625 0.352935765625 0.304484209375 0.37461583906249996 0.3474008359375 0.42103425781250003 0.36574644218749996 0.4498308125 0.33633903906249996 0.4544454390625 0.2866405875
2 0.49377660624999997 0.2495895171875 0.47184554062500006 0.2806369375 0.47456915781250003 0.31176802187499997 0.50155836875 0.338535471875 0.53916585625 0.333004575 0.5635151125 0.303986259375 0.5499514609375 0.2513968609375 0.49377660624999997 0.2495895171875
2 0.40485585 0.4881580109375 0.36780478125 0.44882684375000004 0.34073190468750003 0.44671407343749997 0.30951715625 0.47409237343750005 0.3064588828125 0.541580015625 0.33867356875 0.5768529734375 0.381117440625 0.575380284375 0.40796855625 0.5237363937499999 0.40485585 0.4881580109375
2 0.3785026875 0.75038125 0.3672735625 0.7244756406249999 0.313211478125 0.6955954203125 0.287222203125 0.7314792265625 0.28338575312500003 0.7900722734375 0.3163786140625 0.8342398281250001 0.349538803125 0.8290980171875001 0.3771680953125 0.7863487218749999 0.3785026875 0.75038125
2 0.40627007343750005 0.786043296875 0.3698298515625 0.8049160875 0.3478151234375 0.8606181890625001 0.3602115125 0.89986569375 0.4066299296875 0.9182113 0.447990203125 0.8787420375 0.4380956703125 0.8168689578125001 0.40627007343750005 0.786043296875
2 0.3113749 0.87949098125 0.2895274984375 0.88588371875 0.2606472796875 0.9399458046875001 0.27226549218749996 0.9702987125 0.30901113750000003 0.9805279015625 0.3459241125 0.9414477265625001 0.337975021875 0.901811134375 0.3113749 0.87949098125
2 0.2569386640625 1 0.2544763015625 0.971855065625 0.2036942484375 0.9292438640625 0.14376660937500002 0.9613748843750001 0.1178267765625 1 0.2569386640625 1
2 0.24453137187500001 0.4484085234375 0.21715307187500002 0.41719377343749997 0.19491658437499998 0.4191392140625 0.1637018359375 0.4465175140625 0.159476296875 0.5006632625 0.1775709125 0.528208890625 0.224851171875 0.5307944109375 0.248422253125 0.49288150000000003 0.24453137187500001 0.4484085234375
2 0.145356228125 0.4929359328125 0.12242522656249999 0.4613320953125 0.090905053125 0.45960841406249997 0.0645266921875 0.4910449234375 0.0684175734375 0.5355179015625 0.095406784375 0.5622853515624999 0.120061465625 0.5623690156250001 0.14807984375 0.5240670171875 0.145356228125 0.4929359328125
2 0.22262953749999997 0.3517352359375 0.19930945 0.315684103125 0.172236575 0.3135713328125 0.1458582125 0.345007840625 0.1408544984375 0.3902589953125 0.1722910078125 0.41663735781250005 0.2010038984375 0.4118846359375 0.2249640671875 0.3784190234375 0.22262953749999997 0.3517352359375
2 0.12387271562499999 0.2729892359375 0.11200351093750001 0.31660037343749997 0.1499164234375 0.34017145625 0.16342564375 0.28969482812499997 0.12387271562499999 0.2729892359375
2 0.553344390625 0.0852904921875 0.5531770625 0.13459985624999998 0.636730215625 0.16762195 0.656632175 0.138992721875 0.660468625 0.0803996734375 0.6040720109375 0.02483566875 0.553344390625 0.0852904921875
2 0.33970677031249996 0.1532760859375 0.3071029984375 0.11355583124999999 0.26107366718749997 0.0996575203125 0.22618979687500002 0.13631950312500002 0.218684225 0.20419623437499998 0.2569025609375 0.25686929375 0.3041828203125 0.2594548171875 0.344764915625 0.21109095625 0.33970677031249996 0.1532760859375
2 0.22546605312499998 0.2304909328125 0.208622365625 0.19163251718750002 0.173905825 0.1789851359375 0.1390219546875 0.21564711875000003 0.13807645 0.2560618859375 0.170680221875 0.2957821421875 0.1993931140625 0.2910294203125 0.2245205484375 0.2709057015625 0.22546605312499998 0.2304909328125
2 0.165651309375 0.11024656562499999 0.12009473125 0.076140871875 0.0852945265625 0.088148171875 0.07264714531250001 0.12286471406249999 0.08254167500000001 0.18473779375 0.10547267656249999 0.21634162968749998 0.120843675 0.2127561734375 0.17032036718750002 0.1636141375 0.165651309375 0.11024656562499999
2 0.0655014296875 0.3229094484375 0.0424031 0.340614975 0.0337302640625 0.39514981250000003 0.07117042343749999 0.438928278125 0.11806159375 0.43706650312499995 0.11956351406250001 0.3517896671875 0.0877379171875 0.3209640078125 0.0655014296875 0.3229094484375
2 0.04804689375 0.2258470734375 0.026199493750000004 0.23223981249999998 0.0013774828125 0.28146551249999996 0.0097156625 0.3255494 0.046072221875 0.3313312921875 0.08142884375000001 0.274461925 0.0742579296875 0.24371992968749998 0.04804689375 0.2258470734375
2 0.383401571875 0.140490609375 0.3988562328125 0.11225047031249999 0.3868489328125 0.0774502640625 0.3306740796875 0.0756429203125 0.342597715625 0.1350978078125 0.383401571875 0.140490609375
2 0.3456559890625 0.067610165625 0.37397979062500003 0.05841014375 0.3988018015625 0.009184445312500001 0.3029903546875 0.0153261921875 0.3230304109375 0.0651083078125 0.3456559890625 0.067610165625
2 0.59609375 0.825 0.14375 0.2171875
2 0.15390625 0.78203125 0.1734375 0.2828125