2 0.3078125 0.0625 0.125 0.125
2 0.30859375 0.175 0.1296875 0.1515625
2 0.2953125 0.29609375 0.1078125 0.1234375
2 0.4140625 0.29296875 0.1171875 0.1546875
2 0.56015625 0.22578125 0.1140625 0.1328125
2 0.74921875 0.10625 0.115625 0.1296875
2 0.7203125 0.28671875 0.1046875 0.1296875
2 0.66328125 0.38828125 0.1328125 0.1609375
2 0.57890625 0.46484375 0.1421875 0.165625
2 0.496875 0.47578125 0.09375 0.121875
2 0.42265625 0.47890625 0.121875 0.1484375
2 0.153125 0.62265625 0.1125 0.140625
2 0.04609375 0.52421875 0.0921875 0.1609375
2 0.01875 0.63984375 0.0375 0.1390625
2 0.04453125 0.74765625 0.0890625 0.1421875
2 0.49140625 0.79375 0.14375 0.1703125
2 0.42421875 0.8953125 0.1140625 0.1140625
2 0.59296875 0.86796875 0.13125 0.165625
2 0.73671875 0.8421875 0.121875 0.1640625
2 0.675 0.9640625 0.128125 0.071875
2 0.75625 0.93984375 0.0890625 0.10625
2 0.83671875 0.90234375 0.1765625 0.1953125
2 0.721875 0.5015625 0.109375 0.1453125
2 0.79453125 0.38203125 0.096875 0.1203125
2 0.93125 0.46640625 0.1140625 0.1234375
2 0.89453125 0.58203125 0.1265625 0.1375
2 0.171875 0.7921875 0.2015625 0.2234375