2 0.04296875 0.68515625 0.0859375 0.1296875
2 0.05625 0.5203125 0.1078125 0.134375
2 0.0828125 0.3046875 0.103125 0.121875
2 0.13125 0.0765625 0.1265625 0.14375
2 0.27109375 0.15 0.1265625 0.1515625
2 0.39140625 0.15703125 0.1203125 0.146875
2 0.32734375 0.31875 0.1125 0.1375
2 0.2671875 0.4515625 0.1328125 0.1640625
2 0.196875 0.54765625 0.115625 0.1453125
2 0.115625 0.6296875 0.1140625 0.1546875
2 0.040625 0.8203125 0.08125 0.125
2 0.42421875 0.54296875 0.121875 0.1421875
2 0.44921875 0.43984375 0.1046875 0.125
2 0.55 0.3765625 0.115625 0.1390625
2 0.6421875 0.31640625 0.13125 0.171875
2 0.5875 0.228125 0.1109375 0.128125
2 0.54140625 0.0546875 0.1328125 0.109375
2 0.62578125 0.0703125 0.1140625 0.1234375
2 0.65625 0.15234375 0.1125 0.1359375
2 0.734375 0.17734375 0.10625 0.109375
2 0.7390625 0.08671875 0.128125 0.1125
2 0.86875 0.17734375 0.1078125 0.128125
2 0.78984375 0.2953125 0.1328125 0.15625
2 0.8234375 0.459375 0.1265625 0.1515625
2 0.6484375 0.7421875 0.1234375 0.1453125
2 0.553125 0.771875 0.14375 0.1765625
2 0.709375 0.8125 0.096875 0.1171875
2 0.80234375 0.78984375 0.0921875 0.1015625
2 0.86328125 0.68671875 0.1109375 0.1265625
2 0.82578125 0.87421875 0.13125 0.1453125
2 0.90546875 0.83671875 0.1 0.1765625
2 0.81328125 0.9890625 0.1328125 0.021875
2 0.9953125 0.45546875 0.009375 0.1078125
2 0.9453125 0.10234375 0.1 0.05625
2 0.8828125 0.978125 0.059375 0.04375
2 0.1484375 0.01328125 0.109375 0.0265625
2 0.715625 0.490625 0.1703125 0.1953125
2 0.3390625 0.87109375 0.171875 0.1671875