0 0.5640625 0.8328125 0.1703125 0.234375
0 0.46328125 0.9421875 0.09375 0.0953125
0 0.61484375 0.66015625 0.0984375 0.1265625
0 0.9796875 0.4875 0.040625 0.084375
0 0.925 0.29453125 0.06875 0.084375
0 0.903125 0.20078125 0.090625 0.10625
0 0.79921875 0.303125 0.06875 0.0796875
0 0.4828125 0.30625 0.078125 0.0796875
0 0.44921875 0.38671875 0.10625 0.1203125
0 0.3546875 0.40703125 0.078125 0.0875
0 0.28671875 0.30703125 0.16875 0.196875
0 0.0484375 0.5484375 0.096875 0.146875
0 0.3421875 0.0796875 0.0859375 0.096875