0 0.95703125 0.7578125 0.0859375 0.115625
0 0.959375 0.61640625 0.0734375 0.09296875
0 0.790625 0.578125 0.0984375 0.1046875
0 0.7796875 0.36953125 0.08125 0.10390625
0 0.86953125 0.3484375 0.078125 0.07890625
0 0.9171875 0.42734375 0.09375 0.096875
0 0.44921875 0.6234375 0.15859375 0.19296875
0 0.303125 0.6328125 0.0609375 0.07265625
0 0.365625 0.93515625 0.09609375 0.1140625
0 0.20546875 0.87890625 0.065625 0.08671875
0 0.26796875 0.07578125 0.11640625 0.1515625
0 0.709375 0.0234375 0.084375 0.046875
0 0.81171875 0.46484375 0.0921875 0.09375
0 0.8296875 0.521875 0.084375 0.08984375
0 0.9625 0.38046875 0.07421875 0.10703125