2 0.2683106234375 0.4191725125 0.22608844062500003 0.4030450015625 0.2042547890625 0.4076858875 0.184688725 0.455202978125 0.1930423203125 0.49450355156250003 0.227596296875 0.5282350609375001 0.2764214296875 0.5110109281249999 0.288182209375 0.4697169234375 0.2683106234375 0.4191725125
2 0.183317946875 0.341393834375 0.1541959546875 0.32248179062500004 0.1245570203125 0.3333457625 0.09811385 0.3914526671875 0.110834175 0.42982506249999997 0.1426036203125 0.45045638125 0.1714514546875 0.44660659531249997 0.203189534375 0.39193824374999997 0.183317946875 0.341393834375
2 0.2682478890625 0.2685731703125 0.2400540734375 0.25402785781250004 0.20697658593749999 0.2701867359375 0.1883387 0.32207055625000003 0.21099481718750002 0.3857151578125 0.25930300625 0.39826703750000003 0.29489087187499996 0.372446521875 0.298709290625 0.3259946859375 0.2682478890625 0.2685731703125
2 0.36840853125 0.224463265625 0.328696725 0.1986741171875 0.2965474125 0.219199725 0.2847866328125 0.26049373125 0.2940684046875 0.304161034375 0.332060934375 0.33259763750000004 0.3643473234375 0.3234529421875 0.38205703281250003 0.26720239375 0.36840853125 0.224463265625
2 0.380369125 0.3451495171875 0.34344184843750003 0.33246055937499996 0.3105014390625 0.3600003515625 0.3082652171875 0.39242381875 0.3184751671875 0.44045785468750004 0.3502446125 0.46108917343750006 0.37988354687500003 0.4502252015625 0.3965280015625 0.37822700625 0.380369125 0.3451495171875
2 0.5086492375 0.454803353125 0.47423233906249995 0.43245275625 0.4299110125 0.46012962812499997 0.423445140625 0.5048621859375 0.4370936421875 0.5476013125 0.48038108125 0.57947646875 0.5194074984375 0.5483610453125001 0.527592646875 0.50098103125 0.5086492375 0.454803353125
2 0.41233838125 0.52776109375 0.3661607015625 0.5467045015625 0.3518895453125 0.5976601453125 0.36553804843750004 0.6403992734374999 0.4116100171875 0.6853746187499999 0.44826313593749995 0.6753017484375 0.47907303749999997 0.616266665625 0.41233838125 0.52776109375
2 0.2986976828125 0.61581245625 0.2724973 0.6213815203124999 0.2529312359375 0.6688986109374999 0.2631411859375 0.71693264375 0.313305728125 0.7382179843750001 0.34889359375 0.71239746875 0.3411940203125 0.654701796875 0.2986976828125 0.61581245625
2 0.1579284234375 0.705066153125 0.074686390625 0.6999396921875001 0.059212901562499996 0.7237667734375 0.061891723437500004 0.8007857218750001 0.088640415625 0.8407403171875 0.13165369843750002 0.84985364375 0.163803009375 0.829328034375 0.18890676875 0.73271165625 0.1579284234375 0.705066153125
2 0.23628678125000002 0.74089680625 0.20902114374999997 0.730718225 0.184434328125 0.7975585890625 0.21118302187500002 0.8375131859374999 0.24346941093750002 0.8283684906250001 0.2552301921875 0.7870744843749999 0.23628678125000002 0.74089680625
2 0.2669909703125 0.7457804796875 0.254850325 0.8282314124999999 0.3096557546875 0.8713504046875 0.34933619375 0.8218398828125 0.341636621875 0.7641442109375001 0.2669909703125 0.7457804796875
2 0.40665199999999996 0.8552972375 0.36694019375 0.8295080890625 0.342596165625 0.8438106124999999 0.3195915484375 0.896622609375 0.334168228125 0.9437284671875 0.3765274890625 0.9712368937500001 0.4097420546875 0.966458928125 0.43553120312500004 0.9267471234375 0.40665199999999996 0.8552972375
2 0.4362595671875 0.7691335953125 0.4095422421875 0.804478671875 0.4147314390625 0.87183598125 0.43089031718750004 0.9049134703125 0.4844934140625 0.920903903125 0.5069810875 0.8978679187499999 0.495948671875 0.7815483984375 0.4362595671875 0.7691335953125
2 0.63746605625 0.8997986171875001 0.5928705734374999 0.9047136578125 0.57303035625 0.9294689187499999 0.5823121265625 0.973136221875 0.6209586781249999 0.9831777265625 0.662495471875 0.942400665625 0.6622213171875 0.9196388359375 0.63746605625 0.8997986171875001
2 0.509777228125 0.6211503390625001 0.475908640625 0.6443234015625 0.463356759375 0.6926315921875 0.5025516234375 0.7481967546875 0.564993890625 0.6984120765624999 0.55571211875 0.654744771875 0.509777228125 0.6211503390625001
2 0.6306632921875 0.7711700031250001 0.568843678125 0.7272599109375 0.53047128125 0.7399802359375001 0.5083948421875 0.7971589640625 0.5313251171875 0.88356539375 0.56838946875 0.9076352671875 0.618142778125 0.8947778640624999 0.64458595 0.836670959375 0.6306632921875 0.7711700031250001
2 0.9081092359375 0.6163526171875 0.85223855 0.5574859796875 0.8191610624999999 0.573644859375 0.7970846218750001 0.6308235859375 0.8107331234374999 0.6735627125 0.8565309375 0.6957762296875 0.88101204375 0.6928546203125 0.904290815625 0.6628044531249999 0.9081092359375 0.6163526171875
2 0.8887975671874999 0.3215140953125 0.8485688171874999 0.325500959375 0.8373563484375 0.4123186234375 0.85788195625 0.444467934375 0.8965285078124999 0.45450943749999995 0.9346267484374999 0.419027284375 0.9275811984375 0.3429365140625 0.8887975671874999 0.3215140953125
2 0.6928546203125 0.11898795625 0.648776084375 0.09412698593749999 0.6117430984375 0.145356784375 0.619168515625 0.18029062812500002 0.662455953125 0.21216578125000002 0.6825703296875 0.21017234999999998 0.7083594765625 0.17046054375 0.6928546203125 0.11898795625
2 0.5591738890625 0.069814325 0.5088722671875 0.03714806875 0.4845282390625 0.051450593749999995 0.46840072812500005 0.093672775 0.48297740781250004 0.1407786328125 0.5200417609375 0.1648485046875 0.5566948796875 0.1547756328125 0.5684556609375 0.113481628125 0.5591738890625 0.069814325
2 0.46310582031249997 0.09023422343750001 0.4482549859375 0.0203665375 0.42006117187500003 0.005821225 0.3196263734375 0.0271693 0.3454468890625 0.062757165625 0.375222903125 0.063274109375 0.3732608375 0.1184594046875 0.40066355312499996 0.1400189 0.437316671875 0.1299460296875 0.46310582031249997 0.09023422343750001
2 0.15429005625 0.5483808031249999 0.11894498125 0.521663478125 0.0250074234375 0.573578665625 0.013900664062500002 0.5964775734375001 0.025692812500000002 0.6304832390625 0.1122676859375 0.6942335500000001 0.1532875375 0.6832325015625 0.17722033125 0.6347872328124999 0.15429005625 0.5483808031249999
2 0.8400242234374999 0 0.8352060781249999 0.0157058921875 0.8636740484375001 0.053013034375000004 0.9109169828124999 0.04981726875 0.89930278125 0 0.8400242234374999 0
2 0.64375 0.30078125 0.190625 0.1953125
2 0.06640625 0.1828125 0.1328125 0.175
2 0.98515625 0.84921875 0.0296875 0.1140625