2 0.2609375 0.05625 0.15625 0.1125
2 0.078125 0.390625 0.15625 0.25625
2 0.221875 0.296875 0.18125 0.190625
2 0.1578125 0.4328125 0.196875 0.2109375
2 0.10703125 0.56953125 0.16875 0.184375
2 0.05625 0.6609375 0.1125 0.178125
2 0.06796875 0.80078125 0.1359375 0.1421875
2 0.4984375 0.83984375 0.2359375 0.2625
2 0.7234375 0.71328125 0.19375 0.2015625
2 0.78359375 0.9 0.1765625 0.1875
2 0.5453125 0.4671875 0.134375 0.1515625
2 0.45625 0.4265625 0.134375 0.146875
2 0.39375 0.26484375 0.1484375 0.16875
2 0.56015625 0.23515625 0.1453125 0.153125
2 0.17578125 0.0421875 0.0765625 0.084375
2 0.77265625 0.42421875 0.2203125 0.228125
2 0.65703125 0.96640625 0.1921875 0.0671875
2 0.7171875 0.10078125 0.1703125 0.14375
2 0.25625 0.78359375 0.2046875 0.2421875