2 0.853125 0.790625 0.1234375 0.1265625
2 0.83046875 0.67734375 0.146875 0.159375
2 0.5828125 0.8875 0.115625 0.1421875
2 0.73046875 0.9796875 0.1171875 0.040625
2 0.3109375 0.72109375 0.146875 0.1875
2 0.60390625 0.5515625 0.11875 0.1640625
2 0.484375 0.48046875 0.1734375 0.1953125
2 0.53125 0.3515625 0.1484375 0.171875
2 0.79140625 0.0640625 0.1265625 0.0921875
2 0.47421875 0.17890625 0.14375 0.1765625
2 0.38203125 0.59375 0.1171875 0.13125
2 0.47578125 0.7953125 0.2203125 0.2546875
2 0.5765625 0.0921875 0.171875 0.1671875
2 0.03515625 0.478125 0.0703125 0.159375
2 0.921875 0.45625 0.15625 0.23125