2 0.4015625 0.08828125 0.1203125 0.1703125
2 0.1140625 0.071875 0.1296875 0.0890625
2 0.53671875 0.3046875 0.1015625 0.1234375
2 0.55234375 0.5109375 0.1140625 0.1453125
2 0.24140625 0.70546875 0.1140625 0.15
2 0.328125 0.69296875 0.0921875 0.121875
2 0.46796875 0.7875 0.1265625 0.146875
2 0.3765625 0.8546875 0.1015625 0.1375
2 0.56328125 0.87890625 0.1703125 0.2109375
2 0.3390625 0.95390625 0.125 0.0921875
2 0.60078125 0.65703125 0.084375 0.1015625
2 0.63671875 0.746875 0.1015625 0.1171875
2 0.69765625 0.646875 0.109375 0.1375
2 0.94140625 0.76484375 0.1171875 0.1609375
2 0.8328125 0.80703125 0.1203125 0.15625
2 0.67109375 0.86015625 0.1203125 0.14375
2 0.7046875 0.9453125 0.09375 0.084375
2 0.2453125 0.92890625 0.1015625 0.1109375
2 0.94921875 0.37265625 0.090625 0.1125
2 0.221875 0.98359375 0.103125 0.0328125
2 0.34140625 0.4875 0.1703125 0.1671875
2 0.084375 0.846875 0.1234375 0.2265625
2 0.78984375 0.12265625 0.1734375 0.2453125