2 0.8115251499999999 0.72936931875 0.783385446875 0.6833485109375 0.739386646875 0.67300854375 0.7030046796875 0.7247027109374999 0.707901215625 0.7645817953125 0.7463023546875001 0.802595940625 0.788124915625 0.7952118703125 0.811446615625 0.7653614546874999 0.8115251499999999 0.72936931875
2 0.91483495 0.8381253859375001 0.8971894453125 0.8043094875 0.8615086046875 0.7884503921875 0.801883471875 0.8340028374999999 0.7979179890625 0.8749700421875 0.848445503125 0.9384821265625 0.8858370546875 0.9316421140625 0.9174767140625001 0.8962725703125001 0.91483495 0.8381253859375001
2 0.62130586875 0.608795334375 0.6372406625 0.6653103406249999 0.6914223640625 0.70363578125 0.724772734375 0.6455671296875 0.7042527015625 0.5333924734375 0.641595975 0.572570434375 0.62130586875 0.608795334375
2 0.6426869296875 0.453244471875 0.594335653125 0.407456428125 0.553368446875 0.40349094374999994 0.51698648125 0.45518511093749997 0.525691434375 0.526081265625 0.5784737203125 0.5713252484375 0.6247272921875 0.56339711875 0.646960871875 0.524684684375 0.6426869296875 0.453244471875
2 0.5898289453125 0.315804640625 0.5639440140625 0.25151573437499997 0.537669253125 0.2389995296875 0.4988782875 0.252758084375 0.4708142796875 0.298933121875 0.49941951093750003 0.38537707656250003 0.54201889375 0.4026355875 0.5791776828125 0.375584003125 0.5898289453125 0.315804640625
2 0.5979955109375 0.12589382031250002 0.58035000625 0.092077921875 0.5358071484375 0.0773069453125 0.4983370625 0.12013909375000001 0.504865778125 0.1733112078125 0.5338608359375 0.20798246250000002 0.5767715156250001 0.20946040937500002 0.6000932171875 0.1796099953125 0.5979955109375 0.12589382031250002
2 0.9704302468750001 0.22859237187499998 0.9546496828125 0.2282810765625 0.9221546671875 0.2750001734375 0.923164253125 0.3198543296875 0.9460961250000001 0.3417766125 0.9840317359374999 0.33936761249999997 0.9704302468750001 0.22859237187499998
2 0.9981772843750001 0.45457386250000004 0.9851198546875001 0.34822963125 0.9333471546875 0.3478398015625 0.9052831484375 0.3940148390625 0.9101796859375 0.43389392656250003 0.934199675 0.4646782296875 0.9859723734375001 0.46506806093749997 0.9981772843750001 0.45457386250000004
2 0.598679621875 0.8274684515624999 0.5647094953125 0.788910246875 0.5425544453125 0.7916305453125 0.521176221875 0.818993425 0.5155000265624999 0.8826597375 0.54286290625 0.9040379640625 0.5763675078125 0.9021730203124999 0.6030320984374999 0.862916528125 0.598679621875 0.8274684515624999
2 0.4827750828125 0.7809792796874999 0.43123514687500003 0.8008010249999999 0.41817488125 0.8226447765625 0.430222725 0.8841348515625 0.4728221078125 0.9013933625 0.51114755 0.8472116609375 0.5112260828124999 0.8112195249999999 0.4827750828125 0.7809792796874999
2 0.43590175468750003 0.6922805546874999 0.4087716375 0.691113903125 0.3835064625 0.723451853125 0.3878589390625 0.7588999296875001 0.43209050156249995 0.789451471875 0.469249290625 0.7623998859375 0.46987188281250003 0.730838759375 0.43590175468750003 0.6922805546874999
2 0.4909416484375 0.591068459375 0.46070140468750004 0.619519459375 0.46225505 0.668804625 0.5001121281249999 0.7023877609375 0.5380477406249999 0.6999787578125 0.5563943703125 0.66624139375 0.5504097156250001 0.6175002875 0.4909416484375 0.591068459375
2 0.4188031453125 0.534707684375 0.4347379375 0.591222690625 0.467387184375 0.6007073015625 0.5156627640625 0.5542995015625001 0.505791159375 0.5105334640625 0.4684781390625 0.48138133906249997 0.4188031453125 0.534707684375
2 0.4191958109375 0.3547470015625 0.397119296875 0.3214751640625 0.36695758437500003 0.3139340265625 0.3322863296875 0.3429290859375 0.33158520468749997 0.41048235 0.3594921453125 0.436291584375 0.39742775625000004 0.4338825828125 0.42020539687499997 0.3996011578125 0.4191958109375 0.3547470015625
2 0.21738854062500002 0.46948205468750004 0.23448998593749998 0.49886694374999996 0.2770893703125 0.5161254546875 0.29652412031250003 0.491250109375 0.2883632265625 0.42478496562499996 0.235502409375 0.415533115625 0.21738854062500002 0.46948205468750004
2 0.4132840171875 0.526389725 0.3591808484375 0.4520721484375 0.3245881265625 0.44507507031250004 0.3048420796875 0.48573097968749995 0.32178646093749996 0.587100140625 0.35575658906249996 0.6256583453125 0.398123209375 0.6227052843750001 0.420356790625 0.58399285 0.4132840171875 0.526389725
2 0.15442051875 0.524440578125 0.13568405625 0.6099506421875 0.18986575781249998 0.6482760843750001 0.227024546875 0.6212245000000001 0.2265590203125 0.580801353125 0.2133445234375 0.5464413953125 0.15442051875 0.524440578125
2 0.12845421562499998 0.624331790625 0.1380173609375 0.5556904078125 0.133664884375 0.52024233125 0.10078287500000001 0.49054614687500003 0.0459000484375 0.51977396875 0.023899229687500002 0.5786979765625 0.043720975 0.6302379124999999 0.0710838546875 0.6516161390625 0.10847540625 0.6447761265625 0.12845421562499998 0.624331790625
2 0.15193581875 0.394309121875 0.11889674374999999 0.436597209375 0.1243373390625 0.48090730625000006 0.157219346875 0.510603490625 0.186292940625 0.50928260625 0.21015869999999998 0.48386320156249996 0.2036299859375 0.43069108749999996 0.15193581875 0.394309121875
2 0.14111898125 0.910636703125 0.1534024234375 0.8641503687500001 0.1474177671875 0.8154092640625 0.11842270937499999 0.7807380109375 0.065794653125 0.7916977328125 0.0427057171875 0.841759721875 0.0558416796875 0.9121118156250001 0.08817962812499999 0.9373769921875 0.11227815156250001 0.9321691578125 0.14111898125 0.910636703125
2 0.0936198625 1 0.0895005109375 0.9664505828125 0.051099371875 0.9284364390625001 0.0612600671875 1 0.0936198625 1
2 0.95 0.83671875 0.0875 0.075