2 0.6282333375 0 0.63507465625 0.0316800296875 0.6544012046875001 0.042392909374999996 0.6875014546875 0.028257371875 0.6996648078125001 0 0.6282333375 0
2 0.636429075 0.1659732796875 0.6667993640625001 0.1828078046875 0.71337343125 0.15087613125 0.7216252625 0.1229668890625 0.7080895 0.075762075 0.66820588125 0.0500449671875 0.63357521875 0.0669414390625 0.6118495703125 0.1126468171875 0.636429075 0.1659732796875
2 0.7082753421875 0.2707649296875 0.7674855093749999 0.3071949171875 0.8057767703125001 0.2706720078125 0.8106369171875001 0.22283644374999997 0.7848268890625001 0.1652186359375 0.74434349375 0.15360609218750002 0.7244171734375 0.1569977765625 0.6892177078125 0.220499290625 0.7082753421875 0.2707649296875
2 0.9048395812500001 0.300318628125 0.9357786734375001 0.2705481140625 0.9363474734375 0.2239430734375 0.8976634046875 0.1700168359375 0.858410534375 0.162695640625 0.82717155625 0.1995184375 0.8358161984375 0.262058340625 0.9048395812500001 0.300318628125
2 0.8553187390625 0.1357170359375 0.8856890281249999 0.1525515609375 0.9172588671874999 0.14117695937500002 0.8772823265625 0.017958423437500003 0.8530646562499999 0.0225806328125 0.83563035625 0.0670554859375 0.8553187390625 0.1357170359375
2 0.6397376875 0.420455215625 0.6743993234375 0.436059215625 0.718812228125 0.3884925671875 0.71938103125 0.3418875265625 0.6984930984375 0.30143510625 0.6524878328125 0.286761740625 0.6178571703125 0.30365821406250004 0.603483690625 0.3426111953125 0.6397376875 0.420455215625
2 0.5600633687500001 0.4665224265625 0.6002468750000001 0.485187253125 0.6247644328125 0.47351276249999996 0.6391379109375 0.43455977968750004 0.5894101015625 0.3745118984375 0.553548915625 0.3871170234375 0.542236259375 0.42054813593749996 0.5600633687500001 0.4665224265625
2 0.787628646875 0.5313065640625 0.837625371875 0.5518016875 0.870725621875 0.53766615 0.8856988765624999 0.484608603125 0.8666412421875 0.43434296406249995 0.83227949375 0.411686678125 0.7921269609375 0.42552232968750003 0.772862359375 0.47981040156250004 0.787628646875 0.5313065640625
2 1 0.503918275 0.9715567859375 0.49249859999999995 0.9356956000000001 0.5051037265625 0.9262442171874999 0.561222096875 0.95511506875 0.613318034375 0.9995899234375001 0.6307523359375 1 0.6305570703125001 1 0.503918275
2 0.39936031562499996 0.42436360312500004 0.4579397328125 0.442397678125 0.48245729062500003 0.43072318750000005 0.49989159218749996 0.386248334375 0.4728510390625 0.32433917968750003 0.4280763 0.3139571609375 0.40079780625000005 0.3241012390625 0.38399425468750004 0.3869720046875 0.39936031562499996 0.42436360312500004
2 0.3992364203125 0.2943617 0.454755015625 0.317917646875 0.48479444374999997 0.309303978125 0.5022287453125001 0.264829125 0.48071006406250005 0.20598079375 0.43530457343749995 0.1772028625 0.39086069375 0.1922690359375 0.37342639375000003 0.23674389062499998 0.3992364203125 0.2943617
2 0.26115867812500004 0.1853406484375 0.284776571875 0.19482300624999999 0.31139334375 0.13378253906249998 0.29848832812500004 0.104973634375 0.26658762812500003 0.09090004375 0.24330059375 0.10686588281250001 0.239040221875 0.14059688125 0.26115867812500004 0.1853406484375
2 0.19216626718750002 0.1795808390625 0.2359793984375 0.146118753125 0.225473484375 0.060891589062499994 0.14087707031250002 0.089793415625 0.1501214890625 0.1382287546875 0.19216626718750002 0.1795808390625
2 0.1353552015625 0.0867325921875 0.062402303125 0.10765149843749999 0.1179209 0.131207446875 0.1353552015625 0.0867325921875
2 0 0.183783809375 0.02171194375 0.20059266562500003 0.066755596875 0.1714219265625 0.053819609375 0.11011254687500001 0 0.12883327656250002 0 0.183783809375
2 0 0.3706054390625 0.022497559375 0.38149095625 0.058958521875 0.354781265625 0.062588146875 0.302654353125 0.0417002125 0.2622019328125 0.0042776421875 0.24506752031249998 0 0.2476118 0 0.3706054390625
2 0.027274635937500003 0.56821100625 0.0686886671875 0.5911671765625 0.0962670484375 0.573970815625 0.10817947812499999 0.5264351390625001 0.0915828921875 0.48475219531249997 0.0639735375 0.4694480796875 0.0293428765625 0.4863445546875 0.014369621874999999 0.5394021015625 0.027274635937500003 0.56821100625
2 0.2997385515625 0.7733790640625 0.3466744515625 0.7993960578125 0.3785441796875 0.7809691734374999 0.3861652625 0.7346640203125 0.36956867656250003 0.6929810765625 0.3352069296875 0.6703247921875 0.3024065640625 0.677408046875 0.2886638359375 0.734756940625 0.2997385515625 0.7733790640625
2 0.125 0.91484375 0.09375 0.1703125