1 0.46171875 0.9421875 0.1390625 0.115625
1 0.55 0.915625 0.15 0.16875
1 0.25703125 0.9359375 0.1515625 0.128125
1 0.215625 0.70546875 0.125 0.15
1 0.13203125 0.65234375 0.146875 0.1609375
1 0.125 0.40078125 0.15 0.16875
1 0.08046875 0.28359375 0.109375 0.1234375
1 0.39296875 0.45625 0.1625 0.165625
1 0.478125 0.63203125 0.1578125 0.1734375
1 0.68671875 0.4515625 0.15 0.1765625
1 0.659375 0.21953125 0.153125 0.1625
1 0.8078125 0.08203125 0.15 0.1640625
1 0.915625 0.3171875 0.14375 0.1765625
1 0.97109375 0.49609375 0.0578125 0.1734375