2 0.8348214281249999 0.118303571875 0.8638392859374999 0.16071428593749998 0.8928571421875 0.162946428125 0.9196428578125 0.0959821421875 0.8861607140625001 0.0491071421875 0.8638392859374999 0.0446428578125 0.8348214281249999 0.118303571875
2 1 0.0022321421875000002 0.9352678578125 0 0.9419642859374999 0.0825892859375 0.9799107140625001 0.116071428125 1 0.11383928593749999 1 0.0022321421875000002
2 0.5870535718750001 0.21875 0.5580357140625 0.26116071406249997 0.5625 0.296875 0.5870535718750001 0.33482142812500004 0.6160714281249999 0.33258928593750003 0.6428571421875 0.3102678578125 0.6517857140625 0.26116071406249997 0.6272321421875 0.2232142859375 0.5870535718750001 0.21875
2 0.5803571421875 0.0513392859375 0.6049107140625 0 0.5178571421875 0.0022321421875000002 0.546875 0.053571428125 0.5803571421875 0.0513392859375
2 0.13616071406250002 0.116071428125 0.0982142859375 0.1540178578125 0.0892857140625 0.21205357187499999 0.118303571875 0.2678571421875 0.16071428593749998 0.2790178578125 0.196428571875 0.24330357187499999 0.2008928578125 0.162946428125 0.17633928593749998 0.125 0.13616071406250002 0.116071428125
2 0.140625 0.0178571421875 0.12053571406250001 0.0513392859375 0.12946428593749998 0.0915178578125 0.1540178578125 0.11160714218750001 0.1875 0.109375 0.20982142812500001 0.0736607140625 0.2008928578125 0.024553571875 0.180803571875 0.008928571875000001 0.140625 0.0178571421875
2 0.0133928578125 0.12276785781249999 0.008928571875000001 0.1540178578125 0.0290178578125 0.19196428593749998 0.0625 0.194196428125 0.084821428125 0.171875 0.084821428125 0.118303571875 0.0424107140625 0.09375 0.0133928578125 0.12276785781249999
2 0.0022321421875000002 0 0 0.087053571875 0.0178571421875 0.0915178578125 0.0446428578125 0.069196428125 0.0491071421875 0.0290178578125 0.0334821421875 0.0044642859375000005 0.0022321421875000002 0
2 0.2366071421875 0.412946428125 0.2232142859375 0.462053571875 0.24330357187499999 0.491071428125 0.28125 0.48883928593750003 0.30803571406249997 0.462053571875 0.3125 0.41741071406249997 0.2790178578125 0.38392857187499996 0.2366071421875 0.412946428125
2 0.39955357187499996 0.415178571875 0.37946428593750003 0.43973214218749995 0.37053571406249997 0.5022321421875 0.428571428125 0.5290178578125 0.459821428125 0.49776785781250005 0.459821428125 0.44866071406249997 0.43526785781250005 0.415178571875 0.39955357187499996 0.415178571875
2 0.0647321421875 0.4375 0.03125 0.47098214218749995 0.0267857140625 0.5200892859375 0.055803571875 0.5580357140625 0.0892857140625 0.5602678578125 0.12053571406250001 0.5290178578125 0.125 0.49776785781250005 0.11160714218750001 0.462053571875 0.0647321421875 0.4375
2 0.100446428125 0.6785714281249999 0.071428571875 0.7165178578125 0.071428571875 0.765625 0.10491071406250001 0.7991071421875 0.15178571406250002 0.796875 0.165178571875 0.7879464281249999 0.15178571406250002 0.7075892859375 0.13616071406250002 0.6830357140625 0.100446428125 0.6785714281249999
2 0.0357142859375 0.8549107140625001 0.03125 0.8995535718750001 0.0758928578125 0.9308035718750001 0.102678571875 0.9084821421875 0.11160714218750001 0.859375 0.0647321421875 0.8258928578125 0.0357142859375 0.8549107140625001
2 0.3303571421875 0.6986607140625 0.32142857187499996 0.7433035718750001 0.35491071406249997 0.7857142859375 0.37946428593750003 0.7834821421875 0.40625 0.734375 0.3883928578125 0.6986607140625 0.35491071406249997 0.6830357140625 0.3303571421875 0.6986607140625
2 0.5357142859375 0.671875 0.5357142859375 0.7209821421875 0.5513392859375 0.7455357140625 0.5848214281249999 0.7477678578125 0.6116071421875 0.7254464281249999 0.6160714281249999 0.6674107140625 0.5647321421875 0.6383928578125 0.5357142859375 0.671875
2 0.459821428125 0.9129464281249999 0.45535714218749995 0.9620535718750001 0.484375 1 0.53125 0.9977678578125 0.5580357140625 0.921875 0.5379464281249999 0.8883928578125 0.493303571875 0.875 0.459821428125 0.9129464281249999
2 0.6584821421875 0.7991071421875 0.6339285718750001 0.8325892859374999 0.6383928578125 0.8816964281249999 0.6875 0.9084821421875 0.7455357140625 0.8638392859374999 0.7410714281249999 0.8191964281249999 0.7075892859375 0.7901785718750001 0.6584821421875 0.7991071421875
2 0.9285714281249999 0.6361607140625 0.9620535718750001 0.6785714281249999 0.9955357140625001 0.6763392859375 1 0.5558035718750001 0.9620535718750001 0.5535714281249999 0.9330357140625001 0.5825892859375 0.9285714281249999 0.6361607140625
2 0.5825892859375 0.96875 0.5401785718750001 0.9977678578125 0.6116071421875 0.9977678578125 0.5825892859375 0.96875
2 0.0044642859375000005 0.7611607140625 0.0267857140625 0.734375 0.0267857140625 0.6941964281249999 0.0022321421875000002 0.6696428578125 0.0044642859375000005 0.7611607140625