2 1 0.786849696875 0.978010740625 0.7981167499999999 0.9672882546875 0.8561062890625 1 0.8480681406249999 1 0.786849696875
2 1 0.6494376671875 0.9860267921875 0.6088565265625 0.9420146562499999 0.58387819375 0.905756946875 0.6294133703125 0.89081339375 0.6888563390625 0.9139290390625 0.7422767546875 0.9535808875 0.75459189375 0.9845121625000001 0.741580640625 1 0.7224510796875 1 0.6494376671875
2 0.873842703125 0.399604759375 0.85862070625 0.430814478125 0.868933934375 0.4744785578125 0.91308529375 0.513573515625 0.9397955031249999 0.50201569375 0.9375067375 0.41309488281249995 0.9090646546875 0.392198390625 0.873842703125 0.399604759375
2 1 0.44708706249999997 0.9701698859375 0.43253794375 0.9562620953125001 0.453852103125 0.9624934796875 0.5130862359374999 0.9966100578124999 0.5367503640625 1 0.53586726875 1 0.44708706249999997
2 0.8776713296875001 0.7878119328125 0.8391944640625001 0.7514846093750001 0.802519084375 0.7546699140625 0.7788549578125 0.788786490625 0.7849471203125 0.8339040000000001 0.84743616875 0.8714063062499999 0.8671576765625 0.8669764078125001 0.8865311281249999 0.827254946875 0.8776713296875001 0.7878119328125
2 0.753049696875 0.8921023734375 0.7704212359375 0.9356968421875 0.8646684859375 0.9008841515625001 0.7864701593750001 0.845183378125 0.753049696875 0.8921023734375
2 0.74010805625 0.8682294125000001 0.6802474203125 0.8109359875000001 0.6409436281249999 0.833912409375 0.6315353484374999 0.8820063890625001 0.6531975640625001 0.9312057406250001 0.6774185828125 0.9535556609375 0.702814584375 0.9518933984375 0.7348512296874999 0.90781165 0.74010805625 0.8682294125000001
2 0.645173103125 0.9764624734374999 0.6149295343750001 0.9160533546874999 0.575277684375 0.9037382171875 0.5629625453125 0.9433900640624999 0.5776360609375 0.9997173406250001 0.645173103125 0.9764624734374999
2 0.5522458046875001 1 0.5350077421874999 0.9719017593749999 0.4939024640625 0.95536555625 0.463040803125 0.9754351203124999 0.457478065625 1 0.5522458046875001 1
2 0.44951053906249994 1 0.458750125 0.9698302375000001 0.45002955 0.9445038484375001 0.4114830734375 0.9011182124999999 0.3747380828125 0.8972452046875 0.3483063203125 0.9370362765625 0.35439848125 0.9821537843750001 0.3751147390625 1 0.44951053906249994 1
2 0.517271328125 0.6050087453125 0.48315475 0.58134461875 0.4394906703125 0.591657846875 0.42295446718749996 0.632763125 0.43167504218749997 0.6580895140624999 0.45887252968750003 0.695939878125 0.5026758328125001 0.699743275 0.5318056203125 0.647219396875 0.517271328125 0.6050087453125
2 0.5968450625 0.51386878125 0.5675064390625 0.5452177218750001 0.5751912546875 0.6086729203125001 0.617889184375 0.6435468125 0.646052821875 0.63621005625 0.6724149749999999 0.589360671875 0.6577414593750001 0.533033396875 0.5968450625 0.51386878125
2 0.53393834375 0.4340166 0.5067408578125 0.3961662375 0.457332671875 0.39665351718749997 0.4407964671875 0.43775879531250006 0.45533075937499995 0.47996944687500004 0.49657526093750004 0.510622275 0.5148433390625 0.501971309375 0.5343560125 0.47636647343750005 0.53393834375 0.4340166
2 0.2619190828125 0.48046513593749995 0.2235814390625 0.45825443750000006 0.1855918546875 0.47133529999999996 0.16891642812500002 0.49832395468749996 0.18358994374999998 0.5546512296875 0.22483444531250002 0.58530405625 0.26988234218749996 0.5721535828125 0.28925579375 0.532432121875 0.2619190828125 0.48046513593749995
2 0.22227564375000003 0.6121534875 0.1751478125 0.5575580875 0.1341817578125 0.5551385078125 0.0978544359375 0.5936153734375 0.095643690625 0.6557563656250001 0.1299691015625 0.7005954296875 0.18512139375 0.709934096875 0.2145296265625 0.68564346875 0.22227564375000003 0.6121534875
2 0.11084887031249999 0.3365396640625 0.09285923593749999 0.3734238765625 0.106079321875 0.4255300875 0.14019589999999998 0.44919421406250004 0.16690610781249998 0.4376363921875 0.1791516359375 0.3909262296875 0.16039627812499999 0.350169009375 0.11084887031249999 0.3365396640625
2 0.18592309375 0.21861987656249998 0.160248646875 0.19204889218750001 0.11513113593749999 0.1981410546875 0.09437386875 0.24069976249999997 0.1004660296875 0.28581727031250004 0.1446173890625 0.3249122296875 0.178455521875 0.32034310781249997 0.1950613359375 0.28629614062500003 0.18592309375 0.21861987656249998
2 0.2000313078125 0.0744771625 0.17636718125 0.108593740625 0.1840519953125 0.17204893906250002 0.2139475078125 0.1971664953125 0.2675767578125 0.1952257859375 0.2651487703125 0.09218835 0.23670668749999998 0.071291859375 0.2000313078125 0.0744771625
2 0.46507027812499996 0.17916004531250002 0.428186065625 0.1611704125 0.38950877500000003 0.24767164375 0.41539205625 0.2954175671875 0.47054434843750004 0.3047562359375 0.49559229374999997 0.2678024109375 0.4938604171875 0.2353480984375 0.46507027812499996 0.17916004531250002
2 0.398290553125 0.13605285625000002 0.3470112703125 0.089969196875 0.30044033125 0.09184029375 0.2742870140625 0.15986461406250002 0.2875070984375 0.2119708234375 0.3288908234375 0.2567402765625 0.37539215000000004 0.24781086718749998 0.40728957499999996 0.1896124953125 0.398290553125 0.13605285625000002
2 0.2577424015625 0.05696639999999999 0.28341684843750004 0.0835373859375 0.3383603046875 0.07170111875 0.3435475203125 0.02506056875 0.2577424015625 0.05696639999999999
2 0.45110111875000003 0 0.43966586718749995 0.036818815625 0.4573854640625 0.115704846875 0.5167588203125 0.123590084375 0.5374464765625 0.073973065625 0.5271332484375 0.030308984374999997 0.49105877500000006 0 0.45110111875000003 0
2 0.41632869687499996 0 0.356210715625 0.0207002796875 0.35074505624999996 0.03910758125 0.35960485468750003 0.078550596875 0.417803225 0.11044801875000002 0.44285117031250004 0.0734941953125 0.42438946875 0 0.41632869687499996 0
2 0.9222931484375 0.5883080921875 0.9060269828124999 0.513643128125 0.8547476984375001 0.46755946875000004 0.7730940328125 0.490953559375 0.7494299062499999 0.5250701359375001 0.7571147203125 0.5885253359375 0.8311615921875 0.6527378484375 0.86091788125 0.66373878125 0.887628090625 0.652180959375 0.9222931484375 0.5883080921875
2 0.8229810890625 0.3958709734375 0.7818758109374999 0.37933477031249996 0.7537817859375 0.393729840625 0.735931375 0.444730678125 0.7517798734375 0.47704577031250006 0.7716406046875 0.4867324953125 0.8405614625 0.4606403796875 0.8472717187500001 0.42527920625000004 0.8229810890625 0.3958709734375
2 0.96953125 0.390625 0.0609375 0.1375
2 0.7296875 0.13671875 0.2359375 0.2609375
2 0.78359375 0.69375 0.1640625 0.1796875