0 0.865625 0.7515625 0.10078125 0.14453125
0 0.9625 0.62265625 0.075 0.1421875
0 0.625 0.75546875 0.09296875 0.121875
0 0.73984375 0.97109375 0.1046875 0.0578125
0 0.528125 0.871875 0.06796875 0.0796875
0 0.44609375 0.90859375 0.08828125 0.0984375
0 0.33515625 0.9125 0.06484375 0.07578125
0 0.28359375 0.7734375 0.08828125 0.12578125
0 0.41015625 0.73125 0.06015625 0.07734375
0 0.4875 0.68671875 0.05546875 0.07734375
0 0.4125 0.4765625 0.10078125 0.1359375
0 0.07421875 0.65703125 0.1078125 0.1578125
0 0.10234375 0.121875 0.12109375 0.12734375
0 0.290625 0.05390625 0.09609375 0.1078125
0 0.88125 0.146875 0.06484375 0.0703125