0 0.88671875 0.72421875 0.09375 0.103125
0 0.59609375 0.653125 0.1 0.115625
0 0.6046875 0.9484375 0.115625 0.103125
0 0.47265625 0.92578125 0.11875 0.1484375
0 0.30546875 0.79609375 0.1375 0.18125
0 0.2828125 0.92109375 0.05 0.046875
0 0.115625 0.90546875 0.153125 0.175
0 0.15234375 0.4609375 0.0625 0.08125
0 0.109375 0.52109375 0.1296875 0.1484375
0 0.45234375 0.5265625 0.1046875 0.1109375
0 0.43046875 0.40859375 0.171875 0.165625
0 0.34453125 0.22421875 0.0671875 0.090625
0 0.3078125 0.07109375 0.084375 0.090625
0 0.53359375 0.075 0.09375 0.11875
0 0.67734375 0.0640625 0.159375 0.128125
0 0.57578125 0.296875 0.05625 0.11875
0 0.9484375 0.425 0.103125 0.165625
0 0.753125 0.6640625 0.0890625 0.134375
0 0.1265625 0.634375 0.103125 0.1109375
0 0.02421875 0.70234375 0.0484375 0.0765625
0 0.02890625 0.41328125 0.0578125 0.103125
0 0.63984375 0.1546875 0.071875 0.0734375