2 0.7611607140625 0.53125 0.7321428578125 0.5602678578125 0.7276785718750001 0.6004464281249999 0.7566964281249999 0.6473214281249999 0.78125 0.6495535718750001 0.8125 0.6183035718750001 0.8169642859374999 0.5647321421875 0.7924107140625 0.5357142859375 0.7611607140625 0.53125
2 0.7388392859375 0.7767857140625 0.7098214281249999 0.8058035718750001 0.7053571421875 0.859375 0.734375 0.8973214281249999 0.7633928578125 0.8995535718750001 0.7857142859375 0.8861607140625001 0.7991071421875 0.828125 0.765625 0.78125 0.7388392859375 0.7767857140625
2 0.7276785718750001 0.9977678578125 0.8035714281249999 0.9977678578125 0.8035714281249999 0.9352678578125 0.7477678578125 0.9151785718750001 0.7232142859375 0.9486607140625001 0.7276785718750001 0.9977678578125
2 0.8794642859374999 0.9977678578125 0.859375 0.9375 0.8169642859374999 0.953125 0.8147321421875 1 0.8794642859374999 0.9977678578125
2 0.5848214281249999 0.5959821421875 0.609375 0.6428571421875 0.6339285718750001 0.640625 0.6517857140625 0.5959821421875 0.6428571421875 0.5602678578125 0.6138392859375 0.5401785718750001 0.5848214281249999 0.5959821421875
2 0.5513392859375 0.44196428593750003 0.5133928578125 0.47991071406249997 0.5133928578125 0.5290178578125 0.5267857140625 0.5602678578125 0.5625 0.5825892859375 0.59375 0.5513392859375 0.6071428578125 0.493303571875 0.5825892859375 0.446428571875 0.5513392859375 0.44196428593750003
2 0.5401785718750001 0.40401785781250005 0.5602678578125 0.43303571406249997 0.5982142859375 0.43526785781250005 0.6160714281249999 0.3772321421875 0.5736607140625 0.34375 0.5446428578125 0.36830357187499996 0.5401785718750001 0.40401785781250005
2 0.46428571406249997 0.29241071406249997 0.45535714218749995 0.33258928593750003 0.47991071406249997 0.37946428593750003 0.5133928578125 0.38169642812500004 0.5401785718750001 0.35491071406249997 0.5446428578125 0.30580357187499996 0.49776785781250005 0.2678571421875 0.46428571406249997 0.29241071406249997
2 0.41071428593750003 0.2075892859375 0.40625 0.2522321421875 0.42633928593750003 0.28571428593750003 0.45535714218749995 0.28794642812500004 0.491071428125 0.2299107140625 0.477678571875 0.194196428125 0.43973214218749995 0.178571428125 0.41071428593750003 0.2075892859375
2 0.39955357187499996 0.0491071421875 0.3616071421875 0.078125 0.35267857187499996 0.13616071406250002 0.36830357187499996 0.1696428578125 0.41071428593750003 0.180803571875 0.44196428593750003 0.1540178578125 0.45535714218749995 0.100446428125 0.430803571875 0.0580357140625 0.39955357187499996 0.0491071421875
2 0.5022321421875 0 0.47321428593750003 0.0424107140625 0.477678571875 0.0959821421875 0.53125 0.10491071406250001 0.5625 0.0647321421875 0.5625 0.024553571875 0.546875 0 0.5022321421875 0
2 0.5424107140625 0.15178571406250002 0.5133928578125 0.1852678578125 0.5133928578125 0.234375 0.5625 0.265625 0.59375 0.24330357187499999 0.6026785718750001 0.194196428125 0.5736607140625 0.15178571406250002 0.5424107140625 0.15178571406250002
2 0.6830357140625 0.28794642812500004 0.7321428578125 0.32366071406249997 0.7544642859375 0.2834821421875 0.6941964281249999 0.22767857187499999 0.6785714281249999 0.24330357187499999 0.6830357140625 0.28794642812500004
2 0.8415178578125 0.1741071421875 0.8125 0.2299107140625 0.8370535718750001 0.2633928578125 0.8705357140625001 0.265625 0.8883928578125 0.25669642812500004 0.8928571421875 0.19866071406250002 0.8727678578125 0.1741071421875 0.8415178578125 0.1741071421875
2 0.7142857140625 0.055803571875 0.7544642859375 0.0736607140625 0.78125 0.0424107140625 0.78125 0.0022321421875000002 0.7254464281249999 0 0.7142857140625 0.055803571875
2 0.40178571406249997 0.430803571875 0.41741071406249997 0.45535714218749995 0.446428571875 0.45758928593750003 0.459821428125 0.40401785781250005 0.42633928593750003 0.37946428593750003 0.40625 0.39508928593750003 0.40178571406249997 0.430803571875
2 0.44196428593750003 0.475446428125 0.44196428593750003 0.5379464281249999 0.48214285781250005 0.5602678578125 0.5 0.5424107140625 0.5044642859375 0.493303571875 0.45758928593750003 0.459821428125 0.44196428593750003 0.475446428125
2 0.35267857187499996 0.48883928593750003 0.34821428593750003 0.5334821421875 0.3571428578125 0.5602678578125 0.3928571421875 0.578125 0.428571428125 0.5379464281249999 0.428571428125 0.48883928593750003 0.38169642812500004 0.459821428125 0.35267857187499996 0.48883928593750003
2 0.33705357187499996 0.5982142859375 0.32142857187499996 0.6316964281249999 0.3258928578125 0.6763392859375 0.35267857187499996 0.6941964281249999 0.38392857187499996 0.671875 0.38392857187499996 0.6316964281249999 0.359375 0.59375 0.33705357187499996 0.5982142859375
2 0.25892857187499996 0.5513392859375 0.25892857187499996 0.5870535718750001 0.30803571406249997 0.6138392859375 0.33482142812500004 0.5825892859375 0.3303571421875 0.5424107140625 0.2790178578125 0.53125 0.25892857187499996 0.5513392859375
2 0.194196428125 0.35267857187499996 0.16071428593749998 0.3772321421875 0.15625 0.43973214218749995 0.180803571875 0.47321428593750003 0.2232142859375 0.475446428125 0.25 0.44866071406249997 0.25446428593750003 0.39508928593750003 0.22544642812500001 0.3571428578125 0.194196428125 0.35267857187499996
2 0.0669642859375 0.47991071406249997 0.11160714218750001 0.493303571875 0.12053571406250001 0.462053571875 0.10714285781249999 0.43973214218749995 0.0647321421875 0.43303571406249997 0.0669642859375 0.47991071406249997
2 0.0625 0.6584821421875 0.0669642859375 0.7075892859375 0.116071428125 0.7254464281249999 0.147321428125 0.6808035718750001 0.12276785781249999 0.625 0.078125 0.6339285718750001 0.0625 0.6584821421875
2 0.069196428125 0.8125 0.0446428578125 0.8325892859374999 0.0357142859375 0.8861607140625001 0.0647321421875 0.9241071421875 0.0892857140625 0.9263392859374999 0.12053571406250001 0.9084821421875 0.12946428593749998 0.859375 0.100446428125 0.8214285718750001 0.069196428125 0.8125
2 0.078125 0.1741071421875 0.0491071421875 0.203125 0.0446428578125 0.26116071406249997 0.069196428125 0.2946428578125 0.10714285781249999 0.30133928593750003 0.12946428593749998 0.28794642812500004 0.147321428125 0.234375 0.118303571875 0.178571428125 0.078125 0.1741071421875
2 0.15625 0.194196428125 0.1741071421875 0.14508928593749998 0.140625 0.125 0.125 0.17633928593749998 0.15625 0.194196428125
2 0.2008928578125 0.1272321421875 0.20982142812500001 0.0736607140625 0.17633928593749998 0.0580357140625 0.15178571406250002 0.11383928593749999 0.2008928578125 0.1272321421875
2 0.0625 0.055803571875 0.11160714218750001 0.0825892859375 0.147321428125 0.0424107140625 0.1428571421875 0.0022321421875000002 0.069196428125 0 0.0625 0.055803571875
2 0.0267857140625 0.7879464281249999 0.0022321421875000002 0.75 0.0044642859375000005 0.859375 0.0267857140625 0.7879464281249999
2 0.96796875 0.6515625 0.0640625 0.20625