2 0.5915178578125 0.5 0.5580357140625 0.5379464281249999 0.5491071421875 0.6183035718750001 0.5691964281249999 0.6517857140625 0.625 0.6584821421875 0.6741071421875 0.6138392859375 0.6651785718750001 0.5558035718750001 0.6450892859375 0.5133928578125 0.5915178578125 0.5
2 0.6629464281249999 0.35267857187499996 0.6339285718750001 0.39508928593750003 0.6339285718750001 0.45758928593750003 0.6495535718750001 0.48214285781250005 0.7098214281249999 0.48883928593750003 0.7276785718750001 0.47098214218749995 0.7232142859375 0.39955357187499996 0.6941964281249999 0.3571428578125 0.6629464281249999 0.35267857187499996
2 0.7566964281249999 0.34821428593750003 0.7321428578125 0.3772321421875 0.7366071421875 0.453125 0.7611607140625 0.48214285781250005 0.7901785718750001 0.47991071406249997 0.8303571421875 0.43526785781250005 0.8303571421875 0.39508928593750003 0.796875 0.35267857187499996 0.7566964281249999 0.34821428593750003
2 0.6696428578125 0.5200892859375 0.6696428578125 0.546875 0.6830357140625 0.5870535718750001 0.71875 0.5959821421875 0.7410714281249999 0.578125 0.7455357140625 0.5245535718750001 0.7075892859375 0.491071428125 0.6696428578125 0.5200892859375
2 0.8660714281249999 0.5736607140625 0.8482142859374999 0.6495535718750001 0.8571428578125 0.6852678578125 0.8348214281249999 0.7165178578125 0.8392857140625001 0.7477678578125 0.875 0.7566964281249999 0.9508928578125 0.6495535718750001 0.9375 0.578125 0.9040178578125 0.5446428578125 0.8660714281249999 0.5736607140625
2 0.7209821421875 0.6607142859375 0.7142857140625 0.7120535718750001 0.7321428578125 0.765625 0.765625 0.7946428578125 0.7946428578125 0.7924107140625 0.8303571421875 0.7477678578125 0.8169642859374999 0.6852678578125 0.7924107140625 0.6607142859375 0.7209821421875 0.6607142859375
2 0.6584821421875 0.6473214281249999 0.625 0.6763392859375 0.625 0.7299107140625 0.6741071421875 0.7611607140625 0.7008928578125 0.7299107140625 0.7008928578125 0.6852678578125 0.6763392859375 0.6473214281249999 0.6584821421875 0.6473214281249999
2 0.828125 0.7767857140625 0.7857142859375 0.8191964281249999 0.7857142859375 0.8727678578125 0.8236607140625001 0.9330357140625001 0.8571428578125 0.9352678578125 0.8973214281249999 0.8861607140625001 0.8973214281249999 0.8191964281249999 0.8727678578125 0.7857142859375 0.828125 0.7767857140625
2 0.7321428578125 0.9129464281249999 0.7366071421875 0.9977678578125 0.8214285718750001 0.9977678578125 0.8258928578125 0.9486607140625001 0.7834821421875 0.8973214281249999 0.7477678578125 0.8839285718750001 0.7321428578125 0.9129464281249999
2 0.5647321421875 0.7276785718750001 0.53125 0.7611607140625 0.5223214281249999 0.8549107140625001 0.546875 0.8794642859374999 0.5982142859375 0.8861607140625001 0.6339285718750001 0.8370535718750001 0.6339285718750001 0.8058035718750001 0.6026785718750001 0.7477678578125 0.5647321421875 0.7276785718750001
2 0.5022321421875 1 0.5803571421875 0.9977678578125 0.546875 0.9330357140625001 0.5200892859375 0.9285714281249999 0.5 0.9486607140625001 0.5022321421875 1
2 0.40401785781250005 0.8973214281249999 0.37946428593750003 0.921875 0.375 0.9620535718750001 0.39955357187499996 0.9955357140625001 0.428571428125 0.9933035718750001 0.45535714218749995 0.9665178578125 0.459821428125 0.9308035718750001 0.444196428125 0.90625 0.40401785781250005 0.8973214281249999
2 0.32366071406249997 0.8392857140625001 0.2991071421875 0.8683035718750001 0.2946428578125 0.9084821421875 0.32366071406249997 0.9553571421875 0.34375 0.953125 0.38392857187499996 0.9040178578125 0.38392857187499996 0.8727678578125 0.359375 0.84375 0.32366071406249997 0.8392857140625001
2 0.375 0.8102678578125 0.37946428593750003 0.8504464281249999 0.40625 0.8727678578125 0.446428571875 0.8236607140625001 0.446428571875 0.796875 0.412946428125 0.7767857140625 0.375 0.8102678578125
2 0.1428571421875 0.9486607140625001 0.15178571406250002 0.9933035718750001 0.24107142812500001 0.9977678578125 0.24107142812500001 0.921875 0.2075892859375 0.8839285718750001 0.180803571875 0.8839285718750001 0.1428571421875 0.9486607140625001
2 0.46651785781250005 0.8258928578125 0.44196428593750003 0.8549107140625001 0.44196428593750003 0.8950892859374999 0.46651785781250005 0.9285714281249999 0.49553571406249997 0.9352678578125 0.5178571421875 0.9129464281249999 0.5178571421875 0.8727678578125 0.493303571875 0.8303571421875 0.46651785781250005 0.8258928578125
2 0.41741071406249997 0.6160714281249999 0.38392857187499996 0.6629464281249999 0.38392857187499996 0.7120535718750001 0.40848214218749995 0.7544642859375 0.45535714218749995 0.765625 0.48214285781250005 0.7299107140625 0.48214285781250005 0.6495535718750001 0.462053571875 0.6205357140625 0.41741071406249997 0.6160714281249999
2 0.35044642812500004 0.5133928578125 0.31696428593750003 0.5424107140625 0.3125 0.5691964281249999 0.3258928578125 0.6183035718750001 0.3616071421875 0.6316964281249999 0.3928571421875 0.609375 0.40178571406249997 0.578125 0.38392857187499996 0.5290178578125 0.35044642812500004 0.5133928578125
2 0.3459821421875 0.2142857140625 0.30357142812500004 0.24330357187499999 0.2991071421875 0.296875 0.32366071406249997 0.33928571406249997 0.3571428578125 0.3415178578125 0.39732142812500004 0.29241071406249997 0.39732142812500004 0.25669642812500004 0.3727678578125 0.21875 0.3459821421875 0.2142857140625
2 0.47321428593750003 0.13616071406250002 0.46875 0.1852678578125 0.49776785781250005 0.22767857187499999 0.5357142859375 0.2299107140625 0.5580357140625 0.203125 0.5625 0.13616071406250002 0.5200892859375 0.0982142859375 0.47321428593750003 0.13616071406250002
2 0.38169642812500004 0 0.3571428578125 0.037946428125 0.37053571406249997 0.100446428125 0.40178571406249997 0.11383928593749999 0.446428571875 0.069196428125 0.446428571875 0.0290178578125 0.42633928593750003 0 0.38169642812500004 0
2 0.59375 0.078125 0.5892857140625 0.149553571875 0.6339285718750001 0.180803571875 0.6785714281249999 0.109375 0.6651785718750001 0.0647321421875 0.6183035718750001 0.0491071421875 0.59375 0.078125
2 0.6897321421875 0.1428571421875 0.6607142859375 0.171875 0.65625 0.22544642812500001 0.6808035718750001 0.27232142812500004 0.71875 0.27455357187499996 0.7544642859375 0.234375 0.7544642859375 0.1897321421875 0.734375 0.147321428125 0.6897321421875 0.1428571421875
2 0.8549107140625001 0.27232142812500004 0.8214285718750001 0.296875 0.8080357140625001 0.35491071406249997 0.8370535718750001 0.39732142812500004 0.8839285718750001 0.40401785781250005 0.9241071421875 0.3459821421875 0.9241071421875 0.31919642812500004 0.8950892859374999 0.28571428593750003 0.8549107140625001 0.27232142812500004
2 0.9709821421875 0.3125 1 0.3102678578125 0.9888392859374999 0.1428571421875 0.9419642859374999 0.194196428125 0.9375 0.25669642812500004 0.9709821421875 0.3125
2 0.118303571875 0.1741071421875 0.09375 0.19866071406250002 0.0758928578125 0.2790178578125 0.100446428125 0.30803571406249997 0.1428571421875 0.3102678578125 0.180803571875 0.2991071421875 0.2053571421875 0.2477678578125 0.1584821421875 0.178571428125 0.118303571875 0.1741071421875
2 0 0.2299107140625 0.0290178578125 0.25446428593750003 0.053571428125 0.2522321421875 0.084821428125 0.2209821421875 0.09375 0.14508928593749998 0.0736607140625 0.11160714218750001 0.0334821421875 0.102678571875 0 0.140625 0 0.2299107140625
2 0.02421875 0.35 0.0484375 0.146875
2 0.56484375 0.02890625 0.1109375 0.0578125
2 0.875 0.96640625 0.109375 0.0671875
2 0.83125 0.503125 0.11484375 0.13671875