0 0.64765625 0.68359375 0.08125 0.11484375
0 0.70625 0.7734375 0.05390625 0.06640625
0 0.72578125 0.9203125 0.08359375 0.08515625
0 0.8265625 0.959375 0.05390625 0.06484375
0 0.903125 0.60390625 0.0953125 0.10390625
0 0.89765625 0.11796875 0.07890625 0.1046875
0 0.44765625 0.90078125 0.115625 0.13671875
0 0.36875 0.94140625 0.084375 0.09375
0 0.2921875 0.709375 0.08828125 0.0828125
0 0.265625 0.62734375 0.0640625 0.06796875
0 0.04921875 0.49140625 0.0984375 0.16953125
0 0.07578125 0.25390625 0.11484375 0.1203125
0 0.20703125 0.3015625 0.059375 0.06953125
0 0.3 0.19375 0.2328125 0.18515625
0 0.353125 0.03125 0.06171875 0.06171875
0 0.19609375 0.04453125 0.06171875 0.0671875
0 0.084375 0.021875 0.071875 0.04375
0 0.02265625 0.953125 0.04453125 0.0671875
0 0.184375 0.121875 0.1453125 0.13828125
0 0.15 0.01640625 0.059375 0.03203125