2 0.7186612078125 0.584844778125 0.69624890625 0.5132356265625 0.662454221875 0.50085179375 0.6125944015625 0.5282853234375 0.595189340625 0.583829340625 0.6129188921875001 0.6360305359375 0.658090365625 0.6487500484375001 0.693560659375 0.6340304375 0.7186612078125 0.584844778125
2 0.5834880640625 0.4757484484375 0.5637500203125 0.4322469875 0.5289510890625 0.42421302031249997 0.5038533390625 0.44361817812500004 0.48745252343749995 0.4948123296875 0.500499325 0.5276055671875 0.5316169546875 0.541662209375 0.5764583437499999 0.5061975125 0.5834880640625 0.4757484484375
2 0.49716769375 0.3733489546875 0.48177951874999997 0.3308517390625 0.4576888125 0.31612653125 0.4185372171875 0.33686881875 0.4021364015625 0.3880629703125 0.40614778749999997 0.4302245046875 0.4412796015625 0.45666218125 0.4851167453125 0.4255473515625 0.49716769375 0.3733489546875
2 0.41955265468749997 0.213396953125 0.3998146125 0.1698954921875 0.3359037453125 0.16888565 0.3151558625 0.18929505468750002 0.3014293046875 0.26859689375 0.3385668125 0.316115340625 0.3716929328125 0.3214722484375 0.40482185 0.297048659375 0.41955265468749997 0.213396953125
2 0.41220124374999995 0.10632030625 0.4091941015625 0.05980890625 0.364693990625 0.0243358140625 0.3148341703125 0.0517693421875 0.297429109375 0.107313359375 0.3074631734375 0.1531561953125 0.3439349140625 0.16386721875000002 0.3817465828125 0.15885158593749998 0.41220124374999995 0.10632030625
2 0.3666610828125 0 0.3700481015625 0.02099019375 0.43061055000000004 0.046426421875 0.4744476921875 0.015311590625 0.47692376875000003 0 0.3666610828125 0
2 0.5858686093750001 0.0685254265625 0.6042695234375 0.0979730421875 0.644086884375 0.11403817812499999 0.6805614234374999 0.0949686984375 0.7110160859375 0.0424374203125 0.5929011281250001 0.0082958609375 0.5858686093750001 0.0685254265625
2 0.8444856406250001 0.4764421953125 0.8280932203125 0.43829484531249996 0.7986484015624999 0.42691525781250006 0.7574883125 0.45635727968750006 0.7454373640624999 0.508555675 0.7594884109375 0.536999046875 0.7993057718750001 0.55306418125 0.8334389359375001 0.5242907234375 0.8444856406250001 0.4764421953125
2 0.9147520671875 0.49953705 0.8625508734375 0.5172666015625 0.841800190625 0.5674565046875 0.8628753609375 0.6250118109375 0.891651615625 0.629364475 0.9237762890625 0.6092907515625 0.9328145015624999 0.5701419546875 0.9147520671875 0.49953705
2 1 0.4992638453125 0.9773258046875 0.486493046875 0.9435283203125 0.5038897140625 0.933818746875 0.5657920890625 0.9364930046875 0.593899778125 0.9639293328124999 0.613979096875 0.989695646875 0.6016008609375 1 0.5569678062500001 1 0.4992638453125
2 0.5386130984374999 0.8685791453125 0.5593553859375 0.907730740625 0.5837817734375 0.911079159375 0.6239404140625 0.8562065046875 0.6152434796875 0.8244175140625 0.58144879375 0.81203368125 0.5386130984374999 0.8685791453125
2 0.552006771875 0.77087359375 0.5346101062499999 0.7370761109374999 0.5085109078125 0.7310506359375 0.4609924625 0.76818814375 0.453962740625 0.7986372078125 0.48474189062499995 0.853851140625 0.5091682796875 0.8571995578125 0.53794733125 0.8317717218749999 0.552006771875 0.77087359375
2 0.48005634375 0.8642236828125001 0.46466816718750004 0.8217264671875 0.42652361718750004 0.8083383890625001 0.3927261328125 0.8257350562499999 0.3816794296875 0.8735835859375 0.39706760625 0.9160808015624999 0.4325351015625 0.9311416906250001 0.46566401874999996 0.9067181015625 0.48005634375 0.8642236828125001
2 0.44929398125000003 0.6303267515625001 0.4067967671875 0.6457149265625 0.39240444218750004 0.6882093453125 0.41347961250000004 0.7457646515625 0.4379060015625 0.74911306875 0.485760128125 0.7005987734375 0.4850943609375 0.66379135 0.44929398125000003 0.6303267515625001
2 0.3335064109375 0.754791671875 0.2836465921875 0.7822252 0.2715956421875 0.834423596875 0.28798806250000003 0.872570946875 0.315760071875 0.8812734765625001 0.35859296875 0.8545085125 0.37064391875 0.802310115625 0.3335064109375 0.754791671875
2 0.2739426125 0.784566575 0.2542045703125 0.7410651140625 0.22576399687499998 0.7253356609375 0.1866124015625 0.7460779484375 0.1688744578125 0.783218253125 0.16351475 0.8461248749999999 0.2060091671875 0.8605171984375 0.2555333046875 0.8444604578125 0.2739426125 0.784566575
2 0.28901469375 0.6299770796875 0.24450898593749998 0.6540649890625 0.232125153125 0.6878596734375 0.2431634625 0.72935264375 0.2776267125 0.7487633984375 0.31610974375 0.7209941875 0.3261522 0.677495525 0.28901469375 0.6299770796875
2 0.22877953281250002 0.6825055609375 0.21807690468750002 0.6296358015625 0.1956590078125 0.6175876515625001 0.161861525 0.63498431875 0.137765221875 0.6798201109375 0.1511449078125 0.731017059375 0.1876166484375 0.7417280828124999 0.220745565625 0.7173044921875 0.22877953281250002 0.6825055609375
2 0.3368716171875 0.551682284375 0.3234919328125 0.5004853359375 0.28200176093749996 0.48174314375 0.24519154062499998 0.5121894109375 0.2297949703125 0.5590336953125 0.2528786328125 0.6078892687499999 0.2937002421875 0.6196045359375 0.3268291609375 0.595180946875 0.3368716171875 0.551682284375
2 0.10329078124999999 0.7795313562499999 0.08154145 0.7745101265625001 0.0279975296875 0.837746834375 0.040040084375 0.8748899375000001 0.0755075796875 0.889950825 0.107632253125 0.8698771015625001 0.12102033125 0.8317325500000001 0.10329078124999999 0.7795313562499999
2 0 0.818406496875 0.009260934375 0.8196760046874999 0.07217315156250001 0.7654747125 0.07987423593750001 0.712272071875 0.0547820796875 0.6721162296875 0.008270679687500001 0.675123371875 0 0.68313675 0 0.818406496875
2 0.20390625 0.3703125 0.2109375 0.2390625
2 0.7015625 0.26953125 0.1765625 0.2265625