2 0.7405769531249999 0.8048554812500001 0.7926406609375001 0.789396259375 0.822051040625 0.7427665343750001 0.8069856 0.6507749828125 0.726594409375 0.603062359375 0.6517789265625 0.5973330390625 0.6291688734374999 0.6629974 0.662241221875 0.7511733703125001 0.7405769531249999 0.8048554812500001
2 0.5934936703125 0.7375175484375001 0.624959509375 0.6849183359375 0.59941988125 0.6427381421875 0.5477499531250001 0.6182695203125 0.5132993703125 0.669841003125 0.530912496875 0.7059532640625 0.5934936703125 0.7375175484375001
2 0.568532821875 0.8390972796874999 0.605869703125 0.7985354874999999 0.588355021875 0.7524412671875 0.4949971265625 0.70360246875 0.4727808546875 0.7293389875 0.505853203125 0.8175149562499999 0.568532821875 0.8390972796874999
2 0.44444148125 0.8698188328124999 0.48251075625000006 0.8562181796875 0.491957215625 0.8093915656249999 0.46651603281250004 0.7572294109375 0.4197878609375 0.7378009921875 0.392728278125 0.748515346875 0.37843850625000003 0.7803197984375 0.39389772968750003 0.83238350625 0.44444148125 0.8698188328124999
2 0.290951653125 0.74351841875 0.34570477187500004 0.7590328109375 0.37726905624999996 0.6964516374999999 0.36161294375 0.66435185 0.3139554890625 0.6379262140625 0.280827971875 0.6565670703125 0.2713815140625 0.7033936859375001 0.290951653125 0.74351841875
2 0.32455950625 0.8786194515625001 0.366542809375 0.8730437437499999 0.378143171875 0.8102656796875 0.36454251875 0.77219640625 0.290853209375 0.7535003796875 0.2605135453125 0.7931328875 0.28184380781249996 0.8572340171875 0.32455950625 0.8786194515625001
2 0.9141843156249999 0.8145539984375001 0.9376252078125 0.7658688140625001 0.9119871343750001 0.73367058125 0.8840967109375001 0.7274057593750001 0.8637390078125 0.7671367109375 0.881352134375 0.803248971875 0.9141843156249999 0.8145539984375001
2 0.9031746249999999 0.817440296875 0.846606215625 0.8847663375 0.9418778484375 0.84078274375 0.9031746249999999 0.817440296875
2 0.857812796875 0.8619161171874999 0.8791982296875 0.8192004203125001 0.85581250625 0.7610687781250001 0.8259650687500001 0.7507914812500001 0.773409134375 0.8161605078124999 0.8197435234375 0.8755167703125 0.857812796875 0.8619161171874999
2 1 0.46968249999999995 0.988629803125 0.45290777968749996 0.9547698921875 0.444587496875 0.9276118625 0.46528381249999995 0.9220794328125 0.520135375 0.9847590515625001 0.5417176984375 1 0.5267744359375001 1 0.46968249999999995
2 0.4239658421875 0.41539349999999997 0.47470648437499996 0.43286490468750005 0.514929665625 0.40331280312500006 0.5283885953125 0.3545291734375 0.5127324828125001 0.3224293859375 0.4471665671875 0.28983737187499997 0.3958352515625 0.3322577328125 0.39245672656249997 0.371157846875 0.4239658421875 0.41539349999999997
2 0.3490086359375 0.322811275 0.3858532890625 0.3321592875 0.44016935 0.29076665625000003 0.45568374062499994 0.2360135390625 0.42251294531249994 0.1578195296875 0.35890404375 0.1292399890625 0.3136406609375 0.1637338484375 0.300083284375 0.2224994390625 0.3490086359375 0.322811275
2 0.29581875156250004 0.3512372015625 0.3198935921875 0.3394951171875 0.33129706406250004 0.296680975 0.30976990937500004 0.2525437671875 0.275079159375 0.22724430624999997 0.250075034375 0.231989175 0.2278587625 0.2577256921875 0.245176553125 0.3237838359375 0.29581875156250004 0.3512372015625
2 0.2471887375 0.22097948281250002 0.270629628125 0.1722942984375 0.2530165015625 0.1361820375 0.2112300890625 0.12179382187500001 0.18470600937499998 0.1794332375 0.218270584375 0.2176994046875 0.2471887375 0.22097948281250002
2 0.2817377640625 0.1594260390625 0.3590024890625 0.119258028125 0.3495127546875 0.0692497796875 0.31389272031250004 0.0369531 0.2256183046875 0.080007409375 0.235206484375 0.1200336984375 0.2817377640625 0.1594260390625
2 0.0735143125 0.5217494828125 0.116328453125 0.5331529546875 0.1363908203125 0.523367884375 0.14182480625 0.4784982828125 0.12616869375 0.44639849531250003 0.08438228125 0.4320102796875 0.0512547640625 0.45065113593749995 0.049833253125 0.4935637234375 0.0735143125 0.5217494828125
2 0.29140325312500004 1 0.298570928125 0.983183925 0.2772406640625 0.9190827984375 0.2294847640625 0.9026391234375 0.202326734375 0.9233354374999999 0.178787396875 0.9820025828125001 0.18756532343750001 1 0.29140325312500004 1
2 0.1815319734375 0.90615936875 0.13974556093749999 0.8917711531249999 0.1818705859375 0.9730483515625 0.1932740578125 0.9302342093749999 0.1815319734375 0.90615936875
2 0.37734375 0.96171875 0.1921875 0.0765625
2 0.13359375 0.3515625 0.1859375 0.196875
2 0.709375 0.46015625 0.2515625 0.2890625