2 0.05078125 0.19296875 0.1015625 0.1421875
2 0.16875 0.61953125 0.10546875 0.146875
2 0.06328125 0.7578125 0.1265625 0.14375
2 0.27109375 0.296875 0.12734375 0.1625
2 0.31796875 0.47109375 0.11953125 0.16171875
2 0.5296875 0.0671875 0.12421875 0.134375
2 0.61875 0.27578125 0.11171875 0.15625
2 0.68984375 0.09140625 0.15625 0.1828125
2 0.821875 0.31796875 0.140625 0.171875
2 0.48984375 0.859375 0.09375 0.13125
2 0.5359375 0.76875 0.10859375 0.140625
2 0.67578125 0.77578125 0.1296875 0.1625
2 0.9234375 0.07109375 0.125 0.1421875
2 0.975 0.34765625 0.05 0.17109375
2 0.9640625 0.77890625 0.07109375 0.16484375
2 0.95625 0.95625 0.0875 0.0875
2 0.54140625 0.5421875 0.1328125 0.17578125
2 0.18046875 0.93046875 0.10234375 0.13828125
2 0.896875 0.88359375 0.1328125 0.18046875