2 0.60531241875 0.942972396875 0.6564524796875 0.9749394312499999 0.6817788703125001 0.96621885625 0.7038503453125 0.9137645890625 0.6722925703125 0.8632510312499999 0.626896615625 0.8411099453125 0.5974187703125 0.8583422609375001 0.5878712671875 0.8923196171875001 0.60531241875 0.942972396875
2 0.45798440156250003 0.892188803125 0.48137008281250004 0.8298389765625 0.417497215625 0.7951739171875001 0.39521690781249996 0.8264532484375 0.4053909125 0.8560007031250001 0.45798440156250003 0.892188803125
2 0.37341546875 0.763137271875 0.415974175 0.783894540625 0.447941209375 0.7327544796875001 0.4334069171875 0.690543828125 0.39790652187500003 0.6697169484375001 0.3697428828125 0.6770537078125 0.35466010937500003 0.72238005 0.37341546875 0.763137271875
2 0.3536327578125 0.9045123500000001 0.3802733546875 0.885896215625 0.38982085781250003 0.8519188609375 0.3709262765625 0.797045015625 0.32130925625 0.7763573578125 0.28650497656249996 0.8261136 0.32110883281249997 0.8991859124999999 0.3536327578125 0.9045123500000001
2 0.26395463124999996 0.9731631734375 0.2962697203125 0.9573146734375 0.30713143125000003 0.9134417609375 0.272666796875 0.854486071875 0.24298011874999997 0.850543453125 0.209629265625 0.904520759375 0.23419834062499997 0.9621622406249999 0.26395463124999996 0.9731631734375
2 0.506757675 0.684173221875 0.5493163828125 0.7049304890625 0.5788638374999999 0.694756484375 0.5869579109374999 0.656558065625 0.5738770484375 0.6185684796875 0.544051146875 0.6005092359375 0.51166644375 0.6092994234375 0.49367681250000006 0.6461836359375 0.506757675 0.684173221875
2 0.4129892953125 0.62439060625 0.44661859374999996 0.5986465484375 0.44917739531249995 0.5717971171875 0.3922932296875 0.530004134375 0.35866393125 0.5557481921874999 0.3817795765625 0.6091686078125 0.4129892953125 0.62439060625
2 0.44515675468750004 0.45042199062500005 0.4891688921875 0.47540032343750005 0.5144952828125 0.46667974843750004 0.5266711984375 0.412911275 0.5064624109375 0.3679329890625 0.4724154453125 0.3513271734375 0.44425180781250007 0.35866393125 0.4291690328125 0.40399027500000007 0.44515675468750004 0.45042199062500005
2 0.32993499375 0.362614959375 0.362598140625 0.382058021875 0.41339014531249996 0.378733496875 0.430065571875 0.3517448421875 0.41539205625 0.2954175671875 0.35864711250000003 0.267741209375 0.33048347499999997 0.2750779671875 0.3110404140625 0.30774111406250004 0.32993499375 0.362614959375
2 0.3992819296875 0.5228762109375 0.44751513281250005 0.5464011140625 0.47408611718750004 0.5207266671874999 0.4738076734375 0.49249341874999997 0.42813327343749996 0.4421190828125 0.3887598671875 0.45803719374999996 0.380526571875 0.4821189890625 0.3992819296875 0.5228762109375
2 0.5461838703125 0.3873064390625 0.5916494375 0.4165058390625 0.638081153125 0.40051811718749997 0.6573849921875 0.35373834375 0.634130125 0.28620130312500003 0.587280740625 0.2598391515625 0.5451397015625 0.28143175625 0.5287427203124999 0.3366536578125 0.5461838703125 0.3873064390625
2 0.610892075 0.5066712453125 0.6492297171875 0.52888194375 0.6857658734375 0.511580015625 0.68963888125 0.47483502343749995 0.6694300953125001 0.42985673750000003 0.635383128125 0.41325092343750003 0.612893984375 0.423355315625 0.5978112109375 0.46868165937499995 0.610892075 0.5066712453125
2 0.702432890625 0.34058786875 0.7263058515624999 0.327646228125 0.7384817671875 0.27387775468750003 0.7254009031249999 0.23588816875 0.6970284328125 0.22204999062500003 0.66187609375 0.2365146703125 0.649700178125 0.2902831453125 0.702432890625 0.34058786875
2 0.795922825 0.372137234375 0.8328070375 0.39012686875 0.8651221281250001 0.37427836875 0.8816583328125001 0.333173090625 0.8627637515625001 0.27829924375 0.817367796875 0.256158159375 0.78498309375 0.2649483453125 0.7699003203125 0.3102746875 0.795922825 0.372137234375
2 0.7747562968749999 0.5163495609375001 0.8173150031249999 0.53710683125 0.853503103125 0.48451334062500007 0.8402830171875 0.4324071296875 0.8075502578125 0.40590575624999997 0.7738513484375 0.42459150156250003 0.7573151453125 0.46569678124999997 0.7747562968749999 0.5163495609375001
2 0.8253478765625 0.6358535890625 0.8750345062499999 0.6635995593749999 0.9042339046875 0.61813399375 0.8896996125 0.5759233421875 0.8512923593749999 0.54665433125 0.8273497859375001 0.5525376609375 0.8108135828125 0.5936429375000001 0.8253478765625 0.6358535890625
2 1 0.4516068046875 0.9915536546875 0.4535040453125 0.9777850875 0.48893483125000003 1 0.5204390734375 1 0.4516068046875
2 0.6580642875 0.1363144828125 0.7006229953124999 0.15707175 0.7272635921874999 0.1384556171875 0.7368110953125 0.10447826093749998 0.7166023078125 0.059499975000000004 0.67978770625 0.048568653125 0.6572985625000001 0.0586730484375 0.64352999375 0.09410383125 0.6580642875 0.1363144828125
2 0.5938191203125001 0 0.5764718249999999 0.02276339375 0.5939129750000001 0.0734161734375 0.6194482 0.085870534375 0.640553525 0.0786033890625 0.6543220937500001 0.04317260625 0.6397878 0.0009619546875 0.6378155 0 0.5938191203125001 0
2 0.2078025515625 0.43299765937499995 0.2574891828125 0.460743628125 0.28558320937500004 0.4463485578125 0.2951307109375 0.41237120312500003 0.2747827015625 0.3532762921875 0.23084017656250003 0.33535627031250004 0.1956878390625 0.34982095156250004 0.1875937640625 0.388019371875 0.2078025515625 0.43299765937499995
2 0.20338106250000001 0.5572796421875 0.2373584171875 0.5668271453125 0.26399901406250004 0.548211009375 0.273546515625 0.5142336546874999 0.25901222343749997 0.47202300468749997 0.209395203125 0.451335346875 0.1814404 0.479847040625 0.17618357499999998 0.5194292796875 0.20338106250000001 0.5572796421875
2 0.2454609 0.6726322171875 0.2792294203125 0.6610047828125001 0.26157943437500003 0.589177065625 0.22476483281249998 0.5782457453125 0.205252159375 0.6038505796875 0.2127977515625 0.6531891546875 0.2454609 0.6726322171875
2 0.144695409375 0.4759740328125 0.1469757671875 0.42089135468750005 0.0916842515625 0.3974360609375 0.062276018749999995 0.4217266890625 0.071275040625 0.47528632968749995 0.144695409375 0.4759740328125
2 0 0.45606740312499994 0.03584425625 0.4615177609375 0.0482986171875 0.4359825375 0.037985390625 0.39231845781249997 0 0.3823602140625 0 0.45606740312499994
2 0.090848915625 0.3127363140625 0.1363144828125 0.3419357125 0.1616408734375 0.3332151375 0.1739560109375 0.2935632875 0.1423982359375 0.2430497296875 0.10579246875 0.253293346875 0.08634940468749999 0.28595649375 0.090848915625 0.3127363140625
2 0.990996765625 0.3970375484375 0.9560448515625 0.28867367499999996 0.9423458953124999 0.3311627703125 0.961240475 0.386036615625 0.990996765625 0.3970375484375
2 0.87421875 0.7609375 0.209375 0.2765625