2 0.0646681703125 0.123694728125 0.11179449999999999 0.0972593015625 0.11576559374999999 0.043649059375 0.090008025 0.0350495265625 0.0651679375 0.0491949796875 0.0646681703125 0.123694728125
2 0.5364657265624999 0.1984201203125 0.58057946875 0.16246768125 0.5954643140625 0.09702620468749999 0.5771491671875 0.055705934375 0.54001910625 0.04756514375 0.498459209375 0.0816621046875 0.48427273125000003 0.1426942578125 0.5025878796875001 0.18401452812500002 0.5364657265624999 0.1984201203125
2 0.6796591656250001 0.20753993125 0.7237729093749999 0.1715874921875 0.7314549578125 0.123084940625 0.7043211640625 0.0803679328125 0.670902059375 0.077334834375 0.6402559125 0.0996005625 0.6260694359375 0.160632715625 0.640673628125 0.19684529374999998 0.6796591656250001 0.20753993125
2 0.6164293437499999 0.421262025 0.6032218874999999 0.3762307984375 0.5705011484375 0.3687883765625 0.538458265625 0.3998727515625 0.52636689375 0.4476769359375 0.5565132734375 0.49991095625000004 0.5978335421875001 0.481595809375 0.6164293437499999 0.421262025
2 0.66183725625 0.5911715390625 0.6688209374999999 0.5470783109374999 0.6296162859375001 0.50922936875 0.5996685078125 0.527085775 0.5838661796875 0.56978226875 0.592205571875 0.6027426328125001 0.6228312046875 0.623413025 0.66183725625 0.5911715390625
2 0.84876775 0.38122194062500003 0.8318493390624999 0.331083025 0.807248878125 0.3294466609375 0.7687015671874999 0.37306063749999996 0.7726316375 0.40532263437499993 0.798149578125 0.42970398125 0.8350605265625 0.410690465625 0.84876775 0.38122194062500003
2 0.8522185640625001 0.4450475671875 0.8145887359374999 0.5114065250000001 0.8298912968750001 0.5432097812500001 0.856347234375 0.5473999890625 0.8995434937500001 0.48870256875000007 0.8856376703125 0.44808066718750006 0.8522185640625001 0.4450475671875
2 0.7667230125 0.6281235125 0.8013197406250001 0.5951836609375001 0.81480785 0.53856083125 0.7920833796875 0.49654219375 0.7637719656249999 0.48979813906249997 0.7331258187499999 0.5120638671875 0.71453001875 0.5723976515625 0.73655611875 0.6188256125 0.7667230125 0.6281235125
2 0.9225075921875 0.5149393921875001 0.8855761296875 0.5768890265625 0.9134082921875001 0.6151967093749999 0.9524143437499999 0.5829552265625 0.95869965625 0.54327131875 0.95081900625 0.521683446875 0.9225075921875 0.5149393921875001
2 0.951633921875 0.7591090312500001 0.90287123125 0.810144915625 0.9214054921875 0.878619490625 0.9460059515625 0.8802558546875 0.9648618921875001 0.7612041359374999 0.951633921875 0.7591090312500001
2 1 0.07509709375 0.996753728125 0.0747054640625 0.9793355515625001 0.0990662984375 0.9776786749999999 0.16660287812500002 0.9936796031249999 0.1939968109375 1 0.1949978640625 1 0.07509709375
2 0.79272994375 1 0.8092759140625001 0.9444786828125 0.7570624078125 0.9316889421875001 0.73222231875 0.94583439375 0.7194325796875 0.9980479000000001 0.7203718578125 1 0.79272994375 1
2 0.47767972500000005 0.82641996875 0.537335653125 0.8064889703125001 0.5698577921875 0.7438409671875 0.5524806390625 0.6823295593750001 0.5104825140625 0.662117909375 0.4805347359375 0.679974315625 0.4568312453125 0.74401905625 0.45194266718750004 0.7748843171875001 0.47767972500000005 0.82641996875
2 0.4661291453125 0.7138521640625 0.4773030359375 0.6433029953125 0.43089558749999995 0.6223929765625 0.3719175125 0.680850771875 0.36493383125 0.7249440015624999 0.396476946875 0.768359375 0.45102518593749996 0.7521393328125 0.4661291453125 0.7138521640625
2 0.36635108125000004 0.6731892359375 0.42858136875 0.608466640625 0.4341683140625 0.5731920578125 0.41074547499999997 0.535582740625 0.3780247375 0.52814031875 0.348775328125 0.5415874015625 0.3227576171875 0.5917058046875 0.32830353749999996 0.6423034609375 0.36635108125000004 0.6731892359375
2 0.33097393125 0.8822828921875001 0.29522009374999997 0.908259575 0.2854429390625 0.969990096875 0.36666622968749996 0.98511456875 0.3782988625 0.9259378921874999 0.3548760234375 0.8883285781250001 0.33097393125 0.8822828921875001
2 0.416825659375 0.9252600375 0.45583170937500006 0.893018553125 0.47093567031249994 0.8547313828125 0.45355851875 0.7932199765625 0.415969715625 0.77370669375 0.3720956015625 0.79387731875 0.348392109375 0.8579220578125 0.374129165625 0.909457709375 0.416825659375 0.9252600375
2 0.1342728140625 0.6545113828125 0.16446022031250002 0.6208731625 0.167034578125 0.576081565625 0.14732269375 0.5435799421875 0.123420603125 0.5375342546875 0.09277445625 0.559799984375 0.07998471562500001 0.6120134921875 0.0952872765625 0.643816746875 0.1342728140625 0.6545113828125
2 0.1134653609375 0.4862382296875 0.09213762812500001 0.43540094687500003 0.071946490625 0.43446295 0.04130034375 0.45672868125 0.03361829375 0.5052312328124999 0.0452099 0.5319267984375 0.07096746875 0.5405263296875 0.1134653609375 0.4862382296875
2 0.0646681703125 0.123694728125 0.11109613125 0.101668625 0.11947654999999999 0.04875675 0.090008025 0.0350495265625 0.0651679375 0.0491949796875 0.0646681703125 0.123694728125
2 0.1729571859375 0.8097961953124999 0.20244622343750002 0.7805672968749999 0.2159343328125 0.7239444671874999 0.19390823125 0.67751650625 0.16930777187499998 0.6758801421875 0.143070946875 0.6988442390625 0.1309795734375 0.746648425 0.1409348171875 0.7979444484375 0.1729571859375 0.8097961953124999
2 0.69296875 0.7234375 0.15625 0.24375
2 0.85234375 0.21015625 0.1640625 0.234375
2 0.12109375 0.81171875 0.1734375 0.2546875