2 0.5580357140625 0.9799107140625001 0.5691964281249999 1 0.6517857140625 0.9977678578125 0.65625 0.9129464281249999 0.6049107140625 0.8794642859374999 0.5669642859375 0.9129464281249999 0.5580357140625 0.9799107140625001
2 0.47321428593750003 0.8995535718750001 0.48660714218749995 0.9308035718750001 0.5178571421875 0.9441964281249999 0.5535714281249999 0.8549107140625001 0.5066964281249999 0.8169642859374999 0.477678571875 0.8504464281249999 0.47321428593750003 0.8995535718750001
2 0.3883928578125 0.9977678578125 0.45089285781250005 0.9977678578125 0.45089285781250005 0.953125 0.42633928593750003 0.9285714281249999 0.39508928593750003 0.9330357140625001 0.3883928578125 0.9977678578125
2 0.30803571406249997 0.9933035718750001 0.375 0.9977678578125 0.3571428578125 0.921875 0.31919642812500004 0.90625 0.2991071421875 0.9308035718750001 0.30803571406249997 0.9933035718750001
2 0.12276785781249999 0.7455357140625 0.10714285781249999 0.8013392859374999 0.12053571406250001 0.8370535718750001 0.15178571406250002 0.8459821421875 0.178571428125 0.828125 0.18303571406250002 0.796875 0.149553571875 0.7455357140625 0.12276785781249999 0.7455357140625
2 0.1852678578125 0.7008928578125 0.165178571875 0.7477678578125 0.19196428593749998 0.8102678578125 0.2232142859375 0.828125 0.25446428593750003 0.7924107140625 0.25446428593750003 0.7522321421875 0.234375 0.7142857140625 0.1852678578125 0.7008928578125
2 0.18303571406250002 0.6361607140625 0.19196428593749998 0.6808035718750001 0.24107142812500001 0.6986607140625 0.2633928578125 0.6361607140625 0.2388392859375 0.6071428578125 0.2075892859375 0.6026785718750001 0.18303571406250002 0.6361607140625
2 0.3147321421875 0.5758928578125 0.29017857187499996 0.609375 0.29017857187499996 0.6495535718750001 0.33928571406249997 0.6852678578125 0.36607142812500004 0.6495535718750001 0.36607142812500004 0.6138392859375 0.33705357187499996 0.5758928578125 0.3147321421875 0.5758928578125
2 0.33482142812500004 0.7120535718750001 0.33928571406249997 0.7388392859375 0.36607142812500004 0.7477678578125 0.41964285781250005 0.6986607140625 0.41964285781250005 0.6540178578125 0.390625 0.6383928578125 0.33482142812500004 0.7120535718750001
2 0.43973214218749995 0.5758928578125 0.41964285781250005 0.6004464281249999 0.42410714218749995 0.6584821421875 0.44866071406249997 0.6830357140625 0.47321428593750003 0.6808035718750001 0.49553571406249997 0.6540178578125 0.49553571406249997 0.6138392859375 0.46651785781250005 0.5758928578125 0.43973214218749995 0.5758928578125
2 0.43973214218749995 0.446428571875 0.41071428593750003 0.47991071406249997 0.41071428593750003 0.5200892859375 0.430803571875 0.5491071421875 0.459821428125 0.5513392859375 0.49776785781250005 0.5491071421875 0.5089285718750001 0.5245535718750001 0.477678571875 0.462053571875 0.43973214218749995 0.446428571875
2 0.165178571875 0.444196428125 0.16071428593749998 0.484375 0.180803571875 0.5133928578125 0.20982142812500001 0.5111607140625 0.2321428578125 0.45758928593750003 0.21205357187499999 0.42410714218749995 0.1897321421875 0.42410714218749995 0.165178571875 0.444196428125
2 0.24107142812500001 0.35491071406249997 0.22767857187499999 0.39955357187499996 0.24107142812500001 0.444196428125 0.28125 0.462053571875 0.30803571406249997 0.42633928593750003 0.30803571406249997 0.3772321421875 0.265625 0.34375 0.24107142812500001 0.35491071406249997
2 0.133928571875 0.32366071406249997 0.12946428593749998 0.3772321421875 0.1584821421875 0.41964285781250005 0.18303571406250002 0.421875 0.20982142812500001 0.38616071406249997 0.20982142812500001 0.31919642812500004 0.1584821421875 0.30357142812500004 0.133928571875 0.32366071406249997
2 0.0647321421875 0.3571428578125 0.03125 0.42633928593750003 0.053571428125 0.475446428125 0.09375 0.5022321421875 0.11160714218750001 0.475446428125 0.116071428125 0.40848214218749995 0.09375 0.36830357187499996 0.0647321421875 0.3571428578125
2 0.071428571875 0.21205357187499999 0.0625 0.2790178578125 0.087053571875 0.32142857187499996 0.12053571406250001 0.32366071406249997 0.147321428125 0.2477678578125 0.12946428593749998 0.2075892859375 0.0959821421875 0.19196428593749998 0.071428571875 0.21205357187499999
2 0.25 0.055803571875 0.2790178578125 0 0.18303571406250002 0.0022321421875000002 0.203125 0.040178571875 0.25 0.055803571875
2 0.390625 0.2142857140625 0.3616071421875 0.26116071406249997 0.36607142812500004 0.31919642812500004 0.40625 0.35491071406249997 0.446428571875 0.30580357187499996 0.446428571875 0.24330357187499999 0.42633928593750003 0.2142857140625 0.390625 0.2142857140625
2 0.38169642812500004 0.0892857140625 0.3571428578125 0.12276785781249999 0.3571428578125 0.16741071406250002 0.38169642812500004 0.19196428593749998 0.40625 0.1897321421875 0.42410714218749995 0.171875 0.42410714218749995 0.1272321421875 0.40401785781250005 0.09375 0.38169642812500004 0.0892857140625
2 0.5245535718750001 0.0133928578125 0.477678571875 0.060267857812500006 0.48214285781250005 0.118303571875 0.5223214281249999 0.140625 0.5535714281249999 0.12276785781249999 0.5669642859375 0.0825892859375 0.5580357140625 0.037946428125 0.5245535718750001 0.0133928578125
2 0.5089285718750001 0.171875 0.5133928578125 0.21205357187499999 0.5446428578125 0.22544642812500001 0.5758928578125 0.194196428125 0.5602678578125 0.1383928578125 0.5245535718750001 0.147321428125 0.5089285718750001 0.171875
2 0.6049107140625 0.20982142812500001 0.5424107140625 0.2321428578125 0.5178571421875 0.265625 0.5267857140625 0.3147321421875 0.5714285718750001 0.3415178578125 0.609375 0.3303571421875 0.6339285718750001 0.296875 0.6339285718750001 0.2477678578125 0.6049107140625 0.20982142812500001
2 0.6741071421875 0.412946428125 0.6964285718750001 0.462053571875 0.7232142859375 0.462053571875 0.75 0.42633928593750003 0.7455357140625 0.38616071406249997 0.703125 0.36607142812500004 0.6741071421875 0.412946428125
2 0.7723214281249999 0.29241071406249997 0.7633928578125 0.3459821421875 0.7790178578125 0.375 0.8125 0.38616071406249997 0.8348214281249999 0.35044642812500004 0.8348214281249999 0.3102678578125 0.796875 0.27232142812500004 0.7723214281249999 0.29241071406249997
2 0.6964285718750001 0.17633928593749998 0.7098214281249999 0.21205357187499999 0.7366071421875 0.2209821421875 0.7678571421875 0.16741071406250002 0.75 0.12276785781249999 0.7254464281249999 0.116071428125 0.6964285718750001 0.17633928593749998
2 0.765625 0 0.7410714281249999 0.0424107140625 0.75 0.10491071406250001 0.7678571421875 0.10491071406250001 0.8035714281249999 0.0647321421875 0.796875 0 0.765625 0
2 0.8258928578125 0.0825892859375 0.8169642859374999 0.1272321421875 0.8415178578125 0.16071428593749998 0.8571428578125 0.1584821421875 0.8839285718750001 0.13616071406250002 0.8973214281249999 0.0915178578125 0.8504464281249999 0.0580357140625 0.8258928578125 0.0825892859375
2 1 0.5200892859375 0.9799107140625001 0.5178571421875 0.9464285718750001 0.5558035718750001 0.9464285718750001 0.609375 0.9665178578125 0.6339285718750001 1 0.6361607140625 1 0.5200892859375
2 0.59375 0.7522321421875 0.6049107140625 0.7723214281249999 0.6428571421875 0.7790178578125 0.65625 0.7165178578125 0.6272321421875 0.6964285718750001 0.5982142859375 0.7120535718750001 0.59375 0.7522321421875
2 0.90625 0.7165178578125 0.9017857140625001 0.765625 0.921875 0.7946428578125 0.9598214281249999 0.7924107140625 0.9776785718750001 0.7611607140625 0.9732142859374999 0.7120535718750001 0.9352678578125 0.6919642859375 0.90625 0.7165178578125
2 0.90625 0.8816964281249999 0.90625 0.9174107140625001 0.9732142859374999 0.921875 0.9776785718750001 0.8683035718750001 0.9620535718750001 0.84375 0.9308035718750001 0.8482142859374999 0.90625 0.8816964281249999
2 0.88515625 0.95234375 0.09375 0.09453125
2 0.603125 0.54296875 0.14609375 0.23203125