0 0.53515625 0.72890625 0.1046875 0.1171875
0 0.3828125 0.91171875 0.171875 0.1765625
0 0.54921875 0.525 0.1015625 0.1015625
0 0.80859375 0.59453125 0.0953125 0.1015625
0 0.8421875 0.51796875 0.0828125 0.09375
0 0.88046875 0.475 0.0890625 0.0921875
0 0.95234375 0.50078125 0.0953125 0.1390625
0 0.934375 0.5859375 0.1015625 0.1015625
0 0.93046875 0.68671875 0.1390625 0.1703125
0 0.30859375 0.5921875 0.0828125 0.096875
0 0.22265625 0.628125 0.1640625 0.1828125
0 0.2796875 0.40390625 0.1953125 0.221875
0 0.3875 0.4328125 0.128125 0.1515625
0 0.66796875 0.37890625 0.1203125 0.13125
0 0.759375 0.2875 0.0890625 0.0953125
0 0.140625 0.8671875 0.084375 0.1140625
0 0.81640625 0.86328125 0.1109375 0.10625
0 0.715625 0.784375 0.0828125 0.09375
0 0.61171875 0.9609375 0.0859375 0.078125
0 0.1359375 0.453125 0.165625 0.1875
0 0.04765625 0.42578125 0.0953125 0.1015625
0 0.31953125 0.11015625 0.084375 0.090625
0 0.571875 0.6015625 0.1421875 0.1515625