0 0.7078125 0.36171875 0.18125 0.1921875
0 0.60390625 0.21640625 0.1984375 0.203125
0 0.3640625 0.05390625 0.259375 0.1078125
0 0.27109375 0.27890625 0.1828125 0.2
0 0.3125 0.50546875 0.2109375 0.21875
0 0.2921875 0.6265625 0.228125 0.24375
0 0.0796875 0.52109375 0.159375 0.1921875
0 0.58984375 0.57734375 0.2796875 0.3046875
0 0.48671875 0.7171875 0.171875 0.175
0 0.50859375 0.8 0.103125 0.1125
0 0.61015625 0.7796875 0.11875 0.1203125
0 0.88359375 0.64609375 0.2328125 0.2328125
0 0.784375 0.81640625 0.1609375 0.1734375