2 0.796875 0.6964285718750001 0.765625 0.7008928578125 0.7276785718750001 0.7477678578125 0.7366071421875 0.8102678578125 0.7723214281249999 0.828125 0.8125 0.8013392859374999 0.8258928578125 0.7700892859375 0.8258928578125 0.734375 0.796875 0.6964285718750001
2 0.546875 0.7142857140625 0.46428571406249997 0.8058035718750001 0.5290178578125 0.8526785718750001 0.5714285718750001 0.859375 0.6026785718750001 0.828125 0.6071428578125 0.7700892859375 0.5691964281249999 0.7142857140625 0.546875 0.7142857140625
2 0.42410714218749995 0.7433035718750001 0.44866071406249997 0.7723214281249999 0.48214285781250005 0.7745535718750001 0.5267857140625 0.6897321421875 0.5111607140625 0.6517857140625 0.41964285781250005 0.6808035718750001 0.42410714218749995 0.7433035718750001
2 0.5357142859375 0.6004464281249999 0.5267857140625 0.6495535718750001 0.5558035718750001 0.7053571421875 0.5892857140625 0.7075892859375 0.6160714281249999 0.671875 0.6205357140625 0.6316964281249999 0.5870535718750001 0.5803571421875 0.5357142859375 0.6004464281249999
2 0.475446428125 0.48660714218749995 0.444196428125 0.48660714218749995 0.41964285781250005 0.5111607140625 0.39732142812500004 0.5691964281249999 0.415178571875 0.6450892859375 0.45535714218749995 0.6540178578125 0.49776785781250005 0.6473214281249999 0.5267857140625 0.6049107140625 0.5133928578125 0.515625 0.475446428125 0.48660714218749995
2 0.5267857140625 0.49776785781250005 0.5267857140625 0.5424107140625 0.5513392859375 0.5758928578125 0.5758928578125 0.5736607140625 0.6026785718750001 0.515625 0.5825892859375 0.477678571875 0.5513392859375 0.47321428593750003 0.5267857140625 0.49776785781250005
2 0.35491071406249997 0.6696428578125 0.32142857187499996 0.6941964281249999 0.32142857187499996 0.7522321421875 0.3415178578125 0.78125 0.375 0.7879464281249999 0.40625 0.7611607140625 0.41071428593750003 0.703125 0.390625 0.6741071421875 0.35491071406249997 0.6696428578125
2 0.25446428593750003 0.5691964281249999 0.25 0.6272321421875 0.2633928578125 0.6763392859375 0.30357142812500004 0.6852678578125 0.33482142812500004 0.6495535718750001 0.33482142812500004 0.5915178578125 0.2834821421875 0.5491071421875 0.25446428593750003 0.5691964281249999
2 0.165178571875 0.6138392859375 0.1741071421875 0.6808035718750001 0.2075892859375 0.7098214281249999 0.2321428578125 0.7075892859375 0.25 0.6763392859375 0.2366071421875 0.5959821421875 0.1852678578125 0.5803571421875 0.165178571875 0.6138392859375
2 0.1741071421875 0.493303571875 0.1741071421875 0.546875 0.194196428125 0.5758928578125 0.2321428578125 0.578125 0.2633928578125 0.5245535718750001 0.234375 0.477678571875 0.194196428125 0.477678571875 0.1741071421875 0.493303571875
2 0 0.5736607140625 0.071428571875 0.6049107140625 0.11160714218750001 0.5558035718750001 0.0982142859375 0.48883928593750003 0.0647321421875 0.47321428593750003 0 0.5290178578125 0 0.5736607140625
2 0.0267857140625 0.7120535718750001 0.0446428578125 0.640625 0.0022321421875000002 0.59375 0 0.7075892859375 0.0267857140625 0.7120535718750001
2 0.008928571875000001 0.5022321421875 0.040178571875 0.47991071406249997 0.0446428578125 0.43526785781250005 0.0022321421875000002 0.39732142812500004 0.008928571875000001 0.5022321421875
2 0.087053571875 0.2142857140625 0.0625 0.22544642812500001 0.040178571875 0.2834821421875 0.0736607140625 0.3303571421875 0.0982142859375 0.33258928593750003 0.12946428593749998 0.3147321421875 0.1383928578125 0.2522321421875 0.12276785781249999 0.2232142859375 0.087053571875 0.2142857140625
2 0.0580357140625 0.0334821421875 0.0491071421875 0.0825892859375 0.078125 0.125 0.10714285781249999 0.12276785781249999 0.133928571875 0.0513392859375 0.12053571406250001 0.015625 0.0915178578125 0.0044642859375000005 0.0580357140625 0.0334821421875
2 0.35491071406249997 0.102678571875 0.3258928578125 0.149553571875 0.3303571421875 0.234375 0.36607142812500004 0.25669642812500004 0.41964285781250005 0.2299107140625 0.42410714218749995 0.14508928593749998 0.390625 0.102678571875 0.35491071406249997 0.102678571875
2 0.484375 0.133928571875 0.4375 0.1584821421875 0.42410714218749995 0.2165178578125 0.453125 0.27232142812500004 0.48660714218749995 0.27455357187499996 0.5133928578125 0.26116071406249997 0.53125 0.2165178578125 0.5089285718750001 0.149553571875 0.484375 0.133928571875
2 0.5379464281249999 0.0982142859375 0.5089285718750001 0.1272321421875 0.5223214281249999 0.180803571875 0.5535714281249999 0.194196428125 0.5803571421875 0.162946428125 0.5803571421875 0.12276785781249999 0.5602678578125 0.0982142859375 0.5379464281249999 0.0982142859375
2 0.45535714218749995 0.0915178578125 0.5044642859375 0.10491071406250001 0.53125 0.069196428125 0.5357142859375 0.0022321421875000002 0.444196428125 0 0.45535714218749995 0.0915178578125
2 0.6629464281249999 0.2142857140625 0.6116071421875 0.26116071406249997 0.6071428578125 0.31919642812500004 0.6361607140625 0.35267857187499996 0.6830357140625 0.359375 0.7321428578125 0.33705357187499996 0.75 0.2834821421875 0.6941964281249999 0.21875 0.6629464281249999 0.2142857140625
2 0.671875 0.37053571406249997 0.6473214281249999 0.40401785781250005 0.6473214281249999 0.453125 0.671875 0.48214285781250005 0.7053571421875 0.48883928593750003 0.7678571421875 0.41741071406249997 0.7678571421875 0.38169642812500004 0.7388392859375 0.3571428578125 0.671875 0.37053571406249997
2 0.8348214281249999 0.609375 0.8348214281249999 0.6629464281249999 0.8727678578125 0.7008928578125 0.9107142859374999 0.6986607140625 0.9241071421875 0.6629464281249999 0.9151785718750001 0.5959821421875 0.8727678578125 0.5803571421875 0.8348214281249999 0.609375
2 1 0.6183035718750001 0.9933035718750001 0.491071428125 0.9553571421875 0.5290178578125 0.9553571421875 0.5825892859375 1 0.6183035718750001
2 0.9977678578125 0.2455357140625 0.9776785718750001 0.31919642812500004 1 0.35044642812500004 0.9977678578125 0.2455357140625
2 0.984375 0.15625 1 0.1540178578125 0.9977678578125 0.0491071421875 0.96875 0.078125 0.9642857140625001 0.12276785781249999 0.984375 0.15625
2 0.8616071421875 0.0647321421875 0.8973214281249999 0.0736607140625 0.9330357140625001 0.055803571875 0.9575892859374999 0 0.84375 0.0022321421875000002 0.8616071421875 0.0647321421875