2 0.7073905468749999 0.385298421875 0.7621338015625 0.44653100781250005 0.8138158734375001 0.42734077656249997 0.841999934375 0.347463346875 0.8338518468749999 0.3026714640625 0.785375484375 0.2661055796875 0.7429322734375 0.2675972140625 0.7043293687500001 0.30487560625 0.7073905468749999 0.385298421875
2 0.6139664765624999 0.3658078375 0.6380098765625 0.3952497921875 0.6784160671875 0.3825601890625 0.6944672062499999 0.35828305 0.69978785 0.3092613 0.6823229890625 0.2866316203125 0.6488069890625 0.2882790796875 0.6237507265625 0.316863996875 0.6139664765624999 0.3658078375
2 0.676701990625 0.4807595171875 0.6990200203125 0.4811490796875 0.719534765625 0.45694985312499997 0.720158065625 0.42124100625 0.6983075125 0.394069809375 0.657823409375 0.41122301875 0.6570442843750001 0.45585907812500004 0.676701990625 0.4807595171875
2 0.522201159375 0.5070849703125 0.555249684375 0.5322191468749999 0.5911143562500001 0.5239152359375 0.611784925 0.4907887984375 0.61256405 0.446152740625 0.586327803125 0.41444002500000005 0.5484261109374999 0.41154596562499995 0.5142868125 0.4489022703125 0.522201159375 0.5070849703125
2 0.43636849218749996 0.43637978750000006 0.4851565046875 0.4550912484375 0.5196853671875 0.3954169140625 0.5026879828124999 0.34600559999999997 0.4762179984375 0.3276837015625 0.4314261140625 0.3358317890625 0.417100346875 0.3891613203125 0.43636849218749996 0.43637978750000006
2 0.436301875 0.5680951140625 0.4604231875 0.5930734656250001 0.4872827359375 0.589077334375 0.5079533046875 0.5559508984375 0.5041909125 0.5157005328125 0.47779884062500005 0.4929150296875 0.45321005156250005 0.4947183125 0.43246156874999997 0.5323083546875 0.436301875 0.5680951140625
2 0.47821099531250005 0.7251004421875 0.50248813125 0.74115158125 0.542738496875 0.7373891875 0.5587896359375 0.71311205 0.5552609796875 0.6594708671875 0.5290247328125 0.6277581515625 0.49112304062499995 0.6248640937500001 0.4657551265625 0.6713034343750001 0.47821099531250005 0.7251004421875
2 0.6925532796875 0.851628359375 0.7281842140625 0.856715265625 0.7576261703125 0.8326718640624999 0.76764415625 0.7703372078124999 0.755188290625 0.7165402015625 0.7110976203125 0.6845158359375 0.66153048125 0.7104404328125 0.6426631953124999 0.7681556578125 0.6925532796875 0.851628359375
2 0.5467459234375001 0.89150045625 0.5657803296874999 0.952109740625 0.6366526343750001 0.9846015828124999 0.6888021828124999 0.9386297156250001 0.6985864312500001 0.8896858765625 0.6642800125 0.808717671875 0.633502246875 0.78139065 0.570622203125 0.802617903125 0.5477587859375 0.83347358125 0.5467459234375001 0.89150045625
2 0.48097182031249996 0.950629403125 0.5121391484375 0.9556383953124999 0.5370395875 0.9359806890625 0.5427497921875 0.864640909375 0.507508421875 0.8372359749999999 0.47610735625 0.8456177968749999 0.4570063328125 0.916723840625 0.48097182031249996 0.950629403125
2 0.909733146875 0.3039959765625 0.938473890625 0.320125028125 0.9816962265625 0.2739973375 0.977933834375 0.233746971875 0.960313146875 0.2200445046875 0.9222556296875 0.22607765781250003 0.9015850593750001 0.25920409375000003 0.909733146875 0.3039959765625
2 0.1383197671875 0.3731327734375 0.176611021875 0.353708803125 0.15984737499999999 0.290906671875 0.1307949796875 0.29263204374999996 0.1100464984375 0.33022208750000004 0.1383197671875 0.3731327734375
2 0.005591578125 0.43109303125 0.0340206703125 0.46507650624999997 0.0564166125 0.46100246250000004 0.0816287 0.42349033281250004 0.055859928125 0.3649959828125 0.026807535937499998 0.366721353125 0.006292790625 0.3909205796875 0.005591578125 0.43109303125
2 0.5772887921875001 0.03699264375 0.606886575 0.0040220296874999995 0.517536546875 0.0069273859375 0.5505071578125 0.0365251671875 0.5772887921875001 0.03699264375
2 0.6546875 0.01796875 0.0546875 0.0328125
2 0.25390625 0.684375 0.1515625 0.1625
2 0.91484375 0.61875 0.121875 0.2671875