1 0.2265625 0.640625 0.1328125 0.1640625
1 0.334375 0.58828125 0.1578125 0.20625
1 0.3828125 0.91171875 0.140625 0.1671875
1 0.66875 0.9546875 0.11875 0.090625
1 0.84375 0.9859375 0.109375 0.028125
1 0.6484375 0.65 0.140625 0.1625
1 0.9 0.61953125 0.13125 0.1609375
1 0.85390625 0.42109375 0.115625 0.1359375
1 0.734375 0.29453125 0.1375 0.1671875
1 0.653125 0.353125 0.1203125 0.140625
1 0.5578125 0.34453125 0.134375 0.1671875
1 0.53984375 0.221875 0.1328125 0.1515625
1 0.6390625 0.2265625 0.1140625 0.128125
1 0.9796875 0.1109375 0.040625 0.1