2 0.93046875 0.35625 0.1390625 0.178125
2 0.75859375 0.2328125 0.2234375 0.259375
2 0.6078125 0.21953125 0.165625 0.1984375
2 0.496875 0.3875 0.1609375 0.175
2 0.7140625 0.49609375 0.125 0.1421875
2 0.7265625 0.60859375 0.128125 0.1390625
2 0.7140625 0.73359375 0.134375 0.1375
2 0.78671875 0.940625 0.1640625 0.11875
2 0.8609375 0.9328125 0.090625 0.134375
2 0.43125 0.83125 0.1515625 0.1703125
2 0.5140625 0.70234375 0.1609375 0.1953125
2 0.3859375 0.70390625 0.1765625 0.2078125
2 0.2296875 0.44296875 0.134375 0.1609375
2 0.35703125 0.32734375 0.1421875 0.165625
2 0.3015625 0.05703125 0.14375 0.1140625
2 0.23125 0.09140625 0.128125 0.1484375
2 0.11796875 0.11484375 0.0734375 0.1171875
2 0.15859375 0.19453125 0.1859375 0.21875
2 0.13984375 0.3484375 0.146875 0.1609375
2 0.859375 0.11171875 0.125 0.0796875
2 0.98046875 0.4921875 0.0390625 0.153125
2 0.43125 0.2046875 0.19375 0.2296875
2 0.9078125 0.5140625 0.184375 0.234375
2 0.09921875 0.7203125 0.1984375 0.28125