2 0.8015625 0.72578125 0.165625 0.175
2 0.78046875 0.55859375 0.196875 0.2046875
2 0.715625 0.63671875 0.134375 0.1421875
2 0.684375 0.475 0.15 0.1609375
2 0.69375 0.2703125 0.1515625 0.1671875
2 0.6015625 0.2984375 0.1578125 0.178125
2 0.56328125 0.4109375 0.125 0.140625
2 0.84296875 0.153125 0.1078125 0.125
2 0.72890625 0.04296875 0.1640625 0.0859375
2 0.6890625 0.09296875 0.1359375 0.1453125
2 0.62734375 0.03359375 0.1265625 0.0671875
2 0.48046875 0.096875 0.1921875 0.19375
2 0.33359375 0.16640625 0.175 0.1890625
2 0.315625 0.28984375 0.1234375 0.1296875
2 0.39140625 0.40703125 0.1296875 0.1375
2 0.35546875 0.4796875 0.1296875 0.1453125
2 0.496875 0.5578125 0.1921875 0.2078125
2 0.5015625 0.7171875 0.1546875 0.15625
2 0.37890625 0.75390625 0.1515625 0.1671875
2 0.38125 0.96640625 0.1625 0.0671875
2 0.48671875 0.9859375 0.1421875 0.028125
2 0.165625 0.375 0.1875 0.1875
2 0.0734375 0.2625 0.146875 0.196875
2 0.4046875 0.0375 0.134375 0.075
2 0.64765625 0.96484375 0.0984375 0.0703125
2 0.25390625 0.75078125 0.23125 0.2703125