2 0.1428571421875 0.060267857812500006 0.178571428125 0.0022321421875000002 0.0959821421875 0 0.10714285781249999 0.046875 0.1428571421875 0.060267857812500006
2 0.0022321421875000002 0.0357142859375 0.008928571875000001 0.21205357187499999 0.0491071421875 0.162946428125 0.053571428125 0.10491071406250001 0.03125 0.055803571875 0.0022321421875000002 0.0357142859375
2 0.34821428593750003 0.17633928593749998 0.3571428578125 0.2209821421875 0.40178571406249997 0.2388392859375 0.428571428125 0.194196428125 0.41741071406249997 0.125 0.36830357187499996 0.1428571421875 0.34821428593750003 0.17633928593749998
2 0.20982142812500001 0.1272321421875 0.2053571421875 0.1540178578125 0.22544642812500001 0.1875 0.25 0.1897321421875 0.2678571421875 0.17633928593749998 0.2678571421875 0.140625 0.2388392859375 0.10714285781249999 0.20982142812500001 0.1272321421875
2 0.5602678578125 0.0044642859375000005 0.5357142859375 0.0424107140625 0.5357142859375 0.0915178578125 0.5691964281249999 0.133928571875 0.6026785718750001 0.131696428125 0.6294642859375 0.100446428125 0.6294642859375 0.0334821421875 0.6049107140625 0.0044642859375000005 0.5602678578125 0.0044642859375000005
2 0.484375 0.0669642859375 0.46428571406249997 0.10491071406250001 0.47321428593750003 0.13616071406250002 0.5 0.149553571875 0.53125 0.12276785781249999 0.53125 0.087053571875 0.5066964281249999 0.0625 0.484375 0.0669642859375
2 0.5089285718750001 0.1540178578125 0.5044642859375 0.194196428125 0.5491071421875 0.2209821421875 0.5714285718750001 0.2075892859375 0.5803571421875 0.162946428125 0.5379464281249999 0.12053571406250001 0.5089285718750001 0.1540178578125
2 0.5647321421875 0.21875 0.5267857140625 0.24330357187499999 0.5267857140625 0.27008928593750003 0.5424107140625 0.2946428578125 0.5848214281249999 0.3102678578125 0.6071428578125 0.28794642812500004 0.6116071421875 0.2477678578125 0.6004464281249999 0.22767857187499999 0.5647321421875 0.21875
2 0.6383928578125 0.28794642812500004 0.6651785718750001 0.30133928593750003 0.6830357140625 0.2165178578125 0.640625 0.1696428578125 0.6160714281249999 0.234375 0.6383928578125 0.28794642812500004
2 0.7254464281249999 0.071428571875 0.7142857140625 0.17633928593749998 0.7633928578125 0.2165178578125 0.78125 0.171875 0.7767857140625 0.109375 0.7522321421875 0.071428571875 0.7254464281249999 0.071428571875
2 0.8169642859374999 0.25669642812500004 0.8169642859374999 0.296875 0.8415178578125 0.3303571421875 0.8616071421875 0.328125 0.8839285718750001 0.30580357187499996 0.8883928578125 0.2522321421875 0.8415178578125 0.2232142859375 0.8169642859374999 0.25669642812500004
2 0.9642857140625001 0.546875 1 0.5647321421875 0.9977678578125 0.44196428593750003 0.9642857140625001 0.47098214218749995 0.9553571421875 0.5200892859375 0.9642857140625001 0.546875
2 0.84375 0.5066964281249999 0.8482142859374999 0.5424107140625 0.8839285718750001 0.5647321421875 0.90625 0.5022321421875 0.8995535718750001 0.48214285781250005 0.8683035718750001 0.477678571875 0.84375 0.5066964281249999
2 1 0.7165178578125 0.9799107140625001 0.7142857140625 0.9508928578125 0.7433035718750001 0.9464285718750001 0.8013392859374999 0.9620535718750001 0.8258928578125 1 0.828125 1 0.7165178578125
2 0.734375 0.37053571406249997 0.7053571421875 0.40848214218749995 0.6964285718750001 0.46651785781250005 0.7165178578125 0.49553571406249997 0.7633928578125 0.5022321421875 0.7991071421875 0.47098214218749995 0.8035714281249999 0.42633928593750003 0.7745535718750001 0.375 0.734375 0.37053571406249997
2 0.6138392859375 0.3616071421875 0.5803571421875 0.39508928593750003 0.5803571421875 0.43526785781250005 0.609375 0.477678571875 0.6339285718750001 0.47991071406249997 0.65625 0.45758928593750003 0.6607142859375 0.41741071406249997 0.6517857140625 0.38616071406249997 0.6138392859375 0.3616071421875
2 0.9933035718750001 0.165178571875 0.96875 0.234375 1 0.27455357187499996 0.9933035718750001 0.165178571875
2 0.5044642859375 0.390625 0.5357142859375 0.412946428125 0.5580357140625 0.390625 0.5580357140625 0.35491071406249997 0.5245535718750001 0.33482142812500004 0.5044642859375 0.390625
2 0.5178571421875 0.6004464281249999 0.5535714281249999 0.6227678578125 0.5892857140625 0.5915178578125 0.5602678578125 0.5357142859375 0.5178571421875 0.5691964281249999 0.5178571421875 0.6004464281249999
2 0.71875 0.6763392859375 0.71875 0.7165178578125 0.7388392859375 0.7410714281249999 0.7589285718750001 0.7388392859375 0.7767857140625 0.7209821421875 0.7767857140625 0.6852678578125 0.7388392859375 0.65625 0.71875 0.6763392859375
2 0.75 0.765625 0.7455357140625 0.8191964281249999 0.7745535718750001 0.8571428578125 0.84375 0.8549107140625001 0.8526785718750001 0.828125 0.8303571421875 0.7388392859375 0.7924107140625 0.7232142859375 0.75 0.765625
2 0.5491071421875 0.6495535718750001 0.5491071421875 0.6897321421875 0.59375 0.7120535718750001 0.6205357140625 0.6674107140625 0.6004464281249999 0.6294642859375 0.5736607140625 0.625 0.5491071421875 0.6495535718750001
2 0.491071428125 0.703125 0.48660714218749995 0.7477678578125 0.5066964281249999 0.78125 0.5357142859375 0.7834821421875 0.5669642859375 0.7433035718750001 0.5535714281249999 0.703125 0.5200892859375 0.6830357140625 0.491071428125 0.703125
2 0.446428571875 0.6450892859375 0.44196428593750003 0.671875 0.47321428593750003 0.6852678578125 0.5267857140625 0.671875 0.515625 0.6071428578125 0.47991071406249997 0.6071428578125 0.446428571875 0.6450892859375
2 0.40401785781250005 0.46428571406249997 0.3571428578125 0.5022321421875 0.34821428593750003 0.546875 0.37053571406249997 0.6183035718750001 0.41964285781250005 0.6361607140625 0.45535714218749995 0.6138392859375 0.47321428593750003 0.5424107140625 0.45535714218749995 0.493303571875 0.40401785781250005 0.46428571406249997
2 0.34375 0.40401785781250005 0.33928571406249997 0.45758928593750003 0.37946428593750003 0.47098214218749995 0.40178571406249997 0.444196428125 0.40178571406249997 0.412946428125 0.36383928593750003 0.38392857187499996 0.34375 0.40401785781250005
2 0.27232142812500004 0.35491071406249997 0.31696428593750003 0.3772321421875 0.3303571421875 0.33705357187499996 0.3147321421875 0.30803571406249997 0.29241071406249997 0.30357142812500004 0.27232142812500004 0.35491071406249997
2 0.20982142812500001 0.1272321421875 0.2053571421875 0.1540178578125 0.22544642812500001 0.1875 0.25 0.1897321421875 0.2678571421875 0.17633928593749998 0.2678571421875 0.140625 0.2388392859375 0.10714285781249999 0.20982142812500001 0.1272321421875
2 0.2455357140625 0.47991071406249997 0.265625 0.5133928578125 0.28571428593750003 0.515625 0.32142857187499996 0.47098214218749995 0.32366071406249997 0.42410714218749995 0.25 0.43973214218749995 0.2455357140625 0.47991071406249997
2 0.1875 0.5200892859375 0.2321428578125 0.5602678578125 0.25446428593750003 0.5424107140625 0.25446428593750003 0.5066964281249999 0.22544642812500001 0.47321428593750003 0.1875 0.5200892859375
2 0.147321428125 0.5736607140625 0.1897321421875 0.6205357140625 0.2053571421875 0.6183035718750001 0.21875 0.5691964281249999 0.1852678578125 0.53125 0.1584821421875 0.53125 0.147321428125 0.5736607140625
2 0.10714285781249999 0.6450892859375 0.118303571875 0.6741071421875 0.1428571421875 0.671875 0.1696428578125 0.6450892859375 0.1696428578125 0.6138392859375 0.1272321421875 0.5803571421875 0.10714285781249999 0.6450892859375
2 0.125 0.44866071406249997 0.140625 0.477678571875 0.178571428125 0.47991071406249997 0.2008928578125 0.430803571875 0.162946428125 0.37946428593750003 0.12946428593749998 0.40848214218749995 0.125 0.44866071406249997
2 0.34375 0.7254464281249999 0.3616071421875 0.7700892859375 0.3928571421875 0.7790178578125 0.415178571875 0.7566964281249999 0.415178571875 0.7120535718750001 0.3772321421875 0.6741071421875 0.34375 0.7254464281249999
2 0.3928571421875 0.796875 0.3883928578125 0.828125 0.412946428125 0.8705357140625001 0.44196428593750003 0.8727678578125 0.47321428593750003 0.8191964281249999 0.46428571406249997 0.7924107140625 0.42633928593750003 0.7723214281249999 0.3928571421875 0.796875
2 0.3928571421875 0.9441964281249999 0.3928571421875 0.9977678578125 0.477678571875 0.9977678578125 0.46875 0.9352678578125 0.444196428125 0.9107142859374999 0.412946428125 0.9151785718750001 0.3928571421875 0.9441964281249999
2 0.30803571406249997 0.9933035718750001 0.375 0.9977678578125 0.375 0.9352678578125 0.328125 0.9241071421875 0.30803571406249997 0.9486607140625001 0.30803571406249997 0.9933035718750001
2 0.6741071421875 0.8370535718750001 0.6696428578125 0.8861607140625001 0.6897321421875 0.9107142859374999 0.71875 0.9129464281249999 0.7410714281249999 0.8504464281249999 0.7209821421875 0.8214285718750001 0.6941964281249999 0.8169642859374999 0.6741071421875 0.8370535718750001
2 0.71875 0.921875 0.7142857140625 0.9665178578125 0.7589285718750001 0.9977678578125 0.7857142859375 0.9754464281249999 0.7901785718750001 0.9308035718750001 0.7477678578125 0.8973214281249999 0.71875 0.921875
2 0.8013392859374999 1 0.8839285718750001 0.9977678578125 0.8638392859374999 0.9375 0.8236607140625001 0.9419642859374999 0.7991071421875 0.9754464281249999 0.8013392859374999 1