2 0.142670903125 0.6562865640625 0.1314074015625 0.6199816421875 0.0938021046875 0.59431949375 0.042301046875 0.6185319109375 0.0137709546875 0.6743191296875 0.024531573437500002 0.73465970625 0.050991209375 0.7580157140625 0.07620939374999999 0.7614454640625 0.10778419531250001 0.7384744984375 0.142670903125 0.6562865640625
2 0.24590870312500002 0.6758592953125 0.22169628437500002 0.6243582375 0.1952955703125 0.618001621875 0.15026896875 0.64981210625 0.12933694375 0.6991248671875 0.136549971875 0.750684846875 0.1764614078125 0.765201334375 0.22385306875 0.73924458125 0.24590870312500002 0.6758592953125
2 0.2569639265625 0.8211968296875 0.23860524062500002 0.7673307109375 0.21220452500000003 0.7609740953124999 0.17303165781250002 0.79041951875 0.1573326390625 0.8274040890625001 0.1762531296875 0.87423394375 0.21205516875 0.887006096875 0.24537430468750002 0.8599257359375001 0.2569639265625 0.8211968296875
2 0.372176390625 0.74400621875 0.3585478265625 0.7018475625 0.325672653125 0.6878928796875 0.27242726093749997 0.71621469375 0.2514952359375 0.7655274546874999 0.2610733234375 0.8229411656250001 0.31680162031250003 0.8344718656250001 0.3466320859375 0.815610296875 0.372176390625 0.74400621875
2 0.40975427968749994 0.5926381875 0.37451404374999997 0.5728297718750001 0.34406285468750003 0.5817282140625 0.32836383593749996 0.618712784375 0.3426720453125 0.6878339578125 0.390743353125 0.6888397265624999 0.4175291109375 0.6371619046875 0.40975427968749994 0.5926381875
2 0.46096073125 0.48342881406249993 0.44041374843750003 0.4747071375 0.40124088125 0.5041525609375 0.3920163203125 0.5487351984375 0.4055859625 0.5738944609375001 0.458890275 0.5625720390625 0.47222423437499994 0.5197337375 0.46096073125 0.48342881406249993
2 0.639200846875 0.66335845 0.6214628859375 0.619455459375 0.5628077218749999 0.609107290625 0.5329772578124999 0.6279688578125 0.5155339031249999 0.6690628249999999 0.5415495781249999 0.733453878125 0.571497884375 0.7485910921875 0.6206338828125 0.71852494375 0.639200846875 0.66335845
2 0.5364344140624999 0.7797808515625 0.5404259687499999 0.7475264046875 0.5091183671875 0.67846415 0.446412728125 0.683371034375 0.4183855203125 0.7151225984375 0.3969506109375 0.7884710140625 0.4176154375 0.8311914734375 0.44930808125 0.842219290625 0.499064803125 0.82211626875 0.5364344140624999 0.7797808515625
2 0.5073425171875 0.8426043312499999 0.478576740625 0.8303939843749999 0.439403871875 0.8598394078125 0.427193525 0.888605184375 0.44374895312499996 0.9295813078125 0.46722280312500003 0.9371204546874999 0.5087607328125 0.9135287625 0.5073425171875 0.8426043312499999
2 0.6984160421875 1 0.689515265625 0.973280128125 0.6590051531250001 0.9651791781249999 0.6136652921875 1 0.6984160421875 1
2 0.6391145171875 0.46932888124999994 0.621376559375 0.42542589218750004 0.5523143046875 0.45673349218750003 0.5542943234375 0.5206216625 0.5900963625 0.5333938140625001 0.6257805609375 0.512167184375 0.6391145171875 0.46932888124999994
2 0.6368988140625 0.337443146875 0.61803724375 0.30761268125 0.548974990625 0.338920284375 0.5280429671875 0.38823304375 0.542854059375 0.43331856406249997 0.55636478125 0.4414784359375 0.6096101734375 0.41315662187499996 0.6368988140625 0.337443146875
2 0.482544996875 0.284048396875 0.4392627328125 0.311749484375 0.42705238437500004 0.3405152609375 0.4442285390625 0.391454515625 0.49578851874999996 0.3842414890625 0.5097432015625001 0.351366315625 0.482544996875 0.284048396875
2 0.3490916890625 0.341371671875 0.3177840890625 0.2723094171875 0.2773108484375 0.2648291921875 0.21123438125 0.3119536546875 0.20437488125 0.362390025 0.2221717625 0.42329240625000003 0.2720463265625 0.43718816875 0.32467099374999997 0.39890322500000003 0.3490916890625 0.341371671875
2 0.43890920468749994 0.2097531359375 0.41120811718750006 0.166470871875 0.36494006562500003 0.1783550984375 0.33989864375 0.22592352500000001 0.3652935921875 0.2803514484375 0.39343864375000004 0.2825986671875 0.43666198593749994 0.2378981859375 0.43890920468749994 0.2097531359375
2 0.2845532546875 0 0.2594865609375 0.026896632812499998 0.2673203125 0.0884197421875 0.2972686203125 0.1035569546875 0.34466028125000003 0.077600203125 0.358614965625 0.0447250296875 0.3433717515625 0 0.2845532546875 0
2 0.744544725 0.1066962078125 0.7239388203125 0.0809751390625 0.6759264328125 0.0969687640625 0.6643368125 0.13569766875 0.6785271796875 0.1708200609375 0.696147296875 0.18072426875 0.7318314921875 0.15949763749999998 0.744544725 0.1066962078125
2 0.755953475 0.354030090625 0.7235222640625001 0.2990403625 0.68248721875 0.2985964 0.635154478125 0.34155254375 0.62717136875 0.40606143906250003 0.651324865625 0.44056310468750004 0.694724971875 0.44686079999999995 0.73040916875 0.4256341703125 0.755953475 0.354030090625
2 0.867912953125 0.3530558375 0.851919328125 0.3050434515625 0.8090810265625 0.29170949375 0.7751411640625 0.308826728125 0.750335428125 0.42439271874999995 0.78439313125 0.44127426718749996 0.8393828593749999 0.40884305468750004 0.867912953125 0.3530558375
2 1 0.212507690625 0.995217921875 0.21310066718749998 0.9654463765625 0.248961628125 0.97215651875 0.3245572609375 1 0.33424571875 1 0.212507690625
2 1 0.3591077640625 0.9600640140625 0.3873218203125 0.9391319890625001 0.43663458125 0.963403328125 0.5051350296875 0.9892422390625001 0.518527909375 1 0.515586903125 1 0.3591077640625
2 1 0.5211255953125 0.9845710359375 0.5238198359374999 0.9630182875 0.5631694656249999 0.9901575703125 0.61348799375 1 0.588856634375 1 0.5211255953125
2 0.8734375 0.1671875 0.1671875 0.14375
2 0.54765625 0.05625 0.1453125 0.1125