0 0.73984375 0.87578125 0.1125 0.1390625
0 0.62109375 0.89609375 0.1203125 0.13046875
0 0.84453125 0.6828125 0.065625 0.084375
0 0.94296875 0.61640625 0.11328125 0.1625
0 0.703125 0.65390625 0.0640625 0.11015625
0 0.32734375 0.83046875 0.05390625 0.06484375
0 0.27265625 0.68828125 0.05859375 0.07578125
0 0.2765625 0.59609375 0.05234375 0.0703125
0 0.73203125 0.3640625 0.0515625 0.071875
0 0.621875 0.29140625 0.15546875 0.2109375
0 0.7796875 0.12890625 0.05859375 0.0890625
0 0.85546875 0.13203125 0.06015625 0.09296875
0 0.96640625 0.1515625 0.0671875 0.13359375
0 0.90859375 0.1125 0.09296875 0.1171875
0 0.8546875 0.03359375 0.0578125 0.0671875
0 0.5328125 0.075 0.0921875 0.1140625
0 0.4421875 0.14453125 0.08125 0.08828125
0 0.41328125 0.26328125 0.103125 0.13359375
0 0.25390625 0.25234375 0.1234375 0.16640625
0 0.1796875 0.31328125 0.053125 0.07265625
0 0.24453125 0.1171875 0.06484375 0.0765625
0 0.1234375 0.1140625 0.075 0.096875
0 0.03515625 0.14921875 0.06953125 0.06953125
0 0.0984375 0.2109375 0.09140625 0.103125
0 0.059375 0.34375 0.05390625 0.06484375
0 0.18359375 0.44453125 0.0625 0.0703125
0 0.11953125 0.41796875 0.10390625 0.14296875