0 0.721875 0.21796875 0.1171875 0.159375
0 0.7828125 0.225 0.078125 0.084375
0 0.61640625 0.49765625 0.0578125 0.05625
0 0.64375 0.39453125 0.1390625 0.178125
0 0.91640625 0.4375 0.1671875 0.228125
0 0.93515625 0.15546875 0.1296875 0.1640625
0 0.90546875 0.615625 0.0921875 0.1046875
0 0.91796875 0.840625 0.0703125 0.11875
0 0.71875 0.68671875 0.1171875 0.1390625
0 0.584375 0.6 0.1140625 0.1234375
0 0.428125 0.8890625 0.1234375 0.15
0 0.0765625 0.534375 0.1046875 0.125
0 0.2 0.1484375 0.075 0.0890625
0 0.3515625 0.04140625 0.146875 0.0828125
0 0.1265625 0.01015625 0.08125 0.0203125
0 0.77109375 0.49453125 0.1171875 0.1578125
0 0.72890625 0.40546875 0.140625 0.1953125
0 0.9671875 0.25 0.065625 0.115625
0 0.66484375 0.23515625 0.0984375 0.15625
0 0.57265625 0.26484375 0.1671875 0.14375
0 0.60234375 0.196875 0.1359375 0.1359375