2 0.457445103125 0.88714355 0.41251784062499997 0.89450866875 0.38250495 0.922496140625 0.3978583953125 0.9945044062499999 0.4783223875 0.9928472640624999 0.485276775 0.9216180046875 0.457445103125 0.88714355
2 0.5608278984374999 1 0.56449435625 0.9556533921874999 0.5409684515625 0.9257963046875 0.48742965624999995 0.9239266875000001 0.43959883906249997 0.8865203453125 0.38250495 0.922496140625 0.393396828125 0.9943486046875 0.5104597234375 1 0.5608278984374999 1
2 0.6811205234375 1 0.6814298859375 0.9329348296875001 0.6488250468750001 0.9072277046874999 0.6038977828125 0.914592825 0.57787905625 0.9561207968750001 0.576346759375 1 0.6811205234375 1
2 0.57625025 0.8108861921875 0.5267056171875 0.8225570781249999 0.5097658234375 0.8599350843750001 0.51713094375 0.9048623499999999 0.5565060328125 0.9285723921875 0.60651806875 0.9035168109375 0.608387684375 0.8499780156250001 0.57625025 0.8108861921875
2 0.5988980203125001 0.73797145625 0.5798336796875 0.7082701703125001 0.5487585187499999 0.7027179953125 0.5141282609375 0.73501123125 0.5165644109375 0.79316739375 0.5385606375 0.8028695328125 0.571944484375 0.8062688250000001 0.5973400062499999 0.78258711875 0.5988980203125001 0.73797145625
2 0.4642720265625 0.7556052484375 0.3996572171875 0.7511153453125 0.3781000578125 0.79279911875 0.39392090468749996 0.851422684375 0.4737616921875 0.8676118078125 0.496225325 0.863929246875 0.49700433125 0.8416214171874999 0.4642720265625 0.7556052484375
2 0.3773210515625 0.8151069484375 0.3487103734375 0.802940325 0.318697484375 0.830927796875 0.31267790624999997 0.8753876578125 0.355579753125 0.9260229000000001 0.39220709062500003 0.9004999124999999 0.39807086875 0.8605016187500001 0.3773210515625 0.8151069484375
2 0.464017096875 0.6349871593749999 0.422956528125 0.595583734375 0.3843321109375 0.614336471875 0.355069890625 0.684786721875 0.3841196359375 0.7483392578125 0.4447402828125 0.739288659375 0.470603209375 0.7022222546875 0.464017096875 0.6349871593749999
2 0.347888909375 0.57062728125 0.304802925 0.589224215625 0.314915796875 0.683384509375 0.3506083265625 0.6846309203125001 0.3749415734375 0.6274095671875 0.347888909375 0.57062728125
2 0.1907426125 0.721484853125 0.1701202609375 0.7363992296874999 0.16840644531249999 0.78547645625 0.194241034375 0.8131806609375 0.24840303593750002 0.7972040125000001 0.25258133437499997 0.7415123359375 0.1907426125 0.721484853125
2 0.23238392968750002 0.48842113749999994 0.204552259375 0.45394668281249995 0.161466275 0.4725436171875 0.15466768749999998 0.539311309375 0.171890746875 0.5577807781249999 0.205586196875 0.552256940625 0.23144912187500002 0.5151905343750001 0.23238392968750002 0.48842113749999994
2 0.15285474375000002 0.46330888281249993 0.1382519703125 0.43376339843749995 0.098565278125 0.4189764875 0.0491481125 0.49095641562500003 0.060507393750000006 0.5494241796875 0.1086498140625 0.5779073921875 0.1331105265625 0.5809950828125 0.149427115625 0.5614633390625 0.15285474375000002 0.46330888281249993
2 0.2952565875 0.606758878125 0.254819225 0.5495091875 0.1828109609375 0.5648626328125 0.1430959328125 0.61484633125 0.1541436125 0.682237228125 0.215047525 0.729034109375 0.25751030468749997 0.7282834375 0.2980043390625 0.6559919078124999 0.2952565875 0.606758878125
2 0.4731810375 0.43652536406250003 0.44226167656250004 0.426511621875 0.4125603921875 0.4455759625 0.40176764218749994 0.498803153125 0.44466949062500005 0.5494383953125 0.48575839375 0.5240712109375 0.491933775 0.47514978281250003 0.4731810375 0.43652536406250003
2 0.5871563421875 0.498576559375 0.5157712828125 0.49608373749999995 0.47590045468750003 0.5505290046875 0.47356343437500004 0.6174524984375 0.5010835015625 0.660850084375 0.5653867078125 0.6742631203125 0.6155545453125 0.6447459703125 0.62375534375 0.5378241828125 0.5871563421875 0.498576559375
2 0.711272853125 0.5900174390624999 0.6834411828125 0.5555429828125 0.6566717843750001 0.554608175 0.6306530593749999 0.5961361468749999 0.6332450093750001 0.6498307421875 0.6590795984375 0.677534946875 0.6926192453125 0.6764726750000001 0.7092474359375001 0.6480177984375 0.711272853125 0.5900174390624999
2 0.872399096875 0.8368624625000001 0.849496396875 0.7891591109375 0.813648065625 0.792374265625 0.77855040625 0.8380522015625 0.7814539593750001 0.882823665625 0.8115943124999999 0.9151452375 0.8362108265625 0.9137713609375 0.8666911203125001 0.8723991906249999 0.872399096875 0.8368624625000001
2 0.8006883140625 0.5239012890625 0.76468418125 0.531578009375 0.739132859375 0.5597212828125 0.7396993921874999 0.6714162390625 0.7645991734375001 0.7258898421875 0.8024445859375 0.7294449359375 0.8192285781249999 0.69652849375 0.8006883140625 0.5239012890625
2 0.87927963125 1 0.8989560203125 0.9718000578125 0.89620826875 0.922567028125 0.8725265609375 0.8971715078125 0.8106595046875 0.941914634375 0.8135630562499999 0.986686096875 0.825978471875 1 0.87927963125 1
2 0.7483251375 0.2964888765625 0.6981856359374999 0.26123541562499997 0.659405415625 0.28444971875 0.6573799984375001 0.34245007968749996 0.6825913828125 0.3880005484375 0.7252099624999999 0.3827883125 0.7509170875 0.3501834734375 0.7483251375 0.2964888765625
2 0.7580839484374999 0.144951428125 0.7259465140625 0.10585960624999999 0.6810192484375001 0.113224725 0.6503831546875001 0.1590584625 0.6529751046875 0.21275305625000002 0.68295965625 0.24953619531250001 0.725734040625 0.23986239375 0.7566817359375 0.1851055234375 0.7580839484374999 0.144951428125
2 1 0.045263321875 0.99613330625 0.0438226265625 0.9518009109375001 0.09811209062500001 0.9454697281250001 0.151495084375 0.9969831046875001 0.211365059375 1 0.21147041249999998 1 0.045263321875
2 0.9746752750000001 0.21058605312499998 0.9380762734375001 0.1713384296875 0.8899055171875 0.207625828125 0.8885033046874999 0.2477799234375 0.922637821875 0.29364199687500003 0.963415121875 0.27719794375 0.9780462312499999 0.24197281718750002 0.9746752750000001 0.21058605312499998
2 0.49506401718750004 0.0017563625 0.48904443750000004 0.046216223437499995 0.5145674234375 0.0828435609375 0.5641120546875 0.07117267656250001 0.5821424578125 0.0025637062499999997 0.49506401718750004 0.0017563625
2 0.3891131984375 0 0.42165354062500005 0.057263903125 0.46227504062499997 0.045281415625 0.47474124218749997 0 0.3891131984375 0
2 0.5409685468750001 0.222242721875 0.5215926046875 0.20146456875 0.4857442734375 0.20467972343750002 0.469271884375 0.2286730328125 0.4757021953125 0.3003696953125 0.500162909375 0.303457384375 0.5438721 0.26701418593750004 0.5409685468750001 0.222242721875
2 0.01284659375 0.1233941734375 0.0445449609375 0.11110008281249999 0.05902026875000001 0.0803365234375 0.060266679687500005 0.044643995312500004 0.0322792078125 0.014631106250000001 0.016585825000000002 0.016316584375000002 0.01284659375 0.1233941734375
2 0.51484375 0.32421875 0.1328125 0.1265625