2 0.6004464281249999 0 0.5669642859375 0.046875 0.5580357140625 0.100446428125 0.5803571421875 0.1584821421875 0.6383928578125 0.19866071406250002 0.6875 0.171875 0.7098214281249999 0.0825892859375 0.6875 0.0200892859375 0.6629464281249999 0 0.6004464281249999 0
2 0.5401785718750001 0.203125 0.5401785718750001 0.25669642812500004 0.5736607140625 0.29017857187499996 0.6116071421875 0.28794642812500004 0.6383928578125 0.2209821421875 0.609375 0.18303571406250002 0.5691964281249999 0.165178571875 0.5401785718750001 0.203125
2 0.44866071406249997 0.10714285781249999 0.415178571875 0.14508928593749998 0.41071428593750003 0.194196428125 0.42410714218749995 0.2388392859375 0.47321428593750003 0.265625 0.5044642859375 0.2299107140625 0.5133928578125 0.171875 0.5044642859375 0.140625 0.44866071406249997 0.10714285781249999
2 0.3772321421875 0.2232142859375 0.34821428593750003 0.26116071406249997 0.35267857187499996 0.296875 0.3772321421875 0.3258928578125 0.40625 0.32366071406249997 0.428571428125 0.30133928593750003 0.428571428125 0.25669642812500004 0.40401785781250005 0.2232142859375 0.3772321421875 0.2232142859375
2 0.453125 0.102678571875 0.42410714218749995 0.12276785781249999 0.41071428593750003 0.19866071406250002 0.42410714218749995 0.24330357187499999 0.47321428593750003 0.27008928593750003 0.5089285718750001 0.22544642812500001 0.5133928578125 0.1584821421875 0.47991071406249997 0.11160714218750001 0.453125 0.102678571875
2 0.5424107140625 0.48214285781250005 0.5089285718750001 0.5111607140625 0.5044642859375 0.578125 0.5424107140625 0.6160714281249999 0.59375 0.6138392859375 0.625 0.578125 0.6205357140625 0.515625 0.578125 0.48214285781250005 0.5424107140625 0.48214285781250005
2 0.6808035718750001 0.40178571406249997 0.6294642859375 0.43973214218749995 0.6383928578125 0.49776785781250005 0.6696428578125 0.5022321421875 0.703125 0.491071428125 0.7232142859375 0.453125 0.71875 0.42633928593750003 0.6808035718750001 0.40178571406249997
2 0.6473214281249999 0.5200892859375 0.6428571421875 0.5691964281249999 0.6674107140625 0.5982142859375 0.6919642859375 0.5959821421875 0.7142857140625 0.5825892859375 0.7232142859375 0.5334821421875 0.6852678578125 0.5 0.6473214281249999 0.5200892859375
2 0.7745535718750001 0.446428571875 0.7276785718750001 0.493303571875 0.7321428578125 0.5825892859375 0.7700892859375 0.6116071421875 0.7946428578125 0.609375 0.8348214281249999 0.5647321421875 0.84375 0.5200892859375 0.8258928578125 0.47098214218749995 0.7745535718750001 0.446428571875
2 0.53125 0.33705357187499996 0.5446428578125 0.39508928593750003 0.5803571421875 0.40401785781250005 0.6205357140625 0.3459821421875 0.5959821421875 0.2946428578125 0.5602678578125 0.2991071421875 0.53125 0.33705357187499996
2 0.921875 0.5 0.8883928578125 0.5200892859375 0.875 0.578125 0.9330357140625001 0.6183035718750001 0.9642857140625001 0.5915178578125 0.9732142859374999 0.546875 0.9486607140625001 0.5089285718750001 0.921875 0.5
2 0.9732142859374999 0.5736607140625 0.96875 0.5334821421875 0.9263392859374999 0.5 0.8883928578125 0.5200892859375 0.875 0.546875 0.8839285718750001 0.5959821421875 0.8549107140625001 0.5982142859375 0.8303571421875 0.6450892859375 0.8392857140625001 0.6941964281249999 0.8883928578125 0.7120535718750001 0.9196428578125 0.6763392859375 0.9107142859374999 0.6227678578125 0.9486607140625001 0.6116071421875 0.9732142859374999 0.5736607140625
2 0.9040178578125 0.7366071421875 0.8660714281249999 0.765625 0.8526785718750001 0.828125 0.8772321421875 0.8616071421875 0.9285714281249999 0.8638392859374999 0.9553571421875 0.8325892859374999 0.9553571421875 0.7834821421875 0.9263392859374999 0.7410714281249999 0.9040178578125 0.7366071421875
2 0.5848214281249999 0.6450892859375 0.59375 0.6852678578125 0.6339285718750001 0.6986607140625 0.6651785718750001 0.6495535718750001 0.640625 0.6026785718750001 0.6049107140625 0.6116071421875 0.5848214281249999 0.6450892859375
2 0.5200892859375 0.6205357140625 0.491071428125 0.6495535718750001 0.48660714218749995 0.6941964281249999 0.5066964281249999 0.7410714281249999 0.5491071421875 0.7477678578125 0.5848214281249999 0.703125 0.5848214281249999 0.6584821421875 0.5558035718750001 0.6205357140625 0.5200892859375 0.6205357140625
2 0.546875 0.7544642859375 0.5223214281249999 0.7879464281249999 0.5267857140625 0.8236607140625001 0.5513392859375 0.8526785718750001 0.5803571421875 0.8504464281249999 0.6026785718750001 0.8236607140625001 0.6026785718750001 0.7834821421875 0.578125 0.7544642859375 0.546875 0.7544642859375
2 0.484375 0.8214285718750001 0.45535714218749995 0.8504464281249999 0.45089285781250005 0.8861607140625001 0.46875 0.9441964281249999 0.5 0.9486607140625001 0.5401785718750001 0.9040178578125 0.5401785718750001 0.859375 0.515625 0.8258928578125 0.484375 0.8214285718750001
2 0.27455357187499996 0.8035714281249999 0.25 0.8191964281249999 0.2366071421875 0.8772321421875 0.26116071406249997 0.9151785718750001 0.30357142812500004 0.921875 0.3258928578125 0.8995535718750001 0.3258928578125 0.8415178578125 0.30580357187499996 0.8125 0.27455357187499996 0.8035714281249999
2 0.36830357187499996 0.6651785718750001 0.33482142812500004 0.703125 0.33482142812500004 0.7477678578125 0.38616071406249997 0.8169642859374999 0.40625 0.8147321421875 0.4375 0.7522321421875 0.4375 0.7075892859375 0.40401785781250005 0.6696428578125 0.36830357187499996 0.6651785718750001
2 0.2321428578125 0.9397321421875 0.2299107140625 1 0.32142857187499996 0.9977678578125 0.31696428593750003 0.953125 0.29241071406249997 0.9241071421875 0.26116071406249997 0.9196428578125 0.2321428578125 0.9397321421875
2 0.12946428593749998 0.9129464281249999 0.12276785781249999 1 0.22767857187499999 0.9977678578125 0.2321428578125 0.9263392859374999 0.2075892859375 0.8973214281249999 0.162946428125 0.8883928578125 0.12946428593749998 0.9129464281249999
2 0.0669642859375 0.5245535718750001 0.071428571875 0.578125 0.0915178578125 0.6026785718750001 0.1428571421875 0.6138392859375 0.1741071421875 0.5513392859375 0.1540178578125 0.5 0.100446428125 0.48660714218749995 0.0669642859375 0.5245535718750001
2 0.02797990625 0.4448496390625 0.0446428578125 0.430803571875 0.0022321421875000002 0.37946428593750003 0 0.6227678578125 0.022321428125 0.6227678578125 0.0669642859375 0.5959821421875 0.0625 0.5022321421875 0.03125 0.48883928593750003 0.02797990625 0.4448496390625
2 0.11383928593749999 0.40178571406249997 0.0892857140625 0.47098214218749995 0.10491071406250001 0.48660714218749995 0.178571428125 0.493303571875 0.196428571875 0.475446428125 0.1875 0.43526785781250005 0.131696428125 0.39732142812500004 0.11383928593749999 0.40178571406249997
2 0.149553571875 0.2991071421875 0.125 0.3459821421875 0.1383928578125 0.39955357187499996 0.1875 0.430803571875 0.2366071421875 0.390625 0.2321428578125 0.3147321421875 0.203125 0.28125 0.149553571875 0.2991071421875
2 0.91015625 0.3328125 0.15078125 0.2015625
2 0.90859375 0.9375 0.1203125 0.125