2 0.43973214218749995 0.0178571421875 0.3928571421875 0.046875 0.37946428593750003 0.109375 0.41741071406249997 0.178571428125 0.45535714218749995 0.180803571875 0.491071428125 0.1584821421875 0.5089285718750001 0.0736607140625 0.475446428125 0.022321428125 0.43973214218749995 0.0178571421875
2 0.2455357140625 0.055803571875 0.3125 0.087053571875 0.34821428593750003 0.0424107140625 0.34821428593750003 0.0022321421875000002 0.2388392859375 0 0.2455357140625 0.055803571875
2 0.147321428125 0.087053571875 0.1428571421875 0.131696428125 0.16741071406250002 0.165178571875 0.2053571421875 0.16741071406250002 0.2321428578125 0.100446428125 0.2075892859375 0.0625 0.180803571875 0.0580357140625 0.147321428125 0.087053571875
2 0 0.087053571875 0.0446428578125 0.11383928593749999 0.084821428125 0.0736607140625 0.084821428125 0.0111607140625 0.0022321421875000002 0 0 0.087053571875
2 0.100446428125 0.165178571875 0.0669642859375 0.194196428125 0.0625 0.26116071406249997 0.078125 0.28571428593750003 0.125 0.29241071406249997 0.15178571406250002 0.265625 0.15625 0.2165178578125 0.13616071406250002 0.178571428125 0.100446428125 0.165178571875
2 0.006696428124999999 0.18303571406250002 0 0.296875 0.022321428125 0.296875 0.0491071421875 0.2790178578125 0.0580357140625 0.2299107140625 0.0334821421875 0.1875 0.006696428124999999 0.18303571406250002
2 0.040178571875 0.359375 0.0022321421875000002 0.30357142812500004 0.0044642859375000005 0.43526785781250005 0.040178571875 0.359375
2 0.0044642859375000005 0.5647321421875 0.03125 0.5334821421875 0.03125 0.48883928593750003 0.0022321421875000002 0.446428571875 0.0044642859375000005 0.5647321421875
2 0.31919642812500004 0.6741071421875 0.29017857187499996 0.7075892859375 0.29017857187499996 0.7611607140625 0.31919642812500004 0.7991071421875 0.35267857187499996 0.796875 0.38392857187499996 0.7566964281249999 0.37946428593750003 0.7120535718750001 0.3459821421875 0.6741071421875 0.31919642812500004 0.6741071421875
2 0.421875 0.5758928578125 0.3928571421875 0.6138392859375 0.3928571421875 0.671875 0.41741071406249997 0.7008928578125 0.446428571875 0.703125 0.477678571875 0.671875 0.48214285781250005 0.6049107140625 0.46651785781250005 0.5803571421875 0.421875 0.5758928578125
2 0.421875 0.42410714218749995 0.37946428593750003 0.475446428125 0.37946428593750003 0.515625 0.39955357187499996 0.5580357140625 0.45089285781250005 0.5647321421875 0.48214285781250005 0.5245535718750001 0.48214285781250005 0.45758928593750003 0.462053571875 0.43303571406249997 0.421875 0.42410714218749995
2 0.640625 0.491071428125 0.5982142859375 0.5200892859375 0.5848214281249999 0.5959821421875 0.6227678578125 0.6473214281249999 0.6875 0.6674107140625 0.7053571421875 0.6495535718750001 0.7098214281249999 0.5424107140625 0.6808035718750001 0.49553571406249997 0.640625 0.491071428125
2 0.6316964281249999 0.7142857140625 0.59375 0.7477678578125 0.5892857140625 0.7790178578125 0.6160714281249999 0.8325892859374999 0.65625 0.8459821421875 0.6964285718750001 0.8058035718750001 0.6964285718750001 0.7566964281249999 0.671875 0.7232142859375 0.6316964281249999 0.7142857140625
2 0.546875 0.9017857140625001 0.5178571421875 0.9441964281249999 0.5223214281249999 0.9977678578125 0.6071428578125 0.9977678578125 0.6205357140625 0.9709821421875 0.6116071421875 0.921875 0.5870535718750001 0.8973214281249999 0.546875 0.9017857140625001
2 0.006696428124999999 0.7723214281249999 0 0.8727678578125 0.0357142859375 0.8772321421875 0.0580357140625 0.8549107140625001 0.0625 0.8058035718750001 0.0334821421875 0.7723214281249999 0.006696428124999999 0.7723214281249999
2 0.26116071406249997 0.15178571406250002 0.2321428578125 0.19866071406250002 0.24107142812500001 0.296875 0.27455357187499996 0.35267857187499996 0.32142857187499996 0.359375 0.3616071421875 0.328125 0.375 0.2165178578125 0.33705357187499996 0.165178571875 0.26116071406249997 0.15178571406250002
2 0.86796875 0.82265625 0.13203125 0.2046875
2 0.16484375 0.60859375 0.1546875 0.2375
2 0.8125 0.046875 0.1609375 0.09375