2 0.20859375 0.196875 0.13984375 0.17734375
2 0.03828125 0.0671875 0.0765625 0.134375
2 0.06875 0.55625 0.10390625 0.14609375
2 0.14375 0.4828125 0.075 0.1125
2 0.0296875 0.81875 0.059375 0.11875
2 0.3296875 0.69765625 0.09140625 0.14375
2 0.57265625 0.5453125 0.14140625 0.20078125
2 0.290625 0.2671875 0.1015625 0.13359375
2 0.303125 0.10625 0.10625 0.13828125
2 0.2796875 0.02578125 0.10078125 0.0515625
2 0.4 0.5921875 0.1046875 0.14375
2 0.38203125 0.85078125 0.07734375 0.10078125
2 0.21484375 0.9453125 0.1078125 0.10859375
2 0.32265625 0.9234375 0.09609375 0.13359375
2 0.51953125 0.70625 0.0921875 0.1328125
2 0.54765625 0.8171875 0.0875 0.11953125
2 0.64140625 0.79453125 0.1015625 0.13125
2 0.67734375 0.93125 0.11171875 0.13359375
2 0.765625 0.9484375 0.109375 0.10234375
2 0.79296875 0.85078125 0.0875 0.11328125
2 0.615625 0.3 0.1015625 0.13984375
2 0.609375 0.06875 0.11015625 0.128125
2 0.76796875 0.33359375 0.10234375 0.11796875
2 0.80859375 0.41953125 0.11796875 0.13203125
2 0.784375 0.54921875 0.1109375 0.14765625
2 0.97109375 0.26796875 0.0578125 0.1515625
2 0.91875 0.5796875 0.0921875 0.18828125
2 0.77734375 0.22734375 0.1578125 0.178125
2 0.4046875 0.3171875 0.14296875 0.1703125