1 0.7234375 0.15390625 0.171875 0.1921875
1 0.6171875 0.4265625 0.146875 0.1828125
1 0.496875 0.30703125 0.1328125 0.165625
1 0.52578125 0.43671875 0.1296875 0.1609375
1 0.34296875 0.53046875 0.1546875 0.1953125
1 0.44296875 0.03046875 0.1203125 0.0609375
1 0.11484375 0.59609375 0.1296875 0.153125
1 0.03984375 0.66484375 0.0796875 0.1609375
1 0.02734375 0.78828125 0.0546875 0.1421875
1 0.621875 0.8390625 0.090625 0.115625
1 0.88046875 0.8140625 0.11875 0.1375
1 0.82734375 0.98203125 0.0953125 0.0359375