2 0.73203125 0.08984375 0.1671875 0.1796875
2 0.50078125 0.21015625 0.134375 0.146875
2 0.3828125 0.134375 0.15 0.1984375
2 0.48046875 0.459375 0.1078125 0.134375
2 0.58046875 0.775 0.15 0.171875
2 0.546875 0.86953125 0.1125 0.13125
2 0.64453125 0.90234375 0.1453125 0.1734375
2 0.8890625 0.85625 0.1578125 0.1640625
2 0.30546875 0.80625 0.1546875 0.1765625
2 0.21484375 0.7375 0.1921875 0.196875
2 0.15546875 0.840625 0.15 0.171875
2 0.9078125 0.209375 0.109375 0.15625
2 0.61953125 0.6203125 0.15 0.1828125
2 0.15 0.9859375 0.1125 0.028125
2 0.55703125 0.071875 0.2078125 0.14375
2 0.08359375 0.16171875 0.1671875 0.1921875
2 0.29453125 0.42734375 0.165625 0.215625
2 0.7296875 0.6203125 0.171875 0.2359375