2 0.640604384375 0.4125990328125 0.7021531578125 0.43801830624999993 0.7259765359375 0.39248643437499997 0.7147473203125 0.3428398359375 0.6473339593749999 0.2826179453125 0.6009561328124999 0.304749415625 0.6033789515625 0.36160651875 0.640604384375 0.4125990328125
2 0.5508792453125 0 0.5335808359375 0.006869820312499999 0.525524378125 0.044018271875 0.5362536343750001 0.0737062390625 0.5757479187500001 0.0956837421875 0.5993983015625 0.0831086125 0.60326305 0.038076700000000005 0.5531440187500001 0 0.5508792453125 0
2 0.5188717859375 0.2169354140625 0.536907559375 0.1795369828125 0.5180448625 0.144061409375 0.486011059375 0.1408696203125 0.46495649375000003 0.1773451125 0.47753162343750005 0.2009954953125 0.5188717859375 0.2169354140625
2 0.6025520265625001 0.2887325140625 0.64012345625 0.273811546875 0.6481799140625 0.236663096875 0.6314130734375001 0.2051292546875 0.577074803125 0.188516378125 0.5520785046875 0.22708772656249998 0.565153596875 0.270696740625 0.6025520265625001 0.2887325140625
2 0.5140841 0.2649861171875 0.5040278015624999 0.22230004062500003 0.46176470312499995 0.20937891562500002 0.4469977015625 0.2576796 0.47441681718749995 0.2759653546875 0.5140841 0.2649861171875
2 0.369605025 0.197707690625 0.4148869171875 0.21155175312500002 0.44826663437500003 0.18874732656249998 0.45607311250000004 0.14161955937499998 0.4185977 0.08064773125 0.3763346015625 0.0677266046875 0.3459736765625 0.09145396875 0.338167196875 0.13858173437500002 0.369605025 0.197707690625
2 0.405792475 0.4464406453125 0.46105368125 0.46003472968750003 0.4793394359375 0.4326156140625 0.48178128593749997 0.37064386250000003 0.45059343749999997 0.321497225 0.4083303390625 0.3085760984375 0.3700859546875 0.336495175 0.37250877031249996 0.3933522765625 0.405792475 0.4464406453125
2 0.5170648296875 0.5035667593750001 0.56838430625 0.5192566984375 0.5938805640625 0.5006439828125 0.599091225 0.42961585312499995 0.5739409640625001 0.382315090625 0.5253902984375001 0.35756877343750004 0.49293351875 0.3773544078125 0.48403110624999995 0.46045770625 0.5170648296875 0.5035667593750001
2 0.8095607640625 0.5401763328125 0.8448633390625 0.554270375 0.8606302609375 0.5458869546875 0.866340884375 0.49481745781250003 0.8170402781250001 0.44013319375000004 0.7964086890625001 0.45363126249999997 0.7886022125000001 0.500759028125 0.8095607640625 0.5401763328125
2 0.8167522359375001 0.6678115828125 0.8539006859375 0.6758680421875 0.86934064375 0.6145692484375 0.8160983093749999 0.5619808390625 0.7854874046875 0.5757288875000001 0.7839684921875001 0.6346818453124999 0.8167522359375001 0.6678115828125
2 0.8813388328125 0.5753249421875 0.939118871875 0.56988333125 0.95765460625 0.5524435328124999 0.9359461140625 0.48308828125 0.9057581859375 0.47385890625 0.87262845 0.5066426500000001 0.8680907437500001 0.56467266875 0.8813388328125 0.5753249421875
2 0.8102726406249999 0.807771984375 0.8376917546874999 0.8260577390625 0.8710714734374999 0.8032533109375001 0.88281968125 0.754029690625 0.860015253125 0.720649971875 0.8195980296875 0.7016912609375 0.795024709375 0.717285184375 0.7890641078125 0.758375365625 0.8102726406249999 0.807771984375
2 0.6173822921875 1 0.6506615375 0.973536575 0.625511275 0.9262358109375001 0.5832481765625 0.913314684375 0.56052073125 0.9228710234375 0.5524642734375 0.960019475 0.57132696875 0.9954950468750001 0.5800533453125001 1 0.6173822921875 1
2 0.520435221875 1 0.5288138921875001 0.9725946046875 0.51204705 0.9410607625 0.4676880953125 0.9241979062500001 0.43313546093750005 0.9400418109374999 0.43925002968750004 0.9848237421875 0.4652830859375 1 0.520435221875 1
2 0.427193890625 0.8623031390625 0.457304834375 0.8285964578125 0.4363462828125 0.7891791546875 0.39802491406249996 0.7741621734375 0.371605721875 0.7957936828125 0.373528578125 0.8326921531249999 0.427193890625 0.8623031390625
2 0.31751743125 0.7891601234375 0.34510954374999997 0.7744891375 0.35341598125 0.7473200015625 0.3004236265625 0.7047109078125 0.27769618125 0.7142672453125 0.26938974375 0.74143638125 0.31751743125 0.7891601234375
2 0.2686778671875 0.47384072968749996 0.312113884375 0.493722378125 0.3318225359375 0.48324310156249994 0.3417248703125 0.440057065625 0.31657460625 0.3927563015625 0.2764073640625 0.38377690625 0.24998816875 0.405408415625 0.249565190625 0.42838583906250005 0.2686778671875 0.47384072968749996
2 0.1484261171875 0.45688185781249996 0.191862134375 0.47676350625 0.221300121875 0.456054934375 0.22541485 0.42100233906250006 0.1721725140625 0.36841392968750003 0.1378698578125 0.39423715000000004 0.13375513125 0.42928974531249997 0.1484261171875 0.45688185781249996
2 0.280541121875 0.2298954578125 0.31584369843750004 0.2439895015625 0.3471275609375 0.21724334375 0.347300559375 0.1842866046875 0.3284378625 0.14881103125 0.29196236875000003 0.12775646406250002 0.2595055890625 0.1475420984375 0.2577366953125 0.196515740625 0.280541121875 0.2298954578125
2 0.5788056296875 0.37720044218750004 0.592899675 0.34189786718750004 0.5798245843750001 0.298288853125 0.5375614859375 0.2853677265625 0.5144110625 0.3179014890625 0.54350305625 0.3631063984375 0.5788056296875 0.37720044218750004
2 0.2714804421875 1 0.2986166703125 0.9913422546874999 0.2862145359375 0.9347351312500001 0.22583868125 0.91627638125 0.20034242343750003 0.9348890984375 0.2134175140625 0.9784981109374999 0.24231308437500002 1 0.2714804421875 1
2 0.97421875 0.6015625 0.0515625 0.209375