2 0.68828125 0.5390625 0.1625 0.2046875
2 0.54140625 0.6484375 0.209375 0.246875
2 0.63671875 0.61875 0.1375 0.159375
2 0.5921875 0.48046875 0.16875 0.184375
2 0.496875 0.40703125 0.15625 0.1609375
2 0.3609375 0.56640625 0.121875 0.134375
2 0.30625 0.21875 0.1625 0.1796875
2 0.2734375 0.078125 0.1078125 0.0875
2 0.19609375 0.415625 0.1703125 0.196875
2 0.12109375 0.57578125 0.165625 0.1890625
2 0.0828125 0.359375 0.159375 0.1859375
2 0.4984375 0.5140625 0.1109375 0.1171875
2 0.39921875 0.82890625 0.23125 0.259375
2 0.01484375 0.30234375 0.0296875 0.1609375
2 0.63828125 0.18671875 0.2421875 0.309375