0 0.87109375 0.1953125 0.0953125 0.09375
0 0.8828125 0.36875 0.140625 0.1546875
0 0.85625 0.4796875 0.09375 0.103125
0 0.7265625 0.634375 0.090625 0.0953125
0 0.9078125 0.7390625 0.0859375 0.09375
0 0.6328125 0.73515625 0.1296875 0.1375
0 0.75625 0.93125 0.159375 0.1375
0 0.4484375 0.6953125 0.0890625 0.090625
0 0.4015625 0.57578125 0.071875 0.071875
0 0.465625 0.26171875 0.1421875 0.1578125
0 0.24296875 0.43125 0.10625 0.1125
0 0.20546875 0.2 0.165625 0.175
0 0.28203125 0.1171875 0.08125 0.0875
0 0.03359375 0.52578125 0.0671875 0.2109375
0 0.034375 0.696875 0.06875 0.2