2 0.845367378125 0.5674573625 0.7970878140625001 0.5547958203125 0.755024490625 0.586902209375 0.741021540625 0.6591852359375 0.7698889375 0.6923495015625 0.8135772046874999 0.6831669078125 0.836762746875 0.6545721515625 0.845367378125 0.5674573625
2 0.69517394375 0.662435121875 0.6908443937500001 0.6136211734375 0.6622496359375 0.59043563125 0.62368705 0.6044712640625 0.6048201625 0.6449314328125 0.6175143859375 0.70749748125 0.63477811875 0.7180105890624999 0.672261040625 0.7010086015625 0.69517394375 0.662435121875
2 0.7022081015625 0.7371392203125 0.6577128109375 0.7533341828125 0.6269805125000001 0.7981130078125 0.6353560796875 0.8488136453124999 0.6666445515625 0.8609408015625 0.7273130171875 0.8153440562500001 0.734314490625 0.7792025453125 0.7022081015625 0.7371392203125
2 0.5525817359375 0.9259715 0.5563660078125 0.9548280046875 0.5817217718750001 0.9691144875000001 0.6324115156250001 0.9237903828125 0.614057225 0.8733623859374999 0.569561934375 0.8895573484374999 0.5525817359375 0.9259715
2 0.67328036875 1 0.6798949484375 0.98041283125 0.6537212640625001 0.9361901781249999 0.61920469375 0.9521125015624999 0.594405103125 0.9947319984374999 0.5947089234375 1 0.67328036875 1
2 0.35595184999999996 0.856447553125 0.3295164203125 0.8391947156249999 0.28367971875000003 0.8793931390624999 0.28773663125 0.9182283640625 0.3050003625 0.928741471875 0.3387099078125 0.9198315203125 0.35973612187500004 0.8853040562500001 0.35595184999999996 0.856447553125
2 0.10726902499999999 0.7823540984374999 0.1458207171875 0.731369928125 0.1158736546875 0.695239309375 0.07435560937499999 0.7473031437500001 0.08407258749999999 0.77400031875 0.10726902499999999 0.7823540984374999
2 0.14738029531250002 0.5326025015625 0.11689884843750001 0.513462975 0.069175459375 0.5577074171875 0.0797103546875 0.614340759375 0.10317943125 0.6326732609375 0.13877566562500002 0.6197172921874999 0.1576425515625 0.5792571234375 0.14738029531250002 0.5326025015625
2 0.210458940625 0.42902011250000005 0.17566973125000002 0.4349637109375 0.1505975 0.46760448749999994 0.1568137375 0.5123724171874999 0.18837485 0.5344782968749999 0.22397108281250003 0.521522328125 0.237177903125 0.49320020937500003 0.210458940625 0.42902011250000005
2 0.207198159375 0.3462239796875 0.2031412484375 0.3073887546875 0.1683411453125 0.276383815625 0.1076617859375 0.285032021875 0.086908209375 0.329538209375 0.091783040625 0.3983096015625 0.12739016718750001 0.4223021703125 0.17485181249999998 0.40502754531249996 0.207198159375 0.3462239796875
2 0.28780228124999996 0.22618488281250002 0.26273005 0.25882565625 0.288096709375 0.31006067812500004 0.31398685937500004 0.307356071875 0.34283246875 0.2666232625 0.32663750625 0.2221279703125 0.28780228124999996 0.22618488281250002
2 0.402683015625 0.19109035000000002 0.43855188749999996 0.1881131046875 0.4730575640625 0.1352422453125 0.432859140625 0.08940554375000001 0.381362371875 0.14174201718749999 0.402683015625 0.19109035000000002
2 0.47075115 0 0.44255432812500006 0.04220564375 0.44877056875 0.086973575 0.492469728125 0.11473952031250001 0.5221332578125 0.1039428796875 0.556093653125 0.031114575 0.5417406546875 0 0.47075115 0
2 0.6416052875 0.09069248125 0.6388897859375 0.027853795312500002 0.6084083390624999 0.00871426875 0.5738917703124999 0.0246365890625 0.5377720453125 0.0915321890625 0.5399422671874999 0.13441343125 0.5733900671875001 0.1524732953125 0.618965021875 0.13924468437499998 0.6416052875 0.09069248125
2 0.7842737546875 0.0857958640625 0.747859603125 0.068815665625 0.7192757390625 0.082578659375 0.7004088515625 0.123038828125 0.7376409234375 0.16995519375 0.7751238453125 0.1529532078125 0.7939907328125 0.11249303906250001 0.7842737546875 0.0857958640625
2 0.8406998234374999 0.2869734671875 0.8298922875000001 0.22036140468749998 0.8034568578125001 0.20310856562500001 0.7352307437500001 0.227940840625 0.7147498078125001 0.28242575 0.725284703125 0.33905909218749997 0.758732503125 0.35711895312499997 0.8140135421875 0.33363898281250004 0.8406998234374999 0.2869734671875
2 0.6878126765625 0.3930096140625 0.6978022921875 0.42968551250000003 0.7290907640625 0.44181266875 0.7568676015625 0.4350620453125 0.7760071281250001 0.4045805984375 0.750106084375 0.37033666875 0.6878126765625 0.3930096140625
2 0.8849769468750001 0.4455424703125 0.8742020921875 0.48977601562500006 0.8990234734375001 0.5210535921874999 0.95780525 0.47950286562500005 0.957521715625 0.43257560625 0.9213802031249999 0.42557413125 0.8849769468750001 0.4455424703125