2 0.61953125 0.56171875 0.1984375 0.2171875
2 0.6390625 0.8171875 0.165625 0.1859375
2 0.2546875 0.77578125 0.15625 0.184375
2 0.33515625 0.5375 0.2265625 0.2453125
2 0.36875 0.40703125 0.1796875 0.2
2 0.546875 0.22265625 0.15625 0.1765625
2 0.57890625 0.12578125 0.1390625 0.1515625
2 0.63984375 0.0703125 0.1953125 0.140625
2 0.24609375 0.3625 0.159375 0.1828125
2 0.52265625 0.05859375 0.1640625 0.1171875
2 0.14921875 0.73046875 0.1625 0.1796875
2 0.1 0.621875 0.165625 0.1734375
2 0.1140625 0.421875 0.18125 0.20625
2 0.03984375 0.2953125 0.0796875 0.171875
2 0.4078125 0.0375 0.125 0.075
2 0.86796875 0.7734375 0.25625 0.2609375
2 0.5796875 0.95078125 0.171875 0.0984375
2 0.17734375 0.93203125 0.1109375 0.1359375