2 0.128125 0.421875 0.190625 0.2046875
2 0.15390625 0.315625 0.1421875 0.159375
2 0.2140625 0.55625 0.1484375 0.1609375
2 0.3125 0.725 0.165625 0.1890625
2 0.36015625 0.6234375 0.1640625 0.1796875
2 0.56953125 0.79296875 0.175 0.196875
2 0.53984375 0.496875 0.165625 0.1828125
2 0.50625 0.3515625 0.1171875 0.128125
2 0.58046875 0.26796875 0.1796875 0.184375
2 0.7703125 0.90390625 0.109375 0.08125
2 0.403125 0.9265625 0.2 0.146875
2 0.03984375 0.5625 0.0796875 0.234375
2 0.8828125 0.759375 0.228125 0.25