0 0.45703125 0.79140625 0.14375 0.15625
0 0.33515625 0.62265625 0.1859375 0.1953125
0 0.7109375 0.93203125 0.0859375 0.0734375
0 0.70078125 0.69765625 0.121875 0.134375
0 0.615625 0.64375 0.115625 0.125
0 0.67265625 0.45625 0.115625 0.125
0 0.76328125 0.5203125 0.1375 0.1390625
0 0.8734375 0.59921875 0.1375 0.1484375
0 0.95546875 0.64765625 0.0890625 0.1390625
0 0.98515625 0.73515625 0.0296875 0.0859375
0 0.21796875 0.25625 0.09375 0.0984375
0 0.515625 0.165625 0.1890625 0.203125
0 0.4140625 0.071875 0.0796875 0.0859375
0 0.01875 0.5796875 0.0375 0.125