0 0.87578125 0.609375 0.103125 0.13671875
0 0.853125 0.8796875 0.0703125 0.08046875
0 0.57421875 0.85 0.10703125 0.12265625
0 0.3328125 0.93203125 0.084375 0.09140625
0 0.41796875 0.6046875 0.1015625 0.12734375
0 0.57109375 0.63125 0.05078125 0.0671875
0 0.73359375 0.58203125 0.06875 0.07890625
0 0.75078125 0.33359375 0.128125 0.16015625
0 0.74609375 0.22578125 0.06015625 0.071875
0 0.6625 0.284375 0.0671875 0.08515625
0 0.5078125 0.25625 0.08203125 0.1015625
0 0.38828125 0.315625 0.07109375 0.08671875
0 0.24609375 0.34296875 0.1078125 0.13828125
0 0.128125 0.534375 0.12578125 0.16640625
0 0.07421875 0.684375 0.1484375 0.1875
0 0.17890625 0.65078125 0.078125 0.0921875
0 0.26953125 0.66484375 0.06796875 0.0875
0 0.32109375 0.59921875 0.0796875 0.0953125
0 0.44453125 0.04921875 0.08359375 0.0984375
0 0.9765625 0.234375 0.04609375 0.090625
0 0.92109375 0.29296875 0.04765625 0.0625
0 0.678125 0.0234375 0.11796875 0.046875
0 0.95078125 0.02265625 0.0890625 0.04453125
0 0.01015625 0.79453125 0.0203125 0.07890625