2 0.7008928578125 0.7209821421875 0.6964285718750001 0.7924107140625 0.7165178578125 0.8169642859374999 0.7455357140625 0.8147321421875 0.7767857140625 0.7834821421875 0.78125 0.734375 0.734375 0.6964285718750001 0.7008928578125 0.7209821421875
2 0.7410714281249999 0.6004464281249999 0.7276785718750001 0.6674107140625 0.765625 0.7053571421875 0.7901785718750001 0.703125 0.8169642859374999 0.6763392859375 0.8258928578125 0.6316964281249999 0.7834821421875 0.5758928578125 0.7410714281249999 0.6004464281249999
2 0.625 0.7834821421875 0.6540178578125 0.8169642859374999 0.6785714281249999 0.8147321421875 0.6919642859375 0.7477678578125 0.671875 0.71875 0.6495535718750001 0.71875 0.625 0.7834821421875
2 0.8504464281249999 0.6607142859375 0.8258928578125 0.6897321421875 0.8214285718750001 0.7388392859375 0.8415178578125 0.7723214281249999 0.875 0.7790178578125 0.9017857140625001 0.7477678578125 0.9017857140625001 0.7120535718750001 0.8839285718750001 0.6763392859375 0.8504464281249999 0.6607142859375
2 0.8392857140625001 0.5558035718750001 0.8348214281249999 0.609375 0.8549107140625001 0.6473214281249999 0.8928571421875 0.6540178578125 0.9196428578125 0.6272321421875 0.9330357140625001 0.5736607140625 0.8816964281249999 0.5223214281249999 0.8392857140625001 0.5558035718750001
2 1 0.5022321421875 0.9799107140625001 0.5 0.9464285718750001 0.5334821421875 0.9419642859374999 0.578125 0.9598214281249999 0.6227678578125 1 0.6495535718750001 1 0.5022321421875
2 0.6071428578125 0.8370535718750001 0.6026785718750001 0.8861607140625001 0.6227678578125 0.9151785718750001 0.65625 0.9129464281249999 0.6785714281249999 0.890625 0.6741071421875 0.8549107140625001 0.6272321421875 0.8169642859374999 0.6071428578125 0.8370535718750001
2 0.5089285718750001 0.7834821421875 0.5 0.8415178578125 0.5334821421875 0.8928571421875 0.5758928578125 0.8995535718750001 0.59375 0.8683035718750001 0.5892857140625 0.8013392859374999 0.5424107140625 0.7633928578125 0.5089285718750001 0.7834821421875
2 0.36830357187499996 0.8169642859374999 0.34375 0.8459821421875 0.33928571406249997 0.9084821421875 0.36383928593750003 0.9419642859374999 0.41071428593750003 0.9486607140625001 0.446428571875 0.9040178578125 0.446428571875 0.859375 0.41741071406249997 0.8169642859374999 0.36830357187499996 0.8169642859374999
2 0.265625 0.8482142859374999 0.2455357140625 0.8638392859374999 0.24107142812500001 0.9129464281249999 0.2678571421875 0.9799107140625001 0.2991071421875 0.9977678578125 0.33482142812500004 0.953125 0.3303571421875 0.8772321421875 0.296875 0.8482142859374999 0.265625 0.8482142859374999
2 0.2455357140625 0.9977678578125 0.25 0.9575892859374999 0.2165178578125 0.9375 0.196428571875 0.9888392859374999 0.2455357140625 0.9977678578125
2 0.29241071406249997 0.7098214281249999 0.25446428593750003 0.765625 0.25892857187499996 0.8191964281249999 0.28794642812500004 0.84375 0.3303571421875 0.8459821421875 0.3616071421875 0.8102678578125 0.36607142812500004 0.7566964281249999 0.33705357187499996 0.7142857140625 0.29241071406249997 0.7098214281249999
2 0.49776785781250005 0.48214285781250005 0.46875 0.5111607140625 0.46428571406249997 0.5602678578125 0.493303571875 0.59375 0.5267857140625 0.5915178578125 0.5491071421875 0.5647321421875 0.5491071421875 0.5111607140625 0.5245535718750001 0.48214285781250005 0.49776785781250005 0.48214285781250005
2 0.44866071406249997 0.6116071421875 0.41964285781250005 0.6808035718750001 0.43526785781250005 0.7142857140625 0.477678571875 0.7254464281249999 0.5044642859375 0.6941964281249999 0.5044642859375 0.6495535718750001 0.475446428125 0.6116071421875 0.44866071406249997 0.6116071421875
2 0.6808035718750001 0.48214285781250005 0.65625 0.5111607140625 0.65625 0.5602678578125 0.6763392859375 0.59375 0.7008928578125 0.6004464281249999 0.7321428578125 0.578125 0.7410714281249999 0.5334821421875 0.7120535718750001 0.48660714218749995 0.6808035718750001 0.48214285781250005
2 0.609375 0.31696428593750003 0.5669642859375 0.359375 0.5625 0.40848214218749995 0.5959821421875 0.46875 0.6339285718750001 0.475446428125 0.6696428578125 0.45758928593750003 0.6830357140625 0.39508928593750003 0.6696428578125 0.359375 0.609375 0.31696428593750003
2 0.47991071406249997 0.25892857187499996 0.45089285781250005 0.29241071406249997 0.446428571875 0.3459821421875 0.47098214218749995 0.37946428593750003 0.5 0.38616071406249997 0.5245535718750001 0.37946428593750003 0.5580357140625 0.328125 0.5111607140625 0.2633928578125 0.47991071406249997 0.25892857187499996
2 0.131696428125 0.3258928578125 0.09375 0.35044642812500004 0.0892857140625 0.421875 0.118303571875 0.46428571406249997 0.147321428125 0.46651785781250005 0.18303571406250002 0.42633928593750003 0.1875 0.38169642812500004 0.178571428125 0.35491071406249997 0.131696428125 0.3258928578125
2 0.0915178578125 0.477678571875 0.071428571875 0.5334821421875 0.10714285781249999 0.5647321421875 0.133928571875 0.5513392859375 0.1383928578125 0.5066964281249999 0.1272321421875 0.48660714218749995 0.0915178578125 0.477678571875
2 0 0.5959821421875 0.008928571875000001 0.6986607140625 0.0357142859375 0.671875 0.0446428578125 0.6227678578125 0.0200892859375 0.5848214281249999 0 0.5959821421875
2 0.6607142859375 0.9977678578125 0.6227678578125 0.9508928578125 0.578125 0.96875 0.5625 0.9977678578125 0.6607142859375 0.9977678578125
2 0.7723214281249999 0.037946428125 0.7879464281249999 0 0.71875 0.0022321421875000002 0.7388392859375 0.040178571875 0.7723214281249999 0.037946428125
2 1 0.921875 0.9977678578125 0.7589285718750001 0.9598214281249999 0.828125 0.9776785718750001 0.9040178578125 1 0.921875
2 0.0357142859375 0.8415178578125 0.053571428125 0.7522321421875 0.0022321421875000002 0.7008928578125 0 0.8415178578125 0.0357142859375 0.8415178578125
2 0.0044642859375000005 0.1272321421875 0.0669642859375 0.149553571875 0.10714285781249999 0.100446428125 0.102678571875 0.0647321421875 0.0111607140625 0.0580357140625 0.0044642859375000005 0.1272321421875
2 0.5669642859375 0.0290178578125 0.5825892859375 0 0.5267857140625 0.0022321421875000002 0.546875 0.03125 0.5669642859375 0.0290178578125
2 0.3375 0.56640625 0.1421875 0.1984375