2 0.6450892859375 0.7857142859375 0.6026785718750001 0.8236607140625001 0.5982142859375 0.8683035718750001 0.6183035718750001 0.9107142859374999 0.6696428578125 0.921875 0.7008928578125 0.8950892859374999 0.7098214281249999 0.8415178578125 0.6763392859375 0.7901785718750001 0.6450892859375 0.7857142859375
2 0.546875 0.5669642859375 0.5133928578125 0.5959821421875 0.5089285718750001 0.6629464281249999 0.5513392859375 0.7232142859375 0.5758928578125 0.7254464281249999 0.625 0.6941964281249999 0.6339285718750001 0.6450892859375 0.6004464281249999 0.5758928578125 0.546875 0.5669642859375
2 0.47098214218749995 0.65625 0.446428571875 0.6808035718750001 0.446428571875 0.7388392859375 0.47098214218749995 0.7767857140625 0.5044642859375 0.7790178578125 0.5267857140625 0.7477678578125 0.5267857140625 0.7075892859375 0.49776785781250005 0.6607142859375 0.47098214218749995 0.65625
2 0.6294642859375 0.5736607140625 0.6294642859375 0.6272321421875 0.6584821421875 0.65625 0.6964285718750001 0.6584821421875 0.7142857140625 0.5825892859375 0.6763392859375 0.5357142859375 0.6584821421875 0.5357142859375 0.6294642859375 0.5736607140625
2 0.7388392859375 0.6026785718750001 0.7008928578125 0.6763392859375 0.71875 0.7165178578125 0.7589285718750001 0.7388392859375 0.7857142859375 0.6986607140625 0.7857142859375 0.6495535718750001 0.7767857140625 0.6227678578125 0.7388392859375 0.6026785718750001
2 0.6294642859375 0.5691964281249999 0.6294642859375 0.6272321421875 0.6540178578125 0.65625 0.6964285718750001 0.6584821421875 0.7142857140625 0.5825892859375 0.6763392859375 0.5357142859375 0.6584821421875 0.5357142859375 0.6294642859375 0.5691964281249999
2 0.5915178578125 0.42410714218749995 0.5401785718750001 0.453125 0.53125 0.515625 0.5513392859375 0.5491071421875 0.625 0.5647321421875 0.6517857140625 0.515625 0.6473214281249999 0.47991071406249997 0.6294642859375 0.444196428125 0.5915178578125 0.42410714218749995
2 0.8191964281249999 0.8169642859374999 0.7946428578125 0.8459821421875 0.8035714281249999 0.9084821421875 0.8236607140625001 0.9330357140625001 0.8660714281249999 0.9308035718750001 0.8973214281249999 0.890625 0.8883928578125 0.8459821421875 0.859375 0.8125 0.8191964281249999 0.8169642859374999
2 0.8236607140625001 0.45089285781250005 0.7991071421875 0.47991071406249997 0.7946428578125 0.5200892859375 0.8236607140625001 0.5580357140625 0.8392857140625001 0.5558035718750001 0.8705357140625001 0.5245535718750001 0.8705357140625001 0.48883928593750003 0.8504464281249999 0.45535714218749995 0.8236607140625001 0.45089285781250005
2 0.7790178578125 0.25892857187499996 0.7321428578125 0.328125 0.7611607140625 0.38392857187499996 0.7991071421875 0.390625 0.8303571421875 0.359375 0.8392857140625001 0.31919642812500004 0.8214285718750001 0.27455357187499996 0.7790178578125 0.25892857187499996
2 0.6272321421875 0.16071428593749998 0.5982142859375 0.1897321421875 0.59375 0.2522321421875 0.609375 0.28125 0.6517857140625 0.29241071406249997 0.6875 0.26116071406249997 0.6919642859375 0.19866071406250002 0.6674107140625 0.165178571875 0.6272321421875 0.16071428593749998
2 0.6049107140625 0 0.59375 0.087053571875 0.6316964281249999 0.133928571875 0.6651785718750001 0.13616071406250002 0.7053571421875 0.0825892859375 0.6964285718750001 0.015625 0.6763392859375 0 0.6049107140625 0
2 0.8236607140625001 0.03125 0.7901785718750001 0.069196428125 0.7946428578125 0.11383928593749999 0.828125 0.147321428125 0.8571428578125 0.14508928593749998 0.8794642859374999 0.11383928593749999 0.8794642859374999 0.0647321421875 0.8638392859374999 0.0357142859375 0.8236607140625001 0.03125
2 0.421875 0.15178571406250002 0.36830357187499996 0.165178571875 0.34375 0.2165178578125 0.3571428578125 0.26116071406249997 0.40625 0.2834821421875 0.446428571875 0.25669642812500004 0.45535714218749995 0.2209821421875 0.45089285781250005 0.1852678578125 0.421875 0.15178571406250002
2 0.27232142812500004 0.118303571875 0.27232142812500004 0.1584821421875 0.30133928593750003 0.2053571421875 0.3303571421875 0.21205357187499999 0.37053571406249997 0.140625 0.33705357187499996 0.09375 0.30580357187499996 0.084821428125 0.27232142812500004 0.118303571875
2 0.22544642812500001 0.30357142812500004 0.24107142812500001 0.30133928593750003 0.25892857187499996 0.24330357187499999 0.22544642812500001 0.2142857140625 0.2008928578125 0.265625 0.22544642812500001 0.30357142812500004
2 0.2165178578125 0.40625 0.178571428125 0.45758928593750003 0.1741071421875 0.5066964281249999 0.1897321421875 0.53125 0.2321428578125 0.5379464281249999 0.25892857187499996 0.5200892859375 0.27232142812500004 0.462053571875 0.25892857187499996 0.42633928593750003 0.2165178578125 0.40625
2 0.046875 0.3571428578125 0.0267857140625 0.38616071406249997 0.03125 0.43526785781250005 0.055803571875 0.46875 0.09375 0.46651785781250005 0.12053571406250001 0.444196428125 0.116071428125 0.390625 0.0915178578125 0.36607142812500004 0.046875 0.3571428578125
2 0.125 0.35044642812500004 0.12053571406250001 0.40848214218749995 0.14508928593749998 0.45535714218749995 0.178571428125 0.453125 0.2053571421875 0.412946428125 0.20982142812500001 0.36383928593750003 0.162946428125 0.32142857187499996 0.125 0.35044642812500004
2 0.16741071406250002 0.5714285718750001 0.147321428125 0.6049107140625 0.16071428593749998 0.6674107140625 0.1875 0.6808035718750001 0.22767857187499999 0.6272321421875 0.22767857187499999 0.5870535718750001 0.203125 0.5669642859375 0.16741071406250002 0.5714285718750001
2 0.118303571875 0.6607142859375 0.0625 0.703125 0.09375 0.7790178578125 0.133928571875 0.796875 0.16071428593749998 0.7700892859375 0.1696428578125 0.6941964281249999 0.149553571875 0.6651785718750001 0.118303571875 0.6607142859375
2 0 0.8325892859374999 0.053571428125 0.8504464281249999 0.084821428125 0.8191964281249999 0.0892857140625 0.7745535718750001 0.0625 0.7165178578125 0.0200892859375 0.7053571421875 0 0.7254464281249999 0 0.8325892859374999
2 0.006696428124999999 0.19196428593749998 0 0.328125 0.0178571421875 0.33258928593750003 0.0580357140625 0.30580357187499996 0.0625 0.2522321421875 0.053571428125 0.2209821421875 0.006696428124999999 0.19196428593749998
2 0.0736607140625 0 0.0625 0.015625 0.071428571875 0.069196428125 0.0982142859375 0.0825892859375 0.125 0.0513392859375 0.12276785781249999 0 0.0736607140625 0
2 0.5647321421875 0.9464285718750001 0.5089285718750001 0.9933035718750001 0.625 0.9977678578125 0.5647321421875 0.9464285718750001
2 0.9734375 0.82578125 0.053125 0.1265625
2 0.4015625 0.97265625 0.10390625 0.05390625
2 0.13125 0.98359375 0.08125 0.0328125
2 0.03359375 0.984375 0.0671875 0.03125
2 0.84453125 0.01640625 0.07265625 0.03203125
2 0.43515625 0.54609375 0.16328125 0.15078125