2 1 0.5262791359375 0.968589375 0.5476246453125 0.9726022343749999 0.6150622609374999 1 0.6465036937499999 1 0.5262791359375
2 0.8835510171875001 0.7301506734375 0.8572574328125 0.7352616296875001 0.8378400203125 0.764049125 0.8455064546875001 0.803489503125 0.8909096140624999 0.8264989203124999 0.91562268125 0.7898602890624999 0.9088080749999999 0.754802175 0.8835510171875001 0.7301506734375
2 0.7469206875000001 0.577069146875 0.7799673109375 0.6183978796875 0.8088779421875 0.6150521421875 0.8232459640625001 0.5485894874999999 0.774373934375 0.5194325890625 0.74448834375 0.5411592078125 0.7469206875000001 0.577069146875
2 0.7676310125 0.3092686078125 0.7770010968750001 0.3574735140625 0.8171701656250001 0.3769524921875 0.843710021875 0.32631524375 0.8351917625 0.2824926015625 0.784492946875 0.2673343203125 0.7676310125 0.3092686078125
2 0.8366592624999999 0.17305913125 0.81055038125 0.14402536562499998 0.7702581765625001 0.147309534375 0.748162153125 0.185713384375 0.7575322375 0.233918290625 0.78278929375 0.2585697921875 0.820464453125 0.253520403125 0.8451775203125 0.2168817734375 0.8366592624999999 0.17305913125
2 0.698233359375 0.5137675265625 0.666038559375 0.476821059375 0.6161300015625 0.47742661406250003 0.5948858031250001 0.520212728125 0.6051077140625 0.5727998999999999 0.6259825078125 0.598303225 0.6688917562500001 0.596784275 0.699690740625 0.5680583484375 0.698233359375 0.5137675265625
2 0.6281373671875 0.1999481546875 0.6091509281249999 0.1490646359375 0.5663648140624999 0.1278204375 0.5417748812500001 0.141695921875 0.5292952109375 0.182778384375 0.5463317296875 0.2704236671875 0.569094875 0.270546803125 0.614805871875 0.23664835312500002 0.6281373671875 0.1999481546875
2 0.5078764296875 0.095984925 0.527899396875 0.1171059890625 0.5568100281249999 0.1137602515625 0.5666726515625 0.070912571875 0.521331059375 0.0365215796875 0.5019136484375 0.0653090765625 0.5078764296875 0.095984925
2 0.5008155546874999 0.10645310625 0.4593122375 0.0099201578125 0.41116889843750004 0.007908670312500001 0.4100092359375 0.0604342734375 0.42911880937499997 0.0885546453125 0.5008155546874999 0.10645310625
2 0.28310827656250004 0.0509925015625 0.22005292656250003 0.0541535359375 0.2213256046875 0.142589078125 0.2579026671875 0.17868372187499998 0.299960090625 0.17278250781249999 0.3229695078125 0.1273793484375 0.31627803593750003 0.0695580875 0.28310827656250004 0.0509925015625
2 0.20379654687499998 0.14599638125 0.21438786406250002 0.1302941125 0.1946727328125 0.05226518125 0.135086253125 0.061573699999999995 0.1557147765625 0.1326033203125 0.20379654687499998 0.14599638125
2 0.0649700265625 0.0752029125 0.0813394203125 0.12432121249999999 0.1268657125 0.1245674828125 0.1289387703125 0.0650425703125 0.0649700265625 0.0752029125
2 0.1630016875 0.40405743281250006 0.1316587125 0.37149322812499996 0.10451330156250001 0.37222191875 0.085095890625 0.4010094140625 0.0927623234375 0.4404497921875 0.124105296875 0.4730139953125 0.1442514 0.4713719125 0.1636072421875 0.45396598906249996 0.1630016875 0.40405743281250006
2 0.270906090625 0.5263399765625 0.24710641406249997 0.555979296875 0.24515649375 0.5927410625 0.28258538125 0.63321796875 0.3071137484375 0.630724059375 0.328296378125 0.5993195171875 0.3180744671875 0.546732346875 0.270906090625 0.5263399765625
2 0.3650480265625 0.7649937312499999 0.345025059375 0.74387266875 0.2951165 0.7444782265625001 0.26863821250000003 0.7837339015625 0.27362603281250003 0.8327906328125 0.3206712765625 0.8759461515625 0.357494609375 0.8665145000000001 0.38050402656250004 0.821111340625 0.3650480265625 0.7649937312499999
2 0.6300366984375 0.9818078531250001 0.627727490625 0.923134765625 0.5814109375000001 0.9071246593750001 0.5584630890625 0.9411462437499999 0.566129521875 0.9805866218749999 0.6300366984375 0.9818078531250001
2 1 0.7930658890625 0.9769128125 0.7893163000000001 0.9469040874999999 0.833806065625 0.9605333015624999 0.90392229375 0.9744703515625 0.917130653125 1 0.9105916828125 1 0.7930658890625
2 0.41875 0.284375 0.1734375 0.2578125
2 0.66953125 0.03203125 0.1546875 0.0640625