2 0.28398439531249997 0.700042859375 0.33031995468750003 0.67782303125 0.3443109125 0.644661409375 0.342020109375 0.5995220531250001 0.3157738375 0.5869462171875 0.2814160140625 0.592884284375 0.24913007343750002 0.63094803125 0.251420875 0.6760873890625 0.28398439531249997 0.700042859375
2 0.20607831718749997 0.8483730046875 0.15914465625000002 0.8805573453125 0.2356513328125 0.9221510390625 0.2361907734375 0.863180984375 0.20607831718749997 0.8483730046875
2 0.6753846015625 1 0.711715790625 0.9547260640624999 0.714487375 0.8918898265624999 0.6833389765625 0.8610190062499999 0.6345523546875 0.8740913421875 0.590507596875 0.9414505265625 0.5927984000000001 0.9865898828124999 0.6074182109375 1 0.6753846015625 1
2 0.7207302453125 0.671255428125 0.7178413421875 0.6360805843749999 0.6838626999999999 0.6190404625 0.647272734375 0.6288447140625 0.6210851203125001 0.6652744203125 0.633340434375 0.7110118765625 0.6845781203125 0.707087034375 0.7207302453125 0.671255428125
2 0.5742530609375 0.6124613531249999 0.61323543125 0.5627990515625 0.5763678859375 0.510584084375 0.5336795921874999 0.522022378125 0.5091260203125 0.5645504125 0.5136489656250001 0.6058235828125 0.5445784437500001 0.623680725 0.5742530609375 0.6124613531249999
2 0.8457030218750001 0.7717605171875 0.8914404796875001 0.7595052015625 0.9198602359375 0.7192093109375 0.9137032484375001 0.6718378109375001 0.885822934375 0.6531636468750001 0.843134640625 0.664601940625 0.8236434546875 0.6894330921875 0.8173848671874999 0.727059 0.8457030218750001 0.7717605171875
2 1 0.4694454921875 0.9917109296875 0.438510259375 0.9499999171875 0.4170058515625 0.9339370765625 0.4180417921875 0.9053570609375001 0.4943295484375 0.906611921875 0.5234060640625 0.9353092578125001 0.5451293921875 0.9794126734375 0.5267757484375 1 0.49111745156250003 1 0.4694454921875
2 0.7762991796875001 0.378578640625 0.76850815 0.3251088125 0.7461280609375 0.31476512031250004 0.69837738125 0.3439002953125 0.695984978125 0.3837583453125 0.7171688640625 0.41403106406249995 0.74624538125 0.41277620312499996 0.7762991796875001 0.378578640625
2 0.5795615921875 0.29076670781249997 0.57830673125 0.261690190625 0.5504264171875 0.24301602656250001 0.51606859375 0.2489540953125 0.4831845515625 0.2969823546875 0.5131367499999999 0.34778219843749997 0.555008021875 0.33329474062500003 0.5795615921875 0.29076670781249997
2 0.769688634375 0.1221712984375 0.763531646875 0.0747997984375 0.721820634375 0.05329539062500001 0.660677096875 0.105627675 0.6613338578125 0.14466870468749998 0.6932992765625 0.1785886875 0.741268878125 0.1624671890625 0.769688634375 0.1221712984375
2 0.550309096875 0.14500494375 0.5709964828125 0.1002447671875 0.5418613078125001 0.052494087499999995 0.4692794765625 0.062138078124999996 0.4508242328125 0.10303207031249999 0.465311690625 0.1449033421875 0.512304009375 0.1617245453125 0.550309096875 0.14500494375
2 0.1590231265625 0.09951784218750001 0.094889084375 0.20167268906250002 0.1266355828125 0.222578996875 0.1662747140625 0.2119577234375 0.19692661250000001 0.1677956484375 0.1891355828125 0.1143258203125 0.1590231265625 0.09951784218750001
2 0.6522293078125 0.01311681875 0.6628505796875 0.0527559484375 0.7140882656249999 0.0488311046875 0.6522293078125 0.01311681875