2 0.36484375 0.2765625 0.125 0.16328125
2 0.1375 0.6296875 0.11953125 0.1625
2 0.0609375 0.7890625 0.11328125 0.15625
2 0.18359375 0.71640625 0.13125 0.134375
2 0.18515625 0.9 0.121875 0.16015625
2 0.4625 0.65390625 0.08828125 0.13046875
2 0.49375 0.5296875 0.10546875 0.12890625
2 0.4375 0.36875 0.1 0.128125
2 0.703125 0.40625 0.10234375 0.12578125
2 0.759375 0.24453125 0.096875 0.1234375
2 0.27109375 0.77578125 0.11484375 0.14296875
2 0.59609375 0.51015625 0.11171875 0.13515625
2 0.54765625 0.3 0.075 0.10078125
2 0.515625 0.4015625 0.084375 0.115625
2 0.5953125 0.3828125 0.0984375 0.13671875
2 0.67578125 0.55703125 0.11328125 0.14296875
2 0.5515625 0.13203125 0.08359375 0.10859375
2 0.8359375 0.29140625 0.0921875 0.13515625
2 0.5375 0.6859375 0.10078125 0.15
2 0.35 0.903125 0.0828125 0.109375
2 0.50546875 0.9140625 0.11328125 0.159375
2 0.8359375 0.71640625 0.17734375 0.18125
2 0.653125 0.72734375 0.0875 0.1140625
2 0.58203125 0.76875 0.09140625 0.12109375
2 0.58984375 0.8671875 0.07890625 0.11015625
2 0.69140625 0.8125 0.08671875 0.10546875
2 0.6890625 0.9625 0.10703125 0.07421875
2 0.1140625 0.08046875 0.078125 0.09140625
2 0.71171875 0.0140625 0.0796875 0.028125
2 0.8140625 0.0171875 0.0703125 0.03359375
2 0.9359375 0.01640625 0.08125 0.03203125
2 0.375 0.6265625 0.115625 0.18515625
2 0.94140625 0.93046875 0.1171875 0.1390625
2 0.2171875 0.03203125 0.090625 0.0640625