0 0.63359375 0.94140625 0.08203125 0.10390625
0 0.9078125 0.9171875 0.1234375 0.1578125
0 0.53203125 0.76640625 0.0953125 0.12109375
0 0.3859375 0.8453125 0.09140625 0.12265625
0 0.45390625 0.9328125 0.1390625 0.134375
0 0.2890625 0.7 0.06953125 0.0828125
0 0.2734375 0.634375 0.06796875 0.07890625
0 0.32421875 0.46171875 0.07890625 0.10390625
0 0.39140625 0.396875 0.09453125 0.11875
0 0.46328125 0.38984375 0.09921875 0.11015625
0 0.63515625 0.4390625 0.13203125 0.14453125
0 0.76875 0.3890625 0.075 0.10234375
0 0.6953125 0.35625 0.06484375 0.0734375
0 0.72578125 0.284375 0.05703125 0.09375
0 0.66640625 0.29296875 0.06875 0.08046875
0 0.09609375 0.36484375 0.06015625 0.08828125