2 0.7388392859375 0.28571428593750003 0.7008928578125 0.32366071406249997 0.7008928578125 0.390625 0.7254464281249999 0.41964285781250005 0.7678571421875 0.42633928593750003 0.8125 0.3772321421875 0.8125 0.328125 0.7790178578125 0.29017857187499996 0.7388392859375 0.28571428593750003
2 0.6138392859375 0.0446428578125 0.5758928578125 0.0825892859375 0.5669642859375 0.12276785781249999 0.5915178578125 0.1696428578125 0.6339285718750001 0.171875 0.6741071421875 0.12276785781249999 0.6741071421875 0.087053571875 0.6450892859375 0.0446428578125 0.6138392859375 0.0446428578125
2 0.7366071421875 0.12276785781249999 0.7321428578125 0.162946428125 0.7566964281249999 0.19196428593749998 0.7857142859375 0.194196428125 0.8080357140625001 0.149553571875 0.7946428578125 0.11383928593749999 0.765625 0.0982142859375 0.7366071421875 0.12276785781249999
2 0.8950892859374999 0.196428571875 0.8683035718750001 0.196428571875 0.8303571421875 0.2388392859375 0.8392857140625001 0.3147321421875 0.8794642859374999 0.3459821421875 0.921875 0.33482142812500004 0.9419642859374999 0.30133928593750003 0.9285714281249999 0.2299107140625 0.8950892859374999 0.196428571875
2 1 0.17633928593749998 0.9754464281249999 0.16071428593749998 0.9419642859374999 0.1897321421875 0.9330357140625001 0.234375 0.9575892859374999 0.2678571421875 0.9866071421875 0.27008928593750003 1 0.26116071406249997 1 0.17633928593749998
2 0.8794642859374999 0.0915178578125 0.875 0.131696428125 0.9196428578125 0.180803571875 0.9508928578125 0.149553571875 0.9553571421875 0.087053571875 0.9084821421875 0.0669642859375 0.8794642859374999 0.0915178578125
2 0.9330357140625001 0.412946428125 0.9285714281249999 0.462053571875 0.96875 0.48883928593750003 0.9955357140625001 0.43526785781250005 0.9754464281249999 0.39732142812500004 0.953125 0.39732142812500004 0.9330357140625001 0.412946428125
2 0.8459821421875 0.35267857187499996 0.8169642859374999 0.421875 0.8370535718750001 0.45089285781250005 0.9017857140625001 0.47098214218749995 0.9151785718750001 0.462053571875 0.9017857140625001 0.390625 0.8816964281249999 0.3616071421875 0.8459821421875 0.35267857187499996
2 0.8125 0.47991071406249997 0.8035714281249999 0.5200892859375 0.8191964281249999 0.5446428578125 0.8571428578125 0.5513392859375 0.8794642859374999 0.49776785781250005 0.8549107140625001 0.459821428125 0.8370535718750001 0.459821428125 0.8125 0.47991071406249997
2 0.8705357140625001 0.5736607140625 0.8973214281249999 0.5825892859375 0.9375 0.5245535718750001 0.9084821421875 0.48214285781250005 0.8660714281249999 0.546875 0.8705357140625001 0.5736607140625
2 1 0.5602678578125 0.9665178578125 0.53125 0.9397321421875 0.5357142859375 0.9017857140625001 0.5959821421875 0.9151785718750001 0.6674107140625 0.9553571421875 0.6897321421875 1 0.6495535718750001 1 0.5602678578125
2 0.8258928578125 0.037946428125 0.8504464281249999 0 0.7589285718750001 0.0022321421875000002 0.7879464281249999 0.0357142859375 0.8258928578125 0.037946428125
2 0.2790178578125 0.0758928578125 0.25892857187499996 0.10491071406250001 0.25892857187499996 0.14508928593749998 0.2991071421875 0.171875 0.3258928578125 0.14508928593749998 0.3258928578125 0.109375 0.30580357187499996 0.0803571421875 0.2790178578125 0.0758928578125
2 0.31919642812500004 0.28125 0.28571428593750003 0.3147321421875 0.28125 0.359375 0.31919642812500004 0.41071428593750003 0.34821428593750003 0.40848214218749995 0.375 0.390625 0.37946428593750003 0.328125 0.35491071406249997 0.29017857187499996 0.31919642812500004 0.28125
2 0.25446428593750003 0.45758928593750003 0.2991071421875 0.46651785781250005 0.3125 0.421875 0.29241071406249997 0.39732142812500004 0.26116071406249997 0.39732142812500004 0.25446428593750003 0.45758928593750003
2 0.34821428593750003 0.49776785781250005 0.34821428593750003 0.5602678578125 0.41071428593750003 0.578125 0.43303571406249997 0.546875 0.43303571406249997 0.5111607140625 0.38169642812500004 0.46875 0.34821428593750003 0.49776785781250005
2 0.462053571875 0.5089285718750001 0.43303571406249997 0.578125 0.45089285781250005 0.6227678578125 0.5 0.6450892859375 0.5357142859375 0.6049107140625 0.53125 0.5602678578125 0.493303571875 0.5089285718750001 0.462053571875 0.5089285718750001
2 0.5290178578125 0.34821428593750003 0.49553571406249997 0.40401785781250005 0.49553571406249997 0.47991071406249997 0.515625 0.5 0.5625 0.5022321421875 0.59375 0.475446428125 0.6026785718750001 0.39955357187499996 0.5736607140625 0.35267857187499996 0.5290178578125 0.34821428593750003
2 0.5691964281249999 0.5044642859375 0.5446428578125 0.5245535718750001 0.5401785718750001 0.5736607140625 0.5647321421875 0.6116071421875 0.59375 0.609375 0.6160714281249999 0.5825892859375 0.6160714281249999 0.5424107140625 0.5959821421875 0.5089285718750001 0.5691964281249999 0.5044642859375
2 0.640625 0.4375 0.6116071421875 0.46651785781250005 0.6071428578125 0.5111607140625 0.6361607140625 0.5714285718750001 0.6830357140625 0.578125 0.7098214281249999 0.5379464281249999 0.7098214281249999 0.47991071406249997 0.6763392859375 0.44196428593750003 0.640625 0.4375
2 0.5133928578125 0.6674107140625 0.5089285718750001 0.6941964281249999 0.5290178578125 0.7321428578125 0.5714285718750001 0.734375 0.5848214281249999 0.7165178578125 0.5758928578125 0.6540178578125 0.546875 0.6428571421875 0.5133928578125 0.6674107140625
2 0.6227678578125 0.5848214281249999 0.59375 0.6138392859375 0.5848214281249999 0.6540178578125 0.6138392859375 0.7008928578125 0.6428571421875 0.7075892859375 0.6875 0.6540178578125 0.6875 0.6138392859375 0.6584821421875 0.5848214281249999 0.6227678578125 0.5848214281249999
2 0.5491071421875 0.7611607140625 0.5491071421875 0.7924107140625 0.5691964281249999 0.8303571421875 0.6026785718750001 0.8325892859374999 0.625 0.7790178578125 0.6160714281249999 0.7522321421875 0.5825892859375 0.7366071421875 0.5491071421875 0.7611607140625
2 0.45758928593750003 0.7276785718750001 0.42410714218749995 0.7745535718750001 0.4375 0.8549107140625001 0.45758928593750003 0.8794642859374999 0.477678571875 0.8772321421875 0.5223214281249999 0.8370535718750001 0.53125 0.7924107140625 0.49776785781250005 0.7276785718750001 0.45758928593750003 0.7276785718750001
2 0.34821428593750003 0.828125 0.34375 0.8950892859374999 0.36383928593750003 0.9285714281249999 0.41071428593750003 0.9308035718750001 0.4375 0.8727678578125 0.41071428593750003 0.8147321421875 0.36830357187499996 0.8035714281249999 0.34821428593750003 0.828125
2 0.2522321421875 0.7589285718750001 0.22767857187499999 0.8058035718750001 0.2321428578125 0.859375 0.27455357187499996 0.90625 0.30803571406249997 0.9084821421875 0.33482142812500004 0.8772321421875 0.33482142812500004 0.8013392859374999 0.28794642812500004 0.7633928578125 0.2522321421875 0.7589285718750001
2 0.27232142812500004 0.703125 0.27232142812500004 0.734375 0.28794642812500004 0.7589285718750001 0.33928571406249997 0.7745535718750001 0.3616071421875 0.7254464281249999 0.32366071406249997 0.6741071421875 0.30133928593750003 0.6741071421875 0.27232142812500004 0.703125
2 0.36383928593750003 0.5848214281249999 0.33928571406249997 0.6138392859375 0.33928571406249997 0.6763392859375 0.36830357187499996 0.7232142859375 0.41071428593750003 0.7254464281249999 0.446428571875 0.6808035718750001 0.44196428593750003 0.6361607140625 0.40401785781250005 0.5848214281249999 0.36383928593750003 0.5848214281249999
2 0.7834821421875 0.6607142859375 0.75 0.6986607140625 0.75 0.7477678578125 0.765625 0.7767857140625 0.8035714281249999 0.7834821421875 0.8392857140625001 0.7477678578125 0.8392857140625001 0.6941964281249999 0.8236607140625001 0.6696428578125 0.7834821421875 0.6607142859375
2 0.7901785718750001 0.8102678578125 0.7901785718750001 0.8459821421875 0.8303571421875 0.859375 0.8526785718750001 0.8415178578125 0.8526785718750001 0.8013392859374999 0.8147321421875 0.7857142859375 0.7901785718750001 0.8102678578125
2 0.5758928578125 0.9888392859374999 0.6607142859375 0.9977678578125 0.6607142859375 0.9665178578125 0.6316964281249999 0.9375 0.6049107140625 0.9419642859374999 0.5758928578125 0.9888392859374999
2 0.040178571875 0.9977678578125 0.0491071421875 0.9308035718750001 0.0022321421875000002 0.90625 0 0.9977678578125 0.040178571875 0.9977678578125