2 0.67135596875 0.3754841375 0.7180323765625001 0.43911895625 0.748241184375 0.448279759375 0.80216991875 0.4118547125 0.8210368046875001 0.3713945453125 0.805103590625 0.2999294375 0.7797478234375 0.285642953125 0.682130821875 0.3312505921875 0.67135596875 0.3754841375
2 0.667266375 0.2258033015625 0.67591458125 0.2864826609375 0.7142154234375 0.2994168421875 0.7824415375 0.2745845671875 0.805354440625 0.23601108593750003 0.8042638828124999 0.1960961953125 0.7751238453125 0.1529532078125 0.7241505687500001 0.151350053125 0.6958393453125 0.1750917703125 0.667266375 0.2258033015625
2 0.8347453296875 0.215235721875 0.8493262406250001 0.273755753125 0.8798076874999999 0.2928952796875 0.9402144078125 0.27426835 0.9687873781249999 0.22355681875000002 0.9652648515625 0.1677305 0.8994489171875 0.1345771296875 0.8630456593750001 0.15454546875 0.8347453296875 0.215235721875
2 1 0.2446736015625 0.9933361187499999 0.24485567343749998 0.9626038203125 0.2896344984375 0.968820059375 0.3344024296875 0.9890501437499999 0.3438358734375 1 0.342692 1 0.2446736015625
2 1 0.352104340625 0.9685583140625 0.3613722453125 0.9459180500000001 0.409924446875 0.9540209781250001 0.4506463625 0.9963678375 0.46546723281249996 1 0.46334435625000003 1 0.352104340625
2 0.845618228125 0.5035390109375 0.8779863640625001 0.5186325203125 0.9294831328125 0.46629604531249996 0.9038438328125 0.4050823015625 0.875794353125 0.4018542015625 0.8429027281250001 0.4407003234375 0.845618228125 0.5035390109375
2 0.7682204171875 0.5216315546875 0.8167617265624999 0.5073232828124999 0.833469284375 0.46093040625 0.8186266265625 0.429380190625 0.7671189640625 0.44476812812500005 0.75391214375 0.473090246875 0.7682204171875 0.5216315546875
2 0.6295870734375 0.49146632500000004 0.6538631734375 0.50278645625 0.70051779375 0.49252419999999997 0.7215440078124999 0.4579967375 0.6802659203125 0.4091936828125 0.6443970484375 0.4121709296875 0.6155514390625 0.45290373749999996 0.6295870734375 0.49146632500000004
2 0.5969789796875 0.5772397046875 0.6172199578125 0.623621684375 0.6574074890625 0.6325098484375 0.7016301406250001 0.6063361640625 0.7218384375 0.5418725328125 0.706995778125 0.5103223171875 0.639838434375 0.5011724078124999 0.6212332921875 0.5146627625 0.5969789796875 0.5772397046875
2 0.5322209203125 0.4731556109375 0.5403238484374999 0.5138775250000001 0.5972298312500001 0.5133213515625 0.6090734546875 0.435105621875 0.579671671875 0.418932446875 0.5510878078125 0.43269544218749995 0.5322209203125 0.4731556109375
2 0.5050329375 0.6476578281250001 0.5252739156249999 0.694039809375 0.55143670625 0.701313925 0.575974553125 0.685664240625 0.60050150625 0.633066021875 0.587272896875 0.587491065625 0.54977908125 0.5675445156250001 0.5090571671874999 0.5756474421875 0.5050329375 0.6476578281250001
2 0.4087682390625 0.7062105421875 0.4246905609375 0.7407271109375 0.4735045109375 0.7363975609375 0.4948033640625 0.7118488203125 0.495054215625 0.64793046875 0.4597197265625 0.6339166234375 0.42358910937500005 0.663863684375 0.4087682390625 0.7062105421875
2 0.485402603125 0.8429245156249999 0.5361032390625 0.8345489484374999 0.556856815625 0.7900427624999999 0.5379681390625 0.7566058578125 0.5088389984374999 0.75041140625 0.4824144625 0.7701071046875 0.485402603125 0.8429245156249999
2 0.5544575296875001 0.8849769468750001 0.5887123546875 0.8960244390625001 0.6232289234375 0.880102115625 0.6361631046875 0.8418012750000001 0.626707871875 0.7881342859375 0.5687222265625 0.78572410625 0.5404218968750001 0.846414359375 0.5544575296875001 0.8849769468750001
2 0.495098259375 1 0.4840938765625 0.9777735890624999 0.4320409359375 0.9732040828124999 0.41778562187499996 1 0.495098259375 1
2 0.3255030859375 0.9481536374999999 0.3411527703125 0.9726914843750001 0.36326954218749996 0.9780789109375 0.3956267828125 0.956223884375 0.3980369625 0.8982382390625 0.3748405265625 0.8898844578125 0.3365505796875 0.9138988140625001 0.3255030859375 0.9481536374999999
2 0.2529147390625 0.813326353125 0.2774634796875 0.8346252062499999 0.30416065468750003 0.8249082296875001 0.3173674765625 0.7965861109375 0.30441150625 0.760989878125 0.287147775 0.7504767718750001 0.2547905328125 0.7723317984375 0.2529147390625 0.813326353125
2 0.268793484375 0.700048775 0.3273353046875 0.7593649359375 0.3799226296875 0.7469433515625 0.3966301875 0.7005504765625 0.3572387890625 0.6477014046875 0.335929040625 0.635301609375 0.29925314375 0.6452912265624999 0.268793484375 0.700048775
2 0.4257157546875 0.558950778125 0.468596996875 0.55678055625 0.48503191562500003 0.500408959375 0.442685059375 0.48558808906250006 0.41788546562500006 0.5282075875000001 0.4257157546875 0.558950778125
2 0.565298034375 0.1486999171875 0.577446978125 0.19130851875 0.621680525 0.202083371875 0.6499917484375 0.17834165625 0.6650852578124999 0.1459735203125 0.6537433390625 0.096352546875 0.6224548671875 0.0842253921875 0.5782322140625 0.11039907499999999 0.565298034375 0.1486999171875
2 0.4539180375 0.1657236921875 0.47172704843749996 0.19619424218749998 0.4978898390625 0.20346835937500002 0.5321337671874999 0.1775673125 0.538317325 0.11148963281249999 0.5029828375000001 0.0974757890625 0.4706255953125 0.119330815625 0.4539180375 0.1657236921875
2 0.3837725515625 0.083756371875 0.40239948124999997 0.144163090625 0.45687349531250004 0.12769549062500002 0.47951375937499996 0.0791432859375 0.46844447968749997 0.0395010359375 0.4352693203125 0.031419896875 0.40075275 0.04734221875 0.3837725515625 0.083756371875
2 0.18371858125 0 0.1588423359375 0.074922678125 0.219521696875 0.0662744703125 0.240275271875 0.021768284375 0.227034778125 0 0.18371858125 0
2 0.1200506875 0.2267737375 0.13298486874999998 0.188472896875 0.1224608671875 0.168788090625 0.10627679999999999 0.1612413359375 0.0733960671875 0.23703599375 0.1200506875 0.2267737375
2 0 0.5270479578125 0.0119968375 0.5482848671875 0.054878079687500005 0.5461146453125 0.0742902453125 0.5256119203125 0.0761551453125 0.44766882968750005 0.030841934375 0.43392762500000004 0 0.4592975859375 0 0.5270479578125
2 0.0438632703125 0.6912150796875001 0.0600473375 0.6987618343750001 0.09833728281250001 0.6747474796875 0.0948147578125 0.6189211609374999 0.0473531125 0.6361957859375 0.034146292187499996 0.6645179046874999 0.0438632703125 0.6912150796875001
2 0 0.8153908015625 0.0358148125 0.8352358515624999 0.061966709375 0.8055614296875 0.0592621015625 0.779671278125 0 0.7645800125 0 0.8153908015625
2 0.15176431562499998 0.7661591375000001 0.17792710625 0.7734332515625 0.21433036562500002 0.7534649124999999 0.23319725156249999 0.71300474375 0.2199686421875 0.6674297874999999 0.1541636015625 0.6712249531250001 0.131795978125 0.7297558796875 0.15176431562499998 0.7661591375000001
2 0.34694385156249996 0.490201175 0.355046778125 0.5309230875 0.4060200546875 0.5325262421875 0.424886940625 0.492066075 0.4159769890625 0.4583565296875 0.3906212234375 0.44407004375000003 0.367970065625 0.4556737109375 0.34694385156249996 0.490201175
2 0.2171875 0.35859375 0.2125 0.253125