0 0.30390625 0.52265625 0.0703125 0.0921875
0 0.07578125 0.49765625 0.0609375 0.06875
0 0.15390625 0.24140625 0.0640625 0.0890625
0 0.2671875 0.17421875 0.0953125 0.1265625
0 0.4296875 0.4375 0.059375 0.0734375
0 0.51953125 0.2859375 0.109375 0.1453125
0 0.503125 0.55546875 0.0828125 0.1015625
0 0.58828125 0.6984375 0.0859375 0.1078125
0 0.7046875 0.6984375 0.0890625 0.1125
0 0.67890625 0.57265625 0.1046875 0.13125
0 0.87421875 0.5171875 0.075 0.10625
0 0.84453125 0.91171875 0.05625 0.065625
0 0.8140625 0.0703125 0.059375 0.08125
0 0.9671875 0.97421875 0.05 0.0515625
0 0.98046875 0.865625 0.028125 0.06875