2 0.13984375 0.32734375 0.1171875 0.125
2 0.22890625 0.29375 0.125 0.1359375
2 0.2484375 0.084375 0.1453125 0.1625
2 0.33359375 0.24140625 0.13125 0.1421875
2 0.4359375 0.43515625 0.1671875 0.1875
2 0.303125 0.76953125 0.125 0.1359375
2 0.21875 0.81796875 0.1265625 0.1359375
2 0.3171875 0.8875 0.2046875 0.2
2 0.73046875 0.94921875 0.1484375 0.1015625
2 0.65 0.81953125 0.128125 0.15
2 0.71640625 0.7125 0.140625 0.1546875
2 0.64453125 0.646875 0.1703125 0.190625
2 0.7390625 0.6 0.11875 0.13125
2 0.890625 0.43984375 0.140625 0.153125
2 0.9515625 0.3515625 0.096875 0.2125
2 0.84296875 0.23671875 0.1328125 0.14375
2 0.78984375 0.17109375 0.1203125 0.134375
2 0.584375 0.18359375 0.1859375 0.196875
2 0.48125 0.21015625 0.1234375 0.134375
2 0.6 0.06640625 0.1046875 0.1140625
2 0.67109375 0.0875 0.1359375 0.1421875
2 0.94921875 0.21875 0.1015625 0.10625
2 0.97734375 0.2484375 0.0453125 0.1
2 0.98515625 0.5421875 0.0296875 0.146875
2 0.43828125 0.02421875 0.1671875 0.0484375