2 0.5277322015625 0 0.5183388203125 0.029057525 0.529307715625 0.07774956093749999 0.574334315625 0.1095600453125 0.616049009375 0.0821535625 0.625568175 0.041739240625 0.60785091875 0 0.5277322015625 0
2 0.6105213953125 0.15482232812500002 0.6403518609375001 0.1736838984375 0.6838698109375 0.1333874203125 0.674024525 0.09876791093750001 0.637157796875 0.08046814687500001 0.6136839468749999 0.08800729375 0.6006761093749999 0.1202028203125 0.6105213953125 0.15482232812500002
2 0.40422255937499996 0.1429696171875 0.43254437343749996 0.089724221875 0.4057586171875 0.0380464015625 0.374745621875 0.0221116984375 0.3530161078125 0.0337602421875 0.3422554890625 0.09410081718749999 0.40422255937499996 0.1429696171875
2 0.5180483234375 0.45111544531250003 0.5695493796875 0.47532786250000003 0.6048485359375 0.43852005624999996 0.599733371875 0.3921930828125 0.5664731578125 0.3481133296875 0.5307300390624999 0.343886090625 0.509000525 0.35553463281250003 0.496495571875 0.4117658140625 0.5180483234375 0.45111544531250003
2 0.275118440625 0.3529654015625 0.30326349218750004 0.350718184375 0.323869396875 0.324997115625 0.321622178125 0.2968520640625 0.3011930375 0.271574959375 0.2637055828125 0.26323832187499996 0.23780775156249997 0.2936305921875 0.243543640625 0.3299944375 0.275118440625 0.3529654015625
2 0.3517513578125 0.5677776390625 0.381137859375 0.5456041609375 0.38480329375 0.50282478125 0.3439450109375 0.4522705703125 0.314055625 0.450408390625 0.2904050125 0.5089457125 0.30610403124999996 0.5459302828125 0.3517513578125 0.5677776390625
2 0 0.533549090625 0.054098946875 0.5292296046875 0.0653624484375 0.49292468125 0.047416209375000004 0.42779506093749997 0.003572140625 0.3930577109375 0 0.3931324484375 0 0.533549090625
2 0.1731262015625 0.6896728375000001 0.205321728125 0.7026806750000001 0.2429859453125 0.6600191359375 0.198018265625 0.6112092609374999 0.1639605625 0.628090809375 0.15917151875 0.6567976640625 0.1731262015625 0.6896728375000001
2 0.195566878125 0.8110925609375 0.23648408124999998 0.8446473796875 0.3115768296875 0.8273218703125 0.3245846671875 0.7951263421875 0.320090228125 0.7388362421875 0.25519629374999997 0.6887849125 0.1947378734375 0.712023078125 0.177620640625 0.7459629390625 0.195566878125 0.8110925609375
2 0.2741798125 0.962016628125 0.3256808703125 0.9862290453125 0.356811709375 0.968164965625 0.362842203125 0.9195318531250001 0.34016584375000003 0.866109696875 0.2974453828125 0.8454448703124999 0.25342454999999997 0.86170569375 0.24564972031250001 0.906229409375 0.2741798125 0.962016628125
2 0.294020221875 1 0.29049955625 0.9890380703125 0.2466554875 0.9543007171875001 0.227291034375 0.9600955296875 0.21280280000000001 1 0.294020221875 1
2 0.19603080781249999 1 0.206182246875 0.96178094375 0.18811816718750002 0.9306501062500001 0.148886378125 0.9182040734375001 0.13655818749999998 0.9234370796875 0.17071286875 1 0.19603080781249999 1
2 0.556695009375 0.970616353125 0.5772419921874999 0.9618946765624999 0.5861404328125001 0.9314434859375 0.5704414140625 0.894458915625 0.53942841875 0.8785242125 0.511165525 0.914770215625 0.5303532140625 0.9599735796875001 0.556695009375 0.970616353125
2 0.4077509609375 0.9853411203125001 0.462296728125 0.976737284375 0.43793495312499997 0.902206340625 0.40106822500000006 0.8839065749999999 0.3693166609375 0.911933784375 0.37617615937500004 0.9623701546874999 0.4077509609375 0.9853411203125001
2 0.51894035625 0.8702464984375 0.565267328125 0.8651313343749999 0.554357353125 0.799439909375 0.515746290625 0.7770307484375001 0.4857390625 0.8091673546875 0.4932192875 0.84964059375 0.51894035625 0.8702464984375
2 0.598468621875 0.92621048125 0.6306641484375 0.9392183171875 0.6553205281250001 0.9287523046875 0.6665840296875001 0.89244738125 0.6374332125 0.8466232937499999 0.605799490625 0.84065171875 0.5782162453125 0.8499352 0.5734272015624999 0.8786420546875 0.598468621875 0.92621048125
2 0.74888980625 0.823561890625 0.785194728125 0.8348253937500001 0.8245443609375 0.8132726421875001 0.8234796718749999 0.782200725 0.802547646875 0.732887965625 0.761571521875 0.7163325359375 0.733988275 0.7256160171875 0.722724775 0.761920940625 0.74888980625 0.823561890625
2 0.5671884265625 0.8182425562500001 0.61694515 0.838345578125 0.6439665906250001 0.822025834375 0.6575951546875001 0.7798671781250001 0.595184121875 0.6899633359374999 0.548798228125 0.712077890625 0.538658334375 0.7624553390625 0.5671884265625 0.8182425562500001
2 0.7802248140625 0.5774694593749999 0.8106760046874999 0.5863679015625001 0.8612302156249999 0.5455096187499999 0.87610023125 0.48342470468750004 0.8509998890625001 0.452855671875 0.8134535140624999 0.46151842812500005 0.7735420765625001 0.476034915625 0.7534390578125 0.5257916390624999 0.7802248140625 0.5774694593749999
2 0.573069565625 0.6435774421875 0.6055007765625 0.5885877140625 0.559912371875 0.5497409640625001 0.52168635 0.5853662421875 0.539129703125 0.6264602078125 0.573069565625 0.6435774421875
2 0.7786846484375001 0.3453317125 0.820843303125 0.358960275 0.843755346875 0.34438486562500004 0.8562603015624999 0.288153684375 0.832963215625 0.2446946578125 0.7978408234375001 0.23050429062500002 0.7637831187499999 0.24738583906249997 0.7542639531249999 0.28780015937500003 0.7786846484375001 0.3453317125
2 0.6664620796875 0.5893852015625 0.69179810625 0.5519566703125001 0.674354753125 0.510862703125 0.6433417578125 0.494928 0.612713803125 0.537027734375 0.62492415 0.5657935109375 0.6664620796875 0.5893852015625
2 0.7295760578125 0.138235384375 0.7834421765624999 0.15659407187500002 0.8152526625000001 0.1115674703125 0.821342078125 0.045934967187499995 0.805022334375 0.018913525 0.749352959375 0.013444834375 0.7170395890625 0.034435781250000005 0.7068996984375 0.084813228125 0.7295760578125 0.138235384375
2 0.8717236359375 0.3931358203125 0.911517228125 0.41261811562500006 0.9708520390625001 0.37530742500000003 0.9253814765625 0.3024618953125 0.8844053515624999 0.285906465625 0.8591282453125 0.3063356078125 0.8536595546875001 0.3620049828125 0.8717236359375 0.3931358203125
2 0.47734375 0.3171875 0.1953125 0.1921875
2 0.18046875 0.28515625 0.25 0.2875