2 0.297770234375 0.67690113125 0.3629586453125 0.6319744359375 0.371046740625 0.601789253125 0.33790111093749997 0.5443793375 0.3116051765625 0.5304007109375 0.275642784375 0.543873459375 0.24537464375 0.605089665625 0.264428325 0.6633454249999999 0.297770234375 0.67690113125
2 0.3683736640625 0.7928764046875 0.40938074843749994 0.7692009546875 0.42440149531250004 0.7131427593749999 0.42386525312499995 0.6806466921875 0.38652077500000004 0.6475314265625001 0.3450907703125 0.6641609015625 0.3246024125 0.723375825 0.34365609375 0.7816315828125 0.3683736640625 0.7928764046875
2 0.3311425078125 0.7852112296875 0.29718140000000004 0.8084637593749999 0.28793786250000003 0.8429611109374999 0.3222389359375 0.8960588578124999 0.3479986265625 0.8775414187499999 0.3618639328125 0.8257953921875 0.3311425078125 0.7852112296875
2 0.2202422875 0.940366353125 0.3210005359375 0.969675328125 0.324663140625 0.9128846109375001 0.278694325 0.8774584624999999 0.2450428171875 0.8823068734374999 0.2202422875 0.940366353125
2 0.0986172171875 0.44560014687500005 0.08672283125 0.41237155937500003 0.06674035 0.40932815468749995 0.0238453046875 0.44867391718749994 0.012290882812499999 0.49179560625 0.0281878375 0.544583753125 0.0844423109375 0.5157502921875 0.0986172171875 0.44560014687500005
2 0.1647040625 0.2507067046875 0.114340121875 0.283429415625 0.115835528125 0.35546752187499997 0.1373963734375 0.3612447328125 0.18186978125 0.324632775 0.19142291875 0.2717313078125 0.1647040625 0.2507067046875
2 0.3482393625 0.3160610296875 0.3935586125 0.2935410234375 0.423826753125 0.23232481562500001 0.4145528515625 0.1720677734375 0.37100824062500004 0.153467378125 0.326111909375 0.1830333609375 0.30015593906250004 0.24540500937499998 0.314897453125 0.302505325 0.3482393625 0.3160610296875
2 0.409712575 0.4919837484375 0.4001290734375 0.4501308234375 0.3758344234375 0.445931975 0.3352502609375 0.4766534 0.326006725 0.5111507515625 0.3583065125 0.5544687171875 0.4004690375 0.5264810984375 0.409712575 0.4919837484375
2 0.5350750718749999 0.507087453125 0.5306495828125 0.48048191874999996 0.495729309375 0.46419240781250004 0.464924928125 0.49291254687499997 0.45306090625 0.554438353125 0.49229334687500004 0.5718833078125 0.5223652078125001 0.5545213109375 0.5350750718749999 0.507087453125
2 0.6446843 0.5896074953125 0.69115899375 0.5627753203125 0.72689474375 0.4984023859375 0.7203546484375 0.4365669796875 0.661758925 0.3792703859375 0.6024610453125 0.428086328125 0.5741941921875 0.49908231406250003 0.602718053125 0.5737409062500001 0.6446843 0.5896074953125
2 0.7487125953125 0.649834175 0.79634273125 0.6186898281250001 0.8145202062499999 0.5680992453125 0.7954665234375 0.5098434859375 0.769170590625 0.495864859375 0.7332081968749999 0.5093376078125 0.7029400578125 0.5705538156250001 0.7074788703125 0.622609440625 0.7487125953125 0.649834175
2 0.8867323640624999 0.7815627187499999 0.8728366921875 0.7385543515624999 0.845385315625 0.7288878921874999 0.819202703125 0.7403593578125001 0.796713059375 0.7897944984375 0.8267019640625 0.841736803125 0.8708657734375 0.823528965625 0.8867323640624999 0.7815627187499999
2 0.883990421875 0.4295735984375 0.8802974515624999 0.39160992031249997 0.8492664281250001 0.36942987656250004 0.8023688140624999 0.3892160796875 0.7818804546875 0.4484310015625 0.8184924109375 0.4929044109375 0.8681238312499999 0.47153984375 0.883990421875 0.4295735984375
2 0.749890265625 0.3867089171875 0.785543059375 0.3916402859375 0.8288610249999999 0.35934049843750004 0.8473480999999999 0.29034579531250004 0.828098140625 0.275944246875 0.789711540625 0.272591240625 0.7541720703125 0.29310996562499997 0.734839153125 0.34801271875 0.749890265625 0.3867089171875
2 0.648709096875 0.3503539671875 0.6787809578124999 0.3329919703125 0.69349210625 0.2953378921875 0.6819073203125 0.24370518749999998 0.650143775 0.23288328749999998 0.6271178890625 0.2498223625 0.6132525828125 0.3015683890625 0.627148253125 0.34457675625 0.648709096875 0.3503539671875
2 0.7193873484375 0.04345745625 0.7043666 0.099515653125 0.726040765625 0.1307429546875 0.7731346578125 0.0671025421875 0.7193873484375 0.04345745625
2 0.63117305 0.1053232265625 0.6592436265625 0.0781814515625 0.6664858796875001 0.03390431875 0.59002228125 0.008794190625 0.587628440625 0.08672283125 0.63117305 0.1053232265625
2 0.24112425937499998 0 0.22878962500000002 0.046033484375 0.23752728437499998 0.0737944609375 0.26971375000000003 0.09166233593749999 0.3052532234375 0.0711436125 0.323430696875 0.020553028125 0.3167901734375 0 0.24112425937499998 0
2 0.160206325 0 0.117209478125 0.0484880546875 0.136263159375 0.10674381250000001 0.1609807296875 0.117988634375 0.2019878125 0.094313184375 0.21123134999999998 0.059815834375 0.19533439531250002 0.0070276859375 0.1747073125 0 0.160206325 0
2 0.21006181562499998 0.6765085734375 0.2401336765625 0.6591465765625 0.24706632968750003 0.6332735640625 0.23390317968750002 0.578907053125 0.1855405234375 0.6214095421875 0.21006181562499998 0.6765085734375
2 0.95625 0.49140625 0.0875 0.1515625
2 0.7421875 0.8828125 0.209375 0.234375
2 0.48125 0.65234375 0.1625 0.2