2 0.1123159796875 0.5351099687499999 0.1215655484375 0.5082472765625 0.100235284375 0.4441461453125 0.07542805 0.42892709062499995 0.030361557812500002 0.443457028125 0.027912315625 0.48935435937499994 0.053451945312500006 0.531534553125 0.082271653125 0.54479659375 0.1123159796875 0.5351099687499999
2 0.2547095640625 0.47062695000000004 0.26591614531249996 0.44777672968750004 0.2444874359375 0.39365756093750004 0.1978577109375 0.3642471828125 0.164828640625 0.372906078125 0.1565083578125 0.40676598750000004 0.1839065546875 0.462940615625 0.2246652359375 0.480313575 0.2547095640625 0.47062695000000004
2 0.3535566125 0.367779321875 0.3568366921875 0.33886116875 0.3352110921875 0.304705921875 0.300421896875 0.28938842187499997 0.2773747875 0.2981457609375 0.26102955781250003 0.3359197015625 0.28265515625000004 0.3700749484375 0.3174443515625 0.3853924484375 0.3535566125 0.367779321875
2 0.21489205781249998 0.2565995171875 0.23226501875 0.215840834375 0.22257839375000002 0.18579650625 0.18788764375 0.1604970453125 0.15084609843750002 0.17111295625 0.13665477343750002 0.1929354453125 0.152212440625 0.23501719375 0.171979471875 0.25517800625 0.21489205781249998 0.2565995171875
2 0.00091979375 0.18960019687500002 0.024502407812499998 0.2277679171875 0.051463546875 0.22703552343750003 0.067513440625 0.2192074671875 0.072947425 0.174337865625 0.062134625 0.1572602421875 0.00091979375 0.18960019687500002
2 0.213821053125 0.162749396875 0.263096909375 0.1262985234375 0.23868345624999998 0.071151625 0.1654312046875 0.10936262031249999 0.1850013453125 0.14948735468750002 0.213821053125 0.162749396875
2 0.37163058125 0.053495221875 0.3408538609375 0.0362207078125 0.30782478750000003 0.044879603125 0.29549203125 0.08069652656250001 0.31310515781250003 0.11680878750000001 0.371772303125 0.140348125 0.3892437078125 0.0896074828125 0.37163058125 0.053495221875
2 0.48348761093750003 0.048608632812500004 0.455794078125 0.0223798875 0.41185376093750004 0.02394311875 0.3974655453125 0.06572953125 0.4326917984375 0.1379540546875 0.49165427968750003 0.13154750937499998 0.5010022921874999 0.0947028546875 0.48348761093750003 0.048608632812500004
2 0.6133515468749999 0.0399064609375 0.5806178109375 0.0186194734375 0.535649765625 0.02316745 0.5232185640625 0.0689663359375 0.5486597468750001 0.121128490625 0.5873629703125001 0.1444709375 0.6294447187500001 0.1289132703125 0.6133515468749999 0.0399064609375
2 0.707103225 0.048817415625 0.6703570140624999 0.0294874421875 0.63732794375 0.0381463375 0.6291061046875 0.0620242875 0.6505348140625 0.11614345625 0.6813115359374999 0.1334179703125 0.7053863765624999 0.1216758859375 0.707103225 0.048817415625
2 0.7302801640625 0.3305646703125 0.72195988125 0.36442458125 0.7356589796875 0.3925118953125 0.7864980687500001 0.4000013390625 0.792030496875 0.34514977812500003 0.761352221875 0.317893303125 0.7302801640625 0.3305646703125
2 0.7871320171875 0.43694443906249997 0.78282420625 0.4688473359375 0.8143333234375 0.5130829890624999 0.8593998140625001 0.4985530515625 0.85299326875 0.4395905703125 0.820259534375 0.4183035828125 0.7871320171875 0.43694443906249997
2 0.9398342812499999 0.643100540625 0.9652321875000001 0.598427828125 0.949772965625 0.5463641203125 0.8872902375 0.504817875 0.8562181796875 0.5174892437499999 0.8378174906250001 0.5612326703125 0.8593446453125001 0.6053698765625 0.8969216953125001 0.641679028125 0.9398342812499999 0.643100540625
2 0.815305884375 0.6169150703125 0.8166722249999999 0.6808193109375 0.8463227718749999 0.7110605296875 0.8872783453125 0.7084695671875 0.8770562171874999 0.6315001765625 0.83835299375 0.6081577296875 0.815305884375 0.6169150703125
2 0.8405934515625001 0.7858760124999999 0.8499414640625 0.7490313578125 0.820586253125 0.6888442578125 0.7838400453125 0.6695142828125 0.7567804609375 0.6802286375000001 0.74640471875 0.7200580359375001 0.7619623843750001 0.762139784375 0.8025241765625 0.7994766656250001 0.8405934515625001 0.7858760124999999
2 0.497009309375 0.600798115625 0.50645576875 0.5539715000000001 0.48884264218749995 0.5178592390625 0.454053446875 0.502541740625 0.4210243734375 0.511200634375 0.4066361578125 0.552987046875 0.4281633125 0.59712425625 0.4729344703125 0.6125402 0.497009309375 0.600798115625
2 0.3790843484375 0.6136112046875 0.38833391562499997 0.5867485140625 0.366806759375 0.5426113046875 0.326780471875 0.552199484375 0.33822722031249997 0.6062202078125 0.3790843484375 0.6136112046875
2 0.5075700515625 0.7446564875 0.524943009375 0.7038978046875 0.5115392484375 0.6458646078125 0.44700106093749997 0.61028785 0.4038915828125 0.6288302609375 0.38940492187500003 0.680598634375 0.4070180484375 0.7167108953125 0.4775257234375 0.7543431125 0.5075700515625 0.7446564875
2 0.4425396359375 0.758989534375 0.417830846875 0.7337885171874999 0.380789303125 0.7444044265625 0.366597978125 0.7662269187499999 0.378143171875 0.8102656796875 0.43093927499999996 0.8217675984374999 0.45026924687500003 0.7850213890625 0.4425396359375 0.758989534375
2 0.48980330937499994 0.8253430125 0.48520016562499996 0.8871917937499999 0.5248326718749999 0.9175314562500001 0.5458243234375 0.914743603125 0.5572277953125 0.8719294609375 0.5376576546875 0.8318047265624999 0.48980330937499994 0.8253430125
2 0.5430307 1 0.5463598265625 0.961668665625 0.518863184375 0.9154759968749999 0.4801599625 0.8921335499999999 0.4450754296875 0.906761934375 0.43469968750000004 0.9465913328125 0.46501086249999996 1 0.5430307 1
2 0.4671875 0.28671875 0.2046875 0.2546875
2 0.75859375 0.11484375 0.184375 0.221875