2 0.96484375 0.61796875 0.0703125 0.1359375
2 0.51015625 0.92109375 0.121875 0.1359375
2 0.45078125 0.94765625 0.1296875 0.1046875
2 0.54609375 0.2671875 0.1546875 0.178125
2 0.553125 0.4046875 0.1546875 0.1796875
2 0.45625 0.4453125 0.1453125 0.153125
2 0.45234375 0.33515625 0.203125 0.2203125
2 0.32109375 0.23046875 0.134375 0.1734375
2 0.2453125 0.35390625 0.1390625 0.1625
2 0.2234375 0.22109375 0.15625 0.19375
2 0.3546875 0.0546875 0.165625 0.109375
2 0.75625 0.6578125 0.1609375 0.1828125
2 0.8578125 0.8140625 0.1828125 0.2140625
2 0.23125 0.596875 0.2109375 0.23125
2 0.43125 0.09375 0.2125 0.1875
2 0.90234375 0.2953125 0.1953125 0.2625