2 0.2835489890625 0.43601069218750005 0.2792194390625 0.38719674375 0.21880182499999998 0.3688751375 0.18428525625 0.3847974609375 0.1616449921875 0.43334966250000007 0.17055494375 0.4670592078125 0.2080487609375 0.48700575781250005 0.24283796875000002 0.48106215937499996 0.2835489890625 0.43601069218750005
2 0.343895053125 0.587098325 0.3507390171875 0.556006215625 0.33697602187500003 0.5274223499999999 0.3048805265625 0.5223075640625 0.2606578734375 0.5484812484375 0.24988302187500003 0.59271479375 0.2749770421875 0.6339710953125001 0.3030265203125 0.6371991921875 0.328371390625 0.6145371390625 0.343895053125 0.587098325
2 0.375593078125 0.698129403125 0.328938459375 0.7083916593749999 0.3119582609375 0.7448058109375 0.32896024687500003 0.7822887328125 0.3726485140625 0.773106140625 0.387742025 0.74073800625 0.375593078125 0.698129403125
2 0.4535034875 0.589148690625 0.427329803125 0.5449260406249999 0.3852555859375 0.5400838921875 0.35883105 0.5597795921875 0.334304096875 0.6123778109375 0.3513060828125 0.6498607328125 0.39473260468750004 0.66764795625 0.440841946875 0.63742825625 0.4535034875 0.589148690625
2 0.41258519375 0.84591265625 0.39639023125 0.801417365625 0.3481106671875 0.788755825 0.3138667375 0.81465686875 0.293385803125 0.8691417765624999 0.3125471171875 0.9125574046875 0.3438355875 0.9246845609375001 0.39399094687499997 0.89635155 0.41258519375 0.84591265625
2 0.6398205265625 1 0.6580508140625 0.985004128125 0.6690983078125 0.9507493046875 0.6572220015625 0.9181194234375001 0.624853865625 0.9030259140625001 0.5862912796875 0.9170615484375 0.5695837218750001 0.963454421875 0.582885225 1 0.6398205265625 1
2 0.732449590625 0.8571456359375 0.7259607124999999 0.80239898125 0.681727165625 0.7916241296875001 0.6259117421875 0.8320951937500001 0.6170235796875 0.872282721875 0.635912253125 0.9057196281250001 0.675292759375 0.9216201609375 0.7057633109375 0.9038111515624999 0.732449590625 0.8571456359375
2 0.764279503125 1 0.7505530296875 0.9714919859375 0.7101037546875 0.9895736359375 0.706582775 1 0.764279503125 1
2 0.8484426718750001 0.9358630703124999 0.8805163796875 0.86708078125 0.876186828125 0.8182668328125 0.8497513984375 0.8010139953125 0.811461453125 0.8250283515625 0.7810017953124999 0.8797859000000001 0.79477568125 0.9453183015625 0.8484426718750001 0.9358630703124999
2 0.8575599 0.7578601140625 0.8429789875000001 0.6993400828125 0.8079171374999999 0.695304959375 0.774752871875 0.7241723578125 0.7618186921875 0.762473196875 0.771001284375 0.8061614640625001 0.8004030656250001 0.8223346390625 0.84462571875 0.7961609546874999 0.8575599 0.7578601140625
2 0.7876434765625 0.5380773671875 0.7617424328125 0.5038334375 0.730999240625 0.5116637265625 0.7024262703125 0.56237525625 0.7213149453125001 0.5958121625 0.7445113828125 0.6041659421875 0.7828013296874999 0.5801515859374999 0.7876434765625 0.5380773671875
2 0.745820109375 0.46931686875 0.7315118375 0.420775559375 0.6913243078125 0.4118873953125 0.6508750328125 0.429969046875 0.6244613921875 0.486613284375 0.645782034375 0.535961615625 0.67707050625 0.5480887734375 0.7231798453125 0.5178690718750001 0.745820109375 0.46931686875
2 1 0.594833609375 0.9454381375 0.611658225 0.9287305765625 0.6580511 0.9419591859375 0.70362605625 0.9540972375000001 0.7092861234375001 1 0.6061621984375 1 0.594833609375
2 0.9283816796875 0.38943261875 0.8935815765624999 0.3584276796875 0.84342621875 0.38676069218750003 0.8248319703125 0.43719958437499995 0.8237632015624999 0.47118176875 0.85101655 0.518370775 0.903069490625 0.52294028125 0.9397344953125 0.47600212812500003 0.9283816796875 0.38943261875
2 1 0.3267159421875 0.9440095734374999 0.340073390625 0.93296208125 0.3743282140625 0.952668675 0.43770128750000004 1 0.4403463515625 1 0.3267159421875
2 1 0.20740921562499998 0.9849605515625001 0.1941550359375 0.9326458640625 0.21655534375 0.90218620625 0.2713128921875 0.9275528671875 0.32254791250000003 0.9911985781249999 0.3128200421875 1 0.3026756546875 1 0.20740921562499998
2 0.8792188328125 0.1251436859375 0.880320284375 0.20200711249999997 0.912143140625 0.19714317812499998 0.9207586671874999 0.14697692499999998 0.8792188328125 0.1251436859375
2 0.7011940890624999 0.042129384375 0.6755874703125 0.0917612515625 0.6882816953125 0.1543273 0.7077047546874999 0.1707731125 0.767577090625 0.1691372765625 0.8115162093749999 0.09603633125 0.7011940890624999 0.042129384375
2 0.7169091359374999 0.2883584546875 0.7090788484375 0.2576152625 0.6767107125 0.242521753125 0.6322154203125 0.2587167140625 0.6098477953125 0.3172476390625 0.6311684390625001 0.3665959734375 0.6524781875000001 0.3789957703125 0.698587528125 0.34877606875 0.7169091359374999 0.2883584546875
2 0.2446375046875 0.18142784375 0.232488559375 0.1388192421875 0.20416644062499997 0.1256124203125 0.159943790625 0.1517861046875 0.141076903125 0.192246275 0.154032871875 0.2278425078125 0.177229309375 0.23619628593750003 0.22954399531249997 0.21379597968750003 0.2446375046875 0.18142784375
2 0.333061021875 0.0551834015625 0.29663597343750003 0.0012546671875 0.25025399375 0.0214956453125 0.22761373125 0.0700478484375 0.2416602578125 0.1455589703125 0.2974865765625 0.14203644531249998 0.326332184375 0.1013036375 0.333061021875 0.0551834015625
2 0.4973663484375 0.2574079875 0.47281760625 0.2361091328125 0.422389609375 0.254463425 0.3997493453125 0.30301562656250003 0.42888938125 0.34615861406250004 0.47689630625 0.34884143437500004 0.5054692765625 0.29812990156249997 0.4973663484375 0.2574079875
2 0 0.43841775 0.0063040890625 0.44957730625 0.05215168437499999 0.44632742031249995 0.0812699328125 0.415573334375 0.0745084140625 0.3508479578125 0.0442996078125 0.341687153125 0.01571574375 0.3554501484375 0 0.3891526703125 0 0.43841775
2 0 0.7463121187499999 0.0295876796875 0.7535193828125 0.056012214062499996 0.733823684375 0.0729924125 0.69740953125 0.0543654828125 0.6370028125 0 0.650548571875 0 0.7463121187499999
2 0.5078125 0.96171875 0.190625 0.0765625