2 0.187747521875 0.254098925 0.20085997187500002 0.20055113906250002 0.17719345312499998 0.1566065515625 0.13924928125 0.1337301515625 0.1024703140625 0.1433333484375 0.086652365625 0.18133110624999998 0.1045863875 0.23652635000000002 0.1382847734375 0.260782290625 0.187747521875 0.254098925
2 0.17484940625 0.27941289999999996 0.1439101015625 0.2636485375 0.12124803749999999 0.273358903125 0.105430090625 0.311356659375 0.1207122 0.3439434234375 0.17999248125 0.3458052171875 0.190131515625 0.3119996640625 0.17484940625 0.27941289999999996
2 0.28100774375 0.0571588546875 0.2680560453125 0.0895312828125 0.2817442796875 0.14610606718750002 0.3380511453125 0.1677100953125 0.3527574703125 0.0901742875 0.30504935 0.05169427812500001 0.28100774375 0.0571588546875
2 0.43132403750000003 0.5270082 0.4543076046875 0.4749471234375 0.444757990625 0.431109703125 0.398429409375 0.3968754796875 0.3743878046875 0.40234005625 0.35018545 0.4289799890625 0.3540025671875 0.484068065625 0.38053533281249996 0.5223873265625001 0.43132403750000003 0.5270082
2 0.55054124375 0.25826482031250003 0.573256890625 0.24149600312500002 0.5820163859374999 0.2034446640625 0.5624884890625 0.1722374390625 0.5230040234375 0.1662906078125 0.500181209375 0.1971763296875 0.5013464125 0.2296559265625 0.51811523125 0.2523715734375 0.55054124375 0.25826482031250003
2 0.6764681218749999 0.40745682343749995 0.6640522609375 0.36924473125 0.6077989781250001 0.3405822515625 0.5864628703125 0.3615968578125 0.58879328125 0.42655605 0.6196254171875 0.4564373171875 0.6563508031249999 0.4538925734375 0.6764681218749999 0.40745682343749995
2 0.8233832968750001 0.2095123 0.8557021421875 0.2295224515625 0.9011334375000001 0.1959848171875 0.91275918125 0.1523081484375 0.88644075 0.0857550796875 0.8456303296875 0.068504009375 0.822968265625 0.0782143734375 0.8044984062499999 0.09360365000000001 0.7941986203125 0.14858455937499998 0.8233832968750001 0.2095123
2 0.800868346875 0.38581285 0.79895296875 0.45215158437499997 0.8553670015625 0.45963870625 0.871131365625 0.42869940156249997 0.86009504375 0.39473309687499997 0.837647315625 0.376209653125 0.800868346875 0.38581285
2 0.9249870140625 0.58722668125 0.9338536765625 0.5350584375 0.9046689984375 0.474130696875 0.8694839062499999 0.459745875 0.8086097499999999 0.4818721 0.7924703015625 0.5622205703125001 0.826007934375 0.6076518656250001 0.8569472390625 0.6234162296875 0.9249870140625 0.58722668125
2 0.950555271875 0.7525980796875 0.973538840625 0.7005370015625 0.9584710640624999 0.6397164296875 0.9233931406250001 0.6112147015625 0.8795021359374999 0.62782276875 0.860817940625 0.671445853125 0.8787519625 0.726641096875 0.915209428125 0.7593886125 0.950555271875 0.7525980796875
2 0.7788619578125 0.8670599671874999 0.763687015625 0.8203562984375001 0.7185772218750001 0.8115432203124999 0.7056255234375 0.8439156484374999 0.718041384375 0.8821277406249999 0.7447349015625 0.89927164375 0.7659638421875 0.8923739421875 0.7788619578125 0.8670599671874999
2 0.8265301328125 0.7248328859375001 0.8107121859375 0.76283064375 0.8412228203125001 0.8350626234374999 0.8880336578125 0.8057707781250001 0.8967931531250001 0.7677194359375 0.868880846875 0.7251543890625001 0.8265301328125 0.7248328859375001
2 0.669864646875 0.71940825625 0.655426240625 0.7616518015625 0.69028983125 0.8183873359374999 0.728609090625 0.791854571875 0.7345023375 0.7594285578125 0.7135949015625 0.723975546875 0.669864646875 0.71940825625
2 1 0.7990486906250001 0.9813338265624999 0.7895377984375 0.9544259734375 0.8006277046875001 0.9344694062500001 0.8258880968750001 0.9297949484375 0.8837352546874999 1 0.8625643328124999 1 0.7990486906250001
2 0.6895396578125 0.9172056656249999 0.705304021875 0.8862663609375 0.6929953265625 0.8339373640625001 0.6705475984375 0.8154139218750001 0.643639746875 0.8265038265625 0.6236831796875 0.8517642203125 0.631746084375 0.90547275625 0.6640649296875 0.9254829062500001 0.6895396578125 0.9172056656249999
2 0.5044260281249999 0.9398005093749999 0.524436178125 0.9074816640625001 0.5037430765625001 0.8437948437499999 0.47142423281249995 0.823784690625 0.44451637968749996 0.834874596875 0.42445264531250004 0.87425189375 0.44100712656249996 0.92520135 0.4605886078125 0.949350121875 0.5044260281249999 0.9398005093749999
2 0.6430103796875 0.7234397078125 0.602307125 0.6920717328125 0.5527907921875 0.7058135515624999 0.5646708171875 0.8146101640625 0.602614990625 0.8374865640625 0.633715046875 0.832075571875 0.6580781531250001 0.78426028125 0.6430103796875 0.7234397078125
2 0.32219228437499997 0.7690044796875 0.3393361875 0.7423109625000001 0.325647953125 0.685736178125 0.2778326640625 0.6613730703125 0.2381874484375 0.676601596875 0.204167559375 0.6946963703125 0.20527917968749998 0.7342344187500001 0.2572330921875 0.7713348890625 0.32219228437499997 0.7690044796875
2 0.539048975 0.65629721875 0.5534337984375 0.621112125 0.5396383984375 0.578654246875 0.4874165671875 0.5768460359375001 0.47849632187499996 0.6360727328125 0.539048975 0.65629721875
2 0.1653261 0.6040481140625 0.1882025 0.5661039421875 0.1688889375 0.5066629093749999 0.13519055156249998 0.48240696875 0.098411584375 0.4920101671875 0.081214096875 0.5257621359375 0.09214325 0.57384534375 0.1384718328125 0.608079565625 0.1653261 0.6040481140625
2 0.3884910703125 0.5902127671875 0.375539371875 0.6225851953125 0.3893347734375 0.6650430765625 0.4330114421875 0.67666881875 0.4488829734375 0.6316126093750001 0.4392261921875 0.60189209375 0.3884910703125 0.5902127671875
2 0 0.406751015625 0.007241128125 0.4136706046875 0.0607889125 0.42678305468750005 0.0893978078125 0.377588225 0.0714637859375 0.32239298125000004 0.0307605328125 0.29102500625 0 0.2953437484375 0 0.406751015625
2 0.14255686875 0.6278753828125 0.1019071984375 0.5894489562499999 0.069427603125 0.5906141609375 0.0493638671875 0.6299914578125 0.062837765625 0.71480005 0.13209633125 0.7040316484375 0.14934740156249998 0.6632212281250001 0.14255686875 0.6278753828125
2 0.396875 0.346875 0.1875 0.184375
2 0.6 0.134375 0.234375 0.26875