2 0.95078125 0.40390625 0.0984375 0.1796875
2 0.96640625 0.58359375 0.0671875 0.1359375
2 0.740625 0.4 0.1359375 0.175
2 0.75 0.265625 0.1171875 0.1234375
2 0.70703125 0.071875 0.115625 0.1203125
2 0.6390625 0.125 0.1265625 0.1515625
2 0.39609375 0.28984375 0.1140625 0.140625
2 0.5609375 0.03671875 0.10625 0.0734375
2 0.4703125 0.075 0.134375 0.15
2 0.07578125 0.259375 0.128125 0.1859375
2 0.31875 0.35078125 0.0984375 0.1328125
2 0.05078125 0.49453125 0.1015625 0.1609375
2 0.346875 0.49765625 0.1125 0.1484375
2 0.86640625 0.84296875 0.1296875 0.1578125
2 0.93984375 0.934375 0.0578125 0.13125
2 0.84609375 0.94921875 0.1078125 0.1015625
2 0.70078125 0.884375 0.109375 0.140625
2 0.2515625 0.83984375 0.1140625 0.1703125
2 0.27578125 0.94609375 0.13125 0.0828125
2 0.03203125 0.85390625 0.0640625 0.1578125
2 0.346875 0.15 0.1015625 0.128125
2 0.6515625 0.265625 0.075 0.09375
2 0.41875 0.02734375 0.134375 0.0546875
2 0.615625 0.603125 0.2 0.234375