2 0.23125 0.9171875 0.11875 0.165625
2 0.58515625 0.88046875 0.103125 0.13125
2 0.51875 0.7796875 0.11875 0.1515625
2 0.68359375 0.91484375 0.1375 0.153125
2 0.9203125 0.903125 0.1375 0.134375
2 0.93046875 0.7671875 0.1390625 0.178125
2 0.659375 0.6078125 0.0984375 0.11875
2 0.49296875 0.62578125 0.1484375 0.1921875
2 0.3109375 0.646875 0.10625 0.1484375
2 0.28828125 0.4734375 0.090625 0.1171875
2 0.09765625 0.4515625 0.1546875 0.1734375
2 0.2953125 0.34453125 0.15 0.1875
2 0.3828125 0.21875 0.1015625 0.14375
2 0.47109375 0.38359375 0.1375 0.165625
2 0.56875 0.41171875 0.1015625 0.128125
2 0.778125 0.3578125 0.1421875 0.1796875
2 0.83984375 0.271875 0.1046875 0.125
2 0.7578125 0.0390625 0.128125 0.078125
2 0.42890625 0.10859375 0.0921875 0.1296875
2 0.1546875 0.94609375 0.11875 0.1078125
2 0.0796875 0.96875 0.084375 0.0625
2 0.01484375 0.384375 0.0296875 0.140625
2 0.903125 0.5921875 0.1296875 0.1921875
2 0.0578125 0.296875 0.115625 0.178125
2 0.42734375 0.9328125 0.1578125 0.134375
2 0.634375 0.09921875 0.178125 0.1984375