1 0.04609375 0.44375 0.0921875 0.14375
1 0.13515625 0.6015625 0.175 0.2125
1 0.153125 0.44140625 0.1453125 0.1484375
1 0.28828125 0.42109375 0.1640625 0.18125
1 0.28359375 0.54140625 0.159375 0.1765625
1 0.59140625 0.3984375 0.171875 0.1515625
1 0.4015625 0.10625 0.134375 0.15
1 0.16328125 0.15078125 0.1515625 0.146875
1 0.79296875 0.365625 0.1296875 0.16875
1 0.8578125 0.13359375 0.1203125 0.1609375
1 0.86171875 0.72578125 0.1453125 0.1703125
1 0.9296875 0.63671875 0.140625 0.1890625
1 0.98203125 0.7421875 0.0359375 0.19375
1 0.565625 0.9296875 0.165625 0.140625
1 0.43046875 0.95625 0.1515625 0.0875
1 0.1625 0.88203125 0.1359375 0.1390625