1 0.7046875 0.88359375 0.11875 0.1875
1 0.92109375 0.91484375 0.153125 0.1125
1 0.80234375 0.5859375 0.1203125 0.1421875
1 0.79375 0.36484375 0.10625 0.1234375
1 0.70078125 0.1859375 0.1171875 0.15
1 0.5453125 0.56640625 0.196875 0.2671875
1 0.5 0.6953125 0.1140625 0.1328125
1 0.103125 0.81953125 0.096875 0.14375
1 0.17265625 0.39140625 0.1203125 0.1578125
1 0.328125 0.09375 0.121875 0.14375
1 0.46953125 0.10390625 0.15625 0.2046875
1 0.89375 0.05703125 0.1125 0.1140625
1 0.83203125 0.02421875 0.1421875 0.0484375