2 0.91640625 0.12265625 0.1390625 0.1515625
2 0.9640625 0.16953125 0.071875 0.1453125
2 0.9203125 0.234375 0.1109375 0.1203125
2 0.96171875 0.34765625 0.0765625 0.1484375
2 0.97265625 0.4515625 0.0546875 0.109375
2 0.965625 0.54453125 0.06875 0.1359375
2 0.90703125 0.628125 0.14375 0.1578125
2 0.70390625 0.32890625 0.1203125 0.1375
2 0.57109375 0.1328125 0.1484375 0.1671875
2 0.54609375 0.5796875 0.1265625 0.146875
2 0.6484375 0.6453125 0.1015625 0.1125
2 0.59921875 0.7375 0.115625 0.1359375
2 0.38828125 0.5578125 0.1890625 0.2125
2 0.29921875 0.0984375 0.1671875 0.1890625
2 0.14375 0.0421875 0.14375 0.084375
2 0.15859375 0.353125 0.1546875 0.2078125
2 0.221875 0.44296875 0.11875 0.14375
2 0.425 0.24921875 0.2015625 0.24375