2 0.23929576406250003 0.1338754140625 0.2671274359375 0.099400959375 0.2649462171875 0.0369390328125 0.2395506953125 0.013257325 0.20616685 0.0166566171875 0.1806438640625 0.0532839546875 0.177584509375 0.093593853125 0.20344743437499999 0.13066025781249999 0.23929576406250003 0.1338754140625
2 0.37429003125000004 0.2899735578125 0.42321145937500004 0.2837981765625 0.46333721875 0.2176253546875 0.452077065625 0.151013465625 0.3928302953125 0.117346353125 0.3493052421875 0.1501353296875 0.3291786296875 0.21337626250000002 0.3444329453125 0.2664476515625 0.37429003125000004 0.2899735578125
2 0.3589082515625 0.29721121093749997 0.33473080624999996 0.244451425 0.3031882390625 0.23661890156249998 0.2773536515625 0.26432310625 0.274450096875 0.3090945703125 0.3003130234375 0.346160975 0.3273940234375 0.3541493 0.3589082515625 0.29721121093749997
2 0.39460078125 0.2959648015625 0.36492783125 0.34167107343750003 0.38788720468750004 0.4235089421875 0.4454201609375 0.408098825 0.460178734375 0.38301490625 0.4439896140625 0.30317411875 0.39460078125 0.2959648015625
2 0.51509140625 0.3565287765625 0.5430788765625 0.3265158875 0.5461382312499999 0.2862059890625 0.5316629234375 0.25544242968750003 0.49996455624999997 0.24314834218749998 0.46074526875000005 0.27131995 0.45768591406250003 0.3116298484375 0.48354883906249996 0.348696253125 0.51509140625 0.3565287765625
2 0.49992210000000004 0.4977692171875 0.49789668281250005 0.43976885625 0.461580946875 0.42316900156250004 0.414217534375 0.47396004375 0.41530814375 0.5051910078125 0.440859465625 0.5333342812499999 0.472090428125 0.532243671875 0.49992210000000004 0.4977692171875
2 0.6805376296875 0.4892284796875 0.7174482328125 0.4589039890625 0.7246575515625 0.4095151578125 0.7029445890625 0.36336981874999996 0.6470971109375 0.363086553125 0.6255682874999999 0.386173390625 0.618982175 0.45340848593749994 0.6446892984375 0.4860133234375 0.6805376296875 0.4892284796875
2 0.684786721875 0.355069890625 0.7256914890624999 0.3112049 0.723666071875 0.2532045390625 0.6933415796875 0.21629393593750001 0.6507229984375 0.21108169999999998 0.624732609375 0.2343243375 0.6181464953125 0.301559434375 0.6398594578125001 0.3477047734375 0.684786721875 0.355069890625
2 0.8249082171875 0.274237625 0.8613514171875 0.23052843437499998 0.8642549703125001 0.1857569703125 0.8288457078125001 0.131155903125 0.8043849953125 0.13424359375 0.7522484125 0.17626730625 0.7495006609375 0.225500334375 0.7709020203125 0.262722540625 0.8249082171875 0.274237625
2 0.9428352265625 0.4532668046875 0.96620533125 0.41894815156250004 0.96879728125 0.3652535546875 0.9292380546875 0.319731421875 0.90908310625 0.3182017453125 0.8744811859375 0.35067911875 0.8718892359374999 0.4043737140625 0.907142696875 0.454513215625 0.9428352265625 0.4532668046875
2 0.9600866218749999 0.4995679453125 0.9988668437499999 0.5227822484375 0.9968130890625 0.4000112765625 0.9834283890625001 0.40047868124999997 0.9583728078125 0.4504907171875 0.9600866218749999 0.4995679453125
2 0.5510814171875 0.683596984375 0.5492118015624999 0.6300581890625 0.4988881625 0.5960794734375 0.45598631562499997 0.646714715625 0.45816753437499996 0.7091766421875 0.48387465625 0.74178148125 0.5281787171875 0.7313003359375 0.5510814171875 0.683596984375
2 0.29854263125 0.8710961078125001 0.27314710937500003 0.8474144015625 0.23514589687499998 0.8465079296875 0.2060961515625 0.9100604656250001 0.2347351640625 0.9626644515624999 0.2730479796875 0.9724940562500001 0.305185415625 0.933402234375 0.29854263125 0.8710961078125001
2 0.5249918984375 0.8319192781250001 0.503746340625 0.7991586359375 0.45189302343750004 0.7853348703125 0.430831603125 0.82180640625 0.4374743875 0.8841125312500001 0.4677988796875 0.9210231359375 0.503491409375 0.9197767265625 0.5249918984375 0.8319192781250001
2 1 0.5334681421874999 0.9564040625000001 0.5220315765625 0.921490540625 0.5455858203124999 0.9091964499999999 0.5772841875 0.920145 0.6349729453124999 0.9590810218750001 0.6626488125 1 0.6433950328125 1 0.5334681421874999
2 1 0.6513352390625 0.97109184375 0.6867979234375 0.9771114234375 0.7312577859375 1 0.7564682 1 0.6513352390625
2 0.33566279374999997 1 0.3179752453125 0.979859175 0.2888971640625 0.9786410999999999 0.2720674109375 1 0.33566279374999997 1
2 0.678125 0.71953125 0.1390625 0.2515625
2 0.23125 0.42890625 0.18125 0.2484375