2 0.05625 0.5578125 0.1125 0.175
2 0.16171875 0.3265625 0.15 0.1640625
2 0.26953125 0.31015625 0.1390625 0.1578125
2 0.3859375 0.346875 0.1921875 0.215625
2 0.340625 0.2078125 0.1515625 0.171875
2 0.4890625 0.40859375 0.1609375 0.1734375
2 0.5125 0.2609375 0.1734375 0.19375
2 0.58828125 0.14140625 0.1828125 0.2109375
2 0.86484375 0.6109375 0.1890625 0.2078125
2 0.78203125 0.5046875 0.15 0.1734375
2 0.8140625 0.42421875 0.153125 0.178125
2 0.8421875 0.3328125 0.1546875 0.1796875
2 0.8015625 0.1578125 0.15625 0.1671875
2 0.70078125 0.1515625 0.14375 0.178125
2 0.621875 0.04609375 0.19375 0.0921875
2 0.715625 0.0890625 0.1484375 0.1609375
2 0.49140625 0.884375 0.2515625 0.23125
2 0.26640625 0.52109375 0.2046875 0.2328125