2 0.6361607140625 0.7455357140625 0.6160714281249999 0.765625 0.6116071421875 0.8102678578125 0.6316964281249999 0.8482142859374999 0.6651785718750001 0.8504464281249999 0.6875 0.828125 0.6919642859375 0.7834821421875 0.6674107140625 0.75 0.6361607140625 0.7455357140625
2 0.36830357187499996 0.8660714281249999 0.33928571406249997 0.8995535718750001 0.33482142812500004 0.953125 0.359375 0.9955357140625001 0.39732142812500004 0.9977678578125 0.428571428125 0.9620535718750001 0.428571428125 0.9263392859374999 0.415178571875 0.8950892859374999 0.36830357187499996 0.8660714281249999
2 0.40848214218749995 0.6517857140625 0.375 0.6897321421875 0.38392857187499996 0.765625 0.412946428125 0.7946428578125 0.446428571875 0.7924107140625 0.48660714218749995 0.7522321421875 0.48660714218749995 0.7075892859375 0.45758928593750003 0.6607142859375 0.40848214218749995 0.6517857140625
2 0.328125 0.7008928578125 0.2991071421875 0.7433035718750001 0.30803571406249997 0.796875 0.33928571406249997 0.8147321421875 0.37946428593750003 0.7834821421875 0.375 0.7254464281249999 0.35044642812500004 0.7008928578125 0.328125 0.7008928578125
2 0.2053571421875 0.7075892859375 0.2232142859375 0.7834821421875 0.24107142812500001 0.7879464281249999 0.28125 0.7388392859375 0.28125 0.6986607140625 0.2477678578125 0.6607142859375 0.2053571421875 0.7075892859375
2 0.171875 0.6160714281249999 0.13616071406250002 0.6205357140625 0.0803571421875 0.703125 0.09375 0.765625 0.15625 0.7879464281249999 0.19196428593749998 0.7566964281249999 0.2053571421875 0.703125 0.2008928578125 0.6540178578125 0.171875 0.6160714281249999
2 0.022321428125 0.609375 0.022321428125 0.6808035718750001 0.071428571875 0.6986607140625 0.12053571406250001 0.6316964281249999 0.12053571406250001 0.5959821421875 0.0959821421875 0.5669642859375 0.022321428125 0.609375
2 0 0.5870535718750001 0.0357142859375 0.5915178578125 0.0803571421875 0.5424107140625 0.071428571875 0.49776785781250005 0.0513392859375 0.48214285781250005 0 0.5022321421875 0 0.5870535718750001
2 0.5558035718750001 0.5491071421875 0.5223214281249999 0.5691964281249999 0.5 0.6183035718750001 0.5133928578125 0.6852678578125 0.5714285718750001 0.7075892859375 0.6116071421875 0.6763392859375 0.6205357140625 0.609375 0.5915178578125 0.5580357140625 0.5558035718750001 0.5491071421875
2 0.6919642859375 0.6361607140625 0.6919642859375 0.6674107140625 0.7075892859375 0.6964285718750001 0.75 0.6986607140625 0.7723214281249999 0.671875 0.7723214281249999 0.6227678578125 0.734375 0.5982142859375 0.6919642859375 0.6361607140625
2 0.6674107140625 0.5178571421875 0.6339285718750001 0.5602678578125 0.6383928578125 0.6183035718750001 0.6785714281249999 0.6361607140625 0.7276785718750001 0.5870535718750001 0.7321428578125 0.5513392859375 0.703125 0.5133928578125 0.6674107140625 0.5178571421875
2 0.59375 0.453125 0.5982142859375 0.49776785781250005 0.6339285718750001 0.5558035718750001 0.7008928578125 0.475446428125 0.6495535718750001 0.41071428593750003 0.6183035718750001 0.415178571875 0.59375 0.453125
2 0.8147321421875 0.5491071421875 0.78125 0.578125 0.7767857140625 0.6495535718750001 0.8013392859374999 0.6964285718750001 0.84375 0.6941964281249999 0.875 0.6629464281249999 0.8794642859374999 0.609375 0.8415178578125 0.5535714281249999 0.8147321421875 0.5491071421875
2 0.8772321421875 0.477678571875 0.8616071421875 0.5111607140625 0.8660714281249999 0.5691964281249999 0.9107142859374999 0.5959821421875 0.9375 0.5825892859375 0.9553571421875 0.5290178578125 0.9263392859374999 0.45535714218749995 0.8772321421875 0.477678571875
2 1 0.203125 0.9665178578125 0.1875 0.9330357140625001 0.2165178578125 0.9285714281249999 0.2834821421875 0.9486607140625001 0.3125 1 0.328125 1 0.203125
2 0.5357142859375 0.1540178578125 0.5178571421875 0.2209821421875 0.5379464281249999 0.25446428593750003 0.5758928578125 0.26116071406249997 0.6026785718750001 0.2299107140625 0.6116071421875 0.17633928593749998 0.5647321421875 0.133928571875 0.5357142859375 0.1540178578125
2 0.462053571875 0.071428571875 0.428571428125 0.109375 0.42410714218749995 0.171875 0.453125 0.20982142812500001 0.491071428125 0.2165178578125 0.5267857140625 0.171875 0.53125 0.1272321421875 0.5066964281249999 0.084821428125 0.462053571875 0.071428571875
2 0.36607142812500004 0.0915178578125 0.41071428593750003 0.118303571875 0.45089285781250005 0.060267857812500006 0.42633928593750003 0.0044642859375000005 0.3616071421875 0.0334821421875 0.36607142812500004 0.0915178578125
2 0.38169642812500004 0.16071428593749998 0.34375 0.19866071406250002 0.34375 0.2477678578125 0.3772321421875 0.29017857187499996 0.415178571875 0.29241071406249997 0.4375 0.265625 0.44196428593750003 0.2165178578125 0.40848214218749995 0.165178571875 0.38169642812500004 0.16071428593749998
2 0.3415178578125 0.415178571875 0.37053571406249997 0.412946428125 0.3883928578125 0.35044642812500004 0.3459821421875 0.32142857187499996 0.31696428593750003 0.3772321421875 0.3415178578125 0.415178571875
2 0.0982142859375 0.015625 0.0491071421875 0.10491071406250001 0.069196428125 0.12946428593749998 0.10714285781249999 0.1272321421875 0.1428571421875 0.087053571875 0.15178571406250002 0.024553571875 0.13616071406250002 0.008928571875000001 0.0982142859375 0.015625
2 0.5109375 0.94609375 0.10234375 0.10703125
2 0.6140625 0.01796875 0.10234375 0.0359375
2 0.975 0.8609375 0.05 0.14375
2 0.0625 0.9977678578125 0.03125 0.9308035718750001 0.0022321421875000002 0.9196428578125 0 0.9977678578125 0.0625 0.9977678578125