2 0.384375 0.20234375 0.1203125 0.165625
2 0.16484375 0.1609375 0.11875 0.15
2 0.1078125 0.38984375 0.1203125 0.175
2 0.2015625 0.41484375 0.090625 0.1421875
2 0.1296875 0.696875 0.1 0.1328125
2 0.2 0.7453125 0.1 0.1390625
2 0.06796875 0.8515625 0.1109375 0.1359375
2 0.321875 0.415625 0.10625 0.1484375
2 0.4140625 0.39140625 0.10625 0.134375
2 0.4703125 0.465625 0.10625 0.1390625
2 0.4796875 0.2078125 0.09375 0.1296875
2 0.5078125 0.08515625 0.0828125 0.109375
2 0.58203125 0.4921875 0.0921875 0.1109375
2 0.68359375 0.0828125 0.10625 0.1265625
2 0.66171875 0.19765625 0.090625 0.128125
2 0.64453125 0.440625 0.0875 0.115625
2 0.4 0.70234375 0.1046875 0.1328125
2 0.65 0.58359375 0.0953125 0.1078125
2 0.64921875 0.67890625 0.1015625 0.1203125
2 0.8421875 0.0453125 0.115625 0.0625
2 0.953125 0.225 0.09375 0.140625
2 0.86328125 0.1984375 0.0921875 0.1109375
2 0.8984375 0.34453125 0.109375 0.1328125
2 0.7109375 0.50625 0.10625 0.128125
2 0.77265625 0.61796875 0.1078125 0.11875
2 0.7125 0.81015625 0.10625 0.1515625
2 0.525 0.82734375 0.1125 0.1703125
2 0.45625 0.7671875 0.0796875 0.103125
2 0.728125 0.94140625 0.103125 0.1171875
2 0.91640625 0.51953125 0.1265625 0.1484375
2 0.95703125 0.42421875 0.0859375 0.1546875
2 0.925 0.06015625 0.09375 0.08125
2 0.98203125 0.0828125 0.0359375 0.11875
2 0.00703125 0.83125 0.0140625 0.121875
2 0.00390625 0.93359375 0.0078125 0.0828125
2 0.775 0.709375 0.0859375 0.103125
2 0.90703125 0.85234375 0.1578125 0.178125