2 0.89296875 0.76171875 0.09765625 0.12421875
2 0.96640625 0.72265625 0.06640625 0.1625
2 0.725 0.85078125 0.10546875 0.15234375
2 0.61640625 0.89296875 0.1 0.1265625
2 0.62890625 0.52265625 0.11640625 0.15
2 0.7078125 0.4625 0.11015625 0.14609375
2 0.36796875 0.465625 0.09140625 0.11875
2 0.2859375 0.50859375 0.0796875 0.10546875
2 0.3125 0.8734375 0.096875 0.11640625
2 0.31640625 0.971875 0.1109375 0.05625
2 0.034375 0.54140625 0.06875 0.1390625
2 0.425 0.13671875 0.07734375 0.09921875
2 0.4234375 0.03046875 0.059375 0.0609375
2 0.07578125 0.9734375 0.0984375 0.053125
2 0.9359375 0.11015625 0.128125 0.2109375
2 0.571875 0.72109375 0.11640625 0.20390625
2 0.02734375 0.15390625 0.05390625 0.23359375