2 0.7611607140625 0.8125 0.7321428578125 0.8459821421875 0.7276785718750001 0.8995535718750001 0.7566964281249999 0.9419642859374999 0.7946428578125 0.9441964281249999 0.8258928578125 0.8995535718750001 0.8258928578125 0.8504464281249999 0.8058035718750001 0.8169642859374999 0.7611607140625 0.8125
2 0.8638392859374999 0.7053571421875 0.8303571421875 0.8013392859374999 0.8638392859374999 0.84375 0.8928571421875 0.8415178578125 0.9196428578125 0.8191964281249999 0.9241071421875 0.7611607140625 0.8950892859374999 0.7142857140625 0.8638392859374999 0.7053571421875
2 0.7120535718750001 0.6383928578125 0.6785714281249999 0.6629464281249999 0.6696428578125 0.7209821421875 0.7075892859375 0.7767857140625 0.7366071421875 0.7790178578125 0.7589285718750001 0.7522321421875 0.7633928578125 0.6897321421875 0.75 0.6584821421875 0.7120535718750001 0.6383928578125
2 0.8058035718750001 0.6830357140625 0.7834821421875 0.6875 0.7633928578125 0.7254464281249999 0.7678571421875 0.7834821421875 0.7991071421875 0.7924107140625 0.8258928578125 0.7790178578125 0.84375 0.7299107140625 0.8392857140625001 0.703125 0.8058035718750001 0.6830357140625
2 0.5267857140625 0.9709821421875 0.5424107140625 1 0.6205357140625 0.9977678578125 0.625 0.9441964281249999 0.6049107140625 0.9107142859374999 0.5357142859375 0.9263392859374999 0.5267857140625 0.9709821421875
2 0.546875 0.7455357140625 0.5044642859375 0.7834821421875 0.5044642859375 0.8236607140625001 0.5178571421875 0.890625 0.5580357140625 0.9040178578125 0.6071428578125 0.8816964281249999 0.6205357140625 0.8325892859374999 0.6071428578125 0.7700892859375 0.546875 0.7455357140625
2 0.421875 0.8258928578125 0.3928571421875 0.8638392859374999 0.40178571406249997 0.9308035718750001 0.421875 0.9553571421875 0.46428571406249997 0.9620535718750001 0.49553571406249997 0.9397321421875 0.5089285718750001 0.8995535718750001 0.484375 0.8080357140625001 0.421875 0.8258928578125
2 0.39732142812500004 0.7254464281249999 0.3928571421875 0.7745535718750001 0.412946428125 0.8080357140625001 0.446428571875 0.8102678578125 0.48214285781250005 0.7879464281249999 0.48660714218749995 0.7299107140625 0.42633928593750003 0.7008928578125 0.39732142812500004 0.7254464281249999
2 0.5491071421875 0.5736607140625 0.5446428578125 0.6361607140625 0.5647321421875 0.6651785718750001 0.59375 0.6674107140625 0.625 0.6361607140625 0.625 0.5959821421875 0.5736607140625 0.5535714281249999 0.5491071421875 0.5736607140625
2 0.6852678578125 0.46428571406249997 0.6339285718750001 0.515625 0.6339285718750001 0.5691964281249999 0.6674107140625 0.6071428578125 0.7053571421875 0.6049107140625 0.7276785718750001 0.5825892859375 0.7410714281249999 0.515625 0.7209821421875 0.477678571875 0.6852678578125 0.46428571406249997
2 0.49776785781250005 0.5535714281249999 0.44196428593750003 0.5959821421875 0.428571428125 0.6808035718750001 0.46651785781250005 0.7098214281249999 0.5 0.7075892859375 0.5357142859375 0.6674107140625 0.5357142859375 0.6183035718750001 0.5267857140625 0.5691964281249999 0.49776785781250005 0.5535714281249999
2 0.7232142859375 0.38169642812500004 0.71875 0.43973214218749995 0.7388392859375 0.47321428593750003 0.7767857140625 0.475446428125 0.7991071421875 0.38616071406249997 0.7745535718750001 0.3571428578125 0.7522321421875 0.3571428578125 0.7232142859375 0.38169642812500004
2 0.8035714281249999 0.41741071406249997 0.7991071421875 0.47991071406249997 0.8236607140625001 0.5133928578125 0.8660714281249999 0.5200892859375 0.8973214281249999 0.44866071406249997 0.8705357140625001 0.38169642812500004 0.8325892859374999 0.375 0.8035714281249999 0.41741071406249997
2 0.7767857140625 0.27008928593750003 0.78125 0.3102678578125 0.8191964281249999 0.3616071421875 0.8392857140625001 0.359375 0.875 0.27455357187499996 0.8459821421875 0.24107142812500001 0.7924107140625 0.25 0.7767857140625 0.27008928593750003
2 0.875 0.203125 0.8995535718750001 0.24107142812500001 0.9241071421875 0.2388392859375 0.9464285718750001 0.180803571875 0.9174107140625001 0.1383928578125 0.8794642859374999 0.16741071406250002 0.875 0.203125
2 0.42410714218749995 0.32366071406249997 0.42410714218749995 0.3727678578125 0.43973214218749995 0.3928571421875 0.491071428125 0.39508928593750003 0.5178571421875 0.328125 0.493303571875 0.29017857187499996 0.462053571875 0.28571428593750003 0.42410714218749995 0.32366071406249997
2 0.3928571421875 0.421875 0.3928571421875 0.484375 0.41741071406249997 0.5267857140625 0.4375 0.5245535718750001 0.47321428593750003 0.48883928593750003 0.48660714218749995 0.43526785781250005 0.42633928593750003 0.3928571421875 0.3928571421875 0.421875
2 0.24107142812500001 0.45758928593750003 0.2321428578125 0.515625 0.26116071406249997 0.5758928578125 0.2991071421875 0.578125 0.34375 0.5379464281249999 0.34821428593750003 0.475446428125 0.28794642812500004 0.428571428125 0.24107142812500001 0.45758928593750003
2 0.16741071406250002 0.3616071421875 0.12946428593749998 0.39955357187499996 0.12946428593749998 0.444196428125 0.18303571406250002 0.484375 0.2142857140625 0.44866071406249997 0.21875 0.40401785781250005 0.203125 0.375 0.16741071406250002 0.3616071421875
2 0.2165178578125 0.22767857187499999 0.178571428125 0.26116071406249997 0.1741071421875 0.32366071406249997 0.194196428125 0.3616071421875 0.22767857187499999 0.36830357187499996 0.2633928578125 0.328125 0.2678571421875 0.27455357187499996 0.2477678578125 0.2366071421875 0.2165178578125 0.22767857187499999
2 0.16741071406250002 0.3616071421875 0.133928571875 0.390625 0.125 0.430803571875 0.149553571875 0.477678571875 0.1875 0.484375 0.2142857140625 0.453125 0.21875 0.40401785781250005 0.194196428125 0.36607142812500004 0.16741071406250002 0.3616071421875
2 0.125 0.703125 0.1540178578125 0.7410714281249999 0.178571428125 0.7433035718750001 0.2142857140625 0.7165178578125 0.21875 0.6540178578125 0.14508928593749998 0.6026785718750001 0.125 0.703125
2 0.109375 0.2455357140625 0.084821428125 0.27455357187499996 0.084821428125 0.3102678578125 0.11383928593749999 0.34821428593750003 0.1383928578125 0.3459821421875 0.165178571875 0.31919642812500004 0.165178571875 0.27008928593750003 0.140625 0.2455357140625 0.109375 0.2455357140625
2 0.9125 0.028125 0.1078125 0.05625
2 0.97890625 0.37109375 0.04140625 0.140625
2 0.12265625 0.17890625 0.1265625 0.1546875
2 0.43515625 0.15625 0.1109375 0.18984375
2 0.15234375 0.91171875 0.1546875 0.1765625