1 0.7671875 0.7859375 0.09609375 0.12890625
1 0.696875 0.86796875 0.09765625 0.128125
1 0.78203125 0.59921875 0.09453125 0.14453125
1 0.63203125 0.32734375 0.10234375 0.13515625
1 0.53984375 0.328125 0.08359375 0.159375
1 0.425 0.6921875 0.103125 0.115625
1 0.07109375 0.95078125 0.1078125 0.09765625
1 0.03828125 0.63203125 0.0765625 0.16015625
1 0.27734375 0.28828125 0.09375 0.14609375
1 0.23203125 0.1625 0.10234375 0.13203125
1 0.328125 0.05703125 0.11015625 0.1140625
1 0.19296875 0.05859375 0.09921875 0.10390625
1 0.09921875 0.07734375 0.11796875 0.1171875
1 0.121875 0.19609375 0.1265625 0.14921875