2 0.6084723546874999 0.9807740687500001 0.66833580625 0.9341254578125 0.6455014296875 0.84821401875 0.5745342640625 0.8923623218750001 0.5667955734375 0.9426712937499999 0.6084723546874999 0.9807740687500001
2 0.6305859421875 0.7829319859375 0.5902494125 0.77474654375 0.565988428125 0.7908220874999999 0.54872404375 0.85155025625 0.577719090625 0.8742332218750001 0.6285035999999999 0.84797625 0.6412141203124999 0.8194279546875001 0.6305859421875 0.7829319859375
2 0.68920298125 0.909208740625 0.7304617984374999 0.8933709640625 0.748619684375 0.852587684375 0.70354909375 0.8056437359374999 0.66431505 0.844373459375 0.68920298125 0.909208740625
2 0.7662156765625 0.9777043843750001 0.8228943031249999 0.949184875 0.84128995625 0.8914037640625001 0.7748766546875 0.9033721937499999 0.75671876875 0.944155475 0.7662156765625 0.9777043843750001
2 0.7912475359375 0.8226991375000001 0.776721228125 0.8553257609375 0.805716275 0.8780087249999999 0.85286920625 0.8599084109374999 0.851319971875 0.803020803125 0.8309283328125 0.7939418593750001 0.7912475359375 0.8226991375000001
2 0.8237227484374999 0.722318959375 0.8010685703125 0.7073459 0.7559404078124999 0.7483381625 0.74864846875 0.8086195796875 0.769040109375 0.8176985234374999 0.80258901875 0.8082016140625001 0.8307193500000001 0.766971584375 0.8237227484374999 0.722318959375
2 0.7346552671875 0.7193143296875 0.7818082000000001 0.701214015625 0.790231409375 0.64387965625 0.73968466875 0.6531387953125 0.721973534375 0.7038945203125 0.7346552671875 0.7193143296875
2 0.775849028125 0.4566657515625 0.72438 0.48994810781250003 0.7080379031249999 0.526653059375 0.7168502921875 0.56722735625 0.7424515296875 0.5810691453125 0.8000524421874999 0.5285264187500001 0.8041595546875 0.4863741015625 0.775849028125 0.4566657515625
2 0.7162233437500001 0.48631653124999996 0.7033326265625 0.44392644531250003 0.6806784484375 0.428953384375 0.6441824796875 0.4395815640625 0.621470728125 0.512544715625 0.6253112890625 0.531358334375 0.6649632999999999 0.5465691625 0.6944338812499999 0.5352564656250001 0.7162233437500001 0.48631653124999996
2 0.45013086874999997 0.858964821875 0.40410920624999996 0.8800121953125 0.3859513203125 0.920795475 0.40247361406250004 0.9550289031249999 0.4258123125 0.9629765765625 0.46480858906250005 0.9412446843750001 0.4847822625 0.896383078125 0.45013086874999997 0.858964821875
2 0.40503149374999997 0.855988978125 0.3975881421875 0.8013639093749999 0.372671425 0.7804967328125 0.32212468125 0.7897558734375 0.28491540937500004 0.8513775421875 0.2937277984375 0.8919518390625001 0.32974823125 0.9153193234374999 0.3696380078125 0.9135323203124999 0.40503149374999997 0.855988978125
2 0.3663881265625 0.6848506171875 0.341918159375 0.6739558859375 0.2886333421875 0.7113165703125001 0.27863211250000003 0.7557314265625 0.3058113703125 0.78249271875 0.362489996875 0.753973209375 0.37701630625 0.721346584375 0.3663881265625 0.6848506171875
2 0.4250627390625 0.723191159375 0.4132457203125 0.77168434375 0.44179401562500004 0.7843948640625 0.488500196875 0.7563221046875 0.49284507812499995 0.69717195625 0.46066520625 0.6926180921875 0.4250627390625 0.723191159375
2 0.056168651562500005 0.607816621875 0.0321166484375 0.6508624390625 0.05837361875 0.7016469484375001 0.08965999062499999 0.686255925 0.111896203125 0.6472884328124999 0.0985587359375 0.594925903125 0.056168651562500005 0.607816621875
2 0.23057819531249998 0.41913983750000006 0.1981605546875 0.4315838046875 0.1718460125 0.4687355046875 0.1806584015625 0.5093098031250001 0.1958404453125 0.5136258984375 0.2370992609375 0.4977881234375 0.2593354734375 0.45882063281249996 0.23057819531249998 0.41913983750000006
2 0.0927797609375 0.42131601874999997 0.0603621203125 0.4337599859375 0.0381259078125 0.4727274765625 0.04285996875 0.5114859859374999 0.06030455 0.5216961984374999 0.09748503750000001 0.5040426328125001 0.1138271359375 0.46733768124999997 0.0927797609375 0.42131601874999997
2 0.13883020937499999 0.356300540625 0.12111907343749999 0.4070562640625 0.1360633484375 0.4283701921875 0.18503206875 0.40619154843749994 0.20863732031249999 0.35317328593749997 0.2025342203125 0.32846555 0.13883020937499999 0.356300540625
2 0.1794908640625 0.215583834375 0.148442259375 0.21397702812500002 0.1180493890625 0.2493129421875 0.1112329859375 0.27559869843749996 0.1307023390625 0.3087008578125 0.17422369375 0.29875719843750004 0.19419736875 0.2538955921875 0.1794908640625 0.215583834375
2 0.3272905265625 0.16899279375 0.28695399843749997 0.160807353125 0.25316731875 0.1873020921875 0.2413503 0.2357952765625 0.262188690625 0.2548466640625 0.31931406875 0.23629959843749998 0.335656165625 0.199594646875 0.3272905265625 0.16899279375
2 0.39412179375 0.21096491562500003 0.368254003125 0.25808906249999997 0.39543326093750003 0.284850353125 0.440323653125 0.26085592343749997 0.460535096875 0.198996484375 0.4201985671875 0.19081104375 0.39412179375 0.21096491562500003
2 0.28282150625 0 0.28275304375 0.000116971875 0.3024313796875 0.0601894078125 0.326216828125 0.0781095265625 0.370301753125 0 0.28282150625 0
2 0.5276022390625 0 0.5076537890624999 0.042201007812500003 0.545494896875 0.102065628125 0.6099703515625 0.0773887359375 0.6360759109375 0.013266759375000001 0.60627828125 0 0.5276022390625 0
2 0.4620134109375 0 0.4665443546875 0.0208615234375 0.489198534375 0.035834581250000004 0.5145907875 0.022706096875 0.5272437375 0.08209401250000001 0.5469508578125 0.0981983421875 0.6099703515625 0.0773887359375 0.6360759109375 0.013266759375000001 0.6052055171874999 0 0.4620134109375 0
2 0.6439660125 0.07786427343749999 0.65867251875 0.1161760296875 0.6842737546875 0.1300178203125 0.7314266875000001 0.11191750625 0.7514003625 0.06705589687499999 0.66462420625 0.0259772796875 0.6439660125 0.07786427343749999
2 0.8360653906250001 0.2171468875 0.8419882921875 0.17091624218749998 0.821834421875 0.14483946875 0.7753660078125 0.155914396875 0.7476824296875 0.207116871875 0.754232278125 0.2417970515625 0.779833515625 0.255638840625 0.8115666375 0.2502202609375 0.8360653906250001 0.2171468875
2 0.9011672265625 0.1312930171875 0.8641957218749999 0.1759168578125 0.8959000578125 0.21446638281250002 0.93126475625 0.200891146875 0.945791065625 0.16826452187500002 0.9419505062500001 0.149450903125 0.9011672265625 0.1312930171875
2 0.2453125 0.02265625 0.153125 0.0453125