2 0.14549029062500002 0.9298547125000001 0.1726468296875 0.9073127984375 0.17453783750000001 0.8264832640625001 0.12142125625 0.7571882765625 0.0927083671875 0.761940996875 0.07647552656249999 0.7812865421875 0.076529959375 0.884352565625 0.10429734531249998 0.9200146124999999 0.14549029062500002 0.9298547125000001
2 0.0281661 0.8437704703125 0.0491516609375 0.8531378171874999 0.07397367031249999 0.8039121187499999 0.0708609640625 0.7683337359375 0.048319053125 0.7411771984375 0.019217073437500003 0.741482621875 0.0281661 0.8437704703125
2 0.23644418437499998 0.3303605875 0.2749971765625 0.284414921875 0.2743863265625 0.2262109625 0.2413934671875 0.18204340937500002 0.19411320781250002 0.1794578890625 0.16164753125 0.218148975 0.167094765625 0.28041114375 0.20453492343750002 0.32418960937499997 0.23644418437499998 0.3303605875
2 0.38525931406249997 0.54588921875 0.41569588749999997 0.5096163234375 0.4206996 0.4643651703125 0.39863044062499997 0.41700124687500006 0.3574374953125 0.40716114687499994 0.33269915 0.4317321640625 0.3300299640625 0.5036671046875 0.358575528125 0.548223746875 0.38525931406249997 0.54588921875
2 0.47353595625 0.735344909375 0.49952523125 0.699461103125 0.5045289453125 0.65420995 0.4735651890625 0.6076242015625 0.45093961250000003 0.6051223453125 0.42620126718750007 0.6296933640625 0.421586640625 0.6793918140625 0.43359394218749997 0.7141920203125001 0.47353595625 0.735344909375
2 0.5190088703125 0.7941052843749999 0.5712928421875 0.7514396515625 0.55367098125 0.703686640625 0.516925334375 0.6934574515625 0.49007421874999996 0.7451013453125 0.5190088703125 0.7941052843749999
2 0.5037630109375 1 0.53448873125 0.9966518765625001 0.510779553125 0.9561534437500001 0.472393890625 0.952789746875 0.4383718609375 0.97369164375 0.432087365625 1 0.5037630109375 1
2 0.7217479906250001 0.9601027906249999 0.7436790546875 0.9290553703125 0.74306820625 0.8708514109375001 0.7104644343750001 0.83113115625 0.67691515625 0.8318256671875 0.6537331625 0.8741858765625 0.6580131328125 0.9231061531250001 0.69061690625 0.9628264078125 0.7217479906250001 0.9601027906249999
2 0.7863194890625 0.7505526125 0.7708648265625 0.7787927515625 0.7751447953125 0.8277130265625001 0.82920688125 0.856593246875 0.8507488578125001 0.8210985281250001 0.8367961156250001 0.7640618328125 0.7863194890625 0.7505526125
2 0.9271018625 0.95109933125 0.9490329281250001 0.9200519125 0.94881116875 0.8662952515625 0.9109819203124999 0.8180694875000001 0.8733744343750001 0.8236003843749999 0.8538615625 0.8566769093750001 0.8633670062500001 0.9141026921875 0.88629800625 0.9457065296874999 0.9271018625 0.95109933125
2 0.9583458437499999 0.7960003265625 0.9880042390625 0.7508328375 0.979276971875 0.70230165 0.9478404640625 0.6759232875000001 0.9102329765625001 0.6814541859375 0.88588371875 0.7104725015625 0.8897746 0.754945478125 0.9223783734375001 0.7946657328125 0.9583458437499999 0.7960003265625
2 0.7136648359375 0.4835474171875 0.695570221875 0.4560017921875 0.6567954703125001 0.44819079687499996 0.635726246875 0.4634781296875 0.6274424984375 0.5224602640625 0.674166340625 0.5699078515625 0.7098283859375 0.542140465625 0.7136648359375 0.4835474171875
2 0.58850041875 0.5639586343749999 0.6226061125 0.51840205625 0.61871523125 0.473929078125 0.5905587546875 0.433819734375 0.55256218125 0.43490333437500006 0.5278238359375 0.45947435312499996 0.5224310328125 0.5002782078125 0.5392747203125 0.5391366234375 0.58850041875 0.5639586343749999
2 0.6254426265624999 0.3971577515625 0.6196063046875 0.33044828593750003 0.5768570078125 0.3028189953125 0.53955494375 0.33745187187500003 0.5401657921874999 0.39565583125 0.553424021875 0.41914324687500004 0.5990642625 0.42859426093749997 0.6254426265624999 0.3971577515625
2 0.461227265625 0.3129352859375 0.444048921875 0.3726955984375 0.4601144328125 0.4026594171875 0.4948309734375 0.4153067984375 0.5225439296875 0.34790281875 0.49438745468749995 0.3077934765625 0.461227265625 0.3129352859375
2 0.6972939015625 0.42448161874999996 0.7277304734375 0.3882087234375 0.7278978015625001 0.3388993609375 0.7094140984374999 0.3069064375 0.65168289375 0.2873099 0.6329481968749999 0.329281021875 0.6343372203125 0.396379575 0.6661628187499999 0.42720523593750004 0.6972939015625 0.42448161874999996
2 0.8247928484375 0.370754190625 0.8140072437500001 0.4523619015625 0.8624547671875 0.46828931718750005 0.888444040625 0.4324055109375 0.8849422484374999 0.39237983125000003 0.8579530390624999 0.36561237968750004 0.8247928484375 0.370754190625
2 0.884444296875 0.18180048437500002 0.8555096453125 0.13279654531250001 0.8171239828125 0.1294328453125 0.7821564484375 0.1907495109375 0.7990001359375001 0.229607925 0.847447659375 0.245535340625 0.8790514953124999 0.22260433906250002 0.884444296875 0.18180048437500002
2 0.7104725015625 0.11411628124999999 0.736461775 0.0782324734375 0.7377963671875001 0.042265003125 0.7051925953125 0.002544746875 0.6853743 0.00651929375 0.6614141296875 0.0399849078125 0.6608577140625 0.084846971875 0.6789523281250001 0.1123926 0.7104725015625 0.11411628124999999
2 0.818308075 0 0.83002235625 0.020752259375000002 0.8554552140625 0.02973051875 0.89470271875 0.017334129687499998 0.9060848546875 0 0.818308075 0