2 0.13203125 0.11640625 0.12578125 0.16640625
2 0.1359375 0.24140625 0.10546875 0.13671875
2 0.1734375 0.41796875 0.14765625 0.17734375
2 0.059375 0.4765625 0.11875 0.190625
2 0.1546875 0.5625 0.12109375 0.14140625
2 0.05 0.60078125 0.1 0.1328125
2 0.053125 0.78671875 0.10234375 0.14375
2 0.159375 0.79921875 0.1234375 0.12890625
2 0.253125 0.696875 0.128125 0.17109375
2 0.27421875 0.8265625 0.11796875 0.1390625
2 0.18125 0.91015625 0.14609375 0.17265625
2 0.27890625 0.9359375 0.1171875 0.128125
2 0.4484375 0.85234375 0.12421875 0.14921875
2 0.50625 0.93046875 0.13515625 0.1390625
2 0.58359375 0.79921875 0.1234375 0.1609375
2 0.571875 0.43046875 0.12421875 0.1703125
2 0.67265625 0.7546875 0.10703125 0.153125
2 0.9203125 0.89375 0.11484375 0.14375
2 0.80234375 0.97265625 0.11015625 0.05390625
2 0.0203125 0.3125 0.03984375 0.13359375
2 0.0203125 0.06953125 0.03984375 0.13828125
2 0.10546875 0.0234375 0.125 0.046875
2 0.34609375 0.97109375 0.10234375 0.0578125
2 0.8046875 0.271875 0.17109375 0.18515625