2 0.3234841296875 0 0.3062416859375 0.046209621875 0.3231036203125 0.088143909375 0.35292764375 0.09848895468749999 0.38780105468750004 0.071158840625 0.3971711390625 0.022953934375000002 0.379182259375 0 0.3234841296875 0
2 0.3748490828125 0.2664723765625 0.40887066718750004 0.24352452656249998 0.421771190625 0.200553709375 0.4022306453125 0.1490030671875 0.37332001406250004 0.14565733281249998 0.3427673 0.1624576984375 0.3254845125 0.20457668906249998 0.33711235624999997 0.25004141562500004 0.3748490828125 0.2664723765625
2 0.641069103125 0.27728972500000004 0.696878875 0.2358378578125 0.7053971328124999 0.19201521562499999 0.68683155 0.15884545625 0.6535386546875 0.15464789375000002 0.616048196875 0.1837432265625 0.6039995 0.222331778125 0.6103316859375 0.2599453703125 0.641069103125 0.27728972500000004
2 0.729750915625 0.32408869687499997 0.715444459375 0.26900761875 0.6830033921875 0.260427790625 0.6419824968750001 0.284289034375 0.6299338 0.3228775859375 0.653856609375 0.37528005468750003 0.67576793125 0.379539184375 0.729750915625 0.32408869687499997
2 0.6906174640625 0.45857771875 0.708639971875 0.4677900234375 0.7340817296875 0.47728324375 0.764572878125 0.4491013046875 0.7774734015625 0.4061304875 0.7606114671875 0.36419619999999997 0.7334044890625 0.35208593593750004 0.6810635890625 0.38739031874999996 0.6751008078125 0.4180661671875 0.6906174640625 0.45857771875
2 0.7052942359375 0.4967006546875 0.6699282859375 0.4329781796875 0.650634009375 0.42695383124999997 0.616797125 0.4840464015625 0.6144879171875 0.5427194875 0.63731263125 0.5539779265625 0.6949491906249999 0.526524678125 0.7052942359375 0.4967006546875
2 0.5996374734375001 0.5489285390624999 0.61740268125 0.43413784218749996 0.6024291015625 0.417583746875 0.5735800390625 0.42561958437499997 0.5362127171875 0.4774780625 0.5268426328125 0.5256829703125 0.54626004375 0.554470465625 0.5996374734375001 0.5489285390624999
2 0.46798484531250006 0.48922904218749996 0.520510446875 0.48806937812499995 0.5717532515625 0.41162096562499995 0.56176749375 0.3460101375 0.5265862453125 0.3164323828125 0.46888811874999997 0.332504059375 0.4472230671875 0.373771221875 0.44150655624999996 0.44997336718750003 0.46798484531250006 0.48922904218749996
2 0.3944613140625 0.4931288859375 0.42763107187499994 0.47456329999999997 0.43797611718749996 0.44473927656249995 0.4244599203125 0.37389435781249997 0.39633955 0.35478478281250003 0.35446682812499997 0.383028290625 0.34594856875 0.4268509328125 0.36901955468750003 0.48363566562500004 0.3944613140625 0.4931288859375
2 0.408346915625 0.63226324375 0.4458989390625 0.6145494859375 0.46488537812499997 0.563665965625 0.447961878125 0.5103501046875001 0.4225201171875 0.500856884375 0.3858814859375 0.525569953125 0.37042548750000004 0.5816875625 0.38728742031249996 0.6236218499999999 0.408346915625 0.63226324375
2 0.34096075 0.47590766406249996 0.29044663437499996 0.525210665625 0.30998718125 0.5767613078125 0.34151485625 0.5783418265625 0.3615378234375 0.5572207640625 0.36920425625000003 0.5177803859375001 0.34096075 0.47590766406249996
2 0.670184671875 0.6422287671875 0.6989721671875 0.62281135625 0.7101690390625001 0.5886050671875 0.69683754375 0.5519048703125 0.672309178125 0.5494109593750001 0.6417564625 0.566211325 0.63494185625 0.6012694390625 0.6482733515625 0.6379696375 0.670184671875 0.6422287671875
2 0.8199719140624999 0.655427009375 0.8276383468749999 0.61598663125 0.78637118125 0.594321578125 0.7583739453125 0.5979751531249999 0.7437697703125 0.649710496875 0.7579530906249999 0.68202843125 0.78339485 0.69152165 0.8199719140624999 0.655427009375
2 0.7233875171874999 0.7662664109375 0.7521750125 0.746849 0.7615450984375001 0.6986440953125 0.7314132359375 0.6313911812499999 0.7068848703125 0.628897271875 0.6702462406249999 0.653610340625 0.6601474640625 0.7289606578125001 0.6672699093750001 0.7508104109375 0.7233875171874999 0.7662664109375
2 0.86526205625 0.7733787375000001 0.8386606343749999 0.7113599140625 0.8106018296874999 0.7036319140625 0.7739631984375 0.7283449828124999 0.7645931140625 0.7765498890625 0.814809509375 0.8340633125 0.84797926875 0.815497728125 0.86526205625 0.7733787375000001
2 0.796192475 0.9532362734375001 0.8275354484375 0.9206720687500001 0.8316714421875 0.8759976015625 0.80604498125 0.8323596609375 0.7656912109375 0.8176939187500001 0.7264971015625 0.85555378125 0.72150928125 0.9046105125 0.7515180078125 0.949100278125 0.796192475 0.9532362734375001
2 0.8071544921875 1 0.793636996875 0.9663830656249999 0.7655781937499999 0.9586550656249999 0.7306432140625 0.9746036046875 0.721833978125 1 0.8071544921875 1
2 0.9070764859375 1 0.91165029375 0.9324744953125 0.8791476578124999 0.9125130968749999 0.8406822406250001 0.923227546875 0.814634925 0.9636428859375 0.8252357265624999 1 0.9070764859375 1
2 0.49869104843749995 0.9863647015625 0.5535874265625 0.9379135249999999 0.599903978125 0.9219034171875 0.547008971875 0.8547736390624999 0.4689184734375 0.8236769359375 0.43313166875000003 0.844007740625 0.4344760328125 0.9306780640625 0.45218979375 0.9682300875 0.49869104843749995 0.9863647015625
2 0.2358783296875 0.9580182953125 0.30161229375 0.9707956843750001 0.321388990625 0.904148328125 0.30367523125 0.8665963031249999 0.2799986921875 0.8597201296874999 0.2381259703125 0.8879636359375 0.22790406093749999 0.9405508062499999 0.2358783296875 0.9580182953125
2 0.0299119125 0.9179824796875 0.11317493281249999 0.934167171875 0.1271119828125 0.9209588109375 0.1424448484375 0.8420780562499999 0.0992277640625 0.7836512390625 0.0372705078125 0.8216342359375 0.01743224375 0.8769000171875 0.0299119125 0.9179824796875
2 0 0.8531123031250001 0.0146304953125 0.8445205171874999 0.0370242390625 0.776107940625 0.015780040625 0.7333218265625 0 0.7294673890625 0 0.8531123031250001
2 0 0.717669021875 0.026248220312499997 0.72626095 0.059417981249999995 0.7076953640625 0.07670076718749999 0.665576375 0.0317800296875 0.6159140859375001 0 0.6227843546875 0 0.717669021875
2 0.8370497625000001 0.2517147125 0.8763054390624999 0.2252364234375 0.8839718718749999 0.185796046875 0.8566417578125 0.150922634375 0.827731128125 0.1475769 0.7946229359375 0.1775240578125 0.787808328125 0.212582171875 0.8028434750000001 0.240517840625 0.8370497625000001 0.2517147125
2 0.0625 0.45859375 0.125 0.2046875
2 0.66484375 0.8453125 0.1671875 0.2140625