2 0.8734375 0.89375 0.1171875 0.1375
2 0.9015625 0.78125 0.109375 0.1484375
2 0.9546875 0.57109375 0.090625 0.1859375
2 0.9671875 0.784375 0.0515625 0.1796875
2 0.95859375 0.07109375 0.0828125 0.1140625
2 0.80390625 0.42421875 0.13125 0.18125
2 0.7296875 0.46484375 0.096875 0.134375
2 0.74453125 0.31796875 0.1390625 0.184375
2 0.49375 0.80546875 0.14375 0.203125
2 0.33984375 0.571875 0.13125 0.1625
2 0.3109375 0.4296875 0.1296875 0.159375
2 0.30390625 0.3171875 0.1171875 0.109375
2 0.25546875 0.515625 0.1203125 0.178125
2 0.42421875 0.87578125 0.16875 0.1921875
2 0.409375 0.971875 0.14375 0.0546875
2 0.12734375 0.08203125 0.1359375 0.1640625
2 0.1 0.2046875 0.128125 0.15
2 0.3796875 0.7546875 0.153125 0.178125
2 0.23671875 0.896875 0.1328125 0.1921875
2 0.6046875 0.1125 0.190625 0.225
2 0.94921875 0.37578125 0.1015625 0.2359375