2 0.260465653125 0.5237559296875001 0.2439294484375 0.4826506515625 0.203172228125 0.46389529375 0.159160090625 0.488873628125 0.13445179375 0.560631734375 0.15105760937499998 0.5946787 0.193337871875 0.6021546812499999 0.24171029531250002 0.5645131515624999 0.260465653125 0.5237559296875001
2 0.16883840781249998 0.6527378484375 0.14240664375 0.612946778125 0.0841386609375 0.6519025140625 0.0767322921875 0.6871244625 0.0961057421875 0.7268459234375 0.120048315625 0.732729253125 0.1527114625 0.7132861890625 0.16883840781249998 0.6527378484375
2 0.223912678125 0.7944609859375 0.2075156984375 0.7392390828125001 0.14973499375 0.7287866328125 0.1084904921875 0.7594394609374999 0.096445390625 0.8355578546875 0.114504634375 0.8653837546875 0.1511104015625 0.8756273718750001 0.203703890625 0.839439271875 0.223912678125 0.7944609859375
2 0 0.8350249062499999 0.0116064203125 0.8488391421875001 0.083642971875 0.8453141921875 0.10267677500000001 0.7763237203125 0.0692563109375 0.7294047265625 0.02829025625 0.7318243046874999 0.0039996265625 0.7612325359375001 0 0.790853084375 0 0.8350249062499999
2 0.2117979640625 0.8776376921875 0.16065790468750002 0.9096047265625 0.24930027031250002 0.9401267421874999 0.2413454203125 0.887811696875 0.2117979640625 0.8776376921875
2 0 0.5874878421874999 0.0658789921875 0.4992480578125 0.050935440624999995 0.439805090625 0.009003234374999999 0.3970375484375 0 0.42233462031249996 0 0.5874878421874999
2 0.045408578125 0.284452609375 0.009072846875 0.3899792359375 0.048237415625 0.4270722828125 0.0907265109375 0.4133733265625 0.1237377171875 0.35863870468750003 0.11315445312500001 0.286532540625 0.076618296875 0.2692306125 0.045408578125 0.284452609375
2 0.258750596875 0.2682032609375 0.24816733281249997 0.1960970984375 0.2015963953125 0.194226 0.157445034375 0.2333209578125 0.1469925859375 0.29110166249999997 0.1621449703125 0.32936969375 0.18463411406250002 0.3394740875 0.23708838124999998 0.3174026125 0.258750596875 0.2682032609375
2 0.321387278125 0.0725808390625 0.30907213906250003 0.032928989062500004 0.2837457484375 0.0242084140625 0.255303665625 0.0451049046875 0.2380017375 0.0816410609375 0.24879383437499997 0.1325722875 0.2670619140625 0.14122325156249999 0.3068529859375 0.1147914890625 0.321387278125 0.0725808390625
2 0.5727188828124999 0.0694123515625 0.550508184375 0.0310747109375 0.515286234375 0.0236683421875 0.45411139218749996 0.07106620625 0.4509260890625 0.10774158593750001 0.4732063984375 0.13902091562500002 0.51403323125 0.1507179625 0.5567311593750001 0.11584406875 0.5727188828124999 0.0694123515625
2 0.4934763859375 0.23098780937500002 0.47548675312500005 0.19410359531250002 0.4401951921875 0.1937555390625 0.4102300703125 0.2259314078125 0.39714920625 0.26392099375 0.40953395625000005 0.29651453125 0.4617097765625 0.3026763046875 0.478802871875 0.287315084375 0.4934763859375 0.23098780937500002
2 0.44793279999999996 0.4112490109375 0.4143035015625 0.385504953125 0.3761050828125 0.3935990265625 0.348768371875 0.44556601406249996 0.373537871875 0.5107530875 0.42446909687499995 0.499960990625 0.4532592375 0.4437729375 0.44793279999999996 0.4112490109375
2 0.601909871875 0.2588814109375 0.5839202390625 0.221997196875 0.5486982890625 0.21459082812500002 0.5131282828125 0.24247602031249998 0.49278027343749997 0.30157093125 0.5121537234375 0.341292390625 0.5346428671875 0.3513967859375 0.5886897859375 0.3109876203125 0.601909871875 0.2588814109375
2 0.6391337328125 0.3496037078125 0.6081328484374999 0.34365076875 0.5725628406250001 0.3715359609375 0.5605177390625 0.4476543546875 0.582937271875 0.46481705937499995 0.633868496875 0.4540249625 0.651448871875 0.38925555625 0.6391337328125 0.3496037078125
2 0.7306829578125 0.3716835921875 0.7110310625 0.36019538125 0.6741468484375 0.3781850140625 0.6482635671875 0.4259309359375 0.64916010625 0.4781763703125 0.672754621875 0.519351259375 0.711022653125 0.5041988734375 0.7470799375 0.4269054953125 0.7306829578125 0.3716835921875
2 0.45531725781250004 1 0.46499225781250003 0.9719017593749999 0.4554447546875 0.9379244046874999 0.4117110640625 0.9346694890625 0.3843743515625 0.9866364781250001 0.42318483906250004 1 0.45531725781250004 1
2 0.5187079390625 0.678777171875 0.5036251640625 0.6334508296875 0.474008096875 0.6303351359375 0.42833369687499995 0.680709471875 0.41539205625 0.7045824328125 0.4334513015625 0.7344083343750001 0.491301615625 0.737802471875 0.508394709375 0.722441253125 0.5187079390625 0.678777171875
2 0.68506135 0.7030065984375 0.6657575109375 0.6562268265625 0.6262448859374999 0.654425340625 0.5876984078125 0.697810975 0.5982120609375 0.77697545 0.6207012046875 0.7870798453125001 0.6762015515625001 0.7424496140625 0.68506135 0.7030065984375
2 0.7829895921875 0.5077322343749999 0.75212793125 0.4876626703125 0.723685846875 0.5085591609375 0.706244696875 0.5592119421875 0.725478925 0.6130500265625 0.7735032921875 0.6107000593749999 0.7964797140625001 0.571396265625 0.7829895921875 0.5077322343749999
2 0.9373063125 0.4640765625 0.9165490437500001 0.42151785625000004 0.87689719375 0.43383299375 0.8422933374999999 0.5069053078125 0.8561315171875 0.535277778125 0.8743995953124999 0.54392874375 0.91841173125 0.518950409375 0.9373063125 0.4640765625
2 0.7314289781250001 1 0.7514065890625 0.9902562671874999 0.761719815625 0.9465921875 0.7367414828125 0.9025800500000001 0.6687171625 0.9287333671875 0.6611715703125001 0.9780719437500001 0.6744487593749999 1 0.7314289781250001 1
2 0.82345155 0.8427278250000001 0.7685777046875 0.82383324375 0.7437997953125 0.9026496625 0.7786040765625 0.9524059046875 0.8167328859375 0.95137014375 0.8383951015625 0.9021707921875001 0.82345155 0.8427278250000001
2 0.8713619234375001 0.42248400625000004 0.8647212796874999 0.38006452031250004 0.8296385515625 0.358541528125 0.7870798453125001 0.3792987953125 0.764103421875 0.41860258906250003 0.764999959375 0.4708480203125 0.7957224 0.505034209375 0.8139904781249999 0.5136851734375 0.8409791312499999 0.497009746875 0.8713619234375001 0.42248400625000004
2 0.0875 0.87109375 0.1015625 0.059375
2 0.17265625 0.0765625 0.1453125 0.153125
2 0.6125 0.15859375 0.2046875 0.2125