2 0.6875 0.0296875 0.13125 0.059375
2 0.778125 0.22265625 0.1828125 0.2015625
2 0.9265625 0.38125 0.146875 0.225
2 0.89609375 0.46796875 0.1578125 0.1671875
2 0.9671875 0.55546875 0.065625 0.1484375
2 0.70703125 0.9140625 0.1265625 0.115625
2 0.60625 0.63359375 0.1703125 0.184375
2 0.63984375 0.5203125 0.146875 0.1546875
2 0.47578125 0.51953125 0.1578125 0.1703125
2 0.603125 0.26171875 0.2140625 0.2328125
2 0.44375 0.0453125 0.153125 0.090625
2 0.38125 0.21015625 0.1390625 0.15
2 0.278125 0.24921875 0.1609375 0.1703125
2 0.2546875 0.1203125 0.134375 0.1328125
2 0.05546875 0.26328125 0.1109375 0.1703125
2 0.22578125 0.45 0.1609375 0.1734375
2 0.31328125 0.52890625 0.146875 0.1609375
2 0.3296875 0.66015625 0.1828125 0.1953125
2 0.22578125 0.696875 0.175 0.1859375
2 0.2890625 0.88046875 0.2078125 0.2203125
2 0.76328125 0.696875 0.2125 0.225
2 0.10859375 0.50390625 0.2171875 0.2828125