2 0.6294642859375 0.7834821421875 0.6205357140625 0.8325892859374999 0.6450892859375 0.8705357140625001 0.6830357140625 0.8772321421875 0.7142857140625 0.8147321421875 0.6852678578125 0.7678571421875 0.6584821421875 0.7633928578125 0.6294642859375 0.7834821421875
2 0.5558035718750001 1 0.65625 0.9977678578125 0.6361607140625 0.9151785718750001 0.5959821421875 0.9107142859374999 0.5669642859375 0.9352678578125 0.5558035718750001 1
2 0.8816964281249999 0.6607142859375 0.8526785718750001 0.7254464281249999 0.8816964281249999 0.7767857140625 0.9107142859374999 0.7790178578125 0.9330357140625001 0.7611607140625 0.9375 0.7165178578125 0.9151785718750001 0.671875 0.8816964281249999 0.6607142859375
2 1 0.6361607140625 0.9799107140625001 0.6071428578125 0.9486607140625001 0.6026785718750001 0.9241071421875 0.6316964281249999 0.9241071421875 0.6763392859375 0.9375 0.7120535718750001 0.96875 0.7254464281249999 1 0.7120535718750001 1 0.6361607140625
2 0.859375 0.40178571406249997 0.8303571421875 0.42633928593750003 0.8125 0.47991071406249997 0.8303571421875 0.5245535718750001 0.875 0.546875 0.9151785718750001 0.515625 0.9196428578125 0.462053571875 0.9017857140625001 0.41741071406249997 0.859375 0.40178571406249997
2 0.703125 0.6160714281249999 0.6741071421875 0.6808035718750001 0.71875 0.7120535718750001 0.75 0.6897321421875 0.7544642859375 0.6450892859375 0.7388392859375 0.6205357140625 0.703125 0.6160714281249999
2 0.6071428578125 0.5959821421875 0.6383928578125 0.6138392859375 0.6785714281249999 0.5736607140625 0.6495535718750001 0.5178571421875 0.6026785718750001 0.546875 0.6071428578125 0.5959821421875
2 0.3147321421875 0.7098214281249999 0.27232142812500004 0.7879464281249999 0.30580357187499996 0.8482142859374999 0.33482142812500004 0.8459821421875 0.36607142812500004 0.8102678578125 0.37053571406249997 0.7611607140625 0.3459821421875 0.71875 0.3147321421875 0.7098214281249999
2 0.084821428125 0.921875 0.078125 1 0.18303571406250002 0.9977678578125 0.18303571406250002 0.953125 0.1540178578125 0.9151785718750001 0.109375 0.90625 0.084821428125 0.921875
2 0.0111607140625 0.6473214281249999 0 0.796875 0.040178571875 0.8013392859374999 0.0758928578125 0.7611607140625 0.084821428125 0.703125 0.055803571875 0.65625 0.0111607140625 0.6473214281249999
2 0 0.38616071406249997 0.0446428578125 0.40848214218749995 0.0758928578125 0.3772321421875 0.0803571421875 0.31919642812500004 0.0334821421875 0.28125 0 0.30580357187499996 0 0.38616071406249997
2 0.0892857140625 0.328125 0.0892857140625 0.39508928593750003 0.100446428125 0.41964285781250005 0.125 0.41741071406249997 0.1696428578125 0.36383928593750003 0.15178571406250002 0.32366071406249997 0.118303571875 0.30357142812500004 0.0892857140625 0.328125
2 0.16071428593749998 0.296875 0.16071428593749998 0.33705357187499996 0.180803571875 0.37053571406249997 0.2142857140625 0.3727678578125 0.2455357140625 0.33705357187499996 0.25 0.29241071406249997 0.194196428125 0.2633928578125 0.16071428593749998 0.296875
2 0.0669642859375 0.1897321421875 0.0625 0.22544642812500001 0.0959821421875 0.2678571421875 0.116071428125 0.265625 0.1428571421875 0.2388392859375 0.1428571421875 0.19866071406250002 0.0959821421875 0.1696428578125 0.0669642859375 0.1897321421875
2 0.30357142812500004 0.2790178578125 0.328125 0.32142857187499996 0.34821428593750003 0.31919642812500004 0.375 0.28794642812500004 0.375 0.2522321421875 0.33705357187499996 0.2232142859375 0.30357142812500004 0.2790178578125
2 0.44866071406249997 0.22767857187499999 0.415178571875 0.27008928593750003 0.415178571875 0.3102678578125 0.44866071406249997 0.3616071421875 0.48214285781250005 0.359375 0.5178571421875 0.32366071406249997 0.5223214281249999 0.26116071406249997 0.49776785781250005 0.2321428578125 0.44866071406249997 0.22767857187499999
2 0.47098214218749995 0.11160714218750001 0.43526785781250005 0.116071428125 0.41071428593750003 0.1584821421875 0.42410714218749995 0.2165178578125 0.459821428125 0.22544642812500001 0.48883928593750003 0.2232142859375 0.5089285718750001 0.180803571875 0.5 0.140625 0.47098214218749995 0.11160714218750001
2 0.6986607140625 0.30803571406249997 0.6696428578125 0.3415178578125 0.6696428578125 0.38169642812500004 0.6830357140625 0.412946428125 0.71875 0.430803571875 0.7589285718750001 0.412946428125 0.7723214281249999 0.35044642812500004 0.7388392859375 0.3125 0.6986607140625 0.30803571406249997
2 0.859375 0.40178571406249997 0.8258928578125 0.43526785781250005 0.8125 0.47991071406249997 0.8303571421875 0.5245535718750001 0.8794642859374999 0.546875 0.9151785718750001 0.515625 0.9196428578125 0.46651785781250005 0.9017857140625001 0.41741071406249997 0.859375 0.40178571406249997
2 0.7522321421875 0.196428571875 0.71875 0.2299107140625 0.71875 0.2790178578125 0.7477678578125 0.3125 0.7857142859375 0.32366071406249997 0.8125 0.296875 0.8169642859374999 0.25669642812500004 0.7879464281249999 0.2053571421875 0.7522321421875 0.196428571875
2 0.6808035718750001 0.102678571875 0.6473214281249999 0.140625 0.6473214281249999 0.1852678578125 0.6674107140625 0.2142857140625 0.7098214281249999 0.2165178578125 0.7321428578125 0.194196428125 0.7366071421875 0.14508928593749998 0.7120535718750001 0.10714285781249999 0.6808035718750001 0.102678571875
2 0.78125 0.0424107140625 0.78125 0.087053571875 0.8058035718750001 0.125 0.84375 0.1272321421875 0.8660714281249999 0.055803571875 0.8415178578125 0.0178571421875 0.8102678578125 0.0133928578125 0.78125 0.0424107140625
2 0.8973214281249999 0.2075892859375 0.8839285718750001 0.25669642812500004 0.90625 0.30580357187499996 0.9464285718750001 0.31919642812500004 0.9821428578125 0.28794642812500004 0.9866071421875 0.2477678578125 0.9308035718750001 0.1875 0.8973214281249999 0.2075892859375
2 0.975 0.05859375 0.05 0.11640625
2 0.7991071421875 0.9977678578125 0.7745535718750001 0.9732142859374999 0.7477678578125 0.9732142859374999 0.7232142859375 0.9977678578125 0.7991071421875 0.9977678578125
2 0.03125 0.890625 0.0022321421875000002 0.8348214281249999 0.0044642859375000005 0.953125 0.03125 0.890625
2 0.9598214281249999 0.9977678578125 0.9441964281249999 0.9732142859374999 0.8816964281249999 0.9732142859374999 0.8616071421875 0.9977678578125 0.9598214281249999 0.9977678578125