0 0.73203125 0.13203125 0.13125 0.153125
0 0.86171875 0.2265625 0.15625 0.1734375
0 0.9390625 0.32578125 0.1171875 0.253125
0 0.55390625 0.35390625 0.1140625 0.1453125
0 0.38046875 0.296875 0.1453125 0.171875
0 0.4625 0.2484375 0.1921875 0.228125
0 0.253125 0.32734375 0.13125 0.15625
0 0.07734375 0.50078125 0.1546875 0.1859375
0 0.08203125 0.7546875 0.1046875 0.140625
0 0.503125 0.54296875 0.1296875 0.16875
0 0.79609375 0.74296875 0.1703125 0.1953125
0 0.54296875 0.86640625 0.0953125 0.1140625
0 0.60234375 0.9390625 0.090625 0.0984375