2 0.4964080375 1 0.4978552828125 0.9842467984375001 0.4802424875 0.9698257921875 0.43915230625 0.9757863953125 0.4248953484375 1 0.4964080375 1
2 0.41865823906250005 1 0.43780639062500004 0.949790178125 0.42790405781249996 0.9066041406249999 0.390582609375 0.8817038593750001 0.35947174375 0.8879144421875 0.3066523875 0.9634802765625 0.3785773359375 1 0.41865823906250005 1
2 0.54415948125 1 0.5869961671875 0.9734985093749999 0.5833814015625001 0.9184872828125 0.55788514375 0.8998745671874999 0.51654498125 0.915814484375 0.497682284375 0.9512900578125001 0.50573874375 0.9884385078125 0.524375296875 1 0.54415948125 1
2 0.6673116234375 0.8367108671875 0.6418153656250001 0.81809815 0.5818624875 0.8595343265625001 0.5769208375 0.8973557328125 0.602167115625 0.9259477671875 0.643930253125 0.932985271875 0.6732722250000001 0.877801046875 0.6673116234375 0.8367108671875
2 0.7907551640625 0.851785796875 0.745723253125 0.8556505453125001 0.710843653125 0.8927220140625 0.7165542765625 0.9437915109375 0.7450693265624999 0.9614812890625 0.78548655 0.9425225781250001 0.8085409562500001 0.8991635453125 0.7907551640625 0.851785796875
2 0.4523623296875 0.7274764171875 0.413118025 0.7394746046875 0.390313596875 0.7728543218749999 0.390236615625 0.8157903781250001 0.4169057890625 0.827442571875 0.45522715781249995 0.8124255921874999 0.471994 0.7808917484375 0.4523623296875 0.7274764171875
2 0.487914884375 0.7034030578125 0.47299391875 0.740974484375 0.49379850625 0.78742929375 0.5646536375 0.7492618906249999 0.5751329125 0.7295532390624999 0.5610388703125 0.6942506640625 0.487914884375 0.7034030578125
2 0.577382734375 0.6397393984375 0.582324384375 0.6019179890624999 0.55430929375 0.564269578125 0.503239796875 0.5699802015625 0.46207263281250005 0.6188768609374999 0.4738208421875 0.66810048125 0.5123152078125 0.686040240625 0.5443490109375 0.68284845 0.577382734375 0.6397393984375
2 0.667023578125 0.6090324765624999 0.6354897359375 0.592265634375 0.5810744828125001 0.6518145671875 0.58493923125 0.6968464796875 0.61160840625 0.7084986734375 0.639700478125 0.7032110281249999 0.67298418125 0.6501226578125 0.667023578125 0.6090324765624999
2 0 0.7304919609375 0.021578871875 0.743646428125 0.07272535 0.69499975 0.066764746875 0.65390956875 0.0452102203125 0.63739270625 0.0038700609375 0.6533326265625 0 0.660611153125 0 0.7304919609375
2 0.371970746875 0.38894865 0.3910834234375 0.3434937609375 0.3832769453125 0.2963659953125 0.3336303453125 0.2851367796875 0.283906765625 0.31684361875 0.262198271875 0.38619886875 0.29323215468749997 0.42292434375 0.3433787140625 0.414194928125 0.371970746875 0.38894865
2 0.5799404859374999 0.37818132968749996 0.5723839859375001 0.32107424687499997 0.544791875 0.3064032609375 0.513681009375 0.31261384375 0.47830145156250004 0.36964394375 0.48401207343749997 0.420713440625 0.512527125 0.4384032203125 0.55269436875 0.4294238234375 0.5799404859374999 0.37818132968749996
2 0.6837713875 0.45866978124999996 0.6757149296875 0.42152133125 0.6520645484375 0.4089462015625 0.618857828125 0.4190985140625 0.5978992765625 0.4585158171875 0.6038598796875 0.4996059984375 0.6265873234375 0.5091623359375 0.664908690625 0.4941453546875 0.6837713875 0.45866978124999996
2 0.8784160546875001 0.501490790625 0.8789929984375 0.43859610312499997 0.83772981875 0.41159996718749997 0.7882562171874999 0.433327490625 0.7591642249999999 0.4785323984375 0.7648748484375 0.5296018953125 0.7931399171875 0.557270990625 0.8453823328125001 0.5445998453125 0.8784160546875001 0.501490790625
2 0.6344906703125 0.1139314328125 0.6266841921874999 0.066803665625 0.5990920796875 0.0521326796875 0.5598477734375 0.06413086875 0.53260165625 0.1153733625 0.536716384375 0.1504259578125 0.5731148953125 0.1723074484375 0.6177238296875001 0.145465275 0.6344906703125 0.1139314328125
2 0.7260734046875 0.1651548953125 0.6605829015625 0.18847831406249999 0.63677855625 0.2617752953125 0.67083123125 0.29757783125000004 0.6807335625000001 0.3407638671875 0.7544344890625 0.26871678593750004 0.758030225 0.2048991609375 0.7260734046875 0.1651548953125
2 1 0.31011951249999997 0.9941110671875 0.3076730484375 0.9685378281249999 0.3319963875 0.9486752109375001 0.4073892234375 0.964865109375 0.43875006875 0.9994177453124999 0.45459397343749997 1 0.4542971984375 1 0.31011951249999997
2 0.8778780312500001 0.28379171875 0.8296733609375 0.374451515625 0.8919911062500001 0.4379231453125 0.9345041843749999 0.415022703125 0.987650503125 0.2865414984375 0.9276016125 0.25208487812499997 0.8778780312500001 0.28379171875
2 0.21497449062500001 0.31811255156249996 0.18603646406250002 0.2774453484375 0.16004024687500001 0.2787912625 0.10904773281249999 0.241565828125 0.0739951375 0.24568055625000002 0.054555496875 0.34405081718749997 0.1579634234375 0.40156184531249994 0.20047650312499998 0.378661403125 0.21497449062500001 0.31811255156249996
2 0.659375 0.56484375 0.2390625 0.225
2 0.85546875 0.78671875 0.159375 0.178125