0 0.35625 0.64296875 0.1359375 0.1328125
0 0.21015625 0.76796875 0.1015625 0.109375
0 0.46171875 0.83359375 0.0796875 0.0875
0 0.57890625 0.7703125 0.0921875 0.09375
0 0.63515625 0.78671875 0.084375 0.103125
0 0.55703125 0.96640625 0.0921875 0.0671875
0 0.98125 0.69296875 0.0375 0.1015625
0 0.93984375 0.33359375 0.0890625 0.128125
0 0.44453125 0.32890625 0.090625 0.096875
0 0.32890625 0.23984375 0.0828125 0.0890625
0 0.584375 0.14609375 0.08125 0.09375
0 0.65 0.02734375 0.09375 0.0546875
0 0.16015625 0.26953125 0.1171875 0.125
0 0.26328125 0.46953125 0.1765625 0.190625