0 0.940625 0.54453125 0.11875 0.1734375
0 0.9734375 0.75 0.053125 0.1140625
0 0.65390625 0.54453125 0.08359375 0.12890625
0 0.8453125 0.1546875 0.10703125 0.11640625
0 0.59765625 0.146875 0.096875 0.10546875
0 0.40234375 0.06640625 0.05546875 0.0734375
0 0.45703125 0.19140625 0.06484375 0.07890625
0 0.3921875 0.175 0.053125 0.0765625
0 0.4921875 0.2875 0.0765625 0.09296875
0 0.3828125 0.30859375 0.0859375 0.1203125
0 0.50703125 0.44375 0.053125 0.06953125
0 0.5765625 0.6015625 0.07734375 0.09453125
0 0.5984375 0.71484375 0.090625 0.09921875
0 0.6109375 0.96796875 0.05546875 0.0640625
0 0.58671875 0.87109375 0.12109375 0.23203125
0 0.49375 0.8375 0.06796875 0.071875
0 0.40390625 0.84609375 0.05859375 0.075
0 0.3890625 0.7796875 0.06328125 0.0671875
0 0.26484375 0.8921875 0.08828125 0.11015625
0 0.44609375 0.6078125 0.075 0.07109375
0 0.08125 0.47421875 0.08046875 0.11953125
0 0.01640625 0.33671875 0.0328125 0.06953125
0 0.02890625 0.1453125 0.0578125 0.11171875
0 0.16640625 0.0375 0.08828125 0.075
0 0.42734375 0.35078125 0.08203125 0.08359375