2 0.875 0.8415178578125 0.8459821421875 0.8303571421875 0.7857142859375 0.890625 0.7767857140625 0.9575892859374999 0.796875 0.9910714281249999 0.8571428578125 0.9977678578125 0.875 0.984375 0.8705357140625001 0.9263392859374999 0.9017857140625001 0.9040178578125 0.875 0.8415178578125
2 0.7142857140625 0.8325892859374999 0.7232142859375 0.9040178578125 0.7678571421875 0.9129464281249999 0.8169642859374999 0.8325892859374999 0.7879464281249999 0.78125 0.7433035718750001 0.7946428578125 0.7142857140625 0.8325892859374999
2 0.7075892859375 0.7008928578125 0.6830357140625 0.7388392859375 0.6830357140625 0.7879464281249999 0.7232142859375 0.8102678578125 0.7723214281249999 0.765625 0.7678571421875 0.7209821421875 0.7433035718750001 0.6964285718750001 0.7075892859375 0.7008928578125
2 0.5424107140625 0.7857142859375 0.49553571406249997 0.8236607140625001 0.491071428125 0.8727678578125 0.515625 0.9196428578125 0.5714285718750001 0.9308035718750001 0.5982142859375 0.8950892859374999 0.6026785718750001 0.8549107140625001 0.5848214281249999 0.8102678578125 0.5424107140625 0.7857142859375
2 0.6785714281249999 0.9977678578125 0.640625 0.9508928578125 0.59375 0.984375 0.5959821421875 1 0.6785714281249999 0.9977678578125
2 0.5959821421875 0.5267857140625 0.5669642859375 0.5558035718750001 0.5625 0.609375 0.5915178578125 0.6517857140625 0.625 0.6540178578125 0.65625 0.6138392859375 0.6607142859375 0.5736607140625 0.6316964281249999 0.53125 0.5959821421875 0.5267857140625
2 0.5915178578125 0.37053571406249997 0.5535714281249999 0.40848214218749995 0.5535714281249999 0.46651785781250005 0.5825892859375 0.5089285718750001 0.625 0.5111607140625 0.6473214281249999 0.493303571875 0.6651785718750001 0.421875 0.6450892859375 0.37946428593750003 0.5915178578125 0.37053571406249997
2 0.43973214218749995 0.24107142812500001 0.41071428593750003 0.27008928593750003 0.415178571875 0.35491071406249997 0.44866071406249997 0.40625 0.48660714218749995 0.40848214218749995 0.5267857140625 0.359375 0.5267857140625 0.30133928593750003 0.493303571875 0.25446428593750003 0.43973214218749995 0.24107142812500001
2 0.37053571406249997 0.40848214218749995 0.36607142812500004 0.44866071406249997 0.38616071406249997 0.48660714218749995 0.41964285781250005 0.493303571875 0.45089285781250005 0.45758928593750003 0.45089285781250005 0.41741071406249997 0.39955357187499996 0.3883928578125 0.37053571406249997 0.40848214218749995
2 0.359375 0.25446428593750003 0.32142857187499996 0.28794642812500004 0.31696428593750003 0.36383928593750003 0.375 0.39508928593750003 0.40625 0.3772321421875 0.41071428593750003 0.33258928593750003 0.39732142812500004 0.27008928593750003 0.359375 0.25446428593750003
2 0.2388392859375 0.53125 0.20982142812500001 0.5736607140625 0.2142857140625 0.6316964281249999 0.25 0.6584821421875 0.2991071421875 0.6183035718750001 0.2991071421875 0.5736607140625 0.265625 0.53125 0.2388392859375 0.53125
2 0.0200892859375 0.6339285718750001 0 0.6361607140625 0.008928571875000001 0.7745535718750001 0.046875 0.7589285718750001 0.0625 0.7299107140625 0.0580357140625 0.671875 0.0200892859375 0.6339285718750001
2 0.100446428125 0.19196428593749998 0.0669642859375 0.2165178578125 0.0491071421875 0.26116071406249997 0.0580357140625 0.3147321421875 0.09375 0.33258928593750003 0.13616071406250002 0.32142857187499996 0.15625 0.27455357187499996 0.1428571421875 0.2165178578125 0.100446428125 0.19196428593749998
2 0 0.118303571875 0.022321428125 0.12276785781249999 0.0669642859375 0.0513392859375 0.046875 0 0 0.0022321421875000002 0 0.118303571875
2 0.1897321421875 0 0.1741071421875 0.024553571875 0.178571428125 0.10491071406250001 0.2075892859375 0.125 0.25 0.12276785781249999 0.28571428593750003 0.0959821421875 0.2946428578125 0.024553571875 0.27455357187499996 0 0.1897321421875 0
2 0.46651785781250005 0 0.45535714218749995 0.0736607140625 0.49553571406249997 0.100446428125 0.5267857140625 0.087053571875 0.5357142859375 0.024553571875 0.5200892859375 0 0.46651785781250005 0
2 0.7857142859375 0.234375 0.7410714281249999 0.3147321421875 0.7566964281249999 0.34375 0.7946428578125 0.3459821421875 0.8348214281249999 0.30133928593750003 0.84375 0.24330357187499999 0.828125 0.2232142859375 0.7857142859375 0.234375
2 0.9375 0.93046875 0.084375 0.1390625
2 0.10390625 0.98125 0.1015625 0.0375
2 0.0171875 0.31640625 0.034375 0.1265625
2 0.12734375 0.4171875 0.10703125 0.2078125
2 0.68046875 0.1328125 0.10546875 0.240625
2 0.41171875 0.64296875 0.1359375 0.16171875
2 0.84140625 0.56484375 0.18515625 0.1953125