0 0.45234375 0.171875 0.090625 0.0984375
0 0.47890625 0.40390625 0.14375 0.1515625
0 0.53984375 0.37265625 0.084375 0.0859375
0 0.73046875 0.29453125 0.1546875 0.159375
0 0.81875 0.12265625 0.1265625 0.15
0 0.71953125 0.01640625 0.1359375 0.0328125
0 0.17578125 0.25234375 0.14375 0.153125
0 0.2609375 0.5734375 0.115625 0.128125
0 0.4453125 0.6265625 0.0953125 0.109375
0 0.7515625 0.59375 0.1609375 0.1828125
0 0.8234375 0.57734375 0.0984375 0.109375
0 0.92265625 0.61640625 0.090625 0.096875
0 0.7390625 0.7859375 0.1453125 0.165625
0 0.52265625 0.77421875 0.11875 0.1296875
0 0.5984375 0.8125 0.1015625 0.115625
0 0.61015625 0.903125 0.121875 0.13125
0 0.33203125 0.9640625 0.0859375 0.071875
0 0.840625 0.39765625 0.0921875 0.1046875
0 0.06484375 0.2 0.0984375 0.0859375