2 0.84296875 0.20546875 0.09375 0.1078125
2 0.90546875 0.290625 0.1046875 0.128125
2 0.73515625 0.01484375 0.1140625 0.0296875
2 0.81640625 0.37265625 0.115625 0.1125
2 0.7328125 0.3421875 0.125 0.1515625
2 0.69453125 0.225 0.09375 0.1234375
2 0.64296875 0.35 0.1015625 0.1421875
2 0.58828125 0.1421875 0.1171875 0.159375
2 0.52265625 0.225 0.1203125 0.165625
2 0.42109375 0.2 0.1140625 0.1609375
2 0.44609375 0.040625 0.1140625 0.08125
2 0.31015625 0.17421875 0.146875 0.1640625
2 0.03125 0.125 0.0625 0.121875
2 0.0203125 0.2703125 0.040625 0.165625
2 0.215625 0.4828125 0.0859375 0.09375
2 0.35078125 0.546875 0.1078125 0.1375
2 0.3609375 0.41953125 0.1046875 0.159375
2 0.21953125 0.58828125 0.1265625 0.1578125
2 0.14609375 0.690625 0.1609375 0.1703125
2 0.02265625 0.57890625 0.0453125 0.1171875
2 0.04140625 0.70859375 0.046875 0.1
2 0.35625 0.9 0.1171875 0.1796875
2 0.56640625 0.7 0.0984375 0.1125
2 0.634375 0.68359375 0.075 0.1609375
2 0.70703125 0.63984375 0.125 0.1546875
2 0.75078125 0.51640625 0.1046875 0.128125
2 0.8953125 0.7609375 0.13125 0.1625
2 0.5828125 0.7890625 0.125 0.128125
2 0.83828125 0.8984375 0.1015625 0.1265625
2 0.9140625 0.89140625 0.096875 0.1203125
2 0.9875 0.8328125 0.025 0.121875
2 0.58203125 0.91328125 0.2015625 0.1734375
2 0.42265625 0.38125 0.1390625 0.2140625
2 0.884375 0.02734375 0.1125 0.0546875