2 0.47571341250000004 1 0.461821765625 0.965616965625 0.4098732765625 0.9264194265624999 0.36848114062500004 0.9431429343750001 0.3516520203125 0.9908688828125 0.35534123125 1 0.47571341250000004 1
2 0.3023593328125 0.8807824656250001 0.24380476875 0.8490688421874999 0.213157921875 0.8566360843749999 0.1905172375 0.90189516875 0.1980844796875 0.9325420140625 0.2795297109375 0.9911188640624999 0.3031315609375 0.983990540625 0.3233053828125 0.9445430203124999 0.3023593328125 0.8807824656250001
2 0.308548775 0.7530947 0.2707736046875 0.7370600921875 0.232726171875 0.762062028125 0.23165939375 0.81304935 0.293997578125 0.860086396875 0.3283447203125 0.8438018078124999 0.3352230609375 0.79528135 0.308548775 0.7530947
2 0.5517566453125 0.8426129453125 0.504030696875 0.825783825 0.47505620156250006 0.83749028125 0.4606939453125 0.8794046640625 0.4833123453125 0.9473044328125001 0.523198784375 0.9745232500000001 0.567496703125 0.9590331734375 0.5818589609375 0.9171187906249999 0.5517566453125 0.8426129453125
2 0.7551836875 0.8157942890625 0.6952067515625 0.8520637609374999 0.7237200453125 0.9464711625 0.8048319656249999 0.9088849328125 0.79216434375 0.8417796750000001 0.7551836875 0.8157942890625
2 0.8265948109375 0.8495358562499999 0.8065043171875 0.9130241453125001 0.919057596875 0.8579198937499999 0.8796100765625001 0.8377460718749999 0.8265948109375 0.8495358562499999
2 0.9010396140625 0.682233915625 0.8467075906250001 0.6728887125 0.8182553406249999 0.7156809328125 0.8267004218749999 0.760417771875 0.9097346765625 0.7990930640625 0.9402981953125 0.7674850515625 0.9268360625 0.7103305718749999 0.9010396140625 0.682233915625
2 0.9021286749999999 0.518087740625 0.871837421875 0.5086592078125001 0.840207125 0.5912545437500001 0.8743653281249999 0.64004726875 0.9141684390625 0.643225315625 0.942704015625 0.6244738640625 0.9471154953124999 0.58176496875 0.9021286749999999 0.518087740625
2 0.78159151875 0.4223412953125 0.7165142046875 0.4221523578125 0.6872674421875 0.4748953578125 0.70415760625 0.5643690328125001 0.7988149890625 0.607978053125 0.8368624234375 0.582976115625 0.8431351921875001 0.4793291203125 0.78159151875 0.4223412953125
2 0.6863673203125 0.5739642203125 0.6778166265625 0.618345465625 0.6937456234375 0.6696883796875001 0.74772205625 0.696029359375 0.7840971390625 0.6668882078125 0.77230735625 0.61387294375 0.6863673203125 0.5739642203125
2 0.988968834375 0.45892760312499997 0.9495213140625 0.43875378125 0.9036343718750001 0.4741454140625 0.91876885625 0.53543910625 0.9594498078125 0.5527071453125 0.9945914609375001 0.526471778125 0.9990029406250001 0.48376288437500004 0.988968834375 0.45892760312499997
2 0.4375368234375 0.4169017984375 0.40222851718749997 0.395055625 0.373254021875 0.40676208125 0.360564115625 0.452815678125 0.39304996718749996 0.49746918906250004 0.4204354375 0.5056642890624999 0.45064336562499996 0.4910520515625 0.4542603328125 0.458293934375 0.4375368234375 0.4169017984375
2 1 0.42389002343750004 0.9644281031249999 0.314766309375 0.9366870374999999 0.32356698437500003 0.9189800796875 0.357202940625 0.9290975109374999 0.406078990625 0.9752344359375 0.44280966718750003 1 0.438884803125 1 0.42389002343750004
2 0.40615650781249996 0.5716194421874999 0.3788543640625 0.5874651125 0.367042296875 0.6476086999999999 0.40701206250000005 0.6988682890625 0.44602066406249996 0.7119971140625 0.4756230171875 0.642258340625 0.45141559375 0.5942601265625 0.40615650781249996 0.5716194421874999
2 0.3731484109375 0.49588016562500004 0.34118480625 0.48231242031250005 0.3138826609375 0.4981580890625 0.30445412968749996 0.52844934375 0.317038425 0.57151383125 0.3552525125 0.594593434375 0.387927303125 0.57416963125 0.3923387828125 0.5314607375 0.3731484109375 0.49588016562500004
2 0.135313184375 0.4017837875 0.09885477499999999 0.40688416875 0.081147815625 0.440520121875 0.0912652484375 0.489396175 0.12991825625 0.5195207749999999 0.16100402187500001 0.518998528125 0.1849614640625 0.49487443124999997 0.17229384375 0.427769175 0.135313184375 0.4017837875
2 0 0.4329749546875 0.023115496875 0.439892265625 0.0574626390625 0.4236076765625 0.06521882031250001 0.3891772078125 0.0410113953125 0.3411789953125 0 0.32987845 0 0.4329749546875
2 0.3045432671875 0.075813928125 0.24193281562500002 0.0698134265625 0.21260272812499997 0.09851565625 0.21356389375 0.13664641875 0.23697680625 0.194595409375 0.2793301078125 0.2160026625 0.3244225390625 0.19056180625000002 0.33042304218749996 0.12795135625 0.3045432671875 0.075813928125
2 0.52890625 0.37890625 0.209375 0.23125
2 0.07421875 0.184375 0.1484375 0.134375
2 0.2390625 0.9421875 0.20625 0.115625