2 0.0515625 0.13203125 0.10234375 0.14765625
2 0.1421875 0.16015625 0.12578125 0.165625
2 0.02890625 0.22578125 0.0578125 0.17421875
2 0.1859375 0.05859375 0.1359375 0.11640625
2 0.1171875 0.409375 0.08828125 0.128125
2 0.046875 0.46171875 0.09375 0.13828125
2 0.28046875 0.35703125 0.12578125 0.15546875
2 0.3171875 0.4921875 0.13046875 0.1640625
2 0.2328125 0.53515625 0.090625 0.128125
2 0.28359375 0.62265625 0.11171875 0.1359375
2 0.42109375 0.796875 0.11015625 0.14453125
2 0.2890625 0.94140625 0.14375 0.1171875
2 0.52578125 0.79921875 0.1203125 0.18203125
2 0.60625 0.64296875 0.125 0.15703125
2 0.66171875 0.76640625 0.1125 0.14765625
2 0.70703125 0.64765625 0.0859375 0.1375
2 0.8609375 0.62890625 0.11328125 0.18203125
2 0.79453125 0.70078125 0.128125 0.1671875
2 0.57890625 0.90390625 0.11796875 0.1671875
2 0.759375 0.8328125 0.1375 0.13359375
2 0.725 0.934375 0.15078125 0.13125
2 0.10078125 0.8203125 0.14765625 0.19453125
2 0.89453125 0.09765625 0.21015625 0.19453125