1 0.56953125 0.4796875 0.109375 0.11875
1 0.72734375 0.478125 0.134375 0.1296875
1 0.63515625 0.51953125 0.1640625 0.1609375
1 0.871875 0.34140625 0.134375 0.1390625
1 0.734375 0.303125 0.1515625 0.1796875
1 0.77890625 0.1328125 0.1265625 0.1515625
1 0.6640625 0.02734375 0.153125 0.0546875
1 0.32421875 0.1 0.1265625 0.146875
1 0.42109375 0.38203125 0.1171875 0.1328125
1 0.4078125 0.621875 0.1328125 0.153125
1 0.48828125 0.925 0.1578125 0.15
1 0.390625 0.96875 0.13125 0.0625
1 0.3703125 0.85234375 0.1265625 0.1453125
1 0.31484375 0.75546875 0.0828125 0.0890625
1 0.24296875 0.81640625 0.134375 0.15
1 0.20625 0.94765625 0.115625 0.1046875
1 0.2390625 0.65 0.178125 0.1953125
1 0.3 0.496875 0.178125 0.20625
1 0.19765625 0.50859375 0.1375 0.18125
1 0.1171875 0.49375 0.1359375 0.16875
1 0.0375 0.31328125 0.075 0.1609375
1 0.11640625 0.2375 0.1390625 0.1578125
1 0.12578125 0.13515625 0.1046875 0.0859375