2 0.80390625 0.32265625 0.14375 0.1609375
2 0.8171875 0.15859375 0.1203125 0.1421875
2 0.96015625 0.11328125 0.0796875 0.0890625
2 0.90234375 0.45546875 0.1015625 0.1234375
2 0.9703125 0.459375 0.059375 0.14375
2 0.95859375 0.21640625 0.0828125 0.1671875
2 0.91484375 0.296875 0.109375 0.1359375
2 0.76796875 0.55234375 0.115625 0.1375
2 0.93984375 0.64453125 0.103125 0.1625
2 0.99140625 0.2875 0.0171875 0.140625
2 0.45546875 0.1359375 0.1203125 0.13125
2 0.6671875 0.53125 0.1125 0.146875
2 0.69453125 0.68125 0.1171875 0.1265625
2 0.8328125 0.77734375 0.1421875 0.1890625
2 0.640625 0.77265625 0.11875 0.153125
2 0.58046875 0.5703125 0.109375 0.1375
2 0.41875 0.42109375 0.1203125 0.1484375
2 0.259375 0.23515625 0.1234375 0.1390625
2 0.42265625 0.909375 0.1421875 0.1703125
2 0.2078125 0.82109375 0.1203125 0.1453125
2 0.1625 0.48125 0.1140625 0.1515625
2 0.27265625 0.5984375 0.15625 0.18125
2 0.05703125 0.72578125 0.1046875 0.1375
2 0.090625 0.86015625 0.1609375 0.1703125
2 0.0765625 0.53359375 0.153125 0.2078125
2 0.0140625 0.6125 0.028125 0.14375
2 0.59375 0.675 0.10625 0.1421875
2 0.32890625 0.740625 0.1453125 0.2171875
2 0.75 0.9640625 0.171875 0.071875