2 0.259375 0.040625 0.125 0.08125
2 0.19453125 0.253125 0.1734375 0.1984375
2 0.06484375 0.4296875 0.1296875 0.225
2 0.103125 0.509375 0.15 0.1640625
2 0.03515625 0.6078125 0.0703125 0.14375
2 0.3375 0.93359375 0.1234375 0.109375
2 0.4078125 0.64453125 0.1609375 0.18125
2 0.36328125 0.534375 0.140625 0.1515625
2 0.52578125 0.5171875 0.1484375 0.1671875
2 0.37265625 0.2734375 0.203125 0.2296875
2 0.50390625 0.0421875 0.1484375 0.084375
2 0.5875 0.19921875 0.1328125 0.146875
2 0.69453125 0.228125 0.153125 0.1671875
2 0.70390625 0.096875 0.1296875 0.128125
2 0.93203125 0.21484375 0.1359375 0.1640625
2 0.7671875 0.421875 0.153125 0.16875
2 0.6890625 0.50859375 0.1390625 0.1578125
2 0.6859375 0.64140625 0.1734375 0.1921875
2 0.79296875 0.6671875 0.165625 0.18125
2 0.74921875 0.85625 0.196875 0.215625
2 0.259375 0.7234375 0.2015625 0.21875
2 0.89375 0.46015625 0.2125 0.2765625