1 0.89765625 0.653125 0.1109375 0.1484375
1 0.7625 0.9203125 0.140625 0.12109375
1 0.521875 0.96328125 0.1328125 0.0734375
1 0.36953125 0.9734375 0.1171875 0.053125
1 0.4453125 0.81640625 0.13046875 0.14609375
1 0.4140625 0.684375 0.08515625 0.121875
1 0.46640625 0.45390625 0.1015625 0.14296875
1 0.6578125 0.45703125 0.10859375 0.13203125
1 0.665625 0.56171875 0.125 0.09140625
1 0.61328125 0.62578125 0.06484375 0.07734375
1 0.71171875 0.65546875 0.09609375 0.08671875
1 0.15078125 0.403125 0.08671875 0.1265625
1 0.075 0.5765625 0.0734375 0.10390625
1 0.01796875 0.484375 0.0359375 0.14609375
1 0.09140625 0.22265625 0.09765625 0.12734375
1 0.91953125 0.0484375 0.08828125 0.09609375