2 0.8 0.9109375 0.171875 0.178125
2 0.9453125 0.6234375 0.109375 0.190625
2 0.6265625 0.26796875 0.121875 0.1390625
2 0.5640625 0.64453125 0.14375 0.1515625
2 0.5375 0.5328125 0.1140625 0.125
2 0.43203125 0.73984375 0.1609375 0.190625
2 0.4953125 0.8015625 0.1484375 0.1640625
2 0.4625 0.92578125 0.175 0.1484375
2 0.71484375 0.971875 0.1828125 0.05625
2 0.9046875 0.496875 0.1171875 0.1234375
2 0.49921875 0.26875 0.16875 0.196875
2 0.44375 0.39375 0.1421875 0.1546875
2 0.3984375 0.23359375 0.1578125 0.18125
2 0.2046875 0.3453125 0.134375 0.1453125
2 0.33046875 0.609375 0.1546875 0.1625
2 0.08671875 0.76484375 0.14375 0.1625
2 0.08359375 0.5375 0.1671875 0.184375
2 0.01484375 0.53671875 0.0296875 0.1265625
2 0.0734375 0.659375 0.1359375 0.1484375
2 0.24765625 0.8125 0.109375 0.115625
2 0.2078125 0.8890625 0.0984375 0.0828125
2 0.02265625 0.74765625 0.0453125 0.1609375
2 0.2796875 0.92734375 0.10625 0.075
2 0.2296875 0.01796875 0.125 0.0359375
2 0.171875 0.0546875 0.084375 0.109375
2 0.8875 0.25390625 0.225 0.2921875
2 0.4640625 0.07734375 0.203125 0.1546875
2 0.68515625 0.7984375 0.271875 0.2703125