2 0.078125 0.75 0.15625 0.19375
2 0.2421875 0.8796875 0.128125 0.121875
2 0.40078125 0.9453125 0.1109375 0.109375
2 0.43125 0.746875 0.1546875 0.1921875
2 0.5046875 0.5296875 0.1375 0.1734375
2 0.39296875 0.54375 0.1171875 0.14375
2 0.23984375 0.3921875 0.1421875 0.171875
2 0.159375 0.33125 0.1109375 0.13125
2 0.09765625 0.2609375 0.13125 0.16875
2 0.63046875 0.796875 0.1234375 0.1390625
2 0.71796875 0.74765625 0.14375 0.1703125
2 0.7640625 0.9046875 0.190625 0.190625
2 0.8203125 0.64453125 0.1125 0.125
2 0.884375 0.528125 0.1546875 0.1921875
2 0.80859375 0.4609375 0.1296875 0.15
2 0.90546875 0.35 0.10625 0.125
2 0.73515625 0.284375 0.128125 0.146875
2 0.5734375 0.25859375 0.14375 0.1515625
2 0.7515625 0.15703125 0.1375 0.1609375
2 0.825 0.1828125 0.1171875 0.1515625
2 0.98828125 0.29453125 0.0234375 0.1515625
2 0.3234375 0.01171875 0.15 0.0234375
2 0.0203125 0.5 0.040625 0.140625
2 0.1375 0.89765625 0.0828125 0.0546875
2 0.03828125 0.85 0.0765625 0.0875
2 0.71015625 0.06484375 0.1328125 0.0796875