0 0.70703125 0.78359375 0.196875 0.2546875
0 0.94453125 0.48984375 0.1109375 0.1828125
0 0.91484375 0.31328125 0.1015625 0.1203125
0 0.79921875 0.41015625 0.1578125 0.171875
0 0.50546875 0.09375 0.2390625 0.1875
0 0.1046875 0.2796875 0.209375 0.2375
0 0.3875 0.46640625 0.125 0.146875
0 0.40234375 0.6609375 0.1796875 0.209375
0 0.47265625 0.8140625 0.134375 0.178125
0 0.51953125 0.95859375 0.1578125 0.0828125
0 0.23125 0.7890625 0.225 0.1921875
0 0.11171875 0.81015625 0.0734375 0.090625
0 0.16484375 0.64609375 0.0984375 0.11875