2 0.45758928593750003 0.6696428578125 0.42410714218749995 0.703125 0.415178571875 0.765625 0.444196428125 0.8169642859374999 0.47321428593750003 0.8191964281249999 0.5044642859375 0.8058035718750001 0.5223214281249999 0.7388392859375 0.5044642859375 0.6852678578125 0.45758928593750003 0.6696428578125
2 0.2232142859375 0.9084821421875 0.2321428578125 0.9575892859374999 0.28125 0.9754464281249999 0.3125 0.9308035718750001 0.3147321421875 0.8392857140625001 0.24330357187499999 0.8660714281249999 0.2232142859375 0.9084821421875
2 0.24330357187499999 0.7232142859375 0.21875 0.7611607140625 0.2232142859375 0.8236607140625001 0.2633928578125 0.8415178578125 0.2946428578125 0.8191964281249999 0.3125 0.765625 0.2834821421875 0.71875 0.24330357187499999 0.7232142859375
2 0.26116071406249997 0.5892857140625 0.22767857187499999 0.6629464281249999 0.2477678578125 0.7053571421875 0.28571428593750003 0.7120535718750001 0.3125 0.6897321421875 0.3258928578125 0.6316964281249999 0.28794642812500004 0.5892857140625 0.26116071406249997 0.5892857140625
2 0.28571428593750003 0.5111607140625 0.27678571406249997 0.5647321421875 0.30133928593750003 0.59375 0.33482142812500004 0.6004464281249999 0.3571428578125 0.578125 0.36607142812500004 0.5022321421875 0.328125 0.47321428593750003 0.28571428593750003 0.5111607140625
2 0.43973214218749995 0.491071428125 0.41071428593750003 0.5200892859375 0.41071428593750003 0.5691964281249999 0.43526785781250005 0.6116071421875 0.45535714218749995 0.609375 0.491071428125 0.5736607140625 0.491071428125 0.5245535718750001 0.47098214218749995 0.49553571406249997 0.43973214218749995 0.491071428125
2 0.5401785718750001 0.39508928593750003 0.5267857140625 0.44866071406249997 0.546875 0.48660714218749995 0.5892857140625 0.48883928593750003 0.6116071421875 0.45758928593750003 0.6071428578125 0.39955357187499996 0.5647321421875 0.375 0.5401785718750001 0.39508928593750003
2 0.5803571421875 0.36830357187499996 0.6294642859375 0.39508928593750003 0.65625 0.36830357187499996 0.65625 0.32366071406249997 0.6138392859375 0.30357142812500004 0.5803571421875 0.36830357187499996
2 0.428571428125 0.33705357187499996 0.415178571875 0.38616071406249997 0.43526785781250005 0.41964285781250005 0.477678571875 0.42633928593750003 0.5089285718750001 0.38616071406249997 0.5133928578125 0.3459821421875 0.47098214218749995 0.2991071421875 0.428571428125 0.33705357187499996
2 0.3727678578125 0.22767857187499999 0.33928571406249997 0.265625 0.33928571406249997 0.3147321421875 0.35491071406249997 0.33928571406249997 0.3883928578125 0.3459821421875 0.40625 0.33705357187499996 0.42410714218749995 0.27455357187499996 0.40401785781250005 0.2321428578125 0.3727678578125 0.22767857187499999
2 0.35044642812500004 0.125 0.3258928578125 0.1540178578125 0.3258928578125 0.1897321421875 0.3459821421875 0.21875 0.37053571406249997 0.2209821421875 0.3928571421875 0.203125 0.39732142812500004 0.1584821421875 0.38616071406249997 0.133928571875 0.35044642812500004 0.125
2 0.45758928593750003 0 0.428571428125 0.0334821421875 0.43303571406249997 0.118303571875 0.49553571406249997 0.162946428125 0.5625 0.0959821421875 0.5625 0.0424107140625 0.5379464281249999 0 0.45758928593750003 0
2 0.6026785718750001 0.0647321421875 0.6428571421875 0.087053571875 0.6785714281249999 0.055803571875 0.6897321421875 0 0.5982142859375 0.006696428124999999 0.6026785718750001 0.0647321421875
2 0.0022321421875000002 0 0 0.100446428125 0.024553571875 0.125 0.0491071421875 0.12276785781249999 0.0892857140625 0.0915178578125 0.0892857140625 0.024553571875 0.069196428125 0 0.0022321421875000002 0
2 0.7566964281249999 0.43303571406249997 0.7232142859375 0.46651785781250005 0.71875 0.5245535718750001 0.7433035718750001 0.5758928578125 0.7857142859375 0.5825892859375 0.8303571421875 0.5290178578125 0.8348214281249999 0.47991071406249997 0.8236607140625001 0.45535714218749995 0.7566964281249999 0.43303571406249997
2 0.7633928578125 0.39508928593750003 0.7745535718750001 0.43303571406249997 0.8169642859374999 0.444196428125 0.8526785718750001 0.39955357187499996 0.8370535718750001 0.3258928578125 0.796875 0.34375 0.7633928578125 0.39508928593750003
2 0.9129464281249999 0.375 0.8794642859374999 0.412946428125 0.8794642859374999 0.453125 0.9129464281249999 0.5044642859375 0.9419642859374999 0.5022321421875 0.96875 0.47098214218749995 0.96875 0.412946428125 0.9441964281249999 0.37946428593750003 0.9129464281249999 0.375
2 0.9308035718750001 0.5803571421875 0.90625 0.6049107140625 0.9017857140625001 0.6540178578125 0.9263392859374999 0.6875 0.9464285718750001 0.6852678578125 0.9732142859374999 0.6584821421875 0.9776785718750001 0.6183035718750001 0.9486607140625001 0.5803571421875 0.9308035718750001 0.5803571421875
2 0.8080357140625001 0.7075892859375 0.7991071421875 0.7388392859375 0.8080357140625001 0.7879464281249999 0.8392857140625001 0.8013392859374999 0.8861607140625001 0.7767857140625 0.8973214281249999 0.7477678578125 0.859375 0.6741071421875 0.8080357140625001 0.7075892859375
2 0.9040178578125 0.7767857140625 0.8415178578125 0.8169642859374999 0.8214285718750001 0.8549107140625001 0.8303571421875 0.9263392859374999 0.8660714281249999 0.9620535718750001 0.8727678578125 0.9241071421875 0.9776785718750001 0.9174107140625001 0.9598214281249999 0.8147321421875 0.9040178578125 0.7767857140625
2 0.5982142859375 0.9754464281249999 0.6138392859375 1 0.6830357140625 0.9977678578125 0.6875 0.9575892859374999 0.6629464281249999 0.9241071421875 0.6026785718750001 0.9352678578125 0.5982142859375 0.9754464281249999
2 0.78515625 0.1390625 0.16875 0.2609375
2 0.66796875 0.76015625 0.14609375 0.19296875
2 0.41796875 0.95625 0.1328125 0.0875