2 0.94453125 0.21640625 0.1109375 0.1484375
2 0.9078125 0.38828125 0.14375 0.1875
2 0.834375 0.584375 0.0953125 0.128125
2 0.8890625 0.72421875 0.10625 0.1328125
2 0.81796875 0.784375 0.090625 0.1203125
2 0.84140625 0.92890625 0.1046875 0.1421875
2 0.9484375 0.50078125 0.103125 0.1546875
2 0.97109375 0.30703125 0.0578125 0.1421875
2 0.621875 0.103125 0.128125 0.1640625
2 0.48671875 0.34375 0.140625 0.1671875
2 0.45703125 0.22421875 0.1375 0.146875
2 0.43671875 0.075 0.1125 0.1265625
2 0.525 0.103125 0.1046875 0.121875
2 0.55703125 0.69921875 0.1359375 0.1875
2 0.5328125 0.928125 0.125 0.14375
2 0.35078125 0.45390625 0.10625 0.1296875
2 0.31328125 0.05078125 0.0859375 0.0984375
2 0.225 0.08671875 0.125 0.1359375
2 0.23671875 0.84296875 0.140625 0.178125
2 0.35078125 0.9015625 0.140625 0.121875
2 0.259375 0.9453125 0.1015625 0.084375
2 0.34375 0.96640625 0.109375 0.0546875
2 0.0890625 0.02890625 0.11875 0.0578125
2 0.03515625 0.7 0.0703125 0.134375
2 0.82734375 0.04140625 0.096875 0.0453125
2 0.07578125 0.20859375 0.128125 0.2296875