2 0.13411429218749998 0.2219903625 0.1012889140625 0.18728499999999998 0.0682235140625 0.193004753125 0.0457843390625 0.2357630890625 0.050450787500000004 0.2801613890625 0.096595653125 0.313466815625 0.138780740625 0.2663886609375 0.13411429218749998 0.2219903625
2 0.1741525546875 0.453448175 0.20395144062499998 0.4166496125 0.20443149218749998 0.33579938593750003 0.17511265625 0.29174771875 0.136674134375 0.2890544546875 0.091569165625 0.32970618906250004 0.090155825 0.40167675625 0.12438113437500001 0.44970160937500003 0.1741525546875 0.453448175
2 0.2519897 0.29713424375 0.278282046875 0.2696819890625 0.2841352171875 0.19724477499999998 0.2508431953125 0.1580995828125 0.1906721703125 0.1621793734375 0.1677663515625 0.2004978828125 0.173832734375 0.258215671875 0.2066581109375 0.292921034375 0.2519897 0.29713424375
2 0.2508431953125 0.1580995828125 0.26872252812499997 0.13602044687499998 0.2666293296875 0.0733961828125 0.24852337812499997 0.050610375 0.2056450265625 0.0483837578125 0.1897522859375 0.06800965625 0.1913788421875 0.12619408906250001 0.2099514375 0.153419728125 0.2508431953125 0.1580995828125
2 0.31417412968749997 0.12002109999999999 0.34841284687499996 0.08275589375 0.3512261234375 0.024104815625 0.265936065625 0.0240914078125 0.278308859375 0.099101871875 0.31417412968749997 0.12002109999999999
2 0.3636123234375 0.0138252203125 0.3591590859375 0.0995819234375 0.41815679687499996 0.1270475859375 0.45146222500000005 0.0809027203125 0.446795775 0.0365044203125 0.42331670312499997 0.0053056 0.3636123234375 0.0138252203125
2 0.5783373046875 0.13490075625 0.5396721656250001 0.0873425484375 0.515019778125 0.08768918125 0.4874341015625 0.1668994484375 0.51628629375 0.20651128437500002 0.5527382234375 0.2116577859375 0.57903056875 0.18420552968749998 0.5783373046875 0.13490075625
2 0.3422928390625 0.3661983359375 0.3345864953125 0.335586171875 0.30164110625 0.3210933671875 0.26494914999999997 0.35637198125 0.2740554296875 0.400303634375 0.30501422499999997 0.41724967656249995 0.3362130484375 0.39377060468749997 0.3422928390625 0.3661983359375
2 0.8510335093749999 0.12419473437499999 0.8226479624999999 0.08902272812499999 0.7846760859375 0.0907692953125 0.756397146875 0.1206747890625 0.7629301749999999 0.18283240781250001 0.8179546999999999 0.21520454375 0.8517267734375 0.173499509375 0.8510335093749999 0.12419473437499999
2 0.9040660109375 0 0.8991783734375 0.0697568671875 0.9567761499999999 0.08390304062500001 0.9494970046875 0 0.9040660109375 0
2 0.8703925703125 0.3510927046875 0.8415403781249999 0.3114808671875 0.7991286718749999 0.313694078125 0.7820626171875 0.3648654328125 0.8112614406249999 0.42912965625000005 0.8363804734375 0.4332228546875 0.8631394640625001 0.4102104265625 0.8703925703125 0.3510927046875
2 0.8005152000000001 0.4123036265625 0.7506371749999999 0.343479559375 0.7175717749999999 0.3491993125 0.6738667390625 0.40317053437499994 0.6764265828125 0.47023462812499994 0.7496770734375 0.5051800156249999 0.8016751093750001 0.46604823125 0.8005152000000001 0.4123036265625
2 0.75078125 0.58515625 0.1515625 0.1734375
2 0.6171875 0.9640625 0.103125 0.0625
2 0.7015625 0.96796875 0.0828125 0.034375