2 0.4523506140625 0.40901974062499996 0.435007440625 0.3718271828125 0.3983932375 0.368002290625 0.356620053125 0.397930634375 0.3440194765625 0.44560312812499997 0.3600285609375 0.479934721875 0.3964499796875 0.4908156359375 0.43822316250000004 0.4608872921875 0.4523506140625 0.40901974062499996
2 0.334472653125 0.4848855125 0.307212490625 0.448834259375 0.25896163906249997 0.45740175 0.24141027187500003 0.47951833749999995 0.2478725328125 0.5531323125000001 0.2701819046875 0.5636276578125 0.3333159421875 0.527221646875 0.334472653125 0.4848855125
2 0.370670471875 0.60732869375 0.3552397421875 0.5518290343750001 0.31595736093750004 0.5422822109375 0.2669353671875 0.5790737921875 0.251281040625 0.6351364 0.27148518125 0.6709948671875 0.306379721875 0.6860708375 0.359596771875 0.6508061328125 0.370670471875 0.60732869375
2 0.5744236328125 0.3346808453125 0.532295690625 0.27421498906249997 0.47679603125 0.2896457171875 0.45541977187500005 0.34837650625 0.4737114671875 0.40254207343750004 0.5311081640624999 0.42105736718750003 0.5690718640625 0.37549010312500003 0.5744236328125 0.3346808453125
2 0.750538965625 0.6600752328125 0.719099153125 0.5702439828125 0.6912606343750001 0.555360796875 0.6369022796875 0.5807085140625 0.612857840625 0.6337173703125 0.618564365625 0.6833023109374999 0.6444904375 0.7164926 0.6893019671875 0.7304272640625 0.72077259375 0.7157522703125 0.750538965625 0.6600752328125
2 0.8495622828125 0.49895883906250005 0.812192346875 0.4711049125 0.7551658109375 0.49073069843750006 0.7227312593749999 0.5406858031249999 0.7547340234375 0.661602109375 0.822626065625 0.6578080296875 0.867275621875 0.5742924734375 0.8495622828125 0.49895883906250005
2 0.8277696406249999 0.676307915625 0.77704339375 0.672097453125 0.7467140718749999 0.696689434375 0.739449859375 0.75580579375 0.7600395703125 0.7775522171875 0.7838758171875 0.7838525062499999 0.8271758765625 0.74972910625 0.8277696406249999 0.676307915625
2 0.9059488359375001 0.709513609375 0.846624284375 0.7615585390625 0.8397456390625001 0.8065628546875001 0.8694811984375 0.8553920625 0.90190034375 0.857690078125 0.9494262750000001 0.720587309375 0.9059488359375001 0.709513609375
2 0.8545672 0.9877368265625 0.891212215625 0.8870554734375 0.8296358671874999 0.8147601828125 0.799692115625 0.8252401203125 0.7817551796875 0.8614687515625 0.7679978921874999 0.9514773812499999 0.7965921453125 0.9903896 0.8545672 0.9877368265625
2 1 0.22683994375 0.9692061265625 0.255082621875 0.9554642453125 0.2928381296875 0.98176048125 0.36416949375 1 0.3627519625 1 0.22683994375
2 0.9527960640625001 0.287116196875 0.939647946875 0.25145051406249996 0.9129507328124999 0.24648431718750002 0.8810945359375 0.27527135468749997 0.8906105468750001 0.34049521718750003 0.9186418515625 0.34832238125 0.941722365625 0.330593634375 0.9527960640625001 0.287116196875
2 0.8407016625000001 0.1513012984375 0.81230019375 0.10533305625 0.77129815 0.10703731093749999 0.7464979765625 0.13601713437500002 0.72817546875 0.18635781093749998 0.7506622187499999 0.2420502546875 0.8017740359375001 0.2321486734375 0.8338230171875001 0.1963056125 0.8407016625000001 0.1513012984375
2 0.22665824375 0.7093133234375 0.184129325 0.715212634375 0.1692461390625 0.7430511531249999 0.18676669375 0.825440809375 0.239019815625 0.8254562171875 0.26611800625000004 0.764057246875 0.22665824375 0.7093133234375
2 0.92109375 0.5625 0.1578125 0.25
2 0.1796875 0.09921875 0.175 0.1984375
2 0.11953125 0.79375 0.2203125 0.2140625