0 0.56640625 0.86640625 0.1015625 0.1265625
0 0.45703125 0.8578125 0.071875 0.096875
0 0.75703125 0.5640625 0.0984375 0.11875
0 0.6515625 0.5734375 0.103125 0.1328125
0 0.64296875 0.47265625 0.0734375 0.078125
0 0.97265625 0.45625 0.0546875 0.06875
0 0.76796875 0.23984375 0.071875 0.08125
0 0.7546875 0.07265625 0.0625 0.075
0 0.565625 0.03046875 0.0734375 0.0609375
0 0.45859375 0.13671875 0.09375 0.125
0 0.49140625 0.24765625 0.1359375 0.1828125
0 0.45 0.31953125 0.0765625 0.0875
0 0.3359375 0.4015625 0.134375 0.153125
0 0.57421875 0.209375 0.1125 0.1609375
0 0.8859375 0.971875 0.06875 0.05625