0 0.78828125 0.95546875 0.10234375 0.0890625
0 0.709375 0.9515625 0.0625 0.065625
0 0.81171875 0.7640625 0.071875 0.07578125
0 0.5890625 0.80546875 0.07265625 0.08046875
0 0.5375 0.97109375 0.1203125 0.0578125
0 0.08125 0.95390625 0.071875 0.0921875
0 0.13828125 0.6328125 0.06640625 0.08125
0 0.04296875 0.50625 0.0734375 0.08359375
0 0.715625 0.6171875 0.06953125 0.08046875
0 0.74921875 0.50390625 0.11953125 0.1109375
0 0.39296875 0.37890625 0.12421875 0.16328125
0 0.19609375 0.15703125 0.07265625 0.08515625
0 0.3265625 0.04375 0.11015625 0.0875
0 0.41015625 0.05703125 0.08046875 0.1