0 0.3421875 0.37265625 0.128125 0.125
0 0.18359375 0.2640625 0.09375 0.1046875
0 0.42734375 0.17265625 0.075 0.084375
0 0.55 0.22265625 0.0875 0.0890625
0 0.6046875 0.20078125 0.0765625 0.1
0 0.5078125 0.03046875 0.0875 0.0609375
0 0.97109375 0.25390625 0.0578125 0.0984375
0 0.9546875 0.61953125 0.0796875 0.1265625
0 0.4625 0.67578125 0.0859375 0.0921875
0 0.35703125 0.7765625 0.0765625 0.084375
0 0.6203125 0.84296875 0.075 0.090625
0 0.7015625 0.9640625 0.0875 0.071875
0 0.1859375 0.76484375 0.1109375 0.1203125
0 0.26796875 0.5546875 0.165625 0.1828125