2 1 0.673600834375 0.9779819296875001 0.653853015625 0.9564210859375001 0.6596302265625 0.928433465625 0.701792753125 0.946920540625 0.770787453125 0.9749911171875001 0.79792923125 1 0.7896261390625 1 0.673600834375
2 0.8249414140625 0.7295233640625 0.7968708375 0.7023815875 0.7514382640624999 0.705311671875 0.7260711296875 0.7745026515625 0.731002496875 0.8101554453125 0.7711637390625 0.8479228437499999 0.833422065625 0.847416965625 0.8480502578125 0.8157667421875001 0.8249414140625 0.7295233640625
2 0.7187459203125 0.66092121875 0.6852077328124999 0.6306227140625 0.640084759375 0.6519569171875 0.6308108578125 0.712213959375 0.65445594375 0.7659612703125 0.6845278046875001 0.78332326875 0.7076670125 0.77481225 0.7357679515625 0.707199634375 0.7187459203125 0.66092121875
2 0.7566488687499999 0.8541229749999999 0.7090187328125 0.8229786296875 0.6733659390625 0.827909996875 0.65916066875 0.852514246875 0.6764923015625001 0.91719678125 0.6990952671875 0.94118183125 0.741794034375 0.9366733843749999 0.768203290625 0.8972446640625 0.7566488687499999 0.8541229749999999
2 0.64552200625 0.7498680375 0.6221865203125 0.71452484375 0.5662416453125 0.7040955 0.5414107546875 0.7407904140625 0.553274775 0.8023162203125 0.5957468984375 0.84870795625 0.6275104453125 0.83788605625 0.65507514375 0.80276950625 0.64552200625 0.7498680375
2 0.49467905312499993 0.8596128140625 0.528217240625 0.88991131875 0.5568240578125 0.8845570281249999 0.5702968078125 0.8485946359375 0.553274775 0.8023162203125 0.5027975125 0.795043603125 0.49467905312499993 0.8596128140625
2 0.4004609015625 0.827086384375 0.3800555 0.8371757640625 0.36415854375 0.8899639125000001 0.37686840781250003 0.93739776875 0.42376602343750003 0.957183971875 0.44670895312500003 0.9048187437499999 0.43515453125 0.86169705625 0.4004609015625 0.827086384375
2 0.31791049375 0.8122315499999999 0.290036196875 0.8289439828124999 0.2772959671875 0.87626451875 0.2986301703125 0.9213874921875 0.3377492890625 0.92939263125 0.3606922171875 0.8770274046875001 0.35029323749999997 0.8382178843749999 0.31791049375 0.8122315499999999
2 0.296719621875 1 0.297248084375 0.9679755078125 0.2716017140625 0.924007975 0.2493083484375 0.9184270437500001 0.2214340515625 0.9351394765625001 0.21069510781249998 0.9726802328125 0.2223649453125 1 0.296719621875 1
2 0.086125859375 0.8096332937499999 0.0719205890625 0.8342375437499999 0.08925222187500001 0.898920078125 0.1236362515625 0.91512663125 0.146775459375 0.906615615625 0.16255909375 0.8792775609374999 0.1530059546875 0.8263760906250001 0.12062321093749999 0.8003897562500001 0.086125859375 0.8096332937499999
2 0 0.5658262484375001 0.0083712703125 0.59706825625 0.021307778125 0.5936019296875 0.055185928125000006 0.5475501578124999 0.040474779687500004 0.5098960796875 0.009247478125 0.48822191249999997 0 0.49313777031250006 0 0.5658262484375001
2 0.056280642187499993 0.7413711140625 0.06899050625 0.7888049703125 0.1155785203125 0.79018705625 0.1313621546875 0.762849 0.12527534375 0.7228840390625 0.08426826093749999 0.6992085875 0.056280642187499993 0.7413711140625
2 0.27327930624999996 0.2834435078125 0.253916025 0.323295146875 0.264624603125 0.380508784375 0.294696465625 0.3978707828125 0.33077217812500004 0.3858934390625 0.33931355937499996 0.314278253125 0.3100875421875 0.28282430625 0.27327930624999996 0.2834435078125
2 0.482264696875 0.21820250312499997 0.433675396875 0.22660019843749998 0.4217810109375 0.25982878593750003 0.44111392812499994 0.3147315390625 0.50094805 0.331051415625 0.52219929375 0.3068700859375 0.5181137671875 0.25712534531250003 0.482264696875 0.21820250312499997
2 0.5113247999999999 0.1110478453125 0.48556510937499997 0.09253040625 0.4542244859375 0.09630633281249999 0.43255031875 0.1275336359375 0.439792571875 0.171810765625 0.47764292812500003 0.2009538265625 0.5148740843749999 0.1932886546875 0.5263455484375 0.1671060421875 0.5113247999999999 0.1110478453125
2 0.5611828640625001 0.0815122265625 0.5395086984375 0.1127395296875 0.5559944890625 0.1915140125 0.5774420124999999 0.21118689218750003 0.60920555625 0.2003649921875 0.6260616765625 0.1080348046875 0.5925234875000001 0.07773630000000001 0.5611828640625001 0.0815122265625
2 0.640463225 0.1272847640625 0.62329750625 0.201210834375 0.6486342765625001 0.2267742484375 0.722786990625 0.1930397828125 0.7155447359375 0.148762653125 0.6863187187500001 0.11730870625 0.640463225 0.1272847640625
2 0.9282453234375 0.30437105937500003 0.951188253125 0.2520058328125 0.933856621875 0.18732330156250002 0.894850821875 0.1538680703125 0.8635101984375 0.157643996875 0.836368421875 0.185714571875 0.8352959375 0.2507067046875 0.8652544765625001 0.29351879531249997 0.9282453234375 0.30437105937500003
2 0.7406548640625 0.22522625000000002 0.711738446875 0.2121764203125 0.6513680828124999 0.22835261093749998 0.6383182546875 0.2572690296875 0.6541848453125 0.29923527656250004 0.6928810421875 0.3142863890625 0.73442436875 0.30546577343750003 0.7545201703125 0.276972275 0.7406548640625 0.22522625000000002
2 0.572893134375 0 0.58254743125 0.03188080625 0.6369139406250001 0.04504395625 0.6559180812500001 0 0.572893134375 0
2 0.0348190265625 0.109317659375 0.076135709375 0.151397228125 0.104742528125 0.14604293906250002 0.1140164296875 0.0857858953125 0.0348190265625 0.109317659375
2 0.4415068015625 0 0.3511857171875 0.0222365765625 0.3747174828125 0.10143397968750001 0.41025695312500005 0.12195270312499999 0.4333961609375 0.11344168750000001 0.474433609375 0.04236274375 0.4588518296875 0 0.4415068015625 0
2 0.3390646890625 0.1063653484375 0.36231721875 0.0724042390625 0.3496073546875 0.02497038125 0.269254509375 0.044189978125 0.2924766734375 0.10498326250000001 0.3390646890625 0.1063653484375
2 0.95078125 0.3734375 0.0984375 0.1625
2 0.74765625 0.36015625 0.20625 0.196875