2 0.26701124374999996 0.68683491875 0.237782346875 0.6573458828125001 0.1855483265625 0.6874922609375 0.1822756 0.7366931812499999 0.208252284375 0.77244701875 0.2365636984375 0.7791910750000001 0.2602466765625 0.7580824546875 0.26701124374999996 0.68683491875
2 0.24618327812500002 0.5614978859375 0.20813573437500002 0.5306121140625 0.1575175640625 0.5790941515625 0.159352528125 0.62458411875 0.18161825781250002 0.6552302640625001 0.20552035000000002 0.6612759500000001 0.24893572343749998 0.629732834375 0.24618327812500002 0.5614978859375
2 0.3180676421875 0.6926614921875001 0.29602102656249996 0.6891696515625 0.27163968125000004 0.71468759375 0.274392128125 0.7829225421875 0.29829421875 0.788968228125 0.3321925796875 0.7604376984375001 0.3180676421875 0.6926614921875001
2 0.148438778125 0.6364153499999999 0.12872689531249998 0.6039137265625001 0.093212684375 0.6141085953125 0.06998844843749999 0.6465897078125 0.06440150312500001 0.681864290625 0.08596886249999999 0.7169197609375 0.1200863375 0.7155435359375 0.1451660515625 0.6856162718750001 0.148438778125 0.6364153499999999
2 0.1561618546875 0.5020405578125 0.119511046875 0.4623361375 0.060772599999999996 0.5050121187500001 0.06562015 0.560019096875 0.0878858796875 0.5906652453125 0.1264126765625 0.5899873890625 0.15219075937499998 0.5556508015625 0.1561618546875 0.5020405578125
2 0 0.561569421875 0.026634612499999998 0.5493244625 0.0512555859375 0.5080247046874999 0.05382994375 0.46323310624999997 0.0259977828125 0.4249254234375 0.0058066453125 0.42398742812499995 0 0.4606491453125 0 0.561569421875
2 0.34144945312499997 0.816143046875 0.3247501578125 0.7931584375 0.2725161375 0.8233048171874999 0.2625198703125 0.8578810328124999 0.28107464375 0.8834194875 0.31379537968750004 0.8908619109375 0.33817672656250003 0.8653439671875001 0.34144945312499997 0.816143046875
2 0.4468349765625 0.7785952703125 0.4169077109375 0.7535155578125 0.364673690625 0.7836619359375 0.3497888453125 0.8491034125000001 0.362537559375 0.8827621453125 0.40547368125 0.8827826578125 0.44657483593749997 0.8373132062499999 0.4468349765625 0.7785952703125
2 0.600202771875 0.8661654125 0.5804908875 0.833663790625 0.5319883359375 0.8259817406250001 0.49669323906249996 0.863330915625 0.4897095578125 0.9074241453124999 0.5180004593749999 0.9571043187500001 0.565345903125 0.9578232 0.594834940625 0.9285943031249999 0.600202771875 0.8661654125
2 0.66036094375 1 0.6911416781249999 0.948367725 0.6944144046875 0.8991668046875001 0.6770167390624999 0.88059151875 0.646151478125 0.875702940625 0.6085421640625001 0.899125778125 0.5922605828124999 0.9733859015625 0.6074162624999999 1 0.66036094375 1
2 0.716714875 1 0.711551928125 0.9764600265625001 0.67533935 0.9910642187500001 0.67492423125 1 0.716714875 1
2 0.7009598578125 0.8007649640625001 0.6722102140625 0.739712296875 0.627418615625 0.7371379390625 0.5921235203124999 0.7744871140625 0.588152425 0.8280973578124999 0.6134307406249999 0.8682605171875 0.65566849375 0.8726903546875 0.688170115625 0.8529784703125 0.7009598578125 0.8007649640625001
2 0.529119340625 0.515911884375 0.5049981328125 0.4827118921875 0.4785421953125 0.478521684375 0.449751528125 0.5033412578124999 0.4413711109375 0.5562531328125 0.459227515625 0.5862009125000001 0.491948253125 0.593643334375 0.5258466140625 0.5651128062499999 0.529119340625 0.515911884375
2 0.5332480109375 0.6182643062500001 0.5067920734375 0.6140740984375 0.47219534375 0.6470139515625 0.46521166249999996 0.6911071796875 0.48677902343749996 0.7261626484375 0.5304135109375 0.7217738390624999 0.551083903125 0.6911482062500001 0.5332480109375 0.6182643062500001
2 0.3439277765625 0.486580421875 0.3242158921875 0.4540787984375 0.2926522640625 0.45359954374999994 0.25665879999999996 0.4953580421875 0.2584937640625 0.5408480078125 0.2858671828125 0.5677831984374999 0.31116601250000003 0.565010240625 0.33624572656249996 0.535082975 0.3439277765625 0.486580421875
2 0.4558587515625 0.3506308046875 0.42060468125000006 0.3021077390625 0.3544443234375 0.33456833750000003 0.3356294109375 0.3677478171875 0.339080225 0.4315734421875 0.37156133593749996 0.454797678125 0.410088134375 0.454119825 0.4525860265625 0.39983172499999997 0.4558587515625 0.3506308046875
2 0.5809766703125 0.30264853281250004 0.5575538328125 0.2650392171875 0.5259902046875 0.2645599640625 0.46956597499999997 0.32116228125 0.49460466406250003 0.37710725625 0.5178083874999999 0.3875622640625 0.5475165390625001 0.3854876734375 0.5770055765625 0.356258775 0.5809766703125 0.30264853281250004
2 0.924643721875 0.4158391828125 0.8910055015625 0.385651778125 0.8401682171875 0.40697951093749996 0.8271593625 0.4320387125 0.8245850046875001 0.47683030937500004 0.853574275 0.5221011625 0.88258405625 0.5244358921875001 0.9178791546875 0.48708671875 0.924643721875 0.4158391828125
2 0.8702735718750001 0.5450857703125 0.8561076062499999 0.563181803125 0.8535332468749999 0.6079734015625 0.87789408125 0.6253915796875 0.9180572421875001 0.6001132640625 0.906944890625 0.5418540703125 0.8702735718750001 0.5450857703125
2 0.9305458156249999 0.6924899328125 0.9316824125000001 0.7423892203125 0.9539481421874999 0.7730353671875 0.9788292546875 0.673017675 0.9607332218750001 0.6588517109375001 0.9305458156249999 0.6924899328125
2 0.3082084359375 0.92613649375 0.263396325 0.9664982562500001 0.3604014296875 0.9818623546874999 0.3495081921875 0.9507574671875 0.3082084359375 0.92613649375
2 0.9014744953125 0.8189635609374999 0.9051444234374999 0.9099434937499999 0.94041900625 0.9155304390625 0.9602129421875001 0.77628758125 0.9014744953125 0.8189635609374999
2 1 0.13557141875 0.9605206359375 0.1322457765625 0.95052436875 0.1668219921875 0.982526225 0.221609859375 1 0.2183227375 1 0.13557141875
2 0.49901357031250004 0 0.5075379953125 0.0243409078125 0.5270307640625 0.029688225000000002 0.5514121109375 0.0041702812499999995 0.530524075 0 0.49901357031250004 0
2 0.65 0.590625 0.171875 0.21875