0 0.69921875 0.91171875 0.14140625 0.17578125
0 0.9640625 0.77265625 0.071875 0.1046875
0 0.47734375 0.83125 0.09140625 0.1140625
0 0.37890625 0.8140625 0.0515625 0.06484375
0 0.3046875 0.80703125 0.0859375 0.11796875
0 0.29765625 0.56796875 0.09296875 0.128125
0 0.6515625 0.434375 0.06015625 0.07421875
0 0.6765625 0.33203125 0.0984375 0.11875
0 0.55 0.225 0.06484375 0.06171875
0 0.86171875 0.228125 0.053125 0.05859375
0 0.22109375 0.41875 0.05234375 0.0671875
0 0.17890625 0.353125 0.071875 0.09375
0 0.1578125 0.2046875 0.04765625 0.0703125
0 0.0140625 0.34453125 0.02734375 0.0734375
0 0.09296875 0.084375 0.109375 0.1328125