3 0.096875 0.28203125 0.1125 0.14921875
3 0.13828125 0.6703125 0.06875 0.1265625
3 0.328125 0.57890625 0.09921875 0.1375
3 0.18125 0.95078125 0.09375 0.0984375
3 0.47890625 0.653125 0.0953125 0.1484375
3 0.5484375 0.5796875 0.10390625 0.1375
3 0.75234375 0.59453125 0.1140625 0.1390625
3 0.6734375 0.19296875 0.096875 0.128125
3 0.828125 0.225 0.0703125 0.0984375
3 0.971875 0.065625 0.05625 0.13046875
3 0.728125 0.80390625 0.10546875 0.184375
3 0.8515625 0.8953125 0.0953125 0.11796875
3 0.9828125 0.91953125 0.034375 0.1171875
3 0.975 0.478125 0.04921875 0.1375