2 0.6073276015625 0.32490766875 0.576533003125 0.36302904375 0.5899636593750001 0.4104743671875 0.6306325921875 0.46659148593750005 0.6838455437500001 0.45572874375000005 0.689990134375 0.37207780156250003 0.6614882546875 0.3351996765625 0.6073276015625 0.32490766875
2 0.788630878125 0.492015778125 0.7469735359375 0.47692420156250004 0.7001600140625001 0.504458025 0.6982035468750001 0.5554189625 0.7350409640625 0.5890973749999999 0.7782981640625 0.6083567234375 0.7962532 0.59907348125 0.8151966453125 0.548764696875 0.788630878125 0.492015778125
2 0.538493046875 0.20787386093750002 0.5124980171875 0.2584985453125 0.5259286734375 0.30594386875 0.562450190625 0.3325706984375 0.5945083921875 0.3226556578125 0.618251409375 0.28485018281249996 0.603220896875 0.2332370890625 0.538493046875 0.20787386093750002
2 0.5396141671875 0.4537112125 0.5565807921875 0.4854535140625 0.6004901484375 0.48772588125 0.6053304265625 0.4380488984375 0.5857958890625 0.412074225 0.5505379734375 0.4136537265625 0.5396141671875 0.4537112125
2 0.48938680156250003 0.310407184375 0.457033053125 0.2821804984375 0.4163234125 0.28824367031250003 0.4021998921875 0.3199656171875 0.41883026250000005 0.37574648125 0.4569516359375 0.4065410796875 0.48324221093749997 0.3940581265625 0.5044173140625 0.3620202796875 0.48938680156250003 0.310407184375
2 0.32275742812499997 0.250040878125 0.3650465734375 0.27923562031250004 0.3871693796875 0.2683525234375 0.38497842968749996 0.1879012953125 0.33275388906250003 0.157738496875 0.307726915625 0.198427784375 0.32275742812499997 0.250040878125
2 0.34280164062499996 0.47665959375 0.3629679796875 0.516737434375 0.41007705000000005 0.5273453406249999 0.42742063906250005 0.47286878750000005 0.38706760625 0.423803253125 0.3553253046875 0.4407698765625 0.34280164062499996 0.47665959375
2 0.19770398281249998 0.3291267328125 0.18038074843750002 0.3525131390625 0.188675578125 0.4114937171875 0.230964721875 0.440688459375 0.26719069375000004 0.429173559375 0.2681994578125 0.35705787187500004 0.23424585312500001 0.324663415625 0.19770398281249998 0.3291267328125
2 0 0.477505115625 0.0161971609375 0.47292008125 0.03257269375 0.4283789234375 0.02074189375 0.38510136875 0 0.3699790265625 0 0.477505115625
2 0.0176952453125 0.6325385796874999 0.064406996875 0.7604554859375 0.0852458453125 0.7524562015625 0.099053465625 0.713682671875 0.0888225234375 0.6745728859375 0.056152875000000005 0.639294615625 0.0176952453125 0.6325385796874999
2 0.389688353125 1 0.3979205796875 0.9815101171875 0.3835218671875 0.944000190625 0.355967690625 0.9282768125 0.3251934453125 0.935308040625 0.30850201093749996 0.972797615625 0.318944028125 1 0.389688353125 1
2 0.399071825 0.691763409375 0.38974787499999997 0.735988665625 0.4099142140625 0.7760665062500001 0.43746839218750005 0.791789884375 0.46535882187500005 0.7834746984375001 0.46956730156250004 0.71969455 0.42567830000000006 0.6863320374999999 0.399071825 0.691763409375
2 0.75573733125 0.7987291109375 0.7384140984374999 0.8221155171874999 0.747676984375 0.8711607000000001 0.7883662703125001 0.8961876734375 0.8021535359374999 0.8885042875 0.8175610140625 0.853898528125 0.804762159375 0.8205563687499999 0.75573733125 0.7987291109375
2 0.7369363671875 0.6314068749999999 0.6946472234375001 0.6022121312500001 0.6696406046875001 0.6118112734375 0.658084996875 0.63776559375 0.671515653125 0.6852109171875 0.7022695437500001 0.7092698328125 0.7368956578125 0.693587165625 0.749735221875 0.6647490328125001 0.7369363671875 0.6314068749999999
2 0.872200403125 0.6225209515625 0.8427304687499999 0.595578221875 0.8174079484375 0.598125778125 0.7949488890625 0.6330474390624999 0.8093476015625001 0.6705573671875 0.8458691187499999 0.6971841984375 0.8638241546875 0.6879009578125 0.8808314875000001 0.657462965625 0.872200403125 0.6225209515625
2 0.8434233328125 0.51641095 0.8251320421875 0.549732753125 0.8411306109375 0.5914104515624999 0.8818198984375 0.6164374234375 0.9138781 0.6065223828125 0.9286537765625 0.55781345625 0.91008729375 0.5219033843750001 0.8434233328125 0.51641095
2 1 0.6494822828125 0.9885413453125 0.632853665625 0.9609668140625001 0.648220434375 0.950043009375 0.6882779203125 0.9791766875000001 0.7392592140625001 1 0.7383263609374999 1 0.6494822828125
2 0.9025871000000001 0.2283048078125 0.91538595625 0.261646965625 0.951591571875 0.2812222125 0.9125428515625 0.1981827171875 0.9025871000000001 0.2283048078125