2 0.0718896140625 0.562670025 0.10733079062499999 0.513873303125 0.10546165 0.4782079625 0.083647575 0.445823096875 0.0449354 0.43220547343750004 0.010438275 0.456365453125 0.0047929359375 0.519247084375 0.031298821875 0.5558564734375 0.0718896140625 0.562670025
2 0.1821661109375 0.5770075343750001 0.1699787796875 0.5150604734375 0.142061559375 0.494171490625 0.116247125 0.51340601875 0.10075088125000001 0.5589222640625 0.11153635937499999 0.59412031875 0.1366403859375 0.603980703125 0.1821661109375 0.5770075343750001
2 0.0148395703125 0.710948290625 0.0164561125 0.8270942890624999 0.045784665625 0.8322628625 0.0685522671875 0.797541571875 0.0655149125 0.73958539375 0.034784503125 0.7076678140625 0.0148395703125 0.710948290625
2 0.18192854687499999 1 0.1926421171875 0.947502728125 0.153229015625 0.9205106000000001 0.1199095796875 0.9244920046875 0.10770329062499999 0.9474837703125001 0.1186230125 1 0.18192854687499999 1
2 0.2795733046875 0.431084653125 0.301639978125 0.382988859375 0.2894431671875 0.3635112125 0.2605819 0.367258971875 0.244618371875 0.40385888437500006 0.2795733046875 0.431084653125
2 0.33662334843749997 0.2828063890625 0.30306079218750004 0.3247990375 0.32697765 0.3973074109375 0.37531656406249997 0.3813628390625 0.3931587140625 0.3379588546875 0.38190595156249996 0.29384446406250003 0.33662334843749997 0.2828063890625
2 0.4168324515625 0.4484784734375 0.4098042140625 0.3996722734375 0.37343794531249996 0.3881669109375 0.3349499359375 0.42147686718750005 0.32766909843750003 0.45315132656249996 0.35886679374999997 0.493985240625 0.3985230171875 0.482966121875 0.4168324515625 0.4484784734375
2 0.3946079609375 0.15236079375 0.41784284843749997 0.1265558390625 0.41996459062499997 0.0817405203125 0.4028423265625 0.05358017968749999 0.37374741562499997 0.0528697734375 0.344409384375 0.0901706125 0.3465121671875 0.130294121875 0.36785895625 0.15376265 0.3946079609375 0.15236079375
2 0.27496679999999996 0.0446354078125 0.2496196515625 0.072786271875 0.2517224359375 0.112909778125 0.273069225 0.1363783078125 0.3350257640625 0.0817215625 0.3221280234375 0.0488694125 0.27496679999999996 0.0446354078125
2 0.4935102140625 0 0.4427416703125 0.0045498140625 0.469481196875 0.0456173734375 0.5020997046875 0.0282614671875 0.5027897625 0 0.4935102140625 0
2 0.524456121875 0 0.5140723515625 0.00081153125 0.5250914703125 0.0404677546875 0.5551209515625 0.05901083124999999 0.604637559375 0.0228876859375 0.6016654921875 0 0.524456121875 0
2 0.6745379484375 0.11980863593749999 0.7017637171875 0.0848537015625 0.699427290625 0.0402720265625 0.6684632390624999 0.0038962796874999995 0.6440601390625 0.0074103984375 0.6151893937499999 0.0536275734375 0.6168248921874999 0.0848347453125 0.638405321875 0.11276144218749999 0.6745379484375 0.11980863593749999
2 0.9009794015624999 0.0475907765625 0.8793894921875 0.062133493750000005 0.8770341078125 0.10249064375000001 0.8986145390625 0.130417340625 0.9253635453125 0.129015484375 0.942504765625 0.0722369984375 0.9009794015624999 0.0475907765625
2 0.7115293171875 0.48444380625 0.74673685 0.43118891562500006 0.7493258765624999 0.3952899328125 0.7139036562500001 0.359147828125 0.680584221875 0.3631292328125 0.647021665625 0.40512188125000004 0.6491244484375 0.44524539062499996 0.6709385234374999 0.4776302546875 0.7115293171875 0.48444380625
2 0.6465069875 0.6085526125 0.68640633125 0.5595222484375 0.6880607875 0.5057905953125 0.6758639765625001 0.48631294687500004 0.6284691109375 0.4776207765625 0.59843015 0.5015471125000001 0.5927848124999999 0.56442874375 0.619290696875 0.601038134375 0.6465069875 0.6085526125
2 0.8185158593749999 0.5213057953125 0.8110203374999999 0.463583259375 0.7659713765625 0.45700335000000003 0.7246606984375 0.5217541234375 0.7403716265625 0.5656348718750001 0.7610174875 0.5757288984375 0.79621554375 0.564943421875 0.8185158593749999 0.5213057953125
2 0.9243436671874999 0.493407534375 0.8980714265625 0.46125631250000004 0.8645183484375 0.460779546875 0.8391711984375 0.488930409375 0.8370494578125 0.533745728125 0.8811543687500001 0.5649623781249999 0.917296475 0.529540159375 0.9243436671874999 0.493407534375
2 1 0.6356667953125 0.9808600765625 0.633498825 0.9433066374999999 0.684641453125 0.9745043328125 0.72547536875 1 0.710218175 1 0.6356667953125
2 0.9965899625000001 0.5924407484375 0.9689158656249999 0.5335405203125 0.9264464515625 0.5335310421874999 0.8802103203125 0.589599121875 0.887004915625 0.6339471546875 0.9264180156249999 0.66093928125 0.970065121875 0.640770184375 0.9965899625000001 0.5924407484375
2 0.5824287078125 0.7080246765625 0.560614634375 0.6756398109374999 0.535977890625 0.6746957625000001 0.51438798125 0.6892384781249999 0.5080417140625 0.7387456078125 0.53431395625 0.7708968296875 0.5610629625 0.7694949734375001 0.5824287078125 0.7080246765625
2 0.5387626453125 0.8131326 0.51388278125 0.850199796875 0.5532958828125001 0.8771919234375 0.5669135062499999 0.83847975 0.5387626453125 0.8131326
2 0.48077803125 0.94357819375 0.525602828125 0.9032305234375 0.5098918984374999 0.8593497749999999 0.48244196562499997 0.8473771265625001 0.45310393437499996 0.884677965625 0.48077803125 0.94357819375
2 0.5551460671874999 0.9977960906250001 0.6041859109375001 0.9952260203125001 0.6119435109375 0.929998484375 0.5854376265625 0.89338909375 0.5654926953125 0.8966695703124999 0.5321637796875 0.9431203874999999 0.5337992796875 0.974327559375 0.5551460671874999 0.9977960906250001
2 1 0.8863604531249999 0.9737560125 0.9244479312499999 0.9831301531250001 0.9753663937500001 1 0.9735894953124999 1 0.8863604531249999
2 0.9867769703124999 0.40519771093749996 0.97198165625 0.464088459375 0.9980202546875001 0.49178151249999996 0.9867769703124999 0.40519771093749996
2 0.059864865625 1 0.059130732812499996 0.9589701749999999 0.0220635359375 0.934090309375 0.025517715625 1 0.059864865625 1