2 0.5848214281249999 0.578125 0.6183035718750001 0.6071428578125 0.6785714281249999 0.609375 0.6919642859375 0.5245535718750001 0.6361607140625 0.491071428125 0.6026785718750001 0.515625 0.5848214281249999 0.578125
2 0.5758928578125 0.6361607140625 0.5803571421875 0.6986607140625 0.6183035718750001 0.7276785718750001 0.65625 0.7254464281249999 0.6919642859375 0.6852678578125 0.6830357140625 0.6316964281249999 0.5959821421875 0.6116071421875 0.5758928578125 0.6361607140625
2 0.412946428125 0.6473214281249999 0.38392857187499996 0.6763392859375 0.3928571421875 0.7433035718750001 0.43303571406249997 0.7611607140625 0.47321428593750003 0.7254464281249999 0.46875 0.6763392859375 0.444196428125 0.6428571421875 0.412946428125 0.6473214281249999
2 0.47098214218749995 0.459821428125 0.446428571875 0.48883928593750003 0.4375 0.546875 0.46651785781250005 0.5848214281249999 0.49553571406249997 0.5825892859375 0.5223214281249999 0.5602678578125 0.5357142859375 0.5066964281249999 0.515625 0.46875 0.47098214218749995 0.459821428125
2 0.459821428125 0.36830357187499996 0.459821428125 0.43526785781250005 0.475446428125 0.45535714218749995 0.5133928578125 0.45758928593750003 0.5401785718750001 0.430803571875 0.5446428578125 0.3727678578125 0.5022321421875 0.3303571421875 0.459821428125 0.36830357187499996
2 0.390625 0.34821428593750003 0.36607142812500004 0.38616071406249997 0.37053571406249997 0.43973214218749995 0.41071428593750003 0.48883928593750003 0.459821428125 0.412946428125 0.45535714218749995 0.3772321421875 0.42633928593750003 0.34375 0.390625 0.34821428593750003
2 0.446428571875 0.2522321421875 0.44196428593750003 0.3102678578125 0.462053571875 0.3303571421875 0.48660714218749995 0.328125 0.5223214281249999 0.28794642812500004 0.5 0.234375 0.46651785781250005 0.2232142859375 0.446428571875 0.2522321421875
2 0.5870535718750001 0.2008928578125 0.5580357140625 0.26116071406249997 0.5714285718750001 0.328125 0.6205357140625 0.3415178578125 0.6696428578125 0.2834821421875 0.6651785718750001 0.2299107140625 0.640625 0.1875 0.5870535718750001 0.2008928578125
2 0.6004464281249999 0.35267857187499996 0.5580357140625 0.38169642812500004 0.5535714281249999 0.42633928593750003 0.5669642859375 0.46651785781250005 0.6071428578125 0.484375 0.6473214281249999 0.453125 0.6517857140625 0.39955357187499996 0.6272321421875 0.3616071421875 0.6004464281249999 0.35267857187499996
2 0.5625 0.8102678578125 0.5959821421875 0.8482142859374999 0.625 0.8504464281249999 0.6517857140625 0.7834821421875 0.5959821421875 0.71875 0.5625 0.7700892859375 0.5625 0.8102678578125
2 0.5334821421875 0.8125 0.5089285718750001 0.8415178578125 0.5089285718750001 0.8816964281249999 0.5290178578125 0.9107142859374999 0.5669642859375 0.9129464281249999 0.5892857140625 0.890625 0.5892857140625 0.8459821421875 0.5558035718750001 0.8125 0.5334821421875 0.8125
2 0.65625 0.7700892859375 0.6875 0.8459821421875 0.7276785718750001 0.8058035718750001 0.7276785718750001 0.7566964281249999 0.703125 0.7321428578125 0.65625 0.7700892859375
2 0.6941964281249999 0.8973214281249999 0.6607142859375 0.9174107140625001 0.65625 0.9620535718750001 0.6808035718750001 0.9955357140625001 0.7098214281249999 0.9933035718750001 0.7232142859375 0.984375 0.7232142859375 0.9308035718750001 0.71875 0.9040178578125 0.6941964281249999 0.8973214281249999
2 1 0.38616071406249997 0.9799107140625001 0.375 0.9419642859374999 0.42633928593750003 0.9464285718750001 0.48883928593750003 0.9776785718750001 0.5647321421875 1 0.5691964281249999 1 0.38616071406249997
2 0.2053571421875 0.5736607140625 0.2008928578125 0.6272321421875 0.2388392859375 0.6741071421875 0.25892857187499996 0.6763392859375 0.2946428578125 0.6361607140625 0.2946428578125 0.5959821421875 0.2477678578125 0.5446428578125 0.2053571421875 0.5736607140625
2 0.165178571875 0.6808035718750001 0.15625 0.7388392859375 0.17633928593749998 0.7678571421875 0.20982142812500001 0.765625 0.2366071421875 0.7388392859375 0.24107142812500001 0.703125 0.19866071406250002 0.65625 0.165178571875 0.6808035718750001
2 0.2075892859375 0.40178571406249997 0.16071428593749998 0.43526785781250005 0.15178571406250002 0.49776785781250005 0.180803571875 0.5446428578125 0.2142857140625 0.546875 0.25 0.5200892859375 0.25892857187499996 0.484375 0.24107142812500001 0.421875 0.2075892859375 0.40178571406249997
2 0.0736607140625 0.5044642859375 0.040178571875 0.5825892859375 0.055803571875 0.6205357140625 0.0982142859375 0.6272321421875 0.125 0.6004464281249999 0.12946428593749998 0.5424107140625 0.109375 0.5089285718750001 0.0736607140625 0.5044642859375
2 0 0.7700892859375 0.0446428578125 0.796875 0.069196428125 0.7901785718750001 0.09375 0.7522321421875 0.09375 0.6941964281249999 0.0647321421875 0.65625 0 0.6808035718750001 0 0.7700892859375
2 0.8839285718750001 0.8147321421875 0.9017857140625001 0.9084821421875 0.9464285718750001 0.9174107140625001 1 0.9084821421875 0.9888392859374999 0.7455357140625 0.9441964281249999 0.7544642859375 0.8839285718750001 0.8147321421875
2 0.9107142859374999 0.421875 0.8638392859374999 0.3571428578125 0.828125 0.3616071421875 0.7857142859375 0.42633928593750003 0.7901785718750001 0.493303571875 0.7589285718750001 0.5334821421875 0.7700892859375 0.5535714281249999 0.8035714281249999 0.5513392859375 0.8459821421875 0.53125 0.8727678578125 0.5401785718750001 0.9151785718750001 0.47991071406249997 0.9107142859374999 0.421875
2 0.7790178578125 0.0178571421875 0.7388392859375 0.040178571875 0.7075892859375 0.022321428125 0.6808035718750001 0.0446428578125 0.6428571421875 0.0424107140625 0.6607142859375 0.0959821421875 0.6897321421875 0.12053571406250001 0.7566964281249999 0.15178571406250002 0.7946428578125 0.149553571875 0.8348214281249999 0.118303571875 0.8303571421875 0.055803571875 0.8102678578125 0.03125 0.7790178578125 0.0178571421875
2 0.3258928578125 0.0647321421875 0.2790178578125 0.0357142859375 0.2366071421875 0.0513392859375 0.2142857140625 0.11383928593749999 0.2455357140625 0.2299107140625 0.27678571406249997 0.2522321421875 0.32142857187499996 0.2209821421875 0.32142857187499996 0.16741071406250002 0.34821428593750003 0.12276785781249999 0.3258928578125 0.0647321421875
2 0.446428571875 0.069196428125 0.5 0.0959821421875 0.53125 0.060267857812500006 0.5357142859375 0.0022321421875000002 0.44866071406249997 0 0.446428571875 0.069196428125