2 0.8995535718750001 0.78125 0.8526785718750001 0.8236607140625001 0.8526785718750001 0.8861607140625001 0.890625 0.9241071421875 0.9285714281249999 0.9308035718750001 0.9598214281249999 0.8950892859374999 0.9598214281249999 0.8236607140625001 0.9397321421875 0.7946428578125 0.8995535718750001 0.78125
2 0.7924107140625 0.6875 0.75 0.7254464281249999 0.7366071421875 0.7834821421875 0.765625 0.8348214281249999 0.8125 0.8415178578125 0.8392857140625001 0.8191964281249999 0.8571428578125 0.7433035718750001 0.8325892859374999 0.6919642859375 0.7924107140625 0.6875
2 0.703125 0.6205357140625 0.6785714281249999 0.6629464281249999 0.6919642859375 0.7209821421875 0.7321428578125 0.7388392859375 0.7767857140625 0.6852678578125 0.7767857140625 0.6540178578125 0.7433035718750001 0.6116071421875 0.703125 0.6205357140625
2 0.5691964281249999 0.7544642859375 0.5223214281249999 0.796875 0.5178571421875 0.8459821421875 0.5379464281249999 0.8794642859374999 0.5892857140625 0.8861607140625001 0.6160714281249999 0.859375 0.6205357140625 0.8013392859374999 0.5915178578125 0.7589285718750001 0.5691964281249999 0.7544642859375
2 0.0022321421875000002 1 0.0803571421875 0.9977678578125 0.0647321421875 0.9419642859374999 0.024553571875 0.9419642859374999 0 0.9665178578125 0.0022321421875000002 1
2 0.13616071406250002 0.6205357140625 0.12053571406250001 0.6495535718750001 0.12053571406250001 0.7254464281249999 0.22767857187499999 0.7522321421875 0.25892857187499996 0.6897321421875 0.25892857187499996 0.6450892859375 0.180803571875 0.6026785718750001 0.13616071406250002 0.6205357140625
2 0.462053571875 0.415178571875 0.42410714218749995 0.444196428125 0.415178571875 0.5066964281249999 0.44866071406249997 0.5580357140625 0.48214285781250005 0.5647321421875 0.5267857140625 0.5290178578125 0.5357142859375 0.47098214218749995 0.49776785781250005 0.415178571875 0.462053571875 0.415178571875
2 0.40848214218749995 0.21875 0.38392857187499996 0.2522321421875 0.38392857187499996 0.3147321421875 0.40848214218749995 0.35267857187499996 0.43303571406249997 0.35044642812500004 0.46428571406249997 0.3147321421875 0.46428571406249997 0.25669642812500004 0.43973214218749995 0.2232142859375 0.40848214218749995 0.21875
2 0.2991071421875 0.2299107140625 0.28125 0.2834821421875 0.3102678578125 0.34375 0.35267857187499996 0.35044642812500004 0.375 0.328125 0.375 0.24330357187499999 0.33705357187499996 0.2053571421875 0.2991071421875 0.2299107140625
2 0.6450892859375 0.25892857187499996 0.6071428578125 0.28794642812500004 0.5982142859375 0.3415178578125 0.6316964281249999 0.3928571421875 0.6696428578125 0.390625 0.7053571421875 0.3459821421875 0.7008928578125 0.3102678578125 0.671875 0.2633928578125 0.6450892859375 0.25892857187499996
2 0.8504464281249999 0.24107142812500001 0.8080357140625001 0.27008928593750003 0.7946428578125 0.32366071406249997 0.8325892859374999 0.375 0.8616071421875 0.3772321421875 0.8928571421875 0.3459821421875 0.8973214281249999 0.28794642812500004 0.8839285718750001 0.25669642812500004 0.8504464281249999 0.24107142812500001
2 1 0.2299107140625 0.9665178578125 0.2232142859375 0.9375 0.24330357187499999 0.9151785718750001 0.3147321421875 0.9486607140625001 0.37053571406249997 1 0.3727678578125 1 0.2299107140625
2 1 0.131696428125 0.9910714281249999 0.078125 0.9575892859374999 0.0625 0.9151785718750001 0.0915178578125 0.8928571421875 0.1540178578125 0.9352678578125 0.20982142812500001 0.9642857140625001 0.2075892859375 1 0.17633928593749998 1 0.131696428125
2 0.10703125 0.1953125 0.14140625 0.1984375
2 0.909375 0.60078125 0.1296875 0.16015625
2 0.96796875 0.03671875 0.0640625 0.0734375
2 0.340625 0.01796875 0.1 0.0359375