2 0.7467820609375 0.7979208250000001 0.73061166875 0.746459421875 0.6904212859375 0.7257823218749999 0.6426140671875 0.76713935625 0.6377175312500001 0.8070184421875 0.6657815390625 0.8531934796874999 0.7081481593750001 0.8561465421875001 0.737998575 0.8328248421875 0.7467820609375 0.7979208250000001
2 0.7878590359375 1 0.8092088609375001 0.985498340625 0.82071264375 0.928439275 0.8117720937499999 0.89135901875 0.7809877875 0.8673390281250001 0.71211364375 0.8971137484374999 0.6983550875 0.9359047140625 0.72757075625 1 0.7878590359375 1
2 0.59138259375 0.6349101953125 0.5931718359375 0.6936014375 0.6364723484375 0.7438961890625 0.6828801484375 0.6956206093749999 0.690107153125 0.581813775 0.6198335921875 0.6046699484375 0.59138259375 0.6349101953125
2 0.649759703125 0.489152403125 0.6139217984374999 0.433027228125 0.5751308296875 0.419268671875 0.5273236140625001 0.46062570625 0.5186186609375001 0.5315218609375 0.5588875765625 0.5881910953125 0.60568520625 0.5916882171875 0.6366237406249999 0.559504496875 0.649759703125 0.489152403125
2 0.6317215328125 0.34300761875 0.6221583890625 0.2743662375 0.59969204375 0.255865375 0.5587248390624999 0.259830859375 0.5203237 0.297845003125 0.5271665484375 0.388641434375 0.5643253359375 0.41569301718749996 0.6069247203125 0.39843450625 0.6317215328125 0.34300761875
2 0.6855891015625 0.1607136328125 0.67664855 0.1236333765625 0.637002228125 0.0985252671875 0.5902831296875 0.131020284375 0.583754415625 0.18419239999999998 0.6035004609375 0.2248483078125 0.6447789625 0.23666338750000002 0.6746293796875 0.2133416890625 0.6855891015625 0.1607136328125
2 1 0.35236018750000003 0.9640472546875 0.3838120875 0.9541756484375 0.427578125 0.9711228640625 0.45439694375000006 1 0.45967942031250003 1 0.35236018750000003
2 1 0.468187884375 0.9572857750000001 0.457195775 0.9188846390625001 0.49520991875 0.9139881015625001 0.53508900625 0.9298471984375001 0.5707698453125001 0.97998771875 0.583673046875 0.9943688671875 0.5764432046875 1 0.5305813078125 1 0.468187884375
2 0.5165266265625 0.8416140000000001 0.49289363125 0.7959830218749999 0.47073858281250003 0.7932627234375 0.44337570312499996 0.8146409484375001 0.42246583906249996 0.875042903125 0.443844065625 0.9024057843750001 0.47680460625 0.9087017359375 0.51217415 0.8770620765625001 0.5165266265625 0.8416140000000001
2 0.4153116953125 0.7684659109374999 0.360507403125 0.7752302249999999 0.3425506 0.793265559375 0.33936477656249997 0.8558437546875 0.3765235640625 0.8828953374999999 0.426818315625 0.8395948265625 0.43560180312499996 0.8046908109375 0.4153116953125 0.7684659109374999
2 0.39128887031250004 0.67106223125 0.365246871875 0.6633668640625 0.3329089234375 0.688632040625 0.328556446875 0.7240801171875 0.36408305625000004 0.76442473125 0.40668244062500003 0.7471662171875 0.4149218671875 0.7166932109374999 0.39128887031250004 0.67106223125
2 0.46917926562499995 0.5861719234375 0.432954365625 0.6064620296875 0.42253870156250006 0.6546590765625 0.451146765625 0.6964031046875 0.48853831875 0.7032431156250001 0.5145017843749999 0.674946346875 0.5204864390624999 0.6262052406249999 0.46917926562499995 0.5861719234375
2 0.412818490625 0.514033421875 0.414607734375 0.572724665625 0.443992621875 0.589826109375 0.502061275 0.5564757390625 0.5030708609375 0.5116215828125 0.47391873437500004 0.474308565625 0.412818490625 0.514033421875
2 0.4567359203125 0.339513334375 0.443364359375 0.3018890203125 0.41592294531249996 0.2872751078125 0.3752670359375 0.3070211546875 0.3582441234375 0.3723981796875 0.3790782890625 0.40419207031250004 0.41646984062500003 0.41103208125 0.44686431562499995 0.383279371875 0.4567359203125 0.339513334375
2 0.23316626875000002 0.40201866875 0.2426508796875 0.43466791406249994 0.27980966875 0.4617194984375 0.30468501406250004 0.4422847484375 0.3128459078125 0.37581960312499996 0.26379350625 0.35405438437500003 0.23316626875000002 0.40201866875
2 0.40947560000000005 0.5046273421875 0.374958575 0.41942857499999997 0.343086153125 0.4042706015625 0.31409109375 0.43894185781250006 0.30600873281249996 0.5413991375 0.3296417296875 0.5870301171875 0.37146429062499997 0.5944141859375 0.40240282499999996 0.5622304671875 0.40947560000000005 0.5046273421875
2 0.15877299375 0.4401113453125 0.1199063296875 0.518548634375 0.1632068390625 0.5688433875000001 0.2058062234375 0.551584875 0.21513376874999998 0.5122498484375 0.21062422656250002 0.47571365156249995 0.15877299375 0.4401113453125
2 0.10941213125 0.5307535453125001 0.1352970640625 0.4664646390625 0.13964954062499998 0.4310165625 0.11492842343750001 0.394247603125 0.0546050015625 0.4093298765625 0.01900269375 0.461181109375 0.0257670078125 0.515985403125 0.047145234375 0.543348284375 0.0850808453125 0.545757284375 0.10941213125 0.5307535453125001
2 0.18784375 0.3132442453125 0.14555566250000002 0.34628332031250003 0.1401150671875 0.39059341718749996 0.16483618125 0.42736237499999996 0.193365715625 0.4331142671875 0.22267207031249997 0.41422357656250003 0.229200784375 0.3610514625 0.18784375 0.3132442453125
2 0 0.8249268453124999 0.019243965625 0.8255334828124999 0.05243727031249999 0.8116178625 0.0756019046875 0.769484003125 0.081586559375 0.7207428984375001 0.0618405140625 0.680086990625 0.0081243390625 0.6779892828125 0 0.6881085687499999 0 0.8249268453124999
2 0.06796875 0.053125 0.0453125 0.10625
2 0.8546875 0.9359375 0.0875 0.075