1 0.91640625 0.72109375 0.090625 0.1375
1 0.8171875 0.73984375 0.08984375 0.14296875
1 0.70078125 0.66328125 0.1140625 0.20546875
1 0.60703125 0.6265625 0.0921875 0.14453125
1 0.52109375 0.51875 0.09921875 0.14453125
1 0.41484375 0.565625 0.0875 0.14375
1 0.459375 0.9390625 0.09609375 0.10859375
1 0.25078125 0.83515625 0.1125 0.16953125
1 0.06875 0.94140625 0.1125 0.1171875
1 0.909375 0.440625 0.1078125 0.134375
1 0.925 0.31875 0.0984375 0.1453125
1 0.75390625 0.0890625 0.10546875 0.15078125
1 0.428125 0.1234375 0.1140625 0.13984375
1 0.3703125 0.2171875 0.15234375 0.184375
1 0.25 0.3109375 0.09140625 0.13515625