2 0.8214285718750001 0.30133928593750003 0.8169642859374999 0.36383928593750003 0.8370535718750001 0.3928571421875 0.8839285718750001 0.40848214218749995 0.90625 0.3772321421875 0.9017857140625001 0.32366071406249997 0.8459821421875 0.27678571406249997 0.8214285718750001 0.30133928593750003
2 0.7991071421875 0.44866071406249997 0.7946428578125 0.5066964281249999 0.8102678578125 0.53125 0.84375 0.5379464281249999 0.8660714281249999 0.5111607140625 0.8660714281249999 0.46651785781250005 0.8191964281249999 0.43303571406249997 0.7991071421875 0.44866071406249997
2 0.8883928578125 0.5066964281249999 0.8839285718750001 0.5602678578125 0.9196428578125 0.5825892859375 0.9419642859374999 0.5647321421875 0.9553571421875 0.5111607140625 0.9084821421875 0.48660714218749995 0.8883928578125 0.5066964281249999
2 1 0.640625 0.9888392859374999 0.5178571421875 0.9553571421875 0.5379464281249999 0.9464285718750001 0.6004464281249999 1 0.640625
2 0.96875 0.7790178578125 1 0.7924107140625 0.9888392859374999 0.6919642859375 0.9642857140625001 0.7120535718750001 0.9598214281249999 0.7433035718750001 0.96875 0.7790178578125
2 0.890625 0.6741071421875 0.8482142859374999 0.6986607140625 0.8348214281249999 0.7700892859375 0.8816964281249999 0.8392857140625001 0.9151785718750001 0.8370535718750001 0.9508928578125 0.796875 0.9553571421875 0.7254464281249999 0.9308035718750001 0.6830357140625 0.890625 0.6741071421875
2 0.71875 0.671875 0.7455357140625 0.6897321421875 0.78125 0.6540178578125 0.7477678578125 0.6071428578125 0.7142857140625 0.6361607140625 0.71875 0.671875
2 0.640625 0.53125 0.6071428578125 0.5647321421875 0.6071428578125 0.6183035718750001 0.6316964281249999 0.6517857140625 0.6696428578125 0.6540178578125 0.6964285718750001 0.6227678578125 0.7008928578125 0.5825892859375 0.671875 0.5357142859375 0.640625 0.53125
2 0.6428571421875 0.430803571875 0.6339285718750001 0.47991071406249997 0.6584821421875 0.5223214281249999 0.6875 0.5290178578125 0.7321428578125 0.475446428125 0.7142857140625 0.42633928593750003 0.671875 0.41071428593750003 0.6428571421875 0.430803571875
2 0.9263392859374999 0.16071428593749998 0.9017857140625001 0.194196428125 0.90625 0.2477678578125 0.9308035718750001 0.27232142812500004 0.9553571421875 0.27008928593750003 0.9776785718750001 0.2388392859375 0.9776785718750001 0.1897321421875 0.9575892859374999 0.165178571875 0.9263392859374999 0.16071428593749998
2 0.5424107140625 0.6116071421875 0.5178571421875 0.6316964281249999 0.5133928578125 0.6941964281249999 0.5535714281249999 0.7209821421875 0.5892857140625 0.6941964281249999 0.59375 0.6629464281249999 0.5848214281249999 0.6316964281249999 0.5424107140625 0.6116071421875
2 0.44866071406249997 0.6116071421875 0.428571428125 0.6316964281249999 0.43303571406249997 0.6897321421875 0.48660714218749995 0.7165178578125 0.5044642859375 0.6986607140625 0.5044642859375 0.6361607140625 0.484375 0.6116071421875 0.44866071406249997 0.6116071421875
2 0.3727678578125 0.6785714281249999 0.38392857187499996 0.7611607140625 0.42410714218749995 0.7879464281249999 0.45535714218749995 0.765625 0.45535714218749995 0.7209821421875 0.421875 0.6875 0.3727678578125 0.6785714281249999
2 0.41071428593750003 0.8102678578125 0.40178571406249997 0.8549107140625001 0.42633928593750003 0.9017857140625001 0.46875 0.9040178578125 0.491071428125 0.8638392859374999 0.491071428125 0.8147321421875 0.444196428125 0.7857142859375 0.41071428593750003 0.8102678578125
2 0.5111607140625 0.7767857140625 0.49553571406249997 0.7924107140625 0.5 0.8459821421875 0.5334821421875 0.8883928578125 0.5669642859375 0.890625 0.59375 0.8549107140625001 0.5848214281249999 0.8058035718750001 0.5558035718750001 0.7723214281249999 0.5111607140625 0.7767857140625
2 0.5803571421875 0.9977678578125 0.5625 0.9174107140625001 0.49776785781250005 0.8973214281249999 0.477678571875 0.9977678578125 0.5803571421875 0.9977678578125
2 0.5892857140625 0.9040178578125 0.5848214281249999 0.953125 0.6138392859375 0.9866071421875 0.6473214281249999 0.984375 0.6741071421875 0.9397321421875 0.6696428578125 0.9129464281249999 0.6183035718750001 0.8705357140625001 0.5892857140625 0.9040178578125
2 0.2388392859375 0.5223214281249999 0.19196428593749998 0.5647321421875 0.178571428125 0.6316964281249999 0.2165178578125 0.6964285718750001 0.27678571406249997 0.7075892859375 0.32142857187499996 0.6540178578125 0.32142857187499996 0.6049107140625 0.28571428593750003 0.5379464281249999 0.2388392859375 0.5223214281249999
2 0.2991071421875 0.5513392859375 0.34821428593750003 0.6183035718750001 0.37946428593750003 0.5290178578125 0.3459821421875 0.48660714218749995 0.31919642812500004 0.48660714218749995 0.2991071421875 0.5513392859375
2 0 0.6049107140625 0.0357142859375 0.6227678578125 0.071428571875 0.6049107140625 0.084821428125 0.5379464281249999 0.060267857812500006 0.5 0.024553571875 0.491071428125 0 0.5066964281249999 0 0.6049107140625
2 0.118303571875 0.2633928578125 0.0803571421875 0.31919642812500004 0.0892857140625 0.3727678578125 0.125 0.39955357187499996 0.18303571406250002 0.3459821421875 0.1696428578125 0.2834821421875 0.140625 0.2633928578125 0.118303571875 0.2633928578125
2 0.1696428578125 0.109375 0.15625 0.140625 0.1696428578125 0.194196428125 0.2008928578125 0.2075892859375 0.2321428578125 0.180803571875 0.2321428578125 0.118303571875 0.203125 0.0892857140625 0.1696428578125 0.109375
2 0.12946428593749998 0.0825892859375 0.1741071421875 0.0915178578125 0.20982142812500001 0.0424107140625 0.2053571421875 0.0022321421875000002 0.12276785781249999 0 0.12946428593749998 0.0825892859375
2 0.30803571406249997 0.0513392859375 0.36607142812500004 0.078125 0.39732142812500004 0.0513392859375 0.39732142812500004 0.0022321421875000002 0.30580357187499996 0 0.30803571406249997 0.0513392859375
2 0.9821428578125 0.055803571875 1 0.0022321421875000002 0.9397321421875 0 0.9419642859374999 0.046875 0.9821428578125 0.055803571875
2 0.47890625 0.23671875 0.1046875 0.15546875