2 0.936123896875 0.8549478140625 0.9181077296875 0.8245992859375001 0.878961271875 0.8084363375000001 0.8292420343750001 0.84747390625 0.8248822546874999 0.9098216593749999 0.8600892390625001 0.9503226609375 0.8974761109375 0.9596497875000001 0.9311412906250001 0.9262023890625001 0.936123896875 0.8549478140625
2 0.8393008765625 0.7676239234375 0.8183883640625 0.7146969265625 0.778619078125 0.7074408 0.7336646640625 0.7423363703125 0.7162560640625 0.7992964734375 0.7416219890625 0.8525348828125001 0.7879156843749999 0.8624848359374999 0.8161932140625 0.84208625625 0.8393008765625 0.7676239234375
2 0.7349255765625 0.628307271875 0.6942220515625 0.634411378125 0.66676986875 0.6750060125 0.6760817359375 0.7338345921875 0.7149167828125 0.754450953125 0.7631878453125001 0.70412415 0.7653677359375 0.6729502734375 0.7349255765625 0.628307271875
2 0.5992217296875 0.8090133843749999 0.57323298125 0.7646817984375 0.5512773375 0.758671321875 0.5015581015625 0.7977088921875 0.4936791484375 0.8463849984375 0.5113839015625 0.8811869390625 0.562131009375 0.891448303125 0.5907199515625 0.8665963140624999 0.5992217296875 0.8090133843749999
2 0 0.96535685 0.046656840625 0.9672825140624999 0.0349625625 0.9105249328125 0 0.9080801125000001 0 0.96535685
2 0.1744186234375 0.580162434375 0.1286388625 0.5948619500000001 0.11102774062500001 0.6227191765625 0.105733721875 0.6984271609375 0.2107471078125 0.732621534375 0.2462807640625 0.6724536718749999 0.2493948921875 0.6279195625 0.1744186234375 0.580162434375
2 0.5376514718750001 0.47354413125 0.5036901390625 0.4152294859375 0.4680628515625 0.4127381828125 0.4281846734375 0.43903834531249997 0.41491807343750003 0.500763271875 0.4447374078125 0.55431309375 0.4776708703125 0.56332880625 0.52469628125 0.5308156484375 0.5376514718750001 0.47354413125
2 0.4813447109375 0.2547978 0.459186546875 0.2196844484375 0.4283240828125 0.2130511484375 0.40149472812500003 0.244738959375 0.3971349484375 0.30708671249999997 0.4189816984375 0.3466534765625 0.443631165625 0.34613954062499996 0.4772963453125 0.3126921421875 0.4813447109375 0.2547978
2 0.3580037484375 0.194708309375 0.3184369828125 0.2165550609375 0.2968863859375 0.268750340625 0.321629484375 0.330895571875 0.36346976875000003 0.340534109375 0.3872938875 0.31982412031249996 0.39321073125 0.23520931250000002 0.3580037484375 0.194708309375
2 0.7136385375 0.3247436125 0.6879612015625 0.275958615625 0.6615521484375 0.26963672656250004 0.6216739718750001 0.2959368875 0.609030196875 0.3487549953125 0.6388495296875 0.402304815625 0.67685923125 0.4027251203125 0.7156006453125 0.3606823125 0.7136385375 0.3247436125
2 0.9111456828125 0.31617872187499996 0.8999653406249999 0.28407060624999997 0.8676547031249999 0.266148071875 0.8233231156249999 0.292136821875 0.8062259296875001 0.3446435140625 0.8404986750000001 0.39850474999999996 0.8692901375 0.4027556375 0.9026439046875 0.3737616515625 0.9111456828125 0.31617872187499996
2 1 0.2606226203125 0.9846890390624999 0.25643116250000003 0.9543405093749999 0.274447328125 0.9270908500000001 0.34414483906250004 0.956598771875 0.402148071875 1 0.407085003125 1 0.2606226203125
2 1 0.10270041249999999 0.986993078125 0.09548554375 0.9426614921875001 0.12147429218750001 0.9160346562499999 0.18226498124999999 0.9544494015625 0.2408910390625 0.9835522781250001 0.2406885171875 1 0.228210384375 1 0.10270041249999999
2 0.12890625 0.16875 0.1546875 0.2078125
2 0.9015625 0.62890625 0.140625 0.16875
2 0.98203125 0.0703125 0.0359375 0.078125
2 0.37421875 0.0140625 0.1015625 0.028125