2 0.16931173906250002 0.845838603125 0.11675023437500001 0.9126357421875 0.1959476375 0.9361675046875 0.20623329687499997 0.8719078937500001 0.16931173906250002 0.845838603125
2 0.21733443281249998 0.7269858359375 0.19797115 0.687134196875 0.16231835781249998 0.682202828125 0.1365586671875 0.7007202671874999 0.1273151296875 0.7352176171875 0.14625548906250002 0.768023284375 0.1834866453125 0.7756884578125 0.20493416875 0.7560155765625 0.21733443281249998 0.7269858359375
2 0.2684005296875 0.588150590625 0.24588052187499998 0.5428313390625 0.2188520671875 0.5402108546875 0.1786908265625 0.5779782531250001 0.172830659375 0.6688434015625 0.2045942046875 0.6796653 0.251068896875 0.6528331234375 0.2684005296875 0.588150590625
2 0.2529790890625 0.3783497234375 0.2294169609375 0.36279273125 0.1696961609375 0.40456269999999994 0.15698629687500001 0.45199655781250003 0.17215073125 0.516142846875 0.200025028125 0.53285528125 0.244921359375 0.5032892984374999 0.2731882140625 0.43229331249999997 0.2529790890625 0.3783497234375
2 0.3342607328125 0.342356965625 0.3114311265625 0.31544183124999997 0.265492675 0.3747700734375 0.28181255 0.43460419687499996 0.31115189062500004 0.4286003421875 0.3367982609375 0.3846328125 0.3342607328125 0.342356965625
2 0.36709676406249997 0.4181709984375 0.3327127359375 0.43437755312500004 0.336941946875 0.504837296875 0.3924638984375 0.48736197812500004 0.397281946875 0.42625909375 0.36709676406249997 0.4181709984375
2 0.4968240234375 0.27037145156250003 0.4731485734375 0.2293643671875 0.4180495421875 0.2538856609375 0.40418423593749997 0.30563168749999997 0.41765698437500004 0.3415940796875 0.4407961921875 0.350105096875 0.48411415937499996 0.3178053078125 0.4968240234375 0.27037145156250003
2 0.59332269375 0.1344662890625 0.567645959375 0.083679425 0.5246375921875 0.097575096875 0.50130210625 0.1329182890625 0.4972165796875 0.18266303125 0.5150014984375 0.219780865625 0.5588557078124999 0.21997714531249998 0.5826141140625001 0.1916799265625 0.59332269375 0.1344662890625
2 0.5981711062499999 0.16811779843750002 0.59693270625 0.24173426718750002 0.65476554375 0.2156346125 0.6443361999999999 0.15968973749999998 0.5981711062499999 0.16811779843750002
2 0.52923713125 0.339139509375 0.5256878484375 0.4213803171875 0.5768976328125001 0.40274955781250005 0.5851820062499999 0.328710165625 0.52923713125 0.339139509375
2 0.6077323781249999 0.4687838109375 0.5627227265625 0.47289970156249994 0.5508587046875 0.5344255078125 0.5826222515625 0.5452474078125 0.6083819421875 0.5267299703125 0.6077323781249999 0.4687838109375
2 0.6547736796875 0.56920209375 0.599984246875 0.5753192687500001 0.5763391625 0.6290665796875 0.5834984578125 0.65409375 0.619574171875 0.6660710937500001 0.657424528125 0.6369280328125 0.6547736796875 0.56920209375
2 0.53048366875 0.6190905234375 0.4765400796875 0.6392996453124999 0.45720716250000004 0.6942023984375 0.470989509375 0.7117606750000001 0.4984408875 0.7214271328125 0.5452251796875001 0.6761908375 0.53048366875 0.6190905234375
2 0.6107535562499999 0.70761441875 0.5957024421875 0.668918221875 0.5741415984375 0.6631410109375 0.5483819078125001 0.6816584484375 0.529048990625 0.7365612015624999 0.545988065625 0.7595870890625 0.5800624953125 0.7617846515625 0.60151001875 0.7421117703125 0.6107535562499999 0.70761441875
2 0.5079110671875 0.737829965625 0.4649027 0.7517256359375 0.46797646875 0.8264975484375 0.5180308109375 0.8121789578125 0.5295852328125 0.7690572687499999 0.5079110671875 0.737829965625
2 0.525613028125 0.8442521031249999 0.4759816078125 0.8656166687500001 0.4773636921875 0.912204684375 0.5048150687499999 0.9218711421875 0.5360423734374999 0.9001969765625001 0.525613028125 0.8442521031249999
2 0.5539147 1 0.5496284421875 0.9616094609375001 0.5066200750000001 0.9755051312499999 0.5055629453125 1 0.5539147 1
2 0.4378016890625 1 0.44362922656250003 0.986357396875 0.4219550609375 0.95513009375 0.387457709375 0.94588655625 0.3496073546875 0.97502961875 0.4344648453125 1 0.4378016890625 1
2 0.349742903125 0.7416666203125 0.3250253328125 0.7304217984375 0.2961089140625 0.7434716265625 0.28370865 0.7725013656249999 0.296448878125 0.8198219015625 0.3195880859375 0.8283329203124999 0.35208415312499997 0.8277966765624999 0.365639859375 0.7944547671875 0.349742903125 0.7416666203125
2 0.279200203125 0.8152001343749999 0.2381931203125 0.838875584375 0.2332617515625 0.8745283781250001 0.2502008265625 0.8975542640624999 0.287431984375 0.9052194390625001 0.297944284375 0.8918600109374999 0.279200203125 0.8152001343749999
2 0.9535820953125 0.6700655265625 0.937375540625 0.635681496875 0.9071903578124999 0.6275934015625 0.8650278328125 0.655581021875 0.8554746953125001 0.708482490625 0.8744150562499999 0.74128815625 0.9116462125 0.74895333125 0.9440289578125001 0.7229669953125 0.9535820953125 0.6700655265625
2 0.907892515625 0.521480865625 0.8582610953125 0.5428454312500001 0.84555123125 0.5902792890625 0.8581781375 0.6121497328125 0.8918296453125001 0.6073013203125 0.9140096906249999 0.5762702984375 0.907892515625 0.521480865625
2 1 0.3179972296875 0.973246840625 0.3379455671875 0.9864099890625001 0.392312078125 1 0.39208781875 1 0.3179972296875
2 0.774184915625 0.3909077640625 0.7579783609375 0.35652373593750003 0.7105445031250001 0.343813871875 0.681318484375 0.3752678171875 0.6907057078125 0.4609749515625 0.727936865625 0.46864012656250004 0.7591641671875 0.44696595937500005 0.774184915625 0.3909077640625
2 0.56414926875 0.0018615375 0.55490573125 0.0363588890625 0.5726906484375001 0.07347672499999999 0.614120653125 0.0568472484375 0.6229412703125 0.0153039234375 0.56414926875 0.0018615375
2 0.45794761875 0 0.452569121875 0.0043161078125 0.4668877125 0.05437045 0.4857147515625 0.061726025 0.5114744421874999 0.0432085859375 0.5109900828125 0 0.45794761875 0
2 0.28935626718749996 0.0183554640625 0.2677954234375 0.012578254687500002 0.24203573125000002 0.031095693749999997 0.23879604687499997 0.094932384375 0.2576230859375 0.1022879578125 0.2954734421875 0.073144896875 0.28935626718749996 0.0183554640625
2 0.09814170312500001 0.60261286875 0.07215536875 0.570230121875 0.040082223437499995 0.5778123390625 0.0167467375 0.6131555328125 0.028754443750000004 0.6718342125000001 0.05620582187499999 0.6815006718750001 0.09174529218750001 0.660981946875 0.09814170312500001 0.60261286875
2 0.8875 0.190625 0.225 0.240625
2 0.66484375 0.953125 0.1765625 0.09375