2 0.88469138125 0.32584528437500004 0.9141544859374999 0.374533328125 0.9671117468749999 0.346375453125 0.9801640546874999 0.3036832765625 0.9620266093750001 0.25612370156250003 0.9237804125 0.25143306718749997 0.8947797015625 0.277578659375 0.88469138125 0.32584528437500004
2 0.912876171875 0.21075317187499998 0.9371862468750001 0.2228537734375 0.9721149296875 0.2078570765625 0.9998783031249999 0.1323163890625 0.9217271546875001 0.1130914515625 0.8962207187500001 0.16598081874999998 0.912876171875 0.21075317187499998
2 0.7831408843750001 0.1617525796875 0.8193748015625 0.1424866640625 0.8461864671875 0.085328078125 0.7437252437499999 0.0540025390625 0.7545615921875 0.1483467453125 0.7831408843750001 0.1617525796875
2 0.618476915625 0.1277486859375 0.645329559375 0.1849751640625 0.6893269671875 0.19375825468750002 0.7294765734374999 0.1616846875 0.7431270624999999 0.08649752499999999 0.726648371875 0.048781615625000004 0.66966655 0.0290263921875 0.6226372625 0.0683331640625 0.618476915625 0.1277486859375
2 0.761455334375 0.4235479796875 0.785343990625 0.47520000937500007 0.8391850640625 0.4823243453125 0.8806399031250001 0.4459815609375 0.895949146875 0.3806380640625 0.8646505234375 0.3150499140625 0.8221351078125 0.309054046875 0.7793750390625 0.34966605 0.761455334375 0.4235479796875
2 1 0.41332105625000004 0.95974275625 0.44682439531249996 0.9516667171875 0.5190475703125 0.9880095015625001 0.560502409375 1 0.5623736171875 1 0.41332105625000004
2 0.9944677640625 0.5928206312500001 0.960490784375 0.5894352281249999 0.913461496875 0.6287419984375 0.902774996875 0.709503609375 0.9292741156250001 0.752617203125 0.9448689921875 0.755050903125 0.9944677640625 0.5928206312500001
2 0.6560032078125 0.5546973671875 0.675269121875 0.5909312828125 0.71072809375 0.5971039109375 0.7384235734375 0.575227534375 0.7498171250000001 0.5226916921875 0.7307279734375001 0.49351421875 0.7078998921874999 0.48420084062499996 0.6647862984375 0.510699959375 0.6560032078125 0.5546973671875
2 0.557566546875 0.571284928125 0.579796446875 0.613093290625 0.6163838875 0.6079402593750001 0.63832815625 0.5819714281249999 0.6441472593750001 0.5323995734375 0.6237528765625 0.5074913171875 0.5996195640625 0.5024471562499999 0.5719240859375 0.5243235328125 0.557566546875 0.571284928125
2 0.5046502625 0.713827865625 0.53150290625 0.77105434375 0.571231096875 0.7785322031249999 0.62383483125 0.7362614453125 0.6348748578125 0.6696127187500001 0.6026245296875 0.6224066703125 0.56437833125 0.6177160328125 0.5147385843750001 0.6655612421875 0.5046502625 0.713827865625
2 0.7888254109374999 0.9524275984375 0.83786698125 0.9370773765625 0.8321836609375 0.8793206093749999 0.8037811312500001 0.8729712171875 0.78035486875 0.896152825 0.7888254109374999 0.9524275984375
2 0.5432018640625 1 0.5468262125 0.9881452875000001 0.5303475234375 0.9504293781250001 0.48670364062499993 0.955759171875 0.4713656359375 1 0.5432018640625 1
2 0.1250024390625 0.49739014375 0.18014874218750002 0.500245259375 0.22029835000000003 0.4681716921875 0.229081440625 0.424174284375 0.1997950984375 0.3825426828125 0.17566178593749998 0.3774985234375 0.1397813953125 0.410877321875 0.1250024390625 0.49739014375
2 0 0.563138703125 0.035280975 0.52364460625 0.041698259375000005 0.44157776562500006 0.015375903125000001 0.4055206125 0 0.4497369375 0 0.563138703125
2 0.0366681609375 0.7481455171875 0.0779872125 0.819131353125 0.10342575624999999 0.8199062953125 0.1433986015625 0.7807762874999999 0.1540851046875 0.7000146765624999 0.1379599375 0.6764116515625 0.07148797500000001 0.6724280671875 0.0506721734375 0.6870712390625 0.0366681609375 0.7481455171875
2 0.4859375 0.43046875 0.1984375 0.253125
2 0.19609375 0.046875 0.1703125 0.09375
2 0.71796875 0.7109375 0.16875 0.2015625