2 0.6765625 0.7671875 0.115625 0.14609375
2 0.81484375 0.7046875 0.10625 0.1234375
2 0.73359375 0.60625 0.14375 0.2125
2 0.8078125 0.5140625 0.14140625 0.16171875
2 0.9328125 0.4828125 0.10546875 0.1515625
2 0.96875 0.56328125 0.0625 0.1109375
2 0.96953125 0.671875 0.0609375 0.125
2 0.35 0.9015625 0.15625 0.196875
2 0.2484375 0.95390625 0.1 0.0921875
2 0.0703125 0.6703125 0.1140625 0.16875
2 0.3515625 0.50859375 0.09140625 0.1375
2 0.39296875 0.365625 0.1140625 0.1234375
2 0.18671875 0.38984375 0.12890625 0.16796875
2 0.11484375 0.0640625 0.11953125 0.12734375
2 0.27109375 0.115625 0.134375 0.23125
2 0.23359375 0.0390625 0.1171875 0.078125
2 0.36640625 0.2015625 0.08984375 0.1125
2 0.3796875 0.08515625 0.1234375 0.1703125
2 0.49765625 0.18125 0.09296875 0.14765625
2 0.5921875 0.14453125 0.11484375 0.1453125
2 0.0203125 0.96171875 0.040625 0.0765625
2 0.83515625 0.39921875 0.1390625 0.1515625
2 0.5 0.70078125 0.134375 0.22421875
2 0.0515625 0.2921875 0.10234375 0.17421875
2 0.665625 0.0421875 0.140625 0.084375