2 0.490625 0.51640625 0.196875 0.2328125
2 0.03125 0.6234375 0.0625 0.175
2 0.0609375 0.7328125 0.115625 0.13125
2 0.1015625 0.43046875 0.13125 0.1578125
2 0.1109375 0.27265625 0.128125 0.15
2 0.29609375 0.24375 0.1640625 0.18125
2 0.22734375 0.696875 0.1234375 0.1625
2 0.35 0.69453125 0.146875 0.1828125
2 0.22890625 0.81796875 0.1296875 0.1484375
2 0.21796875 0.90625 0.1171875 0.09375
2 0.29921875 0.8890625 0.1328125 0.1609375
2 0.24765625 0.35703125 0.1015625 0.115625
2 0.21875 0.17578125 0.1046875 0.1171875
2 0.665625 0.28203125 0.1390625 0.159375
2 0.70546875 0.3625 0.096875 0.1125
2 0.67421875 0.46875 0.14375 0.159375
2 0.67109375 0.5953125 0.1375 0.1515625
2 0.70703125 0.7234375 0.1328125 0.1515625
2 0.6890625 0.084375 0.1328125 0.1234375
2 0.9609375 0.16640625 0.078125 0.1296875
2 0.859375 0.965625 0.078125 0.06875
2 0.3984375 0.96640625 0.10625 0.0671875
2 0.5546875 0.64296875 0.1890625 0.25
2 0.0359375 0.8078125 0.071875 0.171875
2 0.940625 0.2703125 0.11875 0.19375