0 0.15078125 0.39375 0.06875 0.075
0 0.52890625 0.1765625 0.0796875 0.0859375
0 0.5953125 0.1890625 0.065625 0.084375
0 0.78125 0.19765625 0.06875 0.0703125
0 0.9609375 0.19296875 0.0703125 0.0765625
0 0.86640625 0.35078125 0.0859375 0.1265625
0 0.70234375 0.5578125 0.121875 0.146875
0 0.5640625 0.4796875 0.11875 0.1140625
0 0.5359375 0.57265625 0.1 0.0890625
0 0.415625 0.5171875 0.0671875 0.0671875
0 0.29296875 0.58828125 0.0640625 0.0796875
0 0.32265625 0.75 0.0765625 0.13125
0 0.021875 0.58828125 0.04375 0.0796875
0 0.0421875 0.8109375 0.084375 0.103125
0 0.03203125 0.9359375 0.0640625 0.1125
0 0.446875 0.88125 0.0671875 0.0703125
0 0.5484375 0.9265625 0.071875 0.06875
0 0.56328125 0.81796875 0.0921875 0.1390625
0 0.7046875 0.9265625 0.0859375 0.1234375
0 0.91484375 0.86875 0.0796875 0.115625
0 0.94296875 0.6953125 0.09375 0.1265625