2 0.7633928578125 0.9977678578125 0.7299107140625 0.9196428578125 0.6875 0.9352678578125 0.6808035718750001 1 0.7633928578125 0.9977678578125
2 0.7433035718750001 0.7589285718750001 0.7142857140625 0.7924107140625 0.71875 0.8236607140625001 0.734375 0.8482142859374999 0.7723214281249999 0.8504464281249999 0.7991071421875 0.8236607140625001 0.7991071421875 0.7879464281249999 0.7790178578125 0.7633928578125 0.7433035718750001 0.7589285718750001
2 0.7008928578125 0.6450892859375 0.7008928578125 0.7120535718750001 0.7388392859375 0.75 0.7723214281249999 0.7477678578125 0.7901785718750001 0.6584821421875 0.7611607140625 0.6116071421875 0.734375 0.6071428578125 0.7008928578125 0.6450892859375
2 0.796875 0.4375 0.7700892859375 0.446428571875 0.7366071421875 0.493303571875 0.7455357140625 0.5691964281249999 0.78125 0.609375 0.8125 0.6004464281249999 0.84375 0.5424107140625 0.84375 0.493303571875 0.796875 0.4375
2 0.6875 0.430803571875 0.7008928578125 0.47991071406249997 0.7276785718750001 0.493303571875 0.7589285718750001 0.43973214218749995 0.7299107140625 0.37053571406249997 0.7008928578125 0.390625 0.6875 0.430803571875
2 0.6071428578125 0.515625 0.65625 0.546875 0.6785714281249999 0.47991071406249997 0.6495535718750001 0.45535714218749995 0.6183035718750001 0.45535714218749995 0.6071428578125 0.515625
2 0.5625 0.2790178578125 0.5625 0.328125 0.5959821421875 0.37053571406249997 0.6205357140625 0.36830357187499996 0.6428571421875 0.33705357187499996 0.6428571421875 0.2834821421875 0.5959821421875 0.2455357140625 0.5625 0.2790178578125
2 0.5424107140625 0.0803571421875 0.5044642859375 0.12276785781249999 0.5 0.180803571875 0.515625 0.2142857140625 0.5580357140625 0.22544642812500001 0.5848214281249999 0.194196428125 0.59375 0.14508928593749998 0.5803571421875 0.10491071406250001 0.5424107140625 0.0803571421875
2 0.47321428593750003 0.22544642812500001 0.491071428125 0.1540178578125 0.44866071406249997 0.133928571875 0.42410714218749995 0.1852678578125 0.47321428593750003 0.22544642812500001
2 0.49553571406249997 0.41741071406249997 0.5133928578125 0.33705357187499996 0.462053571875 0.3125 0.45089285781250005 0.38616071406249997 0.49553571406249997 0.41741071406249997
2 0.40848214218749995 0.5223214281249999 0.44196428593750003 0.5200892859375 0.446428571875 0.45758928593750003 0.40401785781250005 0.44196428593750003 0.3883928578125 0.49776785781250005 0.40848214218749995 0.5223214281249999
2 0.3125 0.5915178578125 0.3415178578125 0.6294642859375 0.37946428593750003 0.6272321421875 0.3928571421875 0.6049107140625 0.38392857187499996 0.546875 0.33258928593750003 0.5267857140625 0.3125 0.5915178578125
2 0.41071428593750003 0.6584821421875 0.444196428125 0.7142857140625 0.47321428593750003 0.7120535718750001 0.491071428125 0.6986607140625 0.48660714218749995 0.640625 0.43973214218749995 0.6071428578125 0.41071428593750003 0.6584821421875
2 0.36383928593750003 0.6383928578125 0.33928571406249997 0.671875 0.33928571406249997 0.7075892859375 0.35491071406249997 0.7321428578125 0.3883928578125 0.7388392859375 0.41071428593750003 0.7209821421875 0.40625 0.6629464281249999 0.38616071406249997 0.6383928578125 0.36383928593750003 0.6383928578125
2 0.40178571406249997 0.796875 0.446428571875 0.8236607140625001 0.46875 0.7522321421875 0.430803571875 0.7276785718750001 0.40178571406249997 0.7522321421875 0.40178571406249997 0.796875
2 0.38616071406249997 0.90625 0.415178571875 0.9040178578125 0.428571428125 0.859375 0.38616071406249997 0.8258928578125 0.3616071421875 0.8772321421875 0.38616071406249997 0.90625
2 0.32366071406249997 1 0.3616071421875 0.9977678578125 0.37053571406249997 0.9575892859374999 0.33258928593750003 0.9330357140625001 0.3125 0.984375 0.32366071406249997 1
2 0.430803571875 1 0.5223214281249999 0.9977678578125 0.493303571875 0.9598214281249999 0.45758928593750003 0.9598214281249999 0.428571428125 0.984375 0.430803571875 1
2 0.609375 0.7678571421875 0.5825892859375 0.7723214281249999 0.5535714281249999 0.8191964281249999 0.5580357140625 0.8549107140625001 0.5892857140625 0.8638392859374999 0.6138392859375 0.8616071421875 0.6383928578125 0.8191964281249999 0.6339285718750001 0.7879464281249999 0.609375 0.7678571421875
2 0.59375 0.9308035718750001 0.6004464281249999 0.9464285718750001 0.6383928578125 0.9486607140625001 0.6607142859375 0.9308035718750001 0.6651785718750001 0.8950892859374999 0.6316964281249999 0.8616071421875 0.59375 0.9308035718750001
2 0.0424107140625 0.5178571421875 0.0178571421875 0.546875 0.0133928578125 0.6004464281249999 0.037946428125 0.6339285718750001 0.0758928578125 0.6361607140625 0.102678571875 0.609375 0.10714285781249999 0.5558035718750001 0.0736607140625 0.5178571421875 0.0424107140625 0.5178571421875
2 0.0803571421875 0.46651785781250005 0.09375 0.5022321421875 0.125 0.515625 0.1428571421875 0.49776785781250005 0.1428571421875 0.44866071406249997 0.100446428125 0.415178571875 0.0803571421875 0.46651785781250005
2 0.0267857140625 0.26116071406249997 0.0580357140625 0.27008928593750003 0.084821428125 0.2209821421875 0.0513392859375 0.178571428125 0.022321428125 0.234375 0.0267857140625 0.26116071406249997
2 0.2633928578125 0.32366071406249997 0.2633928578125 0.38169642812500004 0.28794642812500004 0.41071428593750003 0.3258928578125 0.412946428125 0.3571428578125 0.33258928593750003 0.33705357187499996 0.2946428578125 0.28794642812500004 0.2946428578125 0.2633928578125 0.32366071406249997
2 0.5044642859375 0.0424107140625 0.5401785718750001 0.069196428125 0.5669642859375 0.037946428125 0.5669642859375 0.0022321421875000002 0.5066964281249999 0 0.5044642859375 0.0424107140625
2 0.6227678578125 0 0.6071428578125 0.055803571875 0.6272321421875 0.0803571421875 0.6473214281249999 0.078125 0.6741071421875 0.0334821421875 0.6495535718750001 0 0.6227678578125 0
2 0.8080357140625001 0.140625 0.8370535718750001 0.178571428125 0.8571428578125 0.17633928593749998 0.8705357140625001 0.11383928593749999 0.8504464281249999 0.0892857140625 0.828125 0.0892857140625 0.8080357140625001 0.140625
2 0.8616071421875 0.703125 0.8526785718750001 0.7611607140625 0.8816964281249999 0.7901785718750001 0.9107142859374999 0.7879464281249999 0.9375 0.734375 0.9241071421875 0.6941964281249999 0.8950892859374999 0.6785714281249999 0.8616071421875 0.703125
2 0.97109375 0.8953125 0.0578125 0.1296875
2 0.203125 0.10078125 0.1828125 0.20078125
2 0.21328125 0.93203125 0.14609375 0.13515625