0 0.63515625 0.8625 0.071875 0.078125
0 0.77890625 0.7328125 0.16875 0.2109375
0 0.76796875 0.58125 0.0765625 0.1265625
0 0.8328125 0.5578125 0.0890625 0.109375
0 0.90078125 0.5859375 0.084375 0.109375
0 0.86171875 0.47421875 0.0796875 0.10625
0 0.74453125 0.2796875 0.13125 0.1734375
0 0.83671875 0.23671875 0.0703125 0.0859375
0 0.66796875 0.39765625 0.0984375 0.1140625
0 0.56796875 0.371875 0.078125 0.08125
0 0.4734375 0.2109375 0.078125 0.0875
0 0.61328125 0.01875 0.0671875 0.0375
0 0.46484375 0.3734375 0.1265625 0.13125
0 0.38828125 0.43984375 0.1015625 0.134375
0 0.328125 0.4203125 0.0703125 0.08125
0 0.33828125 0.5265625 0.071875 0.0890625
0 0.384375 0.68515625 0.084375 0.0875
0 0.42890625 0.971875 0.1015625 0.05625
0 0.32734375 0.98359375 0.0921875 0.0328125
0 0.303125 0.93828125 0.0859375 0.0859375
0 0.08515625 0.82734375 0.084375 0.1046875
0 0.1125 0.74765625 0.1625 0.2015625
0 0.06171875 0.64140625 0.1078125 0.1375
0 0.1484375 0.51875 0.0703125 0.071875
0 0.0609375 0.390625 0.0875 0.109375
0 0.08671875 0.09375 0.0734375 0.0671875
0 0.05859375 0.14921875 0.1125 0.140625
0 0.1875 0.690625 0.134375 0.178125
0 0.9890625 0.571875 0.021875 0.1375