2 0.6958057953125001 0.2105604640625 0.71738811875 0.2732400828125 0.7673963703125 0.2827298171875 0.8159831078125 0.2493069640625 0.8333008984375001 0.1832488203125 0.8048198031249999 0.12962187812499998 0.77776021875 0.11890752499999999 0.71723450625 0.1564412953125 0.6958057953125001 0.2105604640625
2 0.649231240625 0.3467876703125 0.6687581046875 0.4034978015625 0.7374072109375 0.3798600171875 0.74865706875 0.30587537343750004 0.6994796578125 0.2794064609375 0.6746724234375 0.294625515625 0.649231240625 0.3467876703125
2 0.498812709375 0.2783906234375 0.5081607234375001 0.31523527812499996 0.5422175234375 0.32687891874999997 0.5809207468750001 0.3035364703125 0.6004908859375 0.2634117359375 0.5840472125 0.2156558375 0.562957115625 0.20288602187500002 0.5301249343750001 0.21419104843749998 0.498812709375 0.2783906234375
2 0.3925313875 0.23152073281250002 0.40804577656249996 0.2862738484375 0.4380901046875 0.2959604734375 0.48481827656250004 0.27653205625 0.5083024453125 0.22838237343749998 0.4917603234375 0.1706445140625 0.45667579375 0.15601613125 0.41797256875000005 0.179358578125 0.3925313875 0.23152073281250002
2 0.5956908515625 0.1815990359375 0.6153161609375 0.2482911265625 0.6780942249999999 0.236690765625 0.69932604375 0.1626076734375 0.6850362734375001 0.1308032234375 0.6579766890625 0.1200888671875 0.6152609921875001 0.1414743 0.5956908515625 0.1815990359375
2 0.5726653671874999 0 0.5343224078125 0.03246029375 0.5247342265625 0.0724865828125 0.5440642 0.1092327921875 0.5820350296875 0.112851484375 0.616725778125 0.087552021875 0.632283446875 0.045470275 0.6199506890625 0.0096533484375 0.5971947046875 0 0.5726653671874999 0
2 0.6355559265624999 0.782178365625 0.6509718734375001 0.8269495234375001 0.6750467125 0.8386916078125 0.7277443703124999 0.8172077296875001 0.75113009375 0.7590760875 0.7386988921875 0.7132772015625 0.705571375 0.6946363453125 0.6648126921874999 0.7120093046875 0.6355559265624999 0.782178365625
2 0.7240153406250001 0.6415449062499999 0.74549921875 0.6942425640625001 0.8081788375000001 0.672660240625 0.8297059921875001 0.6285230328125 0.8212872640625 0.5846811625 0.7862027312500001 0.570052778125 0.7494565234375 0.5893827515625001 0.7240153406250001 0.6415449062499999
2 0.6464001109375 0.46461418749999994 0.66181605625 0.5093853421875 0.6838354375 0.5151579390625 0.7225386609375 0.49181549375 0.736237759375 0.4637281796875 0.7278190312499999 0.4198863078125 0.700759446875 0.40917195156249997 0.6640132375000001 0.4285019265625 0.6464001109375 0.46461418749999994
2 0.43380608125000003 0.6713609593750001 0.47383237031250003 0.6809491390625 0.5046090921874999 0.663674625 0.5260378015625 0.6095554578125 0.51174803125 0.5777510046875001 0.440015734375 0.59243455625 0.42044559374999996 0.6325592906249999 0.43380608125000003 0.6713609593750001
2 0.3953863015625 0.520997596875 0.41295615156250004 0.5817202015625 0.45092698125 0.5853388953125 0.4996121640625 0.5618980031249999 0.5209424281249999 0.497796871875 0.5045971984375 0.46002293437499997 0.4695126671875 0.44539454999999994 0.42288294375 0.47480493125 0.3953863015625 0.520997596875
2 0 0.6905262125 0.0295858875 0.6803389765625 0.055125515624999996 0.63815878125 0.04259586875 0.5823779359375 0 0.5808625328125 0 0.6905262125
2 0.2271815390625 0.8760522734375 0.24670840312500003 0.9327624046875 0.2976459375 0.9352549203124999 0.3272964828125 0.9050137015624999 0.3426572609375 0.8429680312500001 0.3243550171875 0.8092065671875 0.2873134703125 0.79859065625 0.2505672625 0.81792063125 0.2271815390625 0.8760522734375
2 0.2271696453125 0.67240058125 0.24258559218750003 0.7171717375 0.2806548671875 0.730772390625 0.3114315875 0.7134978765625 0.33677432500000004 0.6513537609375 0.3263985828125 0.6115243625 0.2972835390625 0.5948405203125 0.2427273140625 0.6303188328125 0.2271696453125 0.67240058125
2 0.390625 0.40078125 0.1984375 0.2203125
2 0.35859375 0.03671875 0.2234375 0.0734375