2 0.53125 0.7254464281249999 0.5357142859375 0.7566964281249999 0.5625 0.7700892859375 0.5892857140625 0.7522321421875 0.578125 0.6919642859375 0.5558035718750001 0.6919642859375 0.53125 0.7254464281249999
2 0.48660714218749995 0.953125 0.491071428125 0.9977678578125 0.5669642859375 0.9977678578125 0.5625 0.9308035718750001 0.5290178578125 0.90625 0.5066964281249999 0.9107142859374999 0.48660714218749995 0.953125
2 0.4375 0.7700892859375 0.4375 0.8236607140625001 0.45758928593750003 0.8482142859374999 0.48660714218749995 0.8459821421875 0.5178571421875 0.7879464281249999 0.48883928593750003 0.7410714281249999 0.462053571875 0.7410714281249999 0.4375 0.7700892859375
2 0.40848214218749995 0.65625 0.38392857187499996 0.6897321421875 0.38392857187499996 0.7611607140625 0.415178571875 0.7700892859375 0.45535714218749995 0.734375 0.45535714218749995 0.6808035718750001 0.430803571875 0.65625 0.40848214218749995 0.65625
2 0.8236607140625001 0.7232142859375 0.7857142859375 0.7477678578125 0.7857142859375 0.796875 0.8102678578125 0.8303571421875 0.8348214281249999 0.8325892859374999 0.8616071421875 0.8191964281249999 0.875 0.7745535718750001 0.8616071421875 0.7433035718750001 0.8236607140625001 0.7232142859375
2 0.49776785781250005 0.5982142859375 0.46428571406249997 0.6316964281249999 0.46428571406249997 0.6808035718750001 0.484375 0.7053571421875 0.5267857140625 0.703125 0.5491071421875 0.671875 0.5491071421875 0.6316964281249999 0.5245535718750001 0.5982142859375 0.49776785781250005 0.5982142859375
2 0.6272321421875 0.7321428578125 0.5892857140625 0.7745535718750001 0.5892857140625 0.8147321421875 0.6004464281249999 0.8482142859374999 0.6383928578125 0.8459821421875 0.6741071421875 0.8013392859374999 0.6741071421875 0.765625 0.6540178578125 0.7366071421875 0.6272321421875 0.7321428578125
2 0.7165178578125 0.8526785718750001 0.6741071421875 0.8861607140625001 0.6741071421875 0.9397321421875 0.6986607140625 0.96875 0.7276785718750001 0.9665178578125 0.7544642859375 0.9397321421875 0.7589285718750001 0.8995535718750001 0.7455357140625 0.8638392859374999 0.7165178578125 0.8526785718750001
2 0.33705357187499996 0.8080357140625001 0.2946428578125 0.859375 0.2946428578125 0.953125 0.328125 1 0.39732142812500004 0.9977678578125 0.4375 0.9486607140625001 0.4375 0.8459821421875 0.39955357187499996 0.8080357140625001 0.33705357187499996 0.8080357140625001
2 0.415178571875 0.9977678578125 0.48214285781250005 0.9977678578125 0.48214285781250005 0.9665178578125 0.45758928593750003 0.9419642859374999 0.4375 0.9486607140625001 0.415178571875 0.9977678578125
2 0.11160714218750001 0.8549107140625001 0.131696428125 0.8883928578125 0.165178571875 0.890625 0.18303571406250002 0.828125 0.140625 0.7901785718750001 0.11160714218750001 0.8102678578125 0.11160714218750001 0.8549107140625001
2 0.0357142859375 0.890625 0.0513392859375 0.9196428578125 0.084821428125 0.9263392859374999 0.10714285781249999 0.9084821421875 0.10714285781249999 0.859375 0.0647321421875 0.8348214281249999 0.0357142859375 0.890625
2 0.3883928578125 0.39955357187499996 0.37946428593750003 0.43973214218749995 0.39955357187499996 0.48214285781250005 0.446428571875 0.48883928593750003 0.477678571875 0.453125 0.48214285781250005 0.39955357187499996 0.430803571875 0.36607142812500004 0.3883928578125 0.39955357187499996
2 0.46875 0.2790178578125 0.45535714218749995 0.328125 0.484375 0.375 0.5089285718750001 0.3772321421875 0.5491071421875 0.3415178578125 0.5491071421875 0.2834821421875 0.5200892859375 0.25446428593750003 0.46875 0.2790178578125
2 0.37053571406249997 0.30133928593750003 0.375 0.3415178578125 0.39955357187499996 0.36607142812500004 0.42410714218749995 0.36383928593750003 0.446428571875 0.29241071406249997 0.430803571875 0.27232142812500004 0.390625 0.27232142812500004 0.37053571406249997 0.30133928593750003
2 0.3258928578125 0.1852678578125 0.32142857187499996 0.22544642812500001 0.3459821421875 0.25446428593750003 0.375 0.25669642812500004 0.41071428593750003 0.2075892859375 0.390625 0.165178571875 0.35491071406249997 0.15625 0.3258928578125 0.1852678578125
2 0.27232142812500004 0.33705357187499996 0.2633928578125 0.39508928593750003 0.28794642812500004 0.428571428125 0.3258928578125 0.430803571875 0.35267857187499996 0.39508928593750003 0.3571428578125 0.33705357187499996 0.3147321421875 0.2991071421875 0.27232142812500004 0.33705357187499996
2 0.12946428593749998 0.26116071406249997 0.1383928578125 0.3102678578125 0.18303571406250002 0.31919642812500004 0.20982142812500001 0.2834821421875 0.20982142812500001 0.2522321421875 0.1852678578125 0.2232142859375 0.12946428593749998 0.26116071406249997
2 0.12276785781249999 0.2053571421875 0.147321428125 0.203125 0.16071428593749998 0.149553571875 0.12276785781249999 0.11160714218750001 0.0982142859375 0.180803571875 0.12276785781249999 0.2053571421875
2 0.18303571406250002 0.0334821421875 0.2008928578125 0.0736607140625 0.2455357140625 0.0825892859375 0.27232142812500004 0.0513392859375 0.2678571421875 0.0022321421875000002 0.1897321421875 0 0.18303571406250002 0.0334821421875
2 0.10491071406250001 0.0580357140625 0.14508928593749998 0.0625 0.180803571875 0.022321428125 0.2008928578125 0.0736607140625 0.24107142812500001 0.0825892859375 0.27232142812500004 0.046875 0.265625 0 0.0758928578125 0.0022321421875000002 0.10491071406250001 0.0580357140625
2 0.5959821421875 0.0580357140625 0.5714285718750001 0.100446428125 0.5803571421875 0.16741071406250002 0.6116071421875 0.17633928593749998 0.65625 0.12276785781249999 0.6517857140625 0.0736607140625 0.6316964281249999 0.0580357140625 0.5959821421875 0.0580357140625
2 0.7008928578125 0.0513392859375 0.7276785718750001 0.0022321421875000002 0.6540178578125 0 0.6607142859375 0.0334821421875 0.7008928578125 0.0513392859375
2 0.875 0.0334821421875 0.8995535718750001 0 0.8125 0.0022321421875000002 0.8370535718750001 0.03125 0.875 0.0334821421875
2 0.71953125 0.5359375 0.1359375 0.19765625
2 0.94765625 0.08203125 0.1046875 0.16328125