2 1 0.0705773109375 0.9665301515625 0.0674149890625 0.9843210296875 0.11725100156249998 1 0.122183228125 1 0.0705773109375
2 0.9361935546875 0.33138690625 0.9589190625 0.330072609375 0.9834726546875 0.2997122015625 0.9644033171874999 0.242934275 0.9170883796875 0.25882538906249997 0.915296134375 0.30365509375 0.9361935546875 0.33138690625
2 1 0.313965375 0.9929714828125 0.31231757187500003 0.9570909765625 0.359118721875 0.987523065625 0.41523950000000004 1 0.41235036718750007 1 0.313965375
2 0.7329424546875 0.3501574953125 0.760196321875 0.396815284375 0.7778796796874999 0.39930051875 0.80747541875 0.3651405796875 0.7890273921875 0.3039418140625 0.7561817484375 0.29707158125 0.7372916140625 0.3192116171875 0.7329424546875 0.3501574953125
2 0.66842210625 0.29600816406249997 0.6931190578125 0.328782125 0.71522325625 0.33188866875 0.7454403046875 0.2933078890625 0.7472325484375 0.24847818593749998 0.7282348937500001 0.22326744375000002 0.6897257953125 0.22461758281250002 0.6702143515625 0.251178459375 0.66842210625 0.29600816406249997
2 0.731998584375 0.212526 0.7565521765625001 0.18216559062499998 0.7583444218750001 0.13733588593749999 0.7305050875 0.11088252968750001 0.6851257546875 0.145078309375 0.6960105609375 0.21197637187499999 0.731998584375 0.212526
2 0.6127792765625 0.2588850421875 0.6612293109375 0.1868014703125 0.6415745078125 0.150227978125 0.6049293328124999 0.13831559531249998 0.587245975 0.1358303609375 0.5703272859374999 0.1920586609375 0.6127792765625 0.2588850421875
2 0.4597704546875 0.1607423546875 0.491337640625 0.160670675 0.510849084375 0.134109796875 0.51519824375 0.10316391875 0.49240105781250004 0.07291103125000001 0.4450861203125 0.08880214374999999 0.4388730359375 0.133010540625 0.4597704546875 0.1607423546875
2 0.10292506562499999 0.1015746890625 0.1312781890625 0.07625642656250001 0.137491275 0.03204803125 0.1102732484375 0.0011738359375 0.0635796171875 0.0126441078125 0.05809536093749999 0.09978244375 0.10292506562499999 0.1015746890625
2 0.269518965625 0.34363363593749996 0.29421591875 0.3764075984375 0.31632011718749997 0.379514140625 0.34529454843749996 0.34977504062500003 0.3521289421875 0.3011458046875 0.32491091562499996 0.2702716078125 0.2952434953125 0.2728643625 0.27068990312499996 0.30322477187499997 0.269518965625 0.34363363593749996
2 0.4331258703125 0.3824056421875 0.4665211421875 0.35328785156250003 0.47024899375 0.32676281406249996 0.436674521875 0.276962640625 0.41332770781250006 0.282697778125 0.391988178125 0.3383047671875 0.4331258703125 0.3824056421875
2 0.3246480078125 0.4325283765625 0.349344959375 0.4653023375 0.3890966765625 0.455110521875 0.4073296625 0.42160773125000006 0.3857034125 0.350945978125 0.3566573015625 0.3491178921875 0.32768286875 0.37885699375000004 0.3246480078125 0.4325283765625
2 0.330669865625 0.5821439328125 0.3585450390625 0.6243808828125 0.3945330640625 0.6249305125 0.42412880468749997 0.590770571875 0.4290992734375 0.5554038546875 0.396146109375 0.50118284375 0.362679159375 0.4987334484375 0.332462109375 0.5373142296875 0.330669865625 0.5821439328125
2 0.4828423359375 0.590005903125 0.51513835 0.6328641625 0.5561685234375 0.629614259375 0.5914277203125 0.5872339484375 0.5830639890625 0.5184361203125001 0.5584028765625 0.5014457515624999 0.52431461875 0.503417196875 0.4902980375 0.536955828125 0.4828423359375 0.590005903125
2 0.5898983828125 0.4698068859375 0.6235086937500001 0.53539065 0.6739660140625 0.5131789328125 0.69724115 0.47587660937500004 0.695855171875 0.42158391718750005 0.6604167750000001 0.3850462640625 0.6124805296875 0.4053582171875 0.5936262328125 0.44328184843749996 0.5898983828125 0.4698068859375
2 0.88130336875 0.625719234375 0.9285824671875 0.594044528125 0.939216390625 0.5504574421874999 0.9094056109374999 0.4899158234375 0.889201178125 0.48933035625 0.89548594375 0.4766891453125 0.8563913765625 0.49824371562499997 0.8369874515625 0.572155371875 0.88130336875 0.625719234375
2 0.8191128671874999 0.763494090625 0.8425672015625001 0.8051097328125 0.8785552265625001 0.8056593609375 0.90310881875 0.775298953125 0.9093219031249999 0.7310905562500001 0.8801682718749999 0.6819116921874999 0.8561643078125 0.676284075 0.8202838031249999 0.7230852265625 0.8191128671874999 0.763494090625
2 0.788525390625 0.916980859375 0.81764318125 0.9503761296875 0.844789528125 0.9496831421874999 0.8800487234375 0.90730283125 0.8830835859375 0.8536314468749999 0.8602864 0.8233785593749999 0.831861596875 0.8171296343750001 0.7921815609375 0.8588886359375 0.788525390625 0.916980859375
2 0.0536026015625 0.90160329375 0.0965683796875 0.9166580578125 0.1337631828125 0.8925824140625 0.13679804375 0.83891103125 0.12536361093749998 0.80800099375 0.0855402140625 0.786625625 0.046445646875 0.8081801953125 0.033947796875000005 0.8650298 0.0536026015625 0.90160329375
2 0.21152223593750002 0.6600701609375 0.24188264531249998 0.684623753125 0.28729781875 0.6662115656250001 0.304909496875 0.6371296140625 0.3029022109375 0.5872577625 0.27506287500000004 0.5608044046875 0.2365537765625 0.5621545421875 0.20509411093750002 0.609577 0.21152223593750002 0.6600701609375