2 0.88865286875 0.493511575 0.9278044640625 0.4727692859375 0.9559177484375001 0.4105340296875 0.9181116781249999 0.3559886609375 0.8759501421874999 0.3600000484375 0.8491739875000001 0.4362891515625 0.88865286875 0.493511575
2 0.766526525 0.41720848125 0.785931684375 0.4423062328125 0.8260847281249999 0.446994578125 0.8468326125000001 0.42658517187499995 0.8485138156250001 0.33992072812499996 0.7936383640625 0.3295425890625 0.7655278765625 0.3619973484375 0.766526525 0.41720848125
2 0.7501201140625 0.52796363125 0.776549396875 0.5821733171875 0.803652840625 0.5838489265625 0.8692421140625 0.5279748234375 0.8669035375 0.4884903453125 0.8170493125 0.45636287500000006 0.777564834375 0.45870145156250003 0.7568169499999999 0.47911085625 0.7501201140625 0.52796363125
2 0.6865337375 0.6346990015625 0.712632934375 0.6407244765625 0.7547972671875 0.6069325890624999 0.7608227421875 0.580833390625 0.732387765625 0.5055429375 0.6724882859375 0.5466946296875 0.6637829562500001 0.6042471390624999 0.6865337375 0.6346990015625
2 0.9609249890625 0.537687196875 0.987026984375 0.513932171875 0.9950609515625001 0.47913324062499996 0.969633115625 0.4503541875 0.9204418609375 0.48481464062499996 0.9294716781249999 0.5350073421875 0.9609249890625 0.537687196875
2 0.626357334375 0.061836984375 0.6641718 0.027040849999999998 0.58821558125 0.0186684046875 0.6012623828125 0.051461642187500004 0.626357334375 0.061836984375
2 0.486137778125 0.242514484375 0.5068800671875 0.2816660796875 0.552387221875 0.2830088046875 0.5774849718749999 0.2636036453125 0.588531675 0.215755115625 0.5748163109375 0.17593495625 0.5513941671875 0.168236671875 0.500530103125 0.2000200671875 0.486137778125 0.242514484375
2 0.49583056562500005 0.359295109375 0.518914228125 0.40815068437499996 0.5406635609375 0.4131719125 0.5838321375 0.375030159375 0.590528975 0.326177384375 0.57480511875 0.29505695625 0.527625153125 0.291037175 0.5005189109375 0.3191420671875 0.49583056562500005 0.359295109375
2 0.3767197578125 0.24016191875 0.4018119109375 0.2803177578125 0.4376150890625 0.2840018578125 0.469071196875 0.2569012125 0.48413488437499996 0.1916532171875 0.46171978593749996 0.149824565625 0.424243796875 0.14346341093749998 0.3854250859375 0.182609409375 0.3767197578125 0.24016191875
2 0.2562550328125 0.2856578796875 0.2920554109375 0.31912247968749996 0.3245129671875 0.3174524671875 0.34626509687499996 0.292693196875 0.3519576875 0.2481902875 0.3261969703125 0.201007525 0.2877167359375 0.198996234375 0.2522436453125 0.243496346875 0.2562550328125 0.2856578796875
2 0.17495029687500002 0.22107005625 0.1900055890625 0.24516356093749997 0.220454653125 0.25219328124999996 0.2475608953125 0.2240883890625 0.252249240625 0.183935346875 0.23217551875 0.15181067343750002 0.20774912968749998 0.14846225468750002 0.1816471328125 0.1722172796875 0.17495029687500002 0.22107005625
2 0.084618540625 0.076509028125 0.057503904687499996 0.1939554203125 0.070217821875 0.2083449453125 0.1123793578125 0.2043335578125 0.13413148749999998 0.17957428749999998 0.142836815625 0.12202177968750001 0.1160718515625 0.0791888828125 0.084618540625 0.076509028125
2 0.1578613296875 0.47370078437499996 0.18730335 0.5148608703125 0.217752415625 0.521890590625 0.2763119671875 0.496465553125 0.277993171875 0.40980111093750005 0.2502239625 0.3713180796875 0.2010355046875 0.37599803125000003 0.1675709046875 0.41179840937499995 0.1578613296875 0.47370078437499996
2 0.08590530468749999 0.6266118734375 0.10865608593750001 0.6570637359375 0.14479494375 0.649371046875 0.1916448234375 0.6052066171875 0.179605065625 0.5382830125 0.142129078125 0.53192185625 0.0905936515625 0.5864588296875 0.08590530468749999 0.6266118734375
2 0.0915755125 0.8203529640625 0.113322046875 0.8551546921875 0.16552324062499998 0.8374251421875 0.174561453125 0.7982763453125 0.155491975 0.76180180625 0.1364197 0.755107765625 0.0986052328125 0.7899039 0.0915755125 0.8203529640625
2 0.5637685765625 1 0.599838515625 0.9606032984375 0.6055311062500001 0.9161003875 0.5831160078125001 0.8742717359375 0.5446357734375 0.8722604468749999 0.512175421875 0.9037109593749999 0.505478584375 0.9525637343750001 0.5295664921875 0.9970694437500001 0.5422601265625 1 0.5637685765625 1
2 0.72495959375 1 0.7039024234375 0.966301484375 0.6717805484375 0.9565947078124999 0.64768704375 0.9716500015625 0.640230675 1 0.72495959375 1
2 1 0.328597534375 0.97968116875 0.347294525 0.9666259734375 0.4038427875 1 0.451750290625 1 0.328597534375
2 0.503125 0.6875 0.2296875 0.2421875
2 0.890625 0.8171875 0.1359375 0.2015625
2 0.9140625 0.15390625 0.153125 0.1625