2 0.2765625 0.228125 0.2328125 0.2390625
2 0.0609375 0.4296875 0.121875 0.15625
2 0.07265625 0.60078125 0.1453125 0.1859375
2 0.1765625 0.3984375 0.1453125 0.1671875
2 0.246875 0.53515625 0.1421875 0.1578125
2 0.58515625 0.59296875 0.1796875 0.19375
2 0.52265625 0.80546875 0.1296875 0.1421875
2 0.3578125 0.5390625 0.175 0.18125
2 0.478125 0.09765625 0.1359375 0.15
2 0.72890625 0.5546875 0.175 0.1984375
2 0.68671875 0.71328125 0.1640625 0.1828125
2 0.640625 0.81796875 0.165625 0.1828125
2 0.628125 0.9265625 0.159375 0.146875
2 0.58125 0.12421875 0.18125 0.196875
2 0.6671875 0.20859375 0.165625 0.190625
2 0.759375 0.1296875 0.1421875 0.1609375
2 0.3328125 0.10703125 0.1765625 0.18125
2 0.94140625 0.5421875 0.1171875 0.2
2 0.82265625 0.7125 0.175 0.1921875
2 0.77890625 0.84921875 0.184375 0.178125
2 0.91953125 0.7796875 0.1609375 0.16875
2 0.36640625 0.41640625 0.15 0.171875
2 0.8625 0.3640625 0.2078125 0.203125