2 0.4530380015625 0.1191833359375 0.500883209375 0.1688230828125 0.5607201500000001 0.133432003125 0.5819573671875 0.0792374046875 0.5904317640625 0.066048640625 0.5708763625 0.03150106875 0.5306178859374999 0.0028538828125 0.47878909218750004 0.0196860984375 0.45589311875 0.0640370296875 0.4530380015625 0.1191833359375
2 0.6169949203125 0.1249614625 0.6574980546875 0.107000778125 0.67351435 0.06988305 0.6653973328125 0.0277211609375 0.6156487140625 0.014845614062500002 0.5907404578125 0.035239998437499996 0.585873059375 0.066429753125 0.591202853125 0.11007363437499999 0.6169949203125 0.1249614625
2 0.6973351140624999 0.175199390625 0.6962745375 0.1328607390625 0.664731259375 0.1138804578125 0.615866453125 0.136287121875 0.5946292343749999 0.1904817203125 0.6355947625 0.2473546734375 0.682977575 0.22216078437500003 0.6973351140624999 0.175199390625
2 0.7479944609375 0.055307770312500004 0.7293677046875 0.100963934375 0.7640517328125 0.13257510625 0.8163019437499999 0.0761914625 0.7479944609375 0.055307770312500004
2 0.9118155953124999 0.16841451875 0.96180886875 0.1346821953125 0.9642425687499999 0.11908731875 0.8846094265625 0.09707515625 0.8856700015625 0.13941380781249998 0.9118155953124999 0.16841451875
2 0.3357845484375 0 0.33434274375 0.0035340171875 0.36250061875 0.056491278125 0.416763109375 0.024064184375 0.40609210312500005 0 0.3357845484375 0
2 0.147996975 0 0.1246617671875 0.0327934453125 0.15483192343750002 0.10970725625 0.21763285 0.079890625 0.2461032734375 0.0325757046875 0.2118536046875 0 0.147996975 0
2 0.18740886406249999 0.3390755640625 0.249856265625 0.29514604843750003 0.26160334218750003 0.256723090625 0.24755834999999998 0.2034123046875 0.21322784687500002 0.185914015625 0.1630578109375 0.21258989687500002 0.13659966875000001 0.2838613671875 0.157524340625 0.3299389484375 0.18740886406249999 0.3390755640625
2 0.3357299296875 0.2280349265625 0.330930421875 0.20556037031250002 0.29659991875 0.1880620828125 0.2595910609375 0.2327665390625 0.2593464046875 0.279374409375 0.295335665625 0.3067163640625 0.32042068281249997 0.2933784234375 0.3357299296875 0.2280349265625
2 0.3833573953125 0.15623316874999998 0.423085584375 0.16371103125 0.441535578125 0.11099842499999998 0.40275909531250004 0.0851384625 0.374288671875 0.13245338281250002 0.3833573953125 0.15623316874999998
2 0.47636945468749997 0.3177154140625 0.4903734703125 0.2566411359375 0.45847666406250004 0.2235479703125 0.43060442343750005 0.23836790468750002 0.40640321718749994 0.2869880546875 0.4089457859375 0.33211392968750003 0.44867397656249997 0.3395917890625 0.47636945468749997 0.3177154140625
2 0.4279939609375 0.246906340625 0.432154309375 0.1874908171875 0.40618547656250004 0.1655465484375 0.34747700625 0.18961196875 0.33287481093750004 0.28318123281249996 0.3491767390625 0.3138406984375 0.388728165625 0.314262115625 0.4279939609375 0.246906340625
2 0.345437809375 0.33370479375 0.3077219 0.3501834828125 0.29336436093749996 0.397144878125 0.33101237656250004 0.4343304984375 0.362977075 0.413759353125 0.3747241515625 0.37533639375 0.345437809375 0.33370479375
2 0.28800765156249997 0.5215503703125 0.3003529109375 0.4506324265625 0.267150875 0.421808478125 0.2127116203125 0.447179128125 0.19835408125 0.4941405234375 0.219278753125 0.5402181046875 0.2504685078125 0.5450855015625 0.28800765156249997 0.5215503703125
2 0.1617256640625 0.384908490625 0.10598117968750001 0.4145483578125 0.0998085515625 0.45000732968749996 0.11741570781249999 0.4763975796875 0.1789114046875 0.450850165625 0.1919637125 0.4081579890625 0.1617256640625 0.384908490625
2 0.4618082375 0.5256697406249999 0.49934738437500004 0.5021346078125 0.519279371875 0.452209228125 0.5124675859375001 0.40577812187499995 0.46663465937500004 0.3800949234375 0.423697828125 0.4136504828125 0.4067298265625 0.46915031406249996 0.4131880875 0.5014685359375 0.4618082375 0.5256697406249999
2 0.553106503125 0.280488815625 0.5220256187500001 0.3363421703125 0.55279395625 0.3807609953125 0.5834534234375 0.3644590671875 0.59389526875 0.330305328125 0.577239815625 0.2855329765625 0.553106503125 0.280488815625
2 0.2404071 0.425302753125 0.2835206953125 0.398803634375 0.2939625421875 0.36464989375 0.2815763078125 0.321182771875 0.2557842375 0.3062949453125 0.20857818749999998 0.3385452765625 0.193867125 0.3713937875 0.206253359375 0.41486090625000005 0.2404071 0.425302753125
2 0.4696806015625 0.6144395 0.45006116093750004 0.5640927 0.4173894140625 0.556438078125 0.389517171875 0.5712580109375 0.3708904140625 0.616914175 0.394779071875 0.6685662046874999 0.4425154078125 0.6574852 0.4696806015625 0.6144395
2 0.11827260625 0.6797291624999999 0.1058863703125 0.6362620437500001 0.06598141874999999 0.6217277421875 0.039767932812500004 0.64639134375 0.025763918749999996 0.7074656218750001 0.059496242187500006 0.7574588953125 0.099999375 0.7394982109375 0.11827260625 0.6797291624999999
2 0 0.7368780578125 0.0231534578125 0.71600405625 0.0243498171875 0.6510140843750001 0 0.640823046875 0 0.7368780578125
2 0.11041430625 0.8733938437500001 0.12738230625 0.8178940140625001 0.1053291671875 0.7831420921875 0.042351478125 0.8059022828125 0.036532375 0.8554741375000001 0.0571035203125 0.8874388359375001 0.0882932734375 0.8923062328125001 0.11041430625 0.8733938437500001
2 0.17582569374999998 0.8350387781249999 0.22320850781249998 0.8098448890625001 0.23626081562499998 0.7671527140625 0.21960536249999998 0.7223803640625001 0.19120283124999998 0.716030971875 0.159061371875 0.729545675 0.13782415312500002 0.7837402734375 0.1472464015625 0.8216329453125001 0.17582569374999998 0.8350387781249999
2 0.86654108125 0.7287695234375 0.92898848125 0.684840009375 0.942040790625 0.64214783125 0.9326185421875 0.6042551609375 0.885480384375 0.58284118125 0.8490697062500001 0.595050653125 0.8219045156250001 0.6380963546875 0.829246590625 0.7056967859375 0.86654108125 0.7287695234375
2 0.69596573125 1 0.7135703578125 0.9924414203125 0.7308918828125 0.951054475 0.7016055390625 0.9094228734375 0.66388963125 0.9259015640625 0.650483796875 0.95448085625 0.6746867546875001 1 0.69596573125 1