0 0.6703125 0.09375 0.1515625 0.1703125
0 0.4375 0.18046875 0.0765625 0.09375
0 0.82734375 0.51640625 0.1234375 0.1578125
0 0.7015625 0.55 0.10625 0.13125
0 0.890625 0.890625 0.0921875 0.10625
0 0.8796875 0.984375 0.078125 0.03125
0 0.70703125 0.93515625 0.1234375 0.1296875
0 0.58828125 0.8078125 0.0859375 0.1125
0 0.55234375 0.93125 0.1328125 0.1375
0 0.45625 0.81953125 0.0671875 0.084375
0 0.36328125 0.71796875 0.084375 0.1078125
0 0.31796875 0.63203125 0.09375 0.1140625
0 0.23828125 0.63046875 0.0609375 0.078125
0 0.2171875 0.79921875 0.075 0.0921875
0 0.08671875 0.4875 0.0765625 0.10625
0 0.36015625 0.50546875 0.0671875 0.06875