2 0.9328125 0.57109375 0.134375 0.1734375
2 0.97421875 0.52578125 0.0515625 0.1609375
2 0.63203125 0.68046875 0.153125 0.1515625
2 0.60234375 0.928125 0.1453125 0.14375
2 0.54375 0.73515625 0.1375 0.15625
2 0.5046875 0.48125 0.171875 0.2
2 0.4578125 0.34921875 0.153125 0.171875
2 0.59921875 0.09609375 0.1296875 0.1484375
2 0.475 0.02578125 0.128125 0.0515625
2 0.28671875 0.0984375 0.146875 0.134375
2 0.32578125 0.340625 0.134375 0.15
2 0.2109375 0.28359375 0.146875 0.190625
2 0.44765625 0.75625 0.1375 0.15
2 0.2984375 0.43125 0.1203125 0.140625
2 0.20546875 0.4484375 0.1125 0.1390625
2 0.4578125 0.9546875 0.140625 0.090625
2 0.171875 0.69296875 0.1375 0.16875
2 0.35859375 0.9765625 0.1546875 0.046875
2 0.26328125 0.9828125 0.1359375 0.034375
2 0.09453125 0.75390625 0.103125 0.1390625
2 0.0390625 0.63046875 0.078125 0.1234375
2 0.04140625 0.33125 0.0828125 0.171875
2 0.92890625 0.45234375 0.134375 0.146875
2 0.92421875 0.30859375 0.1015625 0.13125
2 0.94296875 0.840625 0.1140625 0.0875
2 0.78125 0.82421875 0.2109375 0.2375
2 0.6328125 0.46640625 0.19375 0.2203125