0 0.590625 0.8296875 0.06484375 0.078125
0 0.65625 0.725 0.0609375 0.06796875
0 0.5875 0.68125 0.0578125 0.0828125
0 0.93125 0.796875 0.05546875 0.0546875
0 0.9640625 0.72578125 0.071875 0.1265625
0 0.36328125 0.73515625 0.05546875 0.09765625
0 0.2203125 0.83515625 0.11875 0.11640625
0 0.06328125 0.81015625 0.08828125 0.12265625
0 0.5859375 0.421875 0.0609375 0.08515625
0 0.4765625 0.490625 0.0890625 0.1140625
0 0.38046875 0.41171875 0.0609375 0.07734375
0 0.25 0.39453125 0.15859375 0.209375
0 0.0359375 0.32109375 0.07109375 0.10703125
0 0.0609375 0.20703125 0.05078125 0.0609375
0 0.053125 0.0796875 0.0625 0.07578125
0 0.33203125 0.11875 0.0515625 0.07890625
0 0.72265625 0.03125 0.0703125 0.0625
0 0.79609375 0.03515625 0.09453125 0.06953125
0 0.884375 0.0453125 0.0703125 0.08984375