2 0.0390625 0.3015625 0.0765625 0.16328125
2 0.12734375 0.30625 0.1234375 0.1734375
2 0.315625 0.1765625 0.16796875 0.1984375
2 0.46953125 0.04765625 0.1390625 0.0953125
2 0.4609375 0.1515625 0.15 0.15078125
2 0.48984375 0.70703125 0.13125 0.17109375
2 0.55078125 0.81875 0.1234375 0.14765625
2 0.865625 0.21328125 0.12734375 0.15390625
2 0.94765625 0.4390625 0.1046875 0.121875
2 0.93984375 0.67421875 0.10546875 0.13828125
2 0.28984375 0.43515625 0.1359375 0.2203125
2 0.83515625 0.87890625 0.16796875 0.21015625
2 0.58046875 0.046875 0.11640625 0.09375