2 0.74140625 0.771875 0.084375 0.11796875
2 0.871875 0.75234375 0.06953125 0.10234375
2 0.90625 0.59921875 0.08671875 0.134375
2 0.81875 0.48984375 0.07890625 0.103125
2 0.7375 0.55234375 0.090625 0.12109375
2 0.66640625 0.61640625 0.08046875 0.11484375
2 0.52421875 0.696875 0.1015625 0.128125
2 0.6703125 0.8578125 0.10390625 0.146875
2 0.52265625 0.83984375 0.07109375 0.10234375
2 0.453125 0.74140625 0.075 0.103125
2 0.4265625 0.8578125 0.11640625 0.1296875
2 0.3828125 0.94765625 0.1125 0.1046875
2 0.265625 0.76328125 0.075 0.10625
2 0.2890625 0.640625 0.10390625 0.10390625
2 0.39508928593750003 0.49553571406249997 0.36607142812500004 0.515625 0.35267857187499996 0.578125 0.3727678578125 0.6116071421875 0.40625 0.6227678578125 0.4375 0.6004464281249999 0.45089285781250005 0.546875 0.421875 0.5 0.39508928593750003 0.49553571406249997
2 0.1272321421875 0.5 0.0982142859375 0.5245535718750001 0.0892857140625 0.5691964281249999 0.102678571875 0.609375 0.147321428125 0.6272321421875 0.178571428125 0.6049107140625 0.1875 0.5513392859375 0.1540178578125 0.5044642859375 0.1272321421875 0.5
2 0.7767857140625 0.359375 0.7767857140625 0.39955357187499996 0.8348214281249999 0.421875 0.8571428578125 0.38616071406249997 0.8526785718750001 0.3459821421875 0.8102678578125 0.32142857187499996 0.7767857140625 0.359375
2 0.765625 0.2142857140625 0.7366071421875 0.25669642812500004 0.7366071421875 0.28794642812500004 0.7566964281249999 0.3125 0.7946428578125 0.31919642812500004 0.8214285718750001 0.28794642812500004 0.8214285718750001 0.2522321421875 0.8013392859374999 0.21875 0.765625 0.2142857140625
2 0.5736607140625 0 0.5625 0.055803571875 0.6071428578125 0.100446428125 0.6339285718750001 0.0736607140625 0.6428571421875 0.0290178578125 0.6272321421875 0 0.5736607140625 0
2 0.46875 0.0736607140625 0.484375 0.102678571875 0.5089285718750001 0.10491071406250001 0.5357142859375 0.046875 0.5022321421875 0.0133928578125 0.47321428593750003 0.0334821421875 0.46875 0.0736607140625
2 0.3727678578125 0.15625 0.34375 0.180803571875 0.33928571406249997 0.22544642812500001 0.35267857187499996 0.26116071406249997 0.38392857187499996 0.27455357187499996 0.41964285781250005 0.2388392859375 0.41964285781250005 0.1897321421875 0.39955357187499996 0.16071428593749998 0.3727678578125 0.15625
2 0 0.162946428125 0.022321428125 0.16741071406250002 0.0446428578125 0.14508928593749998 0.0446428578125 0.11383928593749999 0.006696428124999999 0.09375 0 0.162946428125
2 0.09375 0.0513392859375 0.125 0.0736607140625 0.16071428593749998 0.055803571875 0.16741071406250002 0 0.09375 0.0022321421875000002 0.09375 0.0513392859375
2 0.7296875 0.04140625 0.05859375 0.08203125
2 0.66953125 0.01640625 0.084375 0.03203125
2 0.9125 0.08203125 0.175 0.1640625