2 0.0991405265625 1 0.112901840625 0.9533751531249999 0.10040399062500001 0.896525546875 0.053782042187500004 0.8534880875 0.0687294296875 1 0.0991405265625 1
2 0.4192899109375 0.8719957687500001 0.47040437968750004 0.8828447328125 0.47182619687500005 0.8127684484375 0.439088075 0.772287903125 0.3973649140625 0.796184346875 0.39473631875000004 0.8416353593749999 0.4192899109375 0.8719957687500001
2 0.264524684375 0.9095251578125 0.29605603125 0.9253804296875 0.32013167343750004 0.888185628125 0.31516120625 0.8528189109375001 0.29561392343750004 0.842041628125 0.271609959375 0.8476692437500001 0.25637599375 0.8836214281249999 0.264524684375 0.9095251578125
2 0.5990508375 0.9481655906249999 0.6286465765625 0.9823255296875001 0.672854971875 0.9761124453125 0.6931310859375001 0.9439597921875 0.6838114578125001 0.8776471984375 0.6529372609374999 0.850429171875 0.619470309375 0.8528785640625 0.59221644375 0.8995363546874999 0.5990508375 0.9481655906249999
2 0.544793984375 0.9309960203125 0.567519490625 0.9323103171874999 0.5884169125 0.904578503125 0.58344644375 0.8692117859374999 0.548772715625 0.8470359078125 0.5241116046875 0.864026278125 0.519619084375 0.896214771875 0.544793984375 0.9309960203125
2 0.5903883578125 0.87049024375 0.626483903125 0.8225898375 0.6114291390625 0.7796240578125 0.587461015625 0.76946808125 0.546980471875 0.8022062046875 0.5569930875 0.84137245 0.5903883578125 0.87049024375
2 0.562250275 0.7504704249999999 0.6032446078125 0.7695039218749999 0.6373687078125 0.7556917734375 0.64562491875 0.734244725 0.6356123046875 0.6950784765625 0.6104015625 0.6760808203125 0.570578165625 0.697456190625 0.5585224249999999 0.7239453874999999 0.562250275 0.7504704249999999
2 0.6852332750000001 0.8075709124999999 0.7207075125 0.755249665625 0.69121929375 0.673738946875 0.66655818125 0.6907293171875 0.651909684375 0.7468859359375 0.6852332750000001 0.8075709124999999
2 0.8094230515625 0.8892966703124999 0.8284565468749999 0.8483023375000001 0.82417906875 0.7857892750000001 0.800282625 0.7440661125 0.757245165625 0.7906880625 0.7828980140625 0.893024521875 0.8094230515625 0.8892966703124999
2 0.8477409234375 0.6968228562500001 0.8767153562500001 0.7265619546875 0.919095665625 0.691302759375 0.9072191249999999 0.6388739921875 0.8820083828125 0.6198763375 0.8618039515625 0.62046180625 0.842149146875 0.6570352984375 0.8477409234375 0.6968228562500001
2 1 0.47999634375 0.9861250609375001 0.3663112765625 0.9532435781249999 0.3889651015625 0.94812975 0.41673275624999995 0.9638058234375 0.464119375 1 0.4875473296875 1 0.47999634375
2 0.867825809375 0.470846246875 0.898150378125 0.46207624843749995 0.9019857484375 0.441250509375 0.8711832328125 0.382465296875 0.8389230578125 0.40953996249999997 0.8394726859375 0.44552798749999994 0.867825809375 0.470846246875
2 0.9494678609375 0.1054817390625 0.912201378125 0.11297328124999999 0.9001456375 0.13946247812499998 0.9126434874999999 0.196312084375 0.9454174484375001 0.2210090375 0.9650005734375 0.21600272812500002 0.9494678609375 0.1054817390625
2 0.7160954453125 0.562047021875 0.750112025 0.595585653125 0.7892782734375 0.5855730359375 0.81086868125 0.5306948765625 0.8002347578125001 0.4871077890625 0.7605188828125 0.46113237968750004 0.7150320296875 0.474287378125 0.69917675625 0.5058187234375 0.7160954453125 0.562047021875
2 0.5941758609375001 0.592706178125 0.6319919734375 0.6212026609375 0.6661519124999999 0.591606921875 0.6706444328125001 0.5594184265625 0.6606318156250001 0.520252178125 0.6354210765625 0.5012545234375 0.6114171125000001 0.5068821390625 0.588584084375 0.5529186203124999 0.5941758609375001 0.592706178125
2 0.5776634406250001 0.6356002765625 0.572692971875 0.600233559375 0.5474822328125 0.5812359046875 0.5196428984375 0.6076892609375 0.5473030328124999 0.6601538687499999 0.5776634406250001 0.6356002765625
2 0.5547108671875 0.45624561874999997 0.5756799671875 0.39694661875000004 0.5359640906250001 0.370971209375 0.5037039171875 0.398045875 0.5080530765625 0.42899175312500004 0.5547108671875 0.45624561874999997
2 0.6920794546875 0.2949327203125 0.7147691218750001 0.3120306109375 0.7483077515625001 0.2780140296875 0.743337284375 0.2426473140625 0.7231686921875 0.22744918906249997 0.7029642609375 0.2280346578125 0.686487678125 0.25514516249999997 0.6920794546875 0.2949327203125
2 0.7105991625 0.20216676875 0.75849956875 0.23826231406249998 0.793902125 0.21750825312500002 0.8035801546875 0.12598491875 0.7910106234375001 0.10070249843750001 0.72217695625 0.108122359375 0.6987226203125 0.14973800312500002 0.7105991625 0.20216676875
2 0.555547215625 0.3659649015625 0.58145094375 0.3578162109375 0.5960636 0.3174431859375 0.563325478125 0.276962640625 0.522223625 0.305279925 0.5278153999999999 0.3450674796875 0.555547215625 0.3659649015625
2 0.46288878437500003 0.300094415625 0.49442013124999995 0.3159496890625 0.5247805390625 0.291396096875 0.53245128125 0.2497446140625 0.495913628125 0.21430621875 0.46748882500000005 0.22055514375000002 0.452254859375 0.256507328125 0.46288878437500003 0.300094415625
2 0.46519481718750005 0.3966957375 0.500561534375 0.39172526875 0.5026046609375 0.326069825 0.4476906609375 0.3202630078125 0.41860870937500005 0.33787468593750003 0.42675739999999995 0.3637784140625 0.46519481718750005 0.3966957375
2 0.3582224796875 0.5176714515625 0.4099224171875 0.5487248499999999 0.45672356562500005 0.51284434375 0.4675725328125 0.46172987499999996 0.4399482375 0.393481675 0.4014749796875 0.3763479453125 0.3553309765625 0.40086569687500007 0.34316771562500004 0.4747056734375 0.3582224796875 0.5176714515625
2 0.3813184125 0.6338917375 0.41485704375 0.599875159375 0.410507884375 0.5689292828125 0.3846758359375 0.5455107875 0.3467522046875 0.56436508125 0.358628746875 0.616793846875 0.3813184125 0.6338917375
2 0.343251421875 0.7158804046875 0.35468585468749997 0.6849703671875 0.3358315609375 0.6470467375 0.29472970625 0.6753640203125 0.3217685328125 0.7234077875 0.343251421875 0.7158804046875
2 0.264524684375 0.9095251578125 0.29605603125 0.9253804296875 0.32013167343750004 0.888185628125 0.31516120625 0.8528189109375001 0.29561392343750004 0.842041628125 0.271609959375 0.8476692437500001 0.25637599375 0.8836214281249999 0.264524684375 0.9095251578125
2 0.260820646875 0.5944746109375 0.33593907968750003 0.599695959375 0.327204921875 0.553587796875 0.2856251203125 0.51434986875 0.2660419953125 0.5193561765625 0.25080803125 0.5553083625 0.260820646875 0.5944746109375
2 0.255921859375 0.5275407078125001 0.2509513921875 0.492173990625 0.2263619609375 0.4775971734375 0.18774534062499998 0.523597815625 0.231846215625 0.5647355093749999 0.255921859375 0.5275407078125001
2 0.15745661093750002 0.516584221875 0.18398165 0.5128563703125 0.2118568234375 0.47061942187500005 0.1917599109375 0.42385411093750003 0.17597631875 0.423818271875 0.14050208125000002 0.47613951718749997 0.15745661093750002 0.516584221875
2 0.11967634062500002 0.472304146875 0.1570145046875 0.43324541875 0.1526653453125 0.40229954062499995 0.12241245468749999 0.3795023546875 0.097787184375 0.38070913281249996 0.090773590625 0.410997859375 0.11967634062500002 0.472304146875
2 0.14580713750000002 0.6421958171875 0.1830019390625 0.666271459375 0.2134340296875 0.61015068125 0.1844954375 0.5646279890625 0.1472289546875 0.57211953125 0.13579452187500002 0.60302956875 0.14580713750000002 0.6421958171875
2 0.3541958796875 0.34467324062500004 0.3864918953125 0.3018149796875 0.3802788109375 0.257606584375 0.35506806874999997 0.23860892812499998 0.3253648078125 0.25179976718749997 0.3138945359375 0.2984933984375 0.3541958796875 0.34467324062500004
2 0.35258283437500004 0.2209255703125 0.38915632968749997 0.240580375 0.4239375765625 0.21540547499999999 0.42905140625 0.1876378203125 0.39064982656249997 0.138936903125 0.3622250234375 0.1451858296875 0.34381283749999997 0.19060100156249998 0.35258283437500004 0.2209255703125
2 0.35601193750000004 0.1009774328125 0.3875791234375 0.10104911406249999 0.4084765453125 0.0733172984375 0.40861990625000005 0.0101829265625 0.32462395312500003 0.0219877890625 0.3320796546875 0.0750378640625 0.35601193750000004 0.1009774328125
2 0.27077337031250004 0.10394061562500001 0.3156389140625 0.0863647765625 0.3069405953125 0.024473021875 0.24124930937500003 0.0382134890625 0.24746239375 0.0824218859375 0.27077337031250004 0.10394061562500001
2 0.625503953125 0.1419955796875 0.6481936187499999 0.1590934703125 0.6740973484375 0.150944778125 0.6899526218750001 0.119413434375 0.6591501046875 0.060628221875 0.6307253015625001 0.066877146875 0.614248721875 0.093987653125 0.625503953125 0.1419955796875
2 0.6560688578125 0 0.6472735640625 0.0081994546875 0.6579074874999999 0.05178654218749999 0.6900601421875 0.07206265625 0.7273983046875 0.0330039265625 0.7193463484375 0 0.6560688578125 0
2 0.7421539359375 0 0.7590013296875 0.017292015625 0.7994101953125 0.016121078125 0.8023791328125001 0 0.7421539359375 0