0 0.69375 0.7640625 0.1203125 0.1375
0 0.58359375 0.41875 0.153125 0.1828125
0 0.36796875 0.446875 0.0796875 0.0859375
0 0.42578125 0.5171875 0.19375 0.215625
0 0.32578125 0.64140625 0.190625 0.2
0 0.1625 0.84453125 0.13125 0.1453125
0 0.1484375 0.7390625 0.215625 0.2125
0 0.12578125 0.17890625 0.15625 0.1546875
0 0.45234375 0.8046875 0.228125 0.25
0 0.50703125 0.728125 0.1015625 0.109375
0 0.934375 0.8109375 0.13125 0.121875
0 0.33203125 0.96015625 0.1921875 0.0796875
0 0.86484375 0.2 0.159375 0.209375