1 0.41640625 0.075 0.1515625 0.15
1 0.4546875 0.17890625 0.128125 0.1265625
1 0.47578125 0.29140625 0.1578125 0.1421875
1 0.61640625 0.43671875 0.203125 0.2328125
1 0.86875 0.28359375 0.1421875 0.1765625
1 0.6484375 0.08828125 0.121875 0.11875
1 0.76484375 0.06640625 0.125 0.09375
1 0.12109375 0.465625 0.13125 0.165625
1 0.23828125 0.6015625 0.1125 0.1546875
1 0.0359375 0.69375 0.071875 0.153125
1 0.25390625 0.821875 0.0828125 0.1046875
1 0.43984375 0.678125 0.128125 0.1609375
1 0.4671875 0.89296875 0.1296875 0.15
1 0.73359375 0.921875 0.1609375 0.146875