2 0.46776266250000004 1 0.46695607656250004 0.9704785906250001 0.40649022031250004 0.928350646875 0.3740710734375 0.9306486640625 0.36320556718749997 0.9464803703125 0.3784655609375 1 0.46776266250000004 1
2 0.375663365625 1 0.3655035828125 0.978899515625 0.32258909375 0.9588881593749999 0.31292238906250003 1 0.375663365625 1
2 0.2887129453125 1 0.3082842640625 0.9522177078125 0.299123009375 0.9270473703125001 0.260403575 0.9055091390625 0.22933392656249998 0.9571993125 0.2415489328125 0.9907597640624999 0.258347084375 1 0.2887129453125 1
2 0.27598086875 0.7003061359375 0.25233740625 0.7136624453125 0.236521109375 0.7550500609374999 0.2578973671875 0.81378085 0.2979508921875 0.8324581140625 0.3391303140625 0.78896526875 0.3204222359375 0.7245125484375 0.27598086875 0.7003061359375
2 0.36962160625 0.7161070281249999 0.34425848281250004 0.718212259375 0.356296109375 0.796969809375 0.39062770156250004 0.8129788937500001 0.41388559375 0.785510540625 0.411587575 0.7530913953125 0.36962160625 0.7161070281249999
2 0.2262031421875 0.6875435890625 0.1958738203125 0.6629516062499999 0.1523963828125 0.67402530625 0.133911903125 0.7211348531249999 0.159097646875 0.7642267203124999 0.1919023640625 0.7760407500000001 0.22679690625 0.7609647765625 0.2357499671875 0.7268259718750001 0.2262031421875 0.6875435890625
2 0.3808418703125 0.6098811234375 0.3451915953125 0.648986128125 0.3474896140625 0.6814052734375 0.40395319687500003 0.7321161140625 0.4317763109375 0.6649798031249999 0.412312496875 0.6245561171875 0.3808418703125 0.6098811234375
2 0.5256098312499999 0.6878367203125 0.4514175015625 0.6602063921875 0.428737965625 0.7088428140625 0.43714348437500006 0.758042184375 0.50427979375 0.7858652968750001 0.523920984375 0.781091884375 0.5412641578125 0.743899328125 0.5256098312499999 0.6878367203125
2 0.6286200140625 0.78811709375 0.5841786484375 0.7639106828125 0.5479500171875 0.78184761875 0.5363287734375 0.8217083578125 0.569148896875 0.8857755078125 0.59775855625 0.8991164109374999 0.63684815625 0.8825135640624999 0.651137578125 0.8369308953125 0.6286200140625 0.78811709375
2 0.5836657656249999 1 0.6521323171875 0.9767172515625001 0.634002596875 0.9334325968750001 0.5968100375 0.916089421875 0.5449424859375 0.9302168749999999 0.5517592390625 1 0.5836657656249999 1
2 0.733720021875 0.8615074703125 0.6971058203125 0.8653323625 0.68090395 0.8926079328125001 0.699612028125 0.957060653125 0.7793180984375 0.928050015625 0.7682443984375 0.8845725765625 0.733720021875 0.8615074703125
2 0.5528699953125 0.651785465625 0.5267511375 0.67791973125 0.5652931921875 0.7446550609375 0.584934384375 0.73988165 0.5954143203125 0.7099378984375 0.5528699953125 0.651785465625
2 0.6533585625 0.608084428125 0.613112253125 0.5823511406249999 0.5810786765625 0.598761203125 0.563735503125 0.6359537609375 0.6038044328125001 0.7068841484374999 0.6236384109374999 0.7091667578124999 0.6638693140624999 0.6826469234375 0.6659591375 0.6557569234375 0.6533585625 0.608084428125
2 0.5884740500000001 0.45592109531249997 0.545559559375 0.4359097390625 0.500940815625 0.456900428125 0.4881782671875 0.5066781546875 0.52557901875 0.583330475 0.5683007234375 0.5962858078125 0.6001415125 0.5728197234375 0.616713546875 0.5074030765625 0.5884740500000001 0.45592109531249997
2 0.7029126906250001 0.5092847093749999 0.6741102437500001 0.48888778281249995 0.64474485 0.4995759125 0.630455428125 0.5451585828125001 0.6400022515625 0.584440965625 0.67586071875 0.60464510625 0.7107552593750001 0.5895691359375 0.718181446875 0.5512352734375 0.7029126906250001 0.5092847093749999
2 0.8776244015625 0.5977202421875 0.8263197984374999 0.5807626390625 0.7607257734374999 0.6093877062499999 0.7437681671874999 0.6606923078125 0.768198178125 0.7278132109375 0.8368613625 0.759831378125 0.900735728125 0.7199552328125 0.9039514499999999 0.6308951234375 0.8776244015625 0.5977202421875
2 1 0.8052410999999999 0.9976384078124999 0.80345538125 0.9766631265625 0.8110897593749999 0.972290690625 0.8578137359375001 1 0.8455843421875 1 0.8052410999999999
2 0.9175467656249999 0.818353975 0.896571484375 0.8259883531250001 0.8883895640624999 0.88835125 0.9625664875 0.863728453125 0.9593199515625 0.8482823187499999 0.9175467656249999 0.818353975
2 1 0.42743048281249996 0.9969522046874999 0.41651545937499995 0.973871690625 0.3987867140625 0.9288673765625 0.4056653578125 0.9141923828125 0.43713598437499995 0.9222123312500001 0.4722233109375 0.9851535828125 0.501573296875 1 0.485892821875 1 0.42743048281249996
2 0.8156170859375 0 0.8042265234375 0.030585681250000003 0.833607325 0.072150675 0.8648851640625 0.079769646875 0.8759434578124999 0.0709939625 0.848632234375 0 0.8156170859375 0
2 0.9108996265625 0.26493048125 0.8866932140625 0.309371846875 0.9061570281250001 0.3497955359375 0.9332398109375 0.3589413828125 0.9675559968749999 0.32269734375 0.9435115578125 0.26968848749999996 0.9108996265625 0.26493048125
2 0.5400229046875 0 0.5410484656250001 0.012355615625 0.584155740625 0.0394229921875 0.6079919890625 0.0331227046875 0.62845684375 0 0.5400229046875 0
2 0.318695071875 0.0410269015625 0.34540769375 0.0883138265625 0.3911677421875 0.05740615 0.3772330765625 0.012594620312499999 0.318695071875 0.0410269015625
2 0.2597714984375 0.0553471375 0.2546279234375 0.0738470234375 0.2714235546875 0.11999264218750001 0.2969794625 0.124943434375 0.3271005921875 0.090226271875 0.3017220609375 0.04007838125 0.2597714984375 0.0553471375
2 0.2321873921875 0.2862988359375 0.1808827890625 0.2693412296875 0.1530442703125 0.284224415625 0.13380405625 0.355362996875 0.1750142921875 0.4163763953125 0.221931053125 0.42780485312499994 0.25377184375 0.40433876875 0.2634806390625 0.3461709296875 0.2321873921875 0.2862988359375
2 0.2490138375 0.43695069999999997 0.2205969625 0.43066581875 0.1870365109375 0.4428808234375 0.1742739640625 0.49265855 0.192596471875 0.5429992265625 0.234176871875 0.565871546875 0.27326646875 0.5492687015625 0.2814483890625 0.4869058046875 0.2490138375 0.43695069999999997
2 0 0.5881634906250001 0.0232827484375 0.6521323171875 0.049787178125 0.6401100984375 0.0594959734375 0.581942259375 0.0400321609375 0.5415185703125001 0 0.5258110609375 0 0.5881634906250001
2 0 0.5082469109375001 0.0495635796875 0.52854783125 0.0712945953125 0.4968844203125 0.0625035046875 0.4335730046875 0.027979128125000002 0.4105078984375 0 0.42069146718750006 0 0.5082469109375001
2 0 0.4152277515625 0.0096720265625 0.41242034375000003 0.028542078125 0.3794228421875 0 0.3463241375 0 0.4152277515625
2 0.1000354125 0.30826885625 0.071248375 0.340125053125 0.107877984375 0.3885532828125 0.13533093125 0.359558053125 0.1257841078125 0.3202756703125 0.1000354125 0.30826885625
2 0 0.297282159375 0.003726496875 0.29818989687499997 0.0258430828125 0.28063852968749997 0.024686371874999998 0.238302396875 0.010944490625 0.2005468890625 0 0.1944588609375 0 0.297282159375
2 0.102479996875 0.1909846578125 0.06490186718749999 0.1595294390625 0.029251592187499998 0.19863444218749998 0.035374499999999996 0.267667790625 0.06170155000000001 0.3008426703125 0.089925640625 0.3000715296875 0.10803995625 0.2911030609375 0.120802503125 0.24132533281250002 0.102479996875 0.1909846578125
2 0.9373191171874999 0.6116240953125 0.9146395796875 0.6602605171875 0.93563026875 0.7048792625 0.964239928125 0.718220165625 0.9966436671875 0.663669025 0.971457921875 0.6205771578125 0.9373191171874999 0.6116240953125
2 0.17581060312500002 1 0.1782221109375 0.9472977312499999 0.153036365625 0.9042058624999999 0.1158438078125 0.8868626890625 0.1510251703125 1 0.17581060312500002 1
2 0.78046875 0.5140625 0.2046875 0.2078125
2 0.54296875 0.23046875 0.21875 0.2578125