0 0.5046875 0.75625 0.07890625 0.11015625
0 0.70078125 0.8453125 0.0640625 0.065625
0 0.771875 0.94609375 0.103125 0.1078125
0 0.84375 0.896875 0.0609375 0.071875
0 0.63359375 0.9609375 0.08828125 0.07734375
0 0.21796875 0.93515625 0.084375 0.1015625
0 0.18828125 0.7359375 0.08515625 0.1234375
0 0.34765625 0.44453125 0.08828125 0.140625
0 0.4140625 0.303125 0.06328125 0.0734375
0 0.49609375 0.15703125 0.06171875 0.08359375
0 0.909375 0.31171875 0.08046875 0.08671875
0 0.9484375 0.08984375 0.05625 0.0765625
0 0.1796875 0.12578125 0.0640625 0.09453125
0 0.20078125 0.0359375 0.0828125 0.071875