0 0.7984375 0.74765625 0.0828125 0.1234375
0 0.86015625 0.534375 0.12109375 0.17421875
0 0.6359375 0.609375 0.0859375 0.1140625
0 0.51015625 0.77109375 0.11171875 0.09765625
0 0.40078125 0.92265625 0.1328125 0.1546875
0 0.23359375 0.8890625 0.0609375 0.071875
0 0.20625 0.65 0.0859375 0.11640625
0 0.23125 0.51796875 0.06171875 0.07890625
0 0.046875 0.2078125 0.09375 0.16875
0 0.53125 0.26796875 0.0890625 0.1390625
0 0.69140625 0.10625 0.09296875 0.1359375
0 0.78515625 0.14609375 0.1046875 0.1796875
0 0.87421875 0.190625 0.06484375 0.0734375
0 0.92421875 0.03125 0.0984375 0.0625
0 0.640625 0.6875 0.05859375 0.07578125
0 0.6828125 0.55390625 0.06640625 0.0859375
0 0.80078125 0.60546875 0.078125 0.09765625
0 0.571875 0.20625 0.10390625 0.115625
0 0.62890625 0.26015625 0.10078125 0.121875
0 0.9796875 0.38828125 0.03984375 0.125