0 0.8953125 0.42421875 0.1078125 0.115625
0 0.57734375 0.23046875 0.071875 0.0875
0 0.55703125 0.3734375 0.075 0.0828125
0 0.61171875 0.53984375 0.0828125 0.0796875
0 0.62265625 0.65 0.0671875 0.1046875
0 0.54296875 0.64140625 0.1109375 0.125
0 0.6953125 0.84921875 0.0796875 0.0890625
0 0.5921875 0.98203125 0.084375 0.0359375
0 0.37890625 0.9359375 0.075 0.078125
0 0.02265625 0.82578125 0.0453125 0.0953125
0 0.4125 0.32421875 0.109375 0.13125
0 0.42734375 0.4515625 0.10625 0.121875
0 0.3484375 0.4078125 0.0984375 0.096875
0 0.19375 0.18359375 0.090625 0.115625
0 0.28515625 0.08515625 0.06875 0.0734375
0 0.07265625 0.27734375 0.10625 0.1484375